2022.24463918, 54.7557763526694, 125.851486078345, 397.705047607422, 2009604, 1, 89
2022.24463918, 54.7554233966921, 125.851424621183, 398.027954101562, 2009604, 1, 90
2022.24464002, 53.0776426146239, 125.570382658808, 217.160797119141, 2009603, 1, 54
2022.24464002, 53.0773822965368, 125.570342223224, 215.693801879883, 2009603, 1, 94
2022.24464002, 53.0772104838039, 125.57031521595, 215.541656494141, 2009603, 1, 95
2022.24464002, 53.0771085341753, 125.570299110259, 215.497970581055, 2009603, 1, 95
2022.24464002, 53.077006118933, 125.570283094739, 215.597549438477, 2009603, 1, 95
2022.24464002, 53.0768972273573, 125.570266011174, 215.608261108398, 2009603, 1, 96
2022.24464002, 53.0767946840323, 125.570250040301, 215.604583740234, 2009603, 1, 96
2022.24464002, 53.0766921536134, 125.570233760325, 215.654708862305, 2009603, 1, 95
2022.24464002, 53.0766088364075, 125.57022069153, 215.61589050293, 2009603, 1, 95
2022.24464002, 53.0765319574442, 125.57020850242, 215.597808837891, 2009603, 1, 95
2022.24464002, 53.0764615133491, 125.57019728062, 215.672241210938, 2009603, 1, 96
2022.24464002, 53.0763847123797, 125.570184924156, 215.661865234375, 2009603, 1, 96
2022.24464002, 53.0763015594357, 125.570171542042, 215.586074829102, 2009603, 1, 96
2022.24464002, 53.0762184698136, 125.570158160408, 215.693771362305, 2009603, 1, 96
2022.24464002, 53.0761418287638, 125.570145836169, 215.636032104492, 2009603, 1, 96
2022.24464002, 53.076039782902, 125.570129021936, 215.674087524414, 2009603, 1, 96
2022.24464002, 53.0759505854891, 125.570114428566, 215.695388793945, 2009603, 1, 94
2022.24464002, 53.075867666057, 125.570100949172, 215.62939453125, 2009603, 1, 94
2022.24464002, 53.075785403012, 125.570086898516, 215.657470703125, 2009603, 1, 94
2022.24464002, 53.0756968575819, 125.570072065865, 215.620849609375, 2009603, 1, 94
2022.24464002, 53.0756084195404, 125.570056855188, 215.676254272461, 2009603, 1, 94
2022.24464002, 53.0753559090805, 125.57001395376, 215.598602294922, 2009603, 1, 95
2022.24464002, 53.0752801891584, 125.570000979902, 215.645034790039, 2009603, 1, 95
2022.24464002, 53.0751160928199, 125.569972858648, 215.626251220703, 2009603, 1, 94
2022.24464002, 53.0750403234989, 125.569959837604, 215.651031494141, 2009603, 1, 94
2022.24464002, 53.0749708001842, 125.569948221318, 215.594497680664, 2009603, 1, 94
2022.24464002, 53.0749012730974, 125.569936352511, 215.643768310547, 2009603, 1, 94
2022.24464002, 53.0748253773936, 125.569923410296, 215.625823974609, 2009603, 1, 94
2022.24464002, 53.0747494113922, 125.569910627039, 215.61213684082, 2009603, 1, 94
2022.24464002, 53.0746734002731, 125.569897780674, 215.605728149414, 2009603, 1, 94
2022.24464002, 53.0745974597789, 125.569885058011, 215.602951049805, 2009603, 1, 94
2022.24464002, 53.0745273527279, 125.569873693546, 215.68896484375, 2009603, 1, 94
2022.24464002, 53.0744445009913, 125.569859773417, 215.662338256836, 2009603, 1, 95
2022.24464002, 53.0743679264632, 125.569847424703, 215.782943725586, 2009603, 1, 95
2022.24464002, 53.0742785965918, 125.569832697261, 215.786529541016, 2009603, 1, 95
2022.24464002, 53.0741828161559, 125.569817293113, 215.842224121094, 2009603, 1, 94
2022.24464002, 53.0740934447094, 125.569802704051, 215.962158203125, 2009603, 1, 94
2022.24464002, 53.0740104539349, 125.569789257397, 216.281356811523, 2009603, 1, 94
2022.24464002, 53.0737679964905, 125.56975033893, 216.429840087891, 2009603, 1, 91
2022.24464002, 53.0736851193585, 125.569737251904, 216.46630859375, 2009603, 1, 92
2022.24464002, 53.073525938388, 125.569711953974, 216.459091186523, 2009603, 1, 92
2022.24464002, 53.0734242042492, 125.569695774666, 216.504241943359, 2009603, 1, 85
2022.24464002, 53.0732528510543, 125.569668926611, 216.243728637695, 2009603, 1, 85
2022.24464002, 53.0731707009844, 125.569655702809, 216.307922363281, 2009603, 1, 92
2022.24464002, 53.0730190890904, 125.569632196642, 215.334197998047, 2009603, 1, 92
2022.24464002, 53.0729370556456, 125.569619199335, 215.189483642578, 2009603, 1, 94
2022.24464002, 53.072855059621, 125.569606130532, 215.269195556641, 2009603, 1, 94
2022.24464002, 53.0727730799882, 125.569593080117, 215.325988769531, 2009603, 1, 94
2022.24464002, 53.0726848178905, 125.569578838591, 215.323394775391, 2009603, 1, 57
2022.24464002, 53.0725839207792, 125.569562684695, 215.305526733398, 2009603, 1, 57
2022.24464002, 53.0647736319852, 125.568289089226, 216.814163208008, 2009603, 1, 53
2022.24464002, 53.0646911499934, 125.56827582444, 216.652160644531, 2009603, 1, 51
2022.24464002, 53.0646276134754, 125.568265906666, 216.742492675781, 2009603, 1, 51
2022.24464002, 53.0645577027461, 125.568254665127, 216.688690185547, 2009603, 1, 51
2022.24464002, 53.0644816191259, 125.568242698057, 216.662612915039, 2009603, 1, 52
2022.24464002, 53.064398600394, 125.568229327771, 216.756973266602, 2009603, 1, 52
2022.24464002, 53.0643346671928, 125.56821922359, 216.687484741211, 2009603, 1, 52
2022.24464002, 53.0642579069922, 125.568207018695, 216.776931762695, 2009603, 1, 52
2022.24464036, 52.3971986337753, 125.460372837829, 297.430633544922, 2002009, 1, 61
2022.24464036, 52.3970901995779, 125.460356404299, 297.299835205078, 2002009, 1, 61
2022.24464036, 52.3969690513504, 125.460338066101, 297.022216796875, 2002009, 1, 81
2022.24464036, 52.3968606902515, 125.460321915538, 297.014678955078, 2002009, 1, 81
2022.24464036, 52.3966951345498, 125.460296857711, 297.345825195312, 2002009, 1, 85
2022.24464036, 52.3965869767828, 125.460280543276, 297.409851074219, 2002009, 1, 85
2022.24464036, 52.3964598530088, 125.46026127733, 297.354827880859, 2002009, 1, 83
2022.24464036, 52.3963010748465, 125.460237540762, 296.82080078125, 2002009, 1, 85
2022.24464036, 52.3960855633406, 125.460203933017, 296.975463867188, 2002009, 1, 76
2022.24464188, 49.3429435354545, 124.989388801202, 236.162475585938, 2009589, 1, 67
2022.24464188, 49.3428226322324, 124.989370513606, 236.206893920898, 2009589, 1, 67
2022.24464189, 49.3274606747181, 124.987103698142, 234.679870605469, 2009589, 1, 62
2022.24464189, 49.3272778682105, 124.987077034768, 234.595336914062, 2009589, 1, 62
2022.24464189, 49.3271137550413, 124.987053226239, 234.625854492188, 2009589, 1, 91
2022.24464189, 49.326962016361, 124.987031172261, 234.651596069336, 2009589, 1, 91
2022.24464189, 49.3268289881569, 124.987012011842, 234.615295410156, 2009589, 1, 91
2022.24464189, 49.3266893878843, 124.986991653784, 234.670333862305, 2009589, 1, 87
2022.24464189, 49.3265622081912, 124.98697331645, 234.66145324707, 2009589, 1, 87
2022.24464189, 49.3136783825239, 124.985066062679, 233.856979370117, 2009589, 1, 81
2022.24464189, 49.3135884875727, 124.985053020552, 233.727447509766, 2009589, 1, 81
2022.2446419, 49.3135243290576, 124.985043363682, 233.736511230469, 2009589, 1, 81
2022.2446419, 49.3134729847387, 124.985035921513, 233.600158691406, 2009589, 1, 91
2022.2446419, 49.3134280760297, 124.985029375887, 233.54704284668, 2009589, 1, 91
2022.2446419, 49.3133767926421, 124.985021657001, 233.556304931641, 2009589, 1, 91
2022.2446419, 49.3133319162456, 124.985015073386, 233.529113769531, 2009589, 1, 91
2022.2446419, 49.3132806686742, 124.985007355149, 233.568908691406, 2009589, 1, 91
2022.2446419, 49.3132422215577, 124.985001820845, 233.536544799805, 2009589, 1, 84
2022.2446419, 49.3131846078659, 124.984993215274, 233.537841796875, 2009589, 1, 84
2022.2446419, 49.3131078314394, 124.984981821154, 233.600143432617, 2009589, 1, 84
2022.2446419, 49.3130375011542, 124.984971432264, 233.560623168945, 2009589, 1, 84
2022.24464197, 49.1646956988517, 124.963012770342, 210.423568725586, 2009589, 1, 64
2022.24464197, 49.1646063978196, 124.962999184817, 210.392272949219, 2009589, 1, 64
2022.24464197, 49.1644978057382, 124.962982648203, 210.380981445312, 2009589, 1, 91
2022.24464197, 49.1643506804274, 124.962960058955, 210.40869140625, 2009589, 1, 91
2022.24464197, 49.1641969237121, 124.962936652064, 210.42431640625, 2009589, 1, 93
2022.24464197, 49.1640622635293, 124.962916220618, 210.462768554688, 2009589, 1, 93
2022.24464197, 49.1639146960778, 124.962894129887, 210.411346435547, 2009589, 1, 92
2022.24464197, 49.1637735486434, 124.962873106307, 210.402587890625, 2009589, 1, 92
2022.24464197, 49.1636323842017, 124.962851989411, 210.38981628418, 2009589, 1, 92
2022.24464197, 49.1635619290465, 124.962841915136, 210.401672363281, 2009589, 1, 92
2022.24464197, 49.1635043037143, 124.962833718424, 210.346710205078, 2009589, 1, 92
2022.24464197, 49.1634083441461, 124.962819857925, 210.496459960938, 2009589, 1, 92
2022.24464197, 49.1632932899207, 124.962803332896, 210.804122924805, 2009589, 1, 92
2022.24464197, 49.1631911166941, 124.962788702647, 211.200775146484, 2009589, 1, 68
2022.24464233, 48.4509461897095, 124.858267509675, 190.547698974609, 2009593, 1, 63
2022.24464233, 48.4508699196127, 124.858256879268, 190.547470092773, 2009593, 1, 63
2022.24464233, 48.4508254053905, 124.858250941476, 190.579437255859, 2009593, 1, 63
2022.24464233, 48.4507618630534, 124.858242060488, 190.574722290039, 2009593, 1, 54
2022.24464233, 48.4506855928197, 124.858231654134, 190.635498046875, 2009593, 1, 65
2022.24464233, 48.4505712030902, 124.858215994746, 190.578521728516, 2009593, 1, 65
2022.24464233, 48.4504949637261, 124.858205441386, 190.576477050781, 2009593, 1, 59
2022.24464233, 48.4503996500442, 124.858192384409, 190.589492797852, 2009593, 1, 59
2022.24464233, 48.4502725938504, 124.858174728009, 190.583526611328, 2009593, 1, 59
2022.24464233, 48.4500883387533, 124.858149189482, 190.612884521484, 2009593, 1, 56
2022.2446438, 45.4814091609734, 124.438789308683, 127.285079956055, 170655, 1, 63
2022.2446438, 45.4811605578306, 124.438755088511, 127.177268981934, 170655, 1, 81
2022.2446438, 45.4809822151112, 124.438730995367, 127.095039367676, 170655, 1, 89
2022.24464381, 45.4806768038733, 124.438690414554, 126.738716125488, 170655, 1, 91
2022.24464381, 45.4802385586771, 124.438633689155, 126.533988952637, 170655, 1, 94
2022.24464381, 45.479832772249, 124.43858183214, 126.701904296875, 170655, 1, 94
2022.24464381, 45.479509738325, 124.438539623842, 126.649276733398, 170655, 1, 95
2022.24464381, 45.4791805841178, 124.438495079774, 126.65998840332, 170655, 1, 94
2022.24464381, 45.4788196061349, 124.438443450949, 126.643104553223, 170655, 1, 94
2022.24464381, 45.4784207814169, 124.438385537715, 126.644500732422, 170655, 1, 94
2022.24464381, 45.4780726001367, 124.43833530765, 126.676979064941, 170655, 1, 95
2022.24464381, 45.4777054105921, 124.438284536628, 126.714851379395, 170655, 1, 95
2022.24464381, 45.4773756798232, 124.43824004224, 126.666145324707, 170655, 1, 95
2022.24464381, 45.4771020356766, 124.438203271101, 126.654457092285, 170655, 1, 97
2022.24464381, 45.476859342824, 124.438170412915, 126.702758789062, 170655, 1, 96
2022.24464381, 45.476602959548, 124.438134990007, 126.725379943848, 170655, 1, 97
2022.24464381, 45.4763646580458, 124.438101101194, 126.685508728027, 170655, 1, 97
2022.24464381, 45.4761131196263, 124.438065242234, 126.662094116211, 170655, 1, 96
2022.24464381, 45.47588738658, 124.438033124224, 126.628295898438, 170655, 1, 96
2022.24464381, 45.4756426449783, 124.437998413947, 126.697799682617, 170655, 1, 96
2022.24464381, 45.4754048137693, 124.437965313283, 126.619171142578, 170655, 1, 95
2022.24464381, 45.4751617048993, 124.43793272614, 126.688026428223, 170655, 1, 95
2022.24464381, 45.4749258029104, 124.437901643814, 126.6962890625, 170655, 1, 95
2022.24464381, 45.4746843846249, 124.43786965313, 126.702285766602, 170655, 1, 96
2022.24464381, 45.474437352701, 124.43783710868, 126.679786682129, 170655, 1, 95
2022.24464381, 45.4742161939806, 124.43780761317, 126.687606811523, 170655, 1, 95
2022.24464381, 45.4740206414349, 124.437781094609, 126.68123626709, 170655, 1, 95
2022.24464381, 45.4738379500185, 124.437755718969, 126.711814880371, 170655, 1, 95
2022.24464381, 45.473611146808, 124.437723972443, 126.70654296875, 170655, 1, 95
2022.24464381, 45.4733841248914, 124.437692162989, 126.503555297852, 170655, 1, 94
2022.24464381, 45.4730997956797, 124.437652444275, 126.463935852051, 170655, 1, 94
2022.24464381, 45.4728782264501, 124.437621662373, 126.592460632324, 170655, 1, 95
2022.24464381, 45.4726556406688, 124.437591290954, 126.960777282715, 170655, 1, 96
2022.24464381, 45.472445384176, 124.437562952653, 127.063720703125, 170655, 1, 96
2022.24464381, 45.4722412604252, 124.437535631853, 127.370277404785, 170655, 1, 91
2022.24464381, 45.4719923391746, 124.437502405763, 127.708389282227, 170655, 1, 84
2022.24464381, 45.4717753406324, 124.437473467476, 127.910491943359, 170655, 1, 84
2022.24464382, 45.4512342207921, 124.434663090237, 126.977653503418, 2009593, 1, 96
2022.24464382, 45.4510245921132, 124.434635594152, 126.995819091797, 2009593, 1, 96
2022.24464382, 45.4508468062973, 124.434612239328, 126.97380065918, 2009593, 1, 94
2022.24464382, 45.4506563299192, 124.434587129707, 126.99063873291, 2009593, 1, 91
2022.24464382, 45.4504277108118, 124.434556522888, 127.010894775391, 2009593, 1, 85
2022.24464382, 45.450218021506, 124.434527962184, 127.013832092285, 2009593, 1, 62
2022.24464003, 53.0767085901318, 125.569019865727, 215.669647216797, 2009603, 2, 95
2022.24464003, 53.0763577494725, 125.568963484464, 215.669860839844, 2009603, 2, 95
2022.24464003, 53.0757227573385, 125.568861105825, 215.655609130859, 2009603, 2, 94
2022.24464003, 53.0754124759189, 125.568810568538, 215.656936645508, 2009603, 2, 94
2022.24464003, 53.0751147188927, 125.568761375903, 215.677947998047, 2009603, 2, 93
2022.24464003, 53.0747529428294, 125.568700982997, 215.728210449219, 2009603, 2, 94
2022.24464003, 53.0744282528679, 125.56864618412, 215.70881652832, 2009603, 2, 94
2022.24464003, 53.0740970629017, 125.568590520605, 215.695419311523, 2009603, 2, 94
2022.24464003, 53.0737851624313, 125.568538370813, 215.857315063477, 2009603, 2, 95
2022.24464003, 53.0734420251619, 125.568481610596, 216.113021850586, 2009603, 2, 94
2022.24464003, 53.0731376766837, 125.568432275241, 216.288803100586, 2009603, 2, 91
2022.24464003, 53.0728272086736, 125.568382272621, 216.31022644043, 2009603, 2, 91
2022.24464003, 53.0720981683077, 125.568264735739, 215.271347045898, 2009603, 2, 93
2022.24464004, 53.063393615735, 125.56684547585, 217.178283691406, 2009603, 2, 56
2022.24464004, 53.0631204053976, 125.566802193064, 216.768905639648, 2009603, 2, 51
2022.24464037, 52.3963116511499, 125.459030274637, 297.124664306641, 2002009, 2, 81
2022.24464189, 49.3434068959879, 124.988342775461, 236.297393798828, 2009589, 2, 81
2022.24464189, 49.3430958857837, 124.988296320757, 236.365463256836, 2009589, 2, 81
2022.24464189, 49.3427709701016, 124.988248545578, 236.57861328125, 2009589, 2, 52
2022.2446419, 49.3270790468874, 124.98593105012, 234.682846069336, 2009589, 2, 91
2022.2446419, 49.3266088221239, 124.985862990488, 234.708023071289, 2009589, 2, 66
2022.24464191, 49.3138507940169, 124.983978104626, 233.678558349609, 2009589, 2, 88
2022.24464191, 49.3135833746201, 124.983937505347, 233.58056640625, 2009589, 2, 91
2022.24464191, 49.3132902225582, 124.983893047138, 233.547744750977, 2009589, 2, 87
2022.24464234, 48.4505355609512, 124.857097051294, 190.584487915039, 2009593, 2, 75
2022.24464234, 48.4500001156957, 124.85701936953, 190.576385498047, 2009593, 2, 61
2022.24464382, 45.4815800422096, 124.437764138529, 127.334350585938, 170655, 2, 77
2022.24464382, 45.4807267778622, 124.437654188157, 126.801467895508, 170655, 2, 93
2022.24464382, 45.4795783320985, 124.437491414403, 126.749519348145, 170655, 2, 95
2022.24464382, 45.4785635043441, 124.437348825319, 126.680595397949, 170655, 2, 96
2022.24464382, 45.4763552482237, 124.437050967642, 126.744071960449, 170655, 2, 96
2022.24464382, 45.4754875789021, 124.436934117162, 126.772201538086, 170655, 2, 95
2022.24464382, 45.4747314535641, 124.436828657329, 126.80029296875, 170655, 2, 94
2022.24464382, 45.4739628749436, 124.436722194848, 126.780151367188, 170655, 2, 95
2022.24464382, 45.4731478624707, 124.436611576285, 126.789222717285, 170655, 2, 94
2022.24464382, 45.4722416149813, 124.436488217284, 127.249008178711, 170655, 2, 92
2022.24464383, 45.4506469536281, 124.433525372787, 127.054138183594, 2009593, 2, 89
2022.24464383, 45.4500104867975, 124.433440886202, 127.177742004395, 2009593, 2, 62
2022.24463963, 53.8577156540745, 125.64976292825, 286.712066650391, 2009603, 3, 92
2022.24463963, 53.8573844114325, 125.649708360549, 286.535308837891, 2009603, 3, 94
2022.24464036, 52.3915687394383, 125.411879790657, 299.69970703125, 2002009, 3, 90
2022.24464036, 52.3914477636249, 125.411861288279, 299.530395507812, 2002009, 3, 90
2022.24464036, 52.3913201226659, 125.411842032714, 299.466094970703, 2002009, 3, 90
2022.24464188, 49.3546969147167, 124.946592352297, 239.120361328125, 2009589, 3, 90
2022.24464188, 49.3545441322754, 124.946570297956, 239.142440795898, 2009589, 3, 90
2022.24464188, 49.3543339623284, 124.946540307826, 239.166748046875, 2009589, 3, 89
2022.24464188, 49.3541746759671, 124.946517704074, 239.030944824219, 2009589, 3, 64
2022.24464188, 49.3541045591203, 124.946507861851, 239.13151550293, 2009589, 3, 64
2022.24464188, 49.3540535510082, 124.946500762085, 239.145355224609, 2009589, 3, 64
2022.24464196, 49.1770107454606, 124.920464953804, 210.024368286133, 2009589, 3, 72
2022.24464196, 49.1768320855175, 124.920437369195, 210.133178710938, 2009589, 3, 78
2022.24464196, 49.1766281901882, 124.920406388421, 210.082916259766, 2009589, 3, 83
2022.24464196, 49.1764752846942, 124.92038317528, 209.983505249023, 2009589, 3, 92
2022.24464196, 49.1762905141046, 124.920355383055, 209.750732421875, 2009589, 3, 92
2022.24464196, 49.1761439996955, 124.920333292038, 209.733779907227, 2009589, 3, 92
2022.24464196, 49.1760102348329, 124.920313196781, 209.743927001953, 2009589, 3, 92
2022.24464196, 49.1758765004036, 124.920293028612, 209.764190673828, 2009589, 3, 93
2022.24464196, 49.1757809877805, 124.920278671461, 209.721298217773, 2009589, 3, 93
2022.24464196, 49.1756345542733, 124.920256727509, 209.766525268555, 2009589, 3, 93
2022.24464196, 49.1754371788593, 124.920227149734, 209.762573242188, 2009589, 3, 93
2022.24464196, 49.1752969807268, 124.920206035768, 209.71321105957, 2009589, 3, 93
2022.24464196, 49.175137795699, 124.920182163402, 209.760620117188, 2009589, 3, 92
2022.24464196, 49.1749915126302, 124.920160250507, 209.757614135742, 2009589, 3, 87
2022.24464197, 49.1748454279613, 124.920138364703, 209.742141723633, 2009589, 3, 87
2022.24464233, 48.4525714280221, 124.814779710215, 189.765884399414, 2009593, 3, 65
2022.24464233, 48.4524949276878, 124.814769036417, 189.82568359375, 2009593, 3, 51
2022.24464383, 45.4404984369274, 124.39189934036, 127.105529785156, 2009593, 3, 64
2022.24464383, 45.4401178992898, 124.391847285015, 127.049652099609, 2009593, 3, 90
2022.24464383, 45.4397423056076, 124.391793921723, 127.081153869629, 2009593, 3, 95
2022.24464383, 45.4393020780234, 124.391732029561, 127.099617004395, 2009593, 3, 96
2022.24464383, 45.4388740770697, 124.391674021245, 127.111976623535, 2009593, 3, 96
2022.24464383, 45.4385229127873, 124.391629388679, 127.112678527832, 2009593, 3, 96
2022.24464383, 45.4380884126841, 124.391574322829, 127.107452392578, 2009593, 3, 96
2022.24464383, 45.4376857126644, 124.391521934016, 127.108520507812, 2009593, 3, 97
2022.24464383, 45.4373268572691, 124.391471987932, 127.101051330566, 2009593, 3, 96
2022.24464383, 45.437160434002, 124.391448310443, 127.119270324707, 2009593, 3, 95
2022.24464383, 45.4369750142365, 124.391421935253, 126.920974731445, 2009593, 3, 76
2022.24464383, 45.4368281843994, 124.391400889292, 127.054763793945, 2009593, 3, 76
2022.24463917, 54.7955192145111, 125.806541267081, 403.420196533203, 2009604, 4, 75
2022.24463948, 54.1820442563343, 125.702513486235, 487.001678466797, 2009603, 4, 74
2022.24463964, 53.8581028593157, 125.64849088744, 286.860778808594, 2009603, 4, 89
2022.24463964, 53.8577960692197, 125.648442075215, 287.731628417969, 2009603, 4, 94
2022.24464189, 49.3543588048129, 124.94535077369, 238.962173461914, 2009589, 4, 63
2022.24464197, 49.1774998610236, 124.919327047129, 210.044647216797, 2009589, 4, 78
2022.24464197, 49.1770754564348, 124.919264463455, 209.805633544922, 2009589, 4, 81
2022.24464384, 45.4426585276744, 124.391070961966, 126.988677978516, 2009593, 4, 65
2022.24464384, 45.4402467082529, 124.390743109034, 127.032623291016, 2009593, 4, 96
2022.24464384, 45.4391439342101, 124.390588534979, 127.032867431641, 2009593, 4, 95
2022.24464384, 45.4381427107951, 124.390454409567, 127.018486022949, 2009593, 4, 96
2022.24464384, 45.4374539253468, 124.390365140879, 127.017105102539, 2009593, 4, 93
2022.24463919, 54.7416864166682, 125.74829863287, 405.939605712891, 2009604, 5, 91
2022.24463919, 54.7415968960798, 125.748283643783, 405.880004882812, 2009604, 5, 91
2022.24463919, 54.7414945563364, 125.748266508205, 405.839416503906, 2009604, 5, 91
2022.24463919, 54.7414049793363, 125.748251541679, 405.798950195312, 2009604, 5, 91
2022.24463919, 54.7413026117366, 125.748234647777, 405.778747558594, 2009604, 5, 90
2022.24463919, 54.741206668892, 125.748218739433, 405.761108398438, 2009604, 5, 92
2022.24463919, 54.7411107370594, 125.748202909978, 405.809051513672, 2009604, 5, 92
2022.24463919, 54.7410084595574, 125.748185953575, 405.818817138672, 2009604, 5, 92
2022.24463919, 54.7408934457224, 125.748166941412, 405.763641357422, 2009604, 5, 92
2022.24463919, 54.7407785449015, 125.74814774801, 405.676849365234, 2009604, 5, 92
2022.24463919, 54.7406892348364, 125.748132833237, 405.55517578125, 2009604, 5, 90
2022.24463919, 54.7406127163268, 125.748120088087, 405.513946533203, 2009604, 5, 90
2022.24463919, 54.7405171714365, 125.748103962096, 405.415893554688, 2009604, 5, 90
2022.24463919, 54.7404216921199, 125.748087825495, 405.303955078125, 2009604, 5, 54
2022.24463919, 54.7403199388373, 125.748070544757, 405.351806640625, 2009604, 5, 54
2022.24463963, 53.8579095141673, 125.600440327982, 289.26953125, 2009603, 5, 61
2022.24463963, 53.8577764131972, 125.600418384428, 289.252777099609, 2009603, 5, 61
2022.24463963, 53.8561461905167, 125.600159245461, 289.390747070312, 2009603, 5, 72
2022.24463963, 53.8559994157119, 125.600135348756, 289.310882568359, 2009603, 5, 53
2022.24463963, 53.8558396422956, 125.600108981961, 289.436492919922, 2009603, 5, 53
2022.24463963, 53.8552300863944, 125.600004968245, 289.434753417969, 2009603, 5, 81
2022.24463963, 53.8550568830198, 125.599975436074, 289.346160888672, 2009603, 5, 76
2022.24464001, 53.1017928275479, 125.477481948863, 216.29833984375, 2009603, 5, 95
2022.24464001, 53.1014574417033, 125.477426601997, 216.269348144531, 2009603, 5, 96
2022.24464001, 53.1012108464912, 125.477385890409, 216.293411254883, 2009603, 5, 95
2022.24464001, 53.1009708357127, 125.477346499579, 216.320388793945, 2009603, 5, 94
2022.24464001, 53.1007246454026, 125.477306408821, 216.260299682617, 2009603, 5, 95
2022.24464001, 53.1005349905058, 125.477275500545, 216.294158935547, 2009603, 5, 95
2022.24464001, 53.1003386434596, 125.477243424858, 216.289489746094, 2009603, 5, 95
2022.24464001, 53.1001799635756, 125.477217456598, 216.285491943359, 2009603, 5, 96
2022.24464001, 53.1000337015175, 125.477193451439, 216.363296508789, 2009603, 5, 96
2022.24464001, 53.0995028530856, 125.477105258011, 217.69709777832, 2009603, 5, 92
2022.24464001, 53.0972007265732, 125.47673114612, 217.552871704102, 2009603, 5, 66
2022.24464001, 53.0970467586283, 125.476707179141, 217.571807861328, 2009603, 5, 66
2022.24464035, 52.4079451126009, 125.366810960939, 302.144439697266, 2002009, 5, 52
2022.24464035, 52.407855868759, 125.366796644165, 301.884735107422, 2002009, 5, 52
2022.24464035, 52.4077601390509, 125.366781431099, 301.707336425781, 2002009, 5, 52
2022.24464187, 49.3684889627265, 124.904002461379, 242.97492980957, 2009589, 5, 70
2022.24464187, 49.3683059876163, 124.903975135765, 242.938369750977, 2009589, 5, 85
2022.24464187, 49.3681545054639, 124.903952516222, 243.051284790039, 2009589, 5, 89
2022.24464187, 49.3680527386833, 124.903937626886, 242.971694946289, 2009589, 5, 89
2022.24464187, 49.3679508360391, 124.903922743999, 243.034194946289, 2009589, 5, 90
2022.24464187, 49.3678105122358, 124.903902330103, 243.047454833984, 2009589, 5, 90
2022.24464187, 49.3676635991913, 124.903881036548, 243.059585571289, 2009589, 5, 87
2022.24464187, 49.3675357254996, 124.903862540229, 243.050018310547, 2009589, 5, 87
2022.24464187, 49.3674205747392, 124.903845899287, 243.047378540039, 2009589, 5, 87
2022.24464187, 49.3673693897281, 124.9038384974, 243.011154174805, 2009589, 5, 87
2022.24464187, 49.3673309791236, 124.903833032555, 242.97998046875, 2009589, 5, 87
2022.24464187, 49.3672861965859, 124.903826506932, 242.987838745117, 2009589, 5, 87
2022.24464197, 49.1752532960062, 124.87575104604, 209.312240600586, 2009589, 5, 51
2022.24464197, 49.175209096456, 124.875744557204, 209.265014648438, 2009589, 5, 88
2022.24464197, 49.1751775208925, 124.875739983631, 209.290237426758, 2009589, 5, 88
2022.24464197, 49.1751333401406, 124.875733494669, 209.332397460938, 2009589, 5, 88
2022.24464197, 49.1750639098049, 124.87572341496, 209.384735107422, 2009589, 5, 88
2022.24464197, 49.1749377230368, 124.875705084683, 209.361068725586, 2009589, 5, 92
2022.24464197, 49.1747863036894, 124.875683046652, 209.344589233398, 2009589, 5, 92
2022.24464197, 49.1746728620517, 124.875666737457, 209.352767944336, 2009589, 5, 93
2022.24464197, 49.1745467954194, 124.875648593549, 209.367202758789, 2009589, 5, 93
2022.24464197, 49.1744332577597, 124.87563237599, 209.331039428711, 2009589, 5, 92
2022.24464197, 49.1742944145523, 124.875612406756, 209.351150512695, 2009589, 5, 92
2022.24464197, 49.1741870174712, 124.875596998925, 209.359725952148, 2009589, 5, 91
2022.24464197, 49.1741048234651, 124.875585177368, 209.389266967773, 2009589, 5, 91
2022.24464197, 49.1740288938302, 124.875574237643, 209.351577758789, 2009589, 5, 91
2022.24464197, 49.1739402255435, 124.875561496958, 209.366516113281, 2009589, 5, 91
2022.24464197, 49.1738260993517, 124.875545035769, 209.376327514648, 2009589, 5, 91
2022.24464197, 49.1736864115411, 124.875524810323, 209.372116088867, 2009589, 5, 91
2022.24464197, 49.1735402383446, 124.875503567487, 209.372863769531, 2009589, 5, 91
2022.24464197, 49.1734062707371, 124.875483996665, 209.347518920898, 2009589, 5, 85
2022.24464197, 49.1732529784815, 124.875461371961, 209.505477905273, 2009589, 5, 85
2022.24464378, 45.5369610002601, 124.36359137993, 127.548377990723, 2009593, 5, 52
2022.24464378, 45.5367267959645, 124.363559071525, 127.614799499512, 2009593, 5, 52
2022.24464378, 45.5364988634422, 124.363527326293, 127.684524536133, 2009593, 5, 52
2022.24464378, 45.5362707809346, 124.363495232213, 127.636734008789, 2009593, 5, 52
2022.24464378, 45.5332868479493, 124.363091892964, 127.185554504395, 2009593, 5, 52
2022.24464378, 45.5330071508676, 124.363052771114, 127.17887878418, 2009593, 5, 59
2022.24464378, 45.5327210383186, 124.363012612247, 127.171669006348, 2009593, 5, 71
2022.24464378, 45.5324665671989, 124.36297716177, 127.133460998535, 2009593, 5, 73
2022.24464378, 45.5323074293558, 124.362955283218, 127.151237487793, 2009593, 5, 73
2022.24464378, 45.5320208152003, 124.362916765617, 127.128791809082, 2009593, 5, 71
2022.24464378, 45.5318741559872, 124.362897258282, 127.180801391602, 2009593, 5, 72
2022.24464378, 45.5318103541842, 124.362888794561, 127.162666320801, 2009593, 5, 72
2022.24464378, 45.5317465290673, 124.362880345527, 127.139579772949, 2009593, 5, 65
2022.24464378, 45.531689056856, 124.362872788423, 127.121208190918, 2009593, 5, 65
2022.24464378, 45.5316315752977, 124.362865190889, 127.117820739746, 2009593, 5, 65
2022.24464378, 45.5315804576759, 124.362858486878, 127.087455749512, 2009593, 5, 65
2022.24464378, 45.5315357183346, 124.362852604633, 127.111312866211, 2009593, 5, 65
2022.24464378, 45.5314909596028, 124.362846770464, 127.110321044922, 2009593, 5, 58
2022.24464378, 45.5314398087253, 124.362840017176, 127.120582580566, 2009593, 5, 58
2022.24464378, 45.5314014183823, 124.362835044238, 127.08723449707, 2009593, 5, 58
2022.24464378, 45.5313502456404, 124.362828290957, 127.11238861084, 2009593, 5, 58
2022.24464378, 45.5312990394744, 124.362821624795, 127.09349822998, 2009593, 5, 58
2022.24464378, 45.5312542253021, 124.362815781069, 127.070510864258, 2009593, 5, 58
2022.24464378, 45.5311901958387, 124.362807398089, 127.115669250488, 2009593, 5, 58
2022.24464378, 45.5310556840463, 124.362789730779, 127.146415710449, 2009593, 5, 58
2022.24464378, 45.5299983181767, 124.36264923992, 127.115058898926, 2009593, 5, 52
2022.24464378, 45.529781379068, 124.362619911374, 127.121246337891, 2009593, 5, 52
2022.24464378, 45.5295842506269, 124.362592961869, 127.120704650879, 2009593, 5, 57
2022.24464378, 45.5293557394655, 124.362561703123, 127.121025085449, 2009593, 5, 67
2022.24464378, 45.529140247962, 124.362532251282, 127.126777648926, 2009593, 5, 77
2022.24464378, 45.5289566179541, 124.362507266728, 127.142272949219, 2009593, 5, 87
2022.24464378, 45.5287477779753, 124.362478969986, 127.144027709961, 2009593, 5, 96
2022.24464378, 45.5285326882867, 124.36244995612, 127.115295410156, 2009593, 5, 96
2022.24464378, 45.5283299280069, 124.362423143508, 127.143951416016, 2009593, 5, 97
2022.24464378, 45.5281335025045, 124.362397163054, 127.116821289062, 2009593, 5, 96
2022.24464378, 45.5279307461173, 124.362370210324, 127.157173156738, 2009593, 5, 97
2022.24464378, 45.5276836397156, 124.362337025052, 127.158203125, 2009593, 5, 97
2022.24464378, 45.527449182446, 124.362305090326, 127.13191986084, 2009593, 5, 97
2022.24464378, 45.5272273587001, 124.362274406479, 127.137634277344, 2009593, 5, 97
2022.24464378, 45.5269614171198, 124.362236537346, 127.136009216309, 2009593, 5, 97
2022.24464378, 45.5267266720297, 124.36220297358, 127.109642028809, 2009593, 5, 97
2022.24464378, 45.5264785614905, 124.362167683253, 127.093383789062, 2009593, 5, 97
2022.24464378, 45.5262551963142, 124.362136292184, 127.115592956543, 2009593, 5, 97
2022.24464378, 45.5259798664823, 124.362098193702, 127.13752746582, 2009593, 5, 97
2022.24464378, 45.5257610231428, 124.362069018837, 127.130172729492, 2009593, 5, 97
2022.24464378, 45.5255031546065, 124.362035076227, 127.142166137695, 2009593, 5, 97
2022.24464378, 45.5252258761269, 124.361998924358, 127.103576660156, 2009593, 5, 96
2022.24464378, 45.5250133276647, 124.361971267658, 127.16822052002, 2009593, 5, 96
2022.24464378, 45.5247818696515, 124.361941139776, 127.126983642578, 2009593, 5, 97
2022.24464378, 45.5245450070278, 124.361909682177, 127.157028198242, 2009593, 5, 97
2022.24464379, 45.5242771435996, 124.361873796189, 127.095169067383, 2009593, 5, 97
2022.24464379, 45.5240230281272, 124.361839466311, 127.130516052246, 2009593, 5, 96
2022.24464379, 45.5237697988089, 124.361804993389, 127.145515441895, 2009593, 5, 97
2022.24464379, 45.5235487993202, 124.361774865542, 127.12232208252, 2009593, 5, 97
2022.24464379, 45.5233282985139, 124.361744675688, 127.148399353027, 2009593, 5, 96
2022.24464379, 45.5231584391267, 124.361721462612, 127.142517089844, 2009593, 5, 97
2022.24464379, 45.5229696969528, 124.361695703865, 127.105804443359, 2009593, 5, 96
2022.24464379, 45.5227745139755, 124.36166914012, 127.105949401855, 2009593, 5, 96
2022.24464379, 45.5225601089788, 124.361640113624, 127.144104003906, 2009593, 5, 96
2022.24464379, 45.5223452439954, 124.361611143711, 127.12654876709, 2009593, 5, 97
2022.24464379, 45.5220980002281, 124.361578076286, 127.115936279297, 2009593, 5, 96
2022.24464379, 45.5218752102685, 124.361548526189, 127.135078430176, 2009593, 5, 97
2022.24464379, 45.5216456712695, 124.361518048568, 127.110763549805, 2009593, 5, 96
2022.24464379, 45.521403181823, 124.361485573147, 127.115577697754, 2009593, 5, 96
2022.24464379, 45.5211989507217, 124.361458014685, 127.103042602539, 2009593, 5, 96
2022.24464379, 45.5209820522902, 124.361428486142, 127.120780944824, 2009593, 5, 96
2022.24464379, 45.5207782241623, 124.361400327878, 127.130149841309, 2009593, 5, 96
2022.24464379, 45.520574715313, 124.361371828461, 127.104537963867, 2009593, 5, 96
2022.24464379, 45.5203840185794, 124.361345090069, 127.145133972168, 2009593, 5, 96
2022.24464379, 45.5201679433399, 124.36131485641, 127.156143188477, 2009593, 5, 96
2022.24464379, 45.5199581946347, 124.361285691195, 127.146820068359, 2009593, 5, 96
2022.24464379, 45.5197610610329, 124.361258545539, 127.114334106445, 2009593, 5, 96
2022.24464379, 45.519525606991, 124.36122649493, 127.150047302246, 2009593, 5, 94
2022.24464379, 45.5193281351012, 124.361200106496, 127.129707336426, 2009593, 5, 94
2022.24464379, 45.5190921398662, 124.36116885849, 127.123306274414, 2009593, 5, 94
2022.24464379, 45.5189069359752, 124.361144487681, 127.128395080566, 2009593, 5, 95
2022.24464379, 45.5186959530986, 124.361116821002, 127.134605407715, 2009593, 5, 94
2022.24464379, 45.5184591624051, 124.361085792528, 127.131011962891, 2009593, 5, 93
2022.24464379, 45.518209186702, 124.361052819225, 127.150894165039, 2009593, 5, 93
2022.24464379, 45.5179847018226, 124.361022983648, 127.130935668945, 2009593, 5, 93
2022.24464379, 45.5177669504007, 124.360993927483, 127.117721557617, 2009593, 5, 59
2022.24464379, 45.5175688414448, 124.360967344195, 127.125030517578, 2009593, 5, 58
2022.24464379, 45.5173775948905, 124.360941551488, 127.1240234375, 2009593, 5, 58
2022.24464379, 45.5171420598647, 124.360909576969, 127.115348815918, 2009593, 5, 94
2022.24464379, 45.5169147689962, 124.360878756143, 127.108024597168, 2009593, 5, 92
2022.24464379, 45.5166878442905, 124.360847792507, 127.120086669922, 2009593, 5, 93
2022.24464379, 45.516473540355, 124.360818336053, 127.096900939941, 2009593, 5, 94
2022.24464379, 45.5162273638891, 124.3607842388, 127.11686706543, 2009593, 5, 94
2022.24464379, 45.5160438680887, 124.360758658233, 127.104301452637, 2009593, 5, 94
2022.24464379, 45.5158410364798, 124.360730330898, 127.139907836914, 2009593, 5, 69
2022.24464379, 45.5156173555405, 124.36069863043, 127.105995178223, 2009593, 5, 72
2022.24464379, 45.5153610952556, 124.360662352445, 127.092247009277, 2009593, 5, 72
2022.24464379, 45.5151109407184, 124.360627337165, 127.140823364258, 2009593, 5, 75
2022.24464379, 45.5148032175583, 124.360584945569, 127.113265991211, 2009593, 5, 78
2022.24464379, 45.5145662921542, 124.360552814924, 127.094139099121, 2009593, 5, 81
2022.24464379, 45.5143562241101, 124.360525420476, 127.104248046875, 2009593, 5, 81
2022.24464379, 45.5126730665496, 124.360302794358, 127.135704040527, 2009593, 5, 53
2022.24464379, 45.5124628792334, 124.36027351388, 127.124015808105, 2009593, 5, 59
2022.24464379, 45.5122527021203, 124.360244063109, 127.108390808105, 2009593, 5, 59
2022.24464379, 45.5120424521677, 124.360214643193, 127.083595275879, 2009593, 5, 66
2022.24464379, 45.5118072267407, 124.360181845671, 127.124572753906, 2009593, 5, 71
2022.24464379, 45.5115402544928, 124.360144880757, 127.117301940918, 2009593, 5, 78
2022.24464379, 45.5112986510294, 124.36011186584, 127.133285522461, 2009593, 5, 83
2022.24464379, 45.5110060455846, 124.360072416739, 127.141151428223, 2009593, 5, 88
2022.24464379, 45.5107132626443, 124.360033525562, 127.134613037109, 2009593, 5, 91
2022.24464379, 45.5104708930105, 124.360002007392, 127.147193908691, 2009593, 5, 91
2022.24464379, 45.5102349243644, 124.359971471852, 127.135627746582, 2009593, 5, 64
2022.24464379, 45.5099927235032, 124.359940148783, 127.136070251465, 2009593, 5, 74
2022.24464379, 45.5097189571846, 124.359904565319, 127.108192443848, 2009593, 5, 83
2022.24464379, 45.5094518946957, 124.359869514424, 127.105529785156, 2009593, 5, 88
2022.24464379, 45.5092237246803, 124.359838842813, 127.14826965332, 2009593, 5, 91
2022.24464379, 45.5089893486289, 124.359807101935, 127.081787109375, 2009593, 5, 93
2022.24464379, 45.5087422731584, 124.359773498426, 127.091804504395, 2009593, 5, 94
2022.24464379, 45.5085330276346, 124.359745170325, 127.09602355957, 2009593, 5, 94
2022.24464379, 45.5083172275572, 124.359715903774, 127.126220703125, 2009593, 5, 94
2022.24464379, 45.5080819144415, 124.359684341954, 127.129951477051, 2009593, 5, 94
2022.24464379, 45.5078396256584, 124.359652227373, 127.105995178223, 2009593, 5, 94
2022.24464379, 45.5076290913879, 124.359624187004, 127.127136230469, 2009593, 5, 95
2022.24464379, 45.50741854555, 124.359595950442, 127.107765197754, 2009593, 5, 95
2022.24464379, 45.5071571009869, 124.359560418604, 127.117004394531, 2009593, 5, 95
2022.24464379, 45.5069531034508, 124.359532469105, 127.121337890625, 2009593, 5, 95
2022.24464379, 45.5067625316492, 124.35950542916, 127.11612701416, 2009593, 5, 95
2022.24464379, 45.5065277000742, 124.359471855907, 127.115455627441, 2009593, 5, 96
2022.24464379, 45.5062803367405, 124.359436316979, 127.102821350098, 2009593, 5, 97
2022.24464379, 45.506071064394, 124.359406360031, 127.100250244141, 2009593, 5, 97
2022.24464379, 45.5058554231236, 124.359375730579, 127.118301391602, 2009593, 5, 96
2022.24464379, 45.50563977943, 124.359345448392, 127.101448059082, 2009593, 5, 97
2022.24464379, 45.5053916782599, 124.359311672497, 127.093994140625, 2009593, 5, 97
2022.24464379, 45.5051817943688, 124.359283459768, 127.068161010742, 2009593, 5, 96
2022.24464379, 45.5049402663744, 124.359251400973, 127.11026763916, 2009593, 5, 96
2022.24464379, 45.5047497638182, 124.359226351298, 127.075592041016, 2009593, 5, 95
2022.24464379, 45.5044770307629, 124.359190647488, 127.124732971191, 2009593, 5, 95
2022.2446438, 45.5042239966624, 124.359157495222, 127.110229492188, 2009593, 5, 94
2022.2446438, 45.5039650897081, 124.359123473572, 127.110054016113, 2009593, 5, 92
2022.2446438, 45.5037563456086, 124.359096079056, 127.128448486328, 2009593, 5, 92
2022.2446438, 45.5035597795486, 124.359070261538, 127.11678314209, 2009593, 5, 92
2022.2446438, 45.503349870395, 124.359042789479, 127.12287902832, 2009593, 5, 92
2022.2446438, 45.5031396005361, 124.359015167677, 127.111061096191, 2009593, 5, 91
2022.2446438, 45.5029336865648, 124.358988403449, 127.120025634766, 2009593, 5, 91
2022.2446438, 45.5027015865557, 124.358958130743, 127.158843994141, 2009593, 5, 86
2022.2446438, 45.5024565410964, 124.358925943137, 127.146545410156, 2009593, 5, 87
2022.2446438, 45.5021861816807, 124.358890113834, 127.108665466309, 2009593, 5, 83
2022.2446438, 45.5019040163795, 124.358852166075, 127.158897399902, 2009593, 5, 77
2022.2446438, 45.5017063890848, 124.358825248809, 127.152137756348, 2009593, 5, 54
2022.2446438, 45.501541619889, 124.358802465724, 127.09928894043, 2009593, 5, 54
2022.24464381, 45.4827177832844, 124.356253873362, 127.148498535156, 2009593, 5, 56
2022.24464381, 45.4823681363763, 124.3562074747, 127.11937713623, 2009593, 5, 63
2022.24464381, 45.4822349328488, 124.356189556357, 127.130989074707, 2009593, 5, 63
2022.24464381, 45.4820511562925, 124.356164692398, 127.133979797363, 2009593, 5, 63
2022.24464381, 45.481924492014, 124.35614745704, 127.129402160645, 2009593, 5, 60
2022.24464381, 45.4818421706348, 124.356136226395, 127.141304016113, 2009593, 5, 60
2022.24464381, 45.4817598464828, 124.356125002379, 127.119850158691, 2009593, 5, 60
2022.24464381, 45.4816711869647, 124.356112840472, 127.149574279785, 2009593, 5, 54
2022.24464381, 45.4816078402265, 124.356104166447, 127.115745544434, 2009593, 5, 54
2022.24464381, 45.4815444807551, 124.356095486376, 127.158042907715, 2009593, 5, 54
2022.24464381, 45.4814050372847, 124.356076235812, 127.306503295898, 2009593, 5, 52
2022.24464381, 45.4809921020613, 124.356019638734, 127.779975891113, 2009593, 5, 56
2022.24464381, 45.4809093275059, 124.356008298361, 127.740394592285, 2009593, 5, 56
2022.24464381, 45.4807563460549, 124.355987234463, 127.659553527832, 2009593, 5, 61
2022.24464381, 45.4803473275142, 124.355930552328, 128.275390625, 2009593, 5, 87
2022.24464381, 45.4800908940946, 124.355894982709, 127.847717285156, 2009593, 5, 92
2022.24464381, 45.4798338372202, 124.355859241906, 127.076362609863, 2009593, 5, 96
2022.24464381, 45.4795832673656, 124.355824202246, 127.077651977539, 2009593, 5, 93
2022.24464381, 45.4793458307508, 124.355791003069, 127.085891723633, 2009593, 5, 93
2022.24464381, 45.4790832700593, 124.355754461278, 127.068908691406, 2009593, 5, 91
2022.24464381, 45.4788979170474, 124.355728787116, 127.08683013916, 2009593, 5, 89
2022.24464381, 45.4786625897214, 124.3556962011, 127.081726074219, 2009593, 5, 86
2022.24464381, 45.4783896974708, 124.355658853974, 127.103088378906, 2009593, 5, 78
2022.24464381, 45.4781235373783, 124.35562291414, 127.088279724121, 2009593, 5, 64
2022.2446392, 54.7421651685433, 125.747047585327, 405.883209228516, 2009604, 6, 89
2022.2446392, 54.7418474003796, 125.746994339289, 405.822052001953, 2009604, 6, 90
2022.2446392, 54.7414981568362, 125.746935675383, 405.880004882812, 2009604, 6, 91
2022.2446392, 54.7410983646016, 125.746868260136, 405.716156005859, 2009604, 6, 93
2022.24463964, 53.8559829604729, 125.598852771803, 289.946441650391, 2009603, 6, 58
2022.24464036, 52.4110134384824, 125.366060705241, 303.206451416016, 2002009, 6, 62
2022.24464036, 52.4095892041965, 125.365829007261, 303.705780029297, 2002009, 6, 55
2022.24464036, 52.4087794056336, 125.365700847667, 302.613830566406, 2002009, 6, 77
2022.24464036, 52.4084415397863, 125.365645937132, 302.368865966797, 2002009, 6, 55
2022.24464188, 49.3689523931586, 124.902923634762, 243.06526184082, 2009589, 6, 56
2022.24464188, 49.3685429747282, 124.902864864031, 243.079879760742, 2009589, 6, 88
2022.24464188, 49.3681106565379, 124.90280244039, 243.122512817383, 2009589, 6, 73
2022.24464198, 49.1745743553675, 124.874507021208, 209.387680053711, 2009589, 6, 92
2022.24464198, 49.1742630034583, 124.87446020168, 209.377960205078, 2009589, 6, 92
2022.24464198, 49.1738818106242, 124.874403246827, 209.38883972168, 2009589, 6, 91
2022.24464198, 49.1735958397331, 124.874361286007, 209.367218017578, 2009589, 6, 91
2022.24464198, 49.1732588883239, 124.874312640405, 209.365142822266, 2009589, 6, 90
2022.24464198, 49.1730235812518, 124.874278869654, 209.333908081055, 2009589, 6, 77
2022.24464379, 45.5382824802051, 124.362695554151, 127.43335723877, 2009593, 6, 52
2022.24464379, 45.5375706616857, 124.362602465036, 127.462944030762, 2009593, 6, 53
2022.24464379, 45.5369387877836, 124.36251797347, 127.616172790527, 2009593, 6, 57
2022.24464379, 45.5362437136129, 124.362422845427, 127.358154296875, 2009593, 6, 52
2022.24464379, 45.531846876894, 124.361823954614, 127.111175537109, 2009593, 6, 71
2022.24464379, 45.5309069216795, 124.361695728744, 127.120674133301, 2009593, 6, 93
2022.24464379, 45.5301994623948, 124.361602382726, 127.121322631836, 2009593, 6, 96
2022.24464379, 45.5293277049026, 124.361483916517, 127.095886230469, 2009593, 6, 97
2022.24464379, 45.5283846195308, 124.361359094456, 127.147270202637, 2009593, 6, 97
2022.24464379, 45.5273660468888, 124.361223757563, 127.132110595703, 2009593, 6, 97
2022.24464379, 45.526465033511, 124.361096360752, 127.101593017578, 2009593, 6, 97
2022.2446438, 45.525634527084, 124.360983877608, 127.142692565918, 2009593, 6, 97
2022.2446438, 45.5248670677491, 124.360881984496, 127.106590270996, 2009593, 6, 96
2022.2446438, 45.5241227928378, 124.36078063777, 127.115058898926, 2009593, 6, 97
2022.2446438, 45.5232843458825, 124.360665967961, 127.131675720215, 2009593, 6, 91
2022.2446438, 45.5223008324273, 124.360533742525, 127.091094970703, 2009593, 6, 73
2022.2446438, 45.5074832662244, 124.358526041868, 127.133422851562, 2009593, 6, 90
2022.2446438, 45.5067237150404, 124.358426186713, 127.103851318359, 2009593, 6, 79
2022.24464381, 45.5058702842026, 124.358314011699, 127.128379821777, 2009593, 6, 93
2022.24464381, 45.5049776760755, 124.358192928613, 127.085731506348, 2009593, 6, 95
2022.24464381, 45.5040503849577, 124.358066991727, 127.102081298828, 2009593, 6, 95
2022.24464381, 45.5030214874964, 124.357927145482, 127.095283508301, 2009593, 6, 94
2022.24464381, 45.5011044020473, 124.357665706271, 127.116661071777, 2009593, 6, 87
2022.24464381, 45.500242980387, 124.357547994709, 127.129974365234, 2009593, 6, 63
2022.24464382, 45.4826854965102, 124.355168145152, 127.156959533691, 2009593, 6, 55
2022.24464382, 45.4825081008253, 124.355144960749, 127.115081787109, 2009593, 6, 55
2022.24464382, 45.47993290885, 124.354796439543, 127.108032226562, 2009593, 6, 88
2022.24464382, 45.4789470492841, 124.354664960693, 127.088645935059, 2009593, 6, 63
