2022.01892393, 50.9940385390489, 138.341429696521, 11.3747100830078, 2009603, 1, 61
2022.01892393, 50.9941019756298, 138.341419881962, 11.1280918121338, 2009603, 1, 61
2022.01892393, 50.9941654059504, 138.341410085351, 11.0133047103882, 2009603, 1, 61
2022.01892393, 50.9942225070018, 138.341401165118, 10.9105367660522, 2009603, 1, 61
2022.01892393, 50.9942922993337, 138.341390233335, 10.76442527771, 2009603, 1, 69
2022.01892393, 50.9943430642562, 138.341382207989, 10.5095653533936, 2009603, 1, 69
2022.01892393, 50.9944065107146, 138.341372221814, 10.4758195877075, 2009603, 1, 69
2022.01892393, 50.99446362424, 138.341363153627, 10.3931875228882, 2009603, 1, 69
2022.01892393, 50.9945334323938, 138.341352015388, 10.2882671356201, 2009603, 1, 75
2022.01892393, 50.9946032334753, 138.341340875166, 10.2496995925903, 2009603, 1, 75
2022.01892393, 50.9946666999549, 138.34133066392, 10.1906280517578, 2009603, 1, 75
2022.01892393, 50.9947301632847, 138.341320442437, 10.1343383789062, 2009603, 1, 75
2022.01892393, 50.9947872760846, 138.341311244276, 10.1514043807983, 2009603, 1, 80
2022.01892393, 50.9948570865982, 138.341299945785, 10.1335973739624, 2009603, 1, 80
2022.01892393, 50.994926888672, 138.341288685539, 10.1019220352173, 2009603, 1, 80
2022.01892393, 50.9949903837694, 138.341278382408, 10.0753183364868, 2009603, 1, 80
2022.01892393, 50.9950538021734, 138.341268092295, 10.1089210510254, 2009603, 1, 86
2022.01892393, 50.9951235644176, 138.341256764823, 10.1517038345337, 2009603, 1, 86
2022.01892393, 50.9951933282425, 138.34124541982, 10.1005992889404, 2009603, 1, 87
2022.01892393, 50.9952630889883, 138.34123413188, 10.0684986114502, 2009603, 1, 87
2022.01892393, 50.9953392043267, 138.341221784334, 10.1033773422241, 2009603, 1, 87
2022.01892393, 50.9954026328057, 138.341211530214, 10.1766414642334, 2009603, 1, 87
2022.01892393, 50.9954660813907, 138.341201214769, 10.1714725494385, 2009603, 1, 87
2022.01892393, 50.9955295254041, 138.341190988965, 10.1582565307617, 2009603, 1, 92
2022.01892393, 50.995592986625, 138.341180728551, 10.1474332809448, 2009603, 1, 92
2022.01892393, 50.9956564496702, 138.341170521824, 10.1351757049561, 2009603, 1, 92
2022.01892393, 50.9957262838455, 138.341159257817, 10.1415414810181, 2009603, 1, 92
2022.01892393, 50.9958088159662, 138.341146083337, 10.1793842315674, 2009603, 1, 95
2022.01892393, 50.9958723269528, 138.341135922407, 10.1798534393311, 2009603, 1, 95
2022.01892393, 50.9959358498456, 138.341125809053, 10.1971454620361, 2009603, 1, 95
2022.01892393, 50.9959993905296, 138.341115698839, 10.2533750534058, 2009603, 1, 95
2022.01892393, 50.9960756527065, 138.34110365062, 10.3239583969116, 2009603, 1, 95
2022.01892393, 50.9961392325014, 138.341093581442, 10.3104305267334, 2009603, 1, 95
2022.01892393, 50.9962028275263, 138.341083561602, 10.284462928772, 2009603, 1, 95
2022.01892393, 50.9962727962468, 138.341072557052, 10.3025741577148, 2009603, 1, 97
2022.01892393, 50.996342789126, 138.341061703687, 10.3693513870239, 2009603, 1, 97
2022.01892393, 50.9964064470878, 138.34105180183, 10.3173503875732, 2009603, 1, 97
2022.01892393, 50.9964701140521, 138.341041976984, 10.2826986312866, 2009603, 1, 97
2022.01892393, 50.9965338058406, 138.341032147024, 10.2756509780884, 2009603, 1, 96
2022.01892393, 50.9965911468312, 138.341023308131, 10.2349901199341, 2009603, 1, 96
2022.01892393, 50.9966612413824, 138.341012574932, 10.2891321182251, 2009603, 1, 96
2022.01892393, 50.9967249894919, 138.341002795845, 10.2650804519653, 2009603, 1, 96
2022.01892393, 50.9967887572734, 138.340993025578, 10.2742757797241, 2009603, 1, 96
2022.01892393, 50.9968525376484, 138.340983292461, 10.2437105178833, 2009603, 1, 96
2022.01892393, 50.9969163397157, 138.340973529606, 10.2277641296387, 2009603, 1, 96
2022.01892393, 50.9969865412174, 138.340962801488, 10.2620916366577, 2009603, 1, 96
2022.01892393, 50.9970439944133, 138.340954019839, 10.3154039382935, 2009603, 1, 96
2022.01892393, 50.9971078348305, 138.340944313239, 10.3431491851807, 2009603, 1, 96
2022.01892393, 50.9971716950318, 138.340934574983, 10.3370218276978, 2009603, 1, 96
2022.01892393, 50.9972419609099, 138.340923829019, 10.2649040222168, 2009603, 1, 96
2022.01892393, 50.997312230817, 138.340913119559, 10.2663173675537, 2009603, 1, 96
2022.01892393, 50.9973761302816, 138.340903340536, 10.2718152999878, 2009603, 1, 96
2022.01892393, 50.9974336420727, 138.340894556276, 10.2925958633423, 2009603, 1, 96
2022.01892393, 50.9974974847894, 138.340884869415, 10.2959613800049, 2009603, 1, 96
2022.01892393, 50.9975614428998, 138.340875027941, 10.3516473770142, 2009603, 1, 97
2022.01892393, 50.9976190207255, 138.34086608941, 10.3399791717529, 2009603, 1, 97
2022.01892393, 50.9976829851916, 138.340856215209, 10.2893400192261, 2009603, 1, 97
2022.01892393, 50.9977533444826, 138.340845320872, 10.2765274047852, 2009603, 1, 97
2022.01892393, 50.9978173032817, 138.340835415685, 10.3240375518799, 2009603, 1, 97
2022.01892393, 50.9978876440419, 138.340824534922, 10.3658847808838, 2009603, 1, 97
2022.01892393, 50.9979579797449, 138.340813586743, 10.4228162765503, 2009603, 1, 97
2022.01892393, 50.9980219076664, 138.340803631248, 10.3824415206909, 2009603, 1, 96
2022.01892393, 50.9980858115082, 138.340793733457, 10.3851318359375, 2009603, 1, 96
2022.01892393, 50.9981497104076, 138.340783740418, 10.405834197998, 2009603, 1, 96
2022.01892393, 50.998213578194, 138.340773815271, 10.4318819046021, 2009603, 1, 96
2022.01892393, 50.9982710520296, 138.340764811358, 10.3976345062256, 2009603, 1, 97
2022.01892393, 50.9983348803156, 138.340754877917, 10.3586750030518, 2009603, 1, 97
2022.01892393, 50.9983986877421, 138.340744902968, 10.3882856369019, 2009603, 1, 97
2022.01892393, 50.9984624703595, 138.340734941879, 10.3869304656982, 2009603, 1, 97
2022.01892393, 50.99851986291, 138.340725899191, 10.4495315551758, 2009603, 1, 97
2022.01892393, 50.9985899642233, 138.340714939322, 10.4154090881348, 2009603, 1, 97
2022.01892393, 50.9986664041031, 138.340702978074, 10.3934555053711, 2009603, 1, 97
2022.01892393, 50.9987364364384, 138.340692029898, 10.4307069778442, 2009603, 1, 97
2022.01892393, 50.998800157156, 138.340681951648, 10.3419179916382, 2009603, 1, 97
2022.01892393, 50.9988636974804, 138.340672013397, 10.2432270050049, 2009603, 1, 97
2022.01892393, 50.9989272071302, 138.340662115883, 10.3112936019897, 2009603, 1, 97
2022.01892393, 50.9989906831108, 138.340652278869, 10.4422693252563, 2009603, 1, 97
2022.01892393, 50.9990541501681, 138.340642351391, 10.3483781814575, 2009603, 1, 97
2022.01892393, 50.9991239453784, 138.340631414043, 10.3636856079102, 2009603, 1, 97
2022.01892393, 50.9991937176029, 138.340620499272, 10.3649787902832, 2009603, 1, 97
2022.01892393, 50.9992634640937, 138.340609622164, 10.2649354934692, 2009603, 1, 97
2022.01892393, 50.9993332040464, 138.340598705106, 10.2523927688599, 2009603, 1, 97
2022.01892393, 50.999396602147, 138.34058873307, 10.2590351104736, 2009603, 1, 97
2022.01892393, 50.9994536470186, 138.340579789757, 10.2918548583984, 2009603, 1, 97
2022.01892393, 50.9995106971996, 138.340570802444, 10.2876091003418, 2009603, 1, 97
2022.01892393, 50.999580417187, 138.340559844959, 10.2854461669922, 2009603, 1, 97
2022.01892393, 50.9996501399732, 138.340548852359, 10.3044424057007, 2009603, 1, 97
2022.01892393, 50.9997135281373, 138.340538861259, 10.3314666748047, 2009603, 1, 97
2022.01892393, 50.9997769253996, 138.340528827201, 10.2399997711182, 2009603, 1, 98
2022.01892393, 50.9998403184689, 138.340518863717, 10.2551431655884, 2009603, 1, 98
2022.01892393, 50.9999037253633, 138.340508835901, 10.2154531478882, 2009603, 1, 98
2022.01892393, 50.9999608113741, 138.340499743664, 10.1886873245239, 2009603, 1, 97
2022.01892393, 51.0000305770727, 138.340488744345, 10.2641553878784, 2009603, 1, 98
2022.01892393, 51.0000939671257, 138.340478792026, 10.2432556152344, 2009603, 1, 98
2022.01892393, 51.0001638524921, 138.340467558987, 10.24267578125, 2009603, 1, 98
2022.01892393, 51.0002337546166, 138.340456303456, 10.2351131439209, 2009603, 1, 98
2022.01892393, 51.000316365935, 138.34044309573, 10.2225284576416, 2009603, 1, 98
2022.01892393, 51.0003862925475, 138.340431859107, 10.2190399169922, 2009603, 1, 98
2022.01892393, 51.0004562169165, 138.340420705586, 10.2529382705688, 2009603, 1, 98
2022.01892393, 51.0005197936655, 138.340410551752, 10.2537956237793, 2009603, 1, 97
2022.01892393, 51.0005833725278, 138.340400446481, 10.2731800079346, 2009603, 1, 97
2022.01892393, 51.0006469543461, 138.340390372598, 10.2454071044922, 2009603, 1, 97
2022.01892393, 51.000710535437, 138.340380324325, 10.2564868927002, 2009603, 1, 97
2022.01892393, 51.0007931849856, 138.340367371996, 10.2497224807739, 2009603, 1, 96
2022.01892393, 51.0008567690268, 138.340357381153, 10.2576723098755, 2009603, 1, 96
2022.01892393, 51.0009266925575, 138.340346532727, 10.2523355484009, 2009603, 1, 96
2022.01892393, 51.0009902609527, 138.340336676306, 10.2329521179199, 2009603, 1, 96
2022.01892393, 51.001047464434, 138.340327869515, 10.1576042175293, 2009603, 1, 97
2022.01892393, 51.0011110257699, 138.340318063684, 10.0887575149536, 2009603, 1, 97
2022.01892393, 51.0011745691566, 138.340308364947, 10.0883989334106, 2009603, 1, 97
2022.01892393, 51.0012381056093, 138.340298707117, 10.1172409057617, 2009603, 1, 97
2022.01892393, 51.0013080630176, 138.340287790254, 10.1409130096436, 2009603, 1, 97
2022.01892393, 51.0013778795344, 138.340277471611, 10.1819877624512, 2009603, 1, 97
2022.01892393, 51.0014476821899, 138.340267247003, 10.2607097625732, 2009603, 1, 97
2022.01892393, 51.0015174648527, 138.34025711167, 10.20569896698, 2009603, 1, 97
2022.01892393, 51.0015809044692, 138.34024785159, 10.2043752670288, 2009603, 1, 97
2022.01892393, 51.0016506768457, 138.340237722894, 10.2146148681641, 2009603, 1, 97
2022.01892393, 51.0017141120301, 138.340228454132, 10.2128553390503, 2009603, 1, 97
2022.01892393, 51.0017775291538, 138.340219262019, 10.1941823959351, 2009603, 1, 97
2022.01892393, 51.0018409416421, 138.340210094192, 10.2302436828613, 2009603, 1, 97
2022.01892393, 51.0018980227206, 138.340201757545, 10.1945323944092, 2009603, 1, 97
2022.01892393, 51.0019614357318, 138.340192538216, 10.1895799636841, 2009603, 1, 97
2022.01892393, 51.0020311932945, 138.340182341193, 10.2546882629395, 2009603, 1, 98
2022.01892393, 51.0020946110873, 138.340173059006, 10.1988582611084, 2009603, 1, 98
2022.01892393, 51.0021707200195, 138.340161847498, 10.1566715240479, 2009603, 1, 98
2022.01892393, 51.0022468294209, 138.340150613983, 10.1827955245972, 2009603, 1, 98
2022.01892393, 51.0023102668256, 138.340141166571, 10.2414093017578, 2009603, 1, 98
2022.01892393, 51.0023800538616, 138.340130741967, 10.2261552810669, 2009603, 1, 98
2022.01892393, 51.0024435057804, 138.340121190729, 10.137336730957, 2009603, 1, 98
2022.01892393, 51.0025069737804, 138.340111561016, 10.1079692840576, 2009603, 1, 97
2022.01892393, 51.0025704574113, 138.340101835061, 10.0717802047729, 2009603, 1, 97
2022.01892393, 51.0026275817313, 138.340093243142, 10.1157703399658, 2009603, 1, 97
2022.01892393, 51.0026910980042, 138.34008323444, 10.1079120635986, 2009603, 1, 97
2022.01892393, 51.0027609793364, 138.340072166962, 10.101526260376, 2009603, 1, 98
2022.01892393, 51.0028435869742, 138.340059003881, 10.1588459014893, 2009603, 1, 98
2022.01892393, 51.0029198626941, 138.34004679524, 10.1675329208374, 2009603, 1, 98
2022.01892393, 51.0029770889172, 138.340037557868, 10.1884384155273, 2009603, 1, 98
2022.01892393, 51.0030406844791, 138.340027278417, 10.1824531555176, 2009603, 1, 97
2022.01892393, 51.0031042902899, 138.340017007509, 10.1983060836792, 2009603, 1, 97
2022.01892393, 51.0031679181387, 138.340006672659, 10.2030172348022, 2009603, 1, 97
2022.01892393, 51.003237931522, 138.339995242078, 10.1729297637939, 2009603, 1, 98
2022.01892393, 51.0033015876434, 138.339984884842, 10.1230144500732, 2009603, 1, 97
2022.01892393, 51.0033652613476, 138.339974508366, 10.1088275909424, 2009603, 1, 97
2022.01892393, 51.0034289501394, 138.33996413339, 10.0852880477905, 2009603, 1, 97
2022.01892393, 51.0034926503902, 138.339953761492, 10.1578168869019, 2009603, 1, 97
2022.01892393, 51.003562741828, 138.339942342322, 10.1547355651855, 2009603, 1, 96
2022.01892393, 51.0036201009645, 138.339933018898, 10.2105674743652, 2009603, 1, 96
2022.01892393, 51.0036838409746, 138.339922688178, 10.1801986694336, 2009603, 1, 96
2022.01892393, 51.003747600637, 138.339912348659, 10.1989412307739, 2009603, 1, 96
2022.01892393, 51.0038113719168, 138.339902027757, 10.1428737640381, 2009603, 1, 97
2022.01892393, 51.0038751519374, 138.339891612445, 10.1807918548584, 2009603, 1, 97
2022.01892393, 51.0039389343166, 138.339881532193, 10.2036666870117, 2009603, 1, 97
2022.01892393, 51.0040091167455, 138.339870426121, 10.2031021118164, 2009603, 1, 97
2022.01892393, 51.0040793048918, 138.339859380804, 10.2014875411987, 2009603, 1, 97
2022.01892393, 51.0041494969523, 138.339848399665, 10.178581237793, 2009603, 1, 97
2022.01892393, 51.0042133243861, 138.339838386664, 10.1670761108398, 2009603, 1, 97
2022.01892393, 51.0042771528629, 138.339828436904, 10.1346702575684, 2009603, 1, 97
2022.01892393, 51.0043345969571, 138.339819520933, 10.1536703109741, 2009603, 1, 97
2022.01892393, 51.0043920479058, 138.33981061021, 10.1753015518188, 2009603, 1, 97
2022.01892393, 51.0044622648461, 138.339799776388, 10.1699190139771, 2009603, 1, 97
2022.01892393, 51.0045261008444, 138.339789936453, 10.1895608901978, 2009603, 1, 97
2022.01892393, 51.0045899349565, 138.339780123675, 10.1244611740112, 2009603, 1, 97
2022.01892393, 51.0046537685779, 138.339770332321, 10.1344604492188, 2009603, 1, 97
2022.01892393, 51.0047239856556, 138.339759569789, 10.1205291748047, 2009603, 1, 97
2022.01892393, 51.0047878171359, 138.339749773896, 10.1249361038208, 2009603, 1, 97
2022.01892393, 51.004851642024, 138.339740023973, 10.1418380737305, 2009603, 1, 97
2022.01892393, 51.0049154616558, 138.339730276404, 10.1426019668579, 2009603, 1, 97
2022.01892393, 51.0049792623442, 138.339720608022, 10.178524017334, 2009603, 1, 97
2022.01892393, 51.0050366889086, 138.339711847004, 10.1436624526978, 2009603, 1, 97
2022.01892393, 51.0051004837664, 138.339702140311, 10.1746807098389, 2009603, 1, 97
2022.01892393, 51.005164237947, 138.339692419964, 10.1494312286377, 2009603, 1, 97
2022.01892393, 51.0052280509178, 138.339682708288, 10.1925439834595, 2009603, 1, 97
2022.01892393, 51.0052854787866, 138.339673929971, 10.1555967330933, 2009603, 1, 96
2022.01892393, 51.0053492703443, 138.339664212585, 10.1225128173828, 2009603, 1, 96
2022.01892393, 51.0054130475476, 138.33965447154, 10.1479110717773, 2009603, 1, 96
2022.01892393, 51.0054895623853, 138.339642777454, 10.1594696044922, 2009603, 1, 96
2022.01892393, 51.0055596802106, 138.339632039209, 10.1288146972656, 2009603, 1, 96
2022.01892393, 51.0056233947115, 138.339622323236, 10.1474256515503, 2009603, 1, 96
2022.01892393, 51.0056934638568, 138.339611613743, 10.1447353363037, 2009603, 1, 96
2022.01892393, 51.00576350752, 138.339600901094, 10.1548776626587, 2009603, 1, 96
2022.01892393, 51.0058271586976, 138.339591166467, 10.1558856964111, 2009603, 1, 96
2022.01892393, 51.0058971518269, 138.339580468693, 10.2172365188599, 2009603, 1, 96
2022.01892393, 51.005960768784, 138.339570674602, 10.1683292388916, 2009603, 1, 96
2022.01892393, 51.0060307094135, 138.339559986293, 10.1494283676147, 2009603, 1, 96
2022.01892393, 51.0061006369809, 138.339549225002, 10.1607694625854, 2009603, 1, 96
2022.01892393, 51.0061705301283, 138.339538532516, 10.2013120651245, 2009603, 1, 96
2022.01892393, 51.0062467497366, 138.339526872843, 10.182487487793, 2009603, 1, 96
2022.01892393, 51.0063102502095, 138.339517137332, 10.1751909255981, 2009603, 1, 97
2022.01892393, 51.0063800843929, 138.33950642053, 10.1571245193481, 2009603, 1, 97
2022.01892393, 51.006443686512, 138.339496667852, 10.1662797927856, 2009603, 1, 97
2022.01892393, 51.0065069889437, 138.339486914347, 10.1526050567627, 2009603, 1, 97
2022.01892393, 51.0065702848553, 138.339477167968, 10.1689739227295, 2009603, 1, 97
2022.01892393, 51.0066335819318, 138.339467411714, 10.1485481262207, 2009603, 1, 97
2022.01892393, 51.0066968711901, 138.339457713307, 10.1534910202026, 2009603, 1, 97
2022.01892393, 51.0067538475169, 138.339448936139, 10.1673536300659, 2009603, 1, 96
2022.01892393, 51.0068234991268, 138.339438219424, 10.2263832092285, 2009603, 1, 96
2022.01892393, 51.0068995022771, 138.3394265418, 10.1439790725708, 2009603, 1, 96
2022.01892393, 51.0069691944887, 138.339415891803, 10.2019987106323, 2009603, 1, 96
2022.01892393, 51.0070325853044, 138.339406159361, 10.2303504943848, 2009603, 1, 96
2022.01892394, 51.0070960036064, 138.339396435635, 10.2191009521484, 2009603, 1, 96
2022.01892394, 51.0071657898071, 138.339385824888, 10.2605819702148, 2009603, 1, 96
2022.01892394, 51.0072356316844, 138.339375125313, 10.2268352508545, 2009603, 1, 96
2022.01892394, 51.0072991470999, 138.339365498893, 10.2186880111694, 2009603, 1, 97
2022.01892394, 51.0073627131162, 138.339355796896, 10.2414903640747, 2009603, 1, 97
2022.01892394, 51.0074199521359, 138.339347095205, 10.2559833526611, 2009603, 1, 97
2022.01892394, 51.0074835759315, 138.339337509036, 10.2403182983398, 2009603, 1, 97
2022.01892394, 51.007540882544, 138.339328783367, 10.1932334899902, 2009603, 1, 96
2022.01892394, 51.0076045819597, 138.33931917995, 10.1813249588013, 2009603, 1, 96
2022.01892394, 51.0076742634244, 138.339308553978, 10.1271648406982, 2009603, 1, 96
2022.01892394, 51.0077447546635, 138.339297954068, 10.0965013504028, 2009603, 1, 96
2022.01892394, 51.0078088599419, 138.339288366104, 10.0877027511597, 2009603, 1, 96
2022.01892394, 51.0078729734353, 138.339278844475, 10.121187210083, 2009603, 1, 96
2022.01892394, 51.0080012327395, 138.339259661143, 10.1688814163208, 2009603, 1, 97
2022.01892394, 51.0080717584688, 138.339249137443, 10.1688413619995, 2009603, 1, 97
2022.01892394, 51.0081550722245, 138.339236706584, 10.1877393722534, 2009603, 1, 97
2022.01892394, 51.0082319392096, 138.33922517517, 10.1678447723389, 2009603, 1, 97
2022.01892394, 51.0083023443169, 138.339214630077, 10.1153860092163, 2009603, 1, 96
2022.01892394, 51.0083726930363, 138.33920405146, 10.0671033859253, 2009603, 1, 96
2022.01892394, 51.0084429762303, 138.339193451808, 10.1117095947266, 2009603, 1, 96
2022.01892394, 51.0085195598973, 138.339181893816, 10.0746774673462, 2009603, 1, 96
2022.01892394, 51.008583302635, 138.339172241016, 10.0563926696777, 2009603, 1, 96
2022.01892394, 51.0086406170554, 138.339163502473, 10.0667457580566, 2009603, 1, 96
2022.01892394, 51.0087105721533, 138.339152878666, 10.0917482376099, 2009603, 1, 96
2022.01892394, 51.0087677420988, 138.339144145004, 10.0618143081665, 2009603, 1, 96
2022.01892394, 51.0088311918357, 138.339134379076, 10.0870714187622, 2009603, 1, 96
2022.01892394, 51.0089008887286, 138.33912366358, 10.0984783172607, 2009603, 1, 96
2022.01892394, 51.0089709487252, 138.339112965698, 10.0713729858398, 2009603, 1, 96
2022.01892394, 51.0090400059818, 138.339102158786, 10.0668001174927, 2009603, 1, 96
2022.01892394, 51.0091027136105, 138.339092317889, 10.0682878494263, 2009603, 1, 96
2022.01892394, 51.0091653719417, 138.339082432465, 10.055570602417, 2009603, 1, 96
2022.01892394, 51.0092342337916, 138.339071583174, 10.0558738708496, 2009603, 1, 96
2022.01892394, 51.0093030698518, 138.339060657573, 10.0582160949707, 2009603, 1, 96
2022.01892394, 51.0093656262987, 138.339050717695, 10.0856771469116, 2009603, 1, 96
2022.01892394, 51.0094219231658, 138.339041753626, 10.0635852813721, 2009603, 1, 96
2022.01892394, 51.0094844754002, 138.339031799042, 10.0793523788452, 2009603, 1, 96
2022.01892394, 51.0095407948508, 138.339022773463, 10.0982542037964, 2009603, 1, 97
2022.01892394, 51.0096096515357, 138.339011789622, 10.0704374313354, 2009603, 1, 97
2022.01892394, 51.0096660319732, 138.33900271238, 10.0439167022705, 2009603, 1, 97
2022.01892394, 51.0097224428327, 138.338993692002, 10.0852556228638, 2009603, 1, 96
2022.01892394, 51.009785175808, 138.338983663046, 10.0841503143311, 2009603, 1, 95
2022.01892394, 51.0098416934719, 138.338974594552, 10.0692386627197, 2009603, 1, 95
2022.01892394, 51.0099108570988, 138.338963482318, 10.0518407821655, 2009603, 1, 95
2022.01892394, 51.0099801194313, 138.338952346248, 10.0755081176758, 2009603, 1, 95
2022.01892394, 51.0100494865104, 138.338941215163, 10.054009437561, 2009603, 1, 96
2022.01892394, 51.0101252853076, 138.338929064384, 10.0873384475708, 2009603, 1, 96
2022.01892394, 51.0101948960756, 138.338917896362, 10.0598344802856, 2009603, 1, 96
2022.01892394, 51.0102580216292, 138.33890775211, 10.089542388916, 2009603, 1, 96
2022.01892394, 51.0103219104253, 138.338897619351, 10.1285009384155, 2009603, 1, 96
2022.01892394, 51.0103922962448, 138.338886454493, 10.1738948822021, 2009603, 1, 96
2022.01892394, 51.0104627842899, 138.338875240535, 10.1216955184937, 2009603, 1, 96
2022.01892394, 51.0105269298915, 138.338865087756, 10.1534957885742, 2009603, 1, 97
2022.01892394, 51.0105975553601, 138.338853946205, 10.142502784729, 2009603, 1, 97
2022.01892394, 51.0106682439947, 138.338842778116, 10.121039390564, 2009603, 1, 97
2022.01892394, 51.0107325466253, 138.338832599211, 10.1162633895874, 2009603, 1, 97
2022.01892394, 51.0107968692941, 138.338822481894, 10.1491985321045, 2009603, 1, 96
2022.01892394, 51.0108547824502, 138.338813312265, 10.0721492767334, 2009603, 1, 96
2022.01892394, 51.0109319878127, 138.338801207705, 10.0861005783081, 2009603, 1, 96
2022.01892394, 51.0110091925671, 138.338789071625, 10.1609563827515, 2009603, 1, 96
2022.01892394, 51.0110670873665, 138.33877993507, 10.106466293335, 2009603, 1, 96
2022.01892394, 51.0111378047606, 138.338768851577, 10.1184663772583, 2009603, 1, 96
2022.01892394, 51.0112084832445, 138.338757771852, 10.0924587249756, 2009603, 1, 96
2022.01892394, 51.0112791019365, 138.338746741231, 10.1106271743774, 2009603, 1, 95
2022.01892394, 51.0113432464579, 138.338736716629, 10.1240787506104, 2009603, 1, 95
2022.01892394, 51.0114137397897, 138.338725696002, 10.1381692886353, 2009603, 1, 95
2022.01892394, 51.011484611306, 138.33871471724, 10.0802345275879, 2009603, 1, 95
2022.01892394, 51.0115355328433, 138.338706705509, 10.0828685760498, 2009603, 1, 93
2022.01892394, 51.0116054679421, 138.338695760998, 10.0840616226196, 2009603, 1, 93
2022.01892394, 51.0116753288248, 138.338684798452, 10.0801181793213, 2009603, 1, 93
2022.01892394, 51.0117451083655, 138.33867389919, 10.0761232376099, 2009603, 1, 93
2022.01892394, 51.0118021500467, 138.338664968427, 10.0957908630371, 2009603, 1, 89
2022.01892394, 51.0118654769046, 138.338655097072, 10.1083173751831, 2009603, 1, 89
2022.01892394, 51.0119287547758, 138.338645243278, 10.0114307403564, 2009603, 1, 89
2022.01892394, 51.0119919886174, 138.338635405806, 9.90756797790527, 2009603, 1, 89
2022.01892394, 51.0120551927127, 138.338625558187, 9.79273414611816, 2009603, 1, 78
2022.01892394, 51.0121183658277, 138.338615731555, 9.87666130065918, 2009603, 1, 78
2022.01892394, 51.0121815089412, 138.338605959897, 10.011830329895, 2009603, 1, 78
2022.01892394, 51.0122509384619, 138.338595253198, 10.099552154541, 2009603, 1, 53
2022.01892394, 51.0123203548355, 138.338584588154, 10.2526531219482, 2009603, 1, 53
2022.01892394, 51.0123771560804, 138.338575800912, 10.3210430145264, 2009603, 1, 53
2022.01892394, 51.0124402623283, 138.338566094269, 10.3538722991943, 2009603, 1, 53
2022.01892394, 51.0125223083862, 138.338553526767, 10.3612518310547, 2009603, 1, 53
2022.01892394, 51.0125854381643, 138.338543865094, 10.3901681900024, 2009603, 1, 53
2022.01892394, 51.0126485922486, 138.338534161989, 10.4396543502808, 2009603, 1, 53
2022.01892394, 51.0127117594314, 138.338524554639, 10.5921316146851, 2009603, 1, 53
2022.01892394, 51.0181837450375, 138.337673325145, 10.0425004959106, 2009603, 1, 53
2022.01892394, 51.0182475269328, 138.33766335436, 10.0355443954468, 2009603, 1, 53
2022.01892394, 51.0183112868193, 138.337653395001, 9.98323249816895, 2009603, 1, 87
2022.01892394, 51.0183813746142, 138.337642576654, 10.0468559265137, 2009603, 1, 87
2022.01892394, 51.0184450739097, 138.337632721825, 10.0542335510254, 2009603, 1, 87
2022.01892394, 51.0185150961436, 138.337622024901, 10.1411123275757, 2009603, 1, 89
2022.01892394, 51.0185850950853, 138.337611308001, 10.1660490036011, 2009603, 1, 89
2022.01892394, 51.0186487058375, 138.337601591384, 10.158595085144, 2009603, 1, 89
2022.01892394, 51.0187122911396, 138.337591916488, 10.1663770675659, 2009603, 1, 89
2022.01892394, 51.018782192992, 138.337581385699, 10.1748247146606, 2009603, 1, 90
2022.01892394, 51.0188457281311, 138.33757177771, 10.1830215454102, 2009603, 1, 90
2022.01892394, 51.0189028955509, 138.337563115373, 10.2066917419434, 2009603, 1, 90
2022.01892394, 51.0189600387849, 138.337554526627, 10.2609672546387, 2009603, 1, 90
2022.01892394, 51.0190235175126, 138.33754495171, 10.2730941772461, 2009603, 1, 87
2022.01892394, 51.0190806302876, 138.337536374569, 10.2879886627197, 2009603, 1, 87
2022.01892394, 51.0191440582168, 138.337526960521, 10.376072883606, 2009603, 1, 87
2022.01892394, 51.0192075109735, 138.33751726919, 10.4228429794312, 2009603, 1, 87
2022.01892394, 51.0192709488825, 138.337507606674, 10.4610538482666, 2009603, 1, 85
2022.01892394, 51.0193343720954, 138.337497954329, 10.4627685546875, 2009603, 1, 83
2022.01892394, 51.0193914447604, 138.33748926204, 10.5165224075317, 2009603, 1, 83
2022.01892394, 51.0194548509546, 138.337479577323, 10.5187950134277, 2009603, 1, 83
2022.01892394, 51.0195119053318, 138.337470885902, 10.5282535552979, 2009603, 1, 83
2022.01892394, 51.0195752986564, 138.337461175703, 10.5766382217407, 2009603, 1, 83
2022.01892394, 51.0196450118564, 138.337450557451, 10.5863189697266, 2009603, 1, 83
2022.01892394, 51.0197083855616, 138.3374408731, 10.5928153991699, 2009603, 1, 83
2022.01892394, 51.0197654136073, 138.337432181742, 10.5750722885132, 2009603, 1, 79
2022.01892394, 51.0198224375364, 138.337423481573, 10.5587244033813, 2009603, 1, 79
2022.01892394, 51.0198731187455, 138.337415758095, 10.5905246734619, 2009603, 1, 79
2022.01892394, 51.0199301373283, 138.337407052516, 10.5828876495361, 2009603, 1, 79
2022.01892394, 51.0199998170943, 138.337396449374, 10.5322189331055, 2009603, 1, 79
2022.01892394, 51.0200631648346, 138.337386753761, 10.535982131958, 2009603, 1, 76
2022.01892394, 51.0201328423367, 138.337376122785, 10.5091371536255, 2009603, 1, 76
2022.01892394, 51.0202088461268, 138.337364555255, 10.528018951416, 2009603, 1, 76
2022.01892394, 51.0202721782051, 138.337354922003, 10.5121717453003, 2009603, 1, 75
2022.01892394, 51.0203355110158, 138.33734529549, 10.4982852935791, 2009603, 1, 75
2022.01892394, 51.0203987913222, 138.337335535773, 10.4870166778564, 2009603, 1, 75
2022.01892394, 51.0204558348454, 138.337326916639, 10.4460458755493, 2009603, 1, 75
2022.01892394, 51.0205318758157, 138.337315510042, 10.4314231872559, 2009603, 1, 73
2022.01892394, 51.020588917521, 138.337306883413, 10.4249296188354, 2009603, 1, 73
2022.01892394, 51.0206586212331, 138.337296404628, 10.3739166259766, 2009603, 1, 73
2022.01892394, 51.0207156527064, 138.337287787556, 10.3575143814087, 2009603, 1, 73
2022.01892394, 51.020772678704, 138.337279202122, 10.3527479171753, 2009603, 1, 73
2022.01892394, 51.0208297053101, 138.337270584979, 10.3066959381104, 2009603, 1, 73
2022.01892394, 51.0208930578816, 138.337261037965, 10.3286771774292, 2009603, 1, 73
2022.01892394, 51.0209564032603, 138.337251493198, 10.2712526321411, 2009603, 1, 73
2022.01892394, 51.021019753956, 138.337241876128, 10.2380180358887, 2009603, 1, 73
2022.01892394, 51.0210894307886, 138.337231313165, 10.1763916015625, 2009603, 1, 73
2022.01892394, 51.0211464335787, 138.337222649789, 10.1155490875244, 2009603, 1, 73
2022.01892394, 51.0212097610213, 138.337213056245, 10.0656623840332, 2009603, 1, 73
2022.01892394, 51.0212667605158, 138.337204359429, 10.0647764205933, 2009603, 1, 75
2022.01892394, 51.0213364208943, 138.337193706369, 9.97226715087891, 2009603, 1, 75
2022.01892394, 51.0213934113626, 138.337185001994, 9.96713829040527, 2009603, 1, 75
2022.01892394, 51.0214567262886, 138.337175347052, 9.9477367401123, 2009603, 1, 75
2022.01892394, 51.0215327115644, 138.337163686901, 9.86533832550049, 2009603, 1, 77
2022.01892394, 51.0216023665962, 138.337152945517, 9.91513919830322, 2009603, 1, 77
2022.01892394, 51.021672148884, 138.337142484073, 9.94646263122559, 2009603, 1, 77
2022.01892394, 51.0217290317272, 138.337133536085, 9.97895336151123, 2009603, 1, 77
2022.01892394, 51.0217922413565, 138.337123575913, 10.0296545028687, 2009603, 1, 81
2022.01892394, 51.0218491352786, 138.337114634227, 10.0385551452637, 2009603, 1, 81
2022.01892394, 51.0219186915637, 138.337103684095, 9.93886470794678, 2009603, 1, 81
2022.01892394, 51.0219882589992, 138.33709278851, 9.84853267669678, 2009603, 1, 81
2022.01892394, 51.0220515340629, 138.337082847025, 9.84978199005127, 2009603, 1, 83
2022.01892394, 51.0221211649254, 138.337071924618, 9.90129661560059, 2009603, 1, 83
2022.01892394, 51.0221971506756, 138.337060119998, 10.0011377334595, 2009603, 1, 83
2022.01892394, 51.0222605207438, 138.33705022371, 10.0903034210205, 2009603, 1, 85
2022.01892394, 51.0223302599724, 138.337039425465, 10.0880002975464, 2009603, 1, 85
2022.01892394, 51.022393697146, 138.337029625605, 10.0860710144043, 2009603, 1, 85
2022.01892394, 51.0224571763109, 138.337019852657, 10.1202220916748, 2009603, 1, 85
2022.01892394, 51.0225143484759, 138.337011040825, 10.0964832305908, 2009603, 1, 85
2022.01892394, 51.0225715480778, 138.337002290502, 10.0779495239258, 2009603, 1, 85
2022.01892394, 51.0226415009732, 138.336991654278, 10.0278577804565, 2009603, 1, 85
2022.01892394, 51.0227178754971, 138.336980080571, 10.0399732589722, 2009603, 1, 85
2022.01892394, 51.0227815657237, 138.336970484088, 10.0776271820068, 2009603, 1, 85
2022.01892394, 51.0228452955364, 138.336960921825, 10.1082677841187, 2009603, 1, 85
2022.01892394, 51.022921517293, 138.336949021973, 10.0649099349976, 2009603, 1, 85
2022.01892394, 51.0229919631044, 138.336938905669, 10.0848369598389, 2009603, 1, 85
2022.01892394, 51.0230560381807, 138.336929722009, 10.11989402771, 2009603, 1, 85
2022.01892394, 51.0231137308753, 138.336921461391, 10.0999994277954, 2009603, 1, 85
2022.01892394, 51.0231778459057, 138.336912338172, 10.0941925048828, 2009603, 1, 85
2022.01892394, 51.0232419737601, 138.336903193005, 10.1035127639771, 2009603, 1, 85
2022.01892394, 51.0233061137914, 138.336894013141, 10.0875101089478, 2009603, 1, 86
2022.01892394, 51.023376665561, 138.336883891055, 10.0985651016235, 2009603, 1, 86
2022.01892394, 51.0234407959767, 138.336874658547, 10.0753002166748, 2009603, 1, 86
2022.01892394, 51.0235049050406, 138.336865415491, 10.1049451828003, 2009603, 1, 84
2022.01892394, 51.0235561870823, 138.336857941047, 10.095648765564, 2009603, 1, 84
2022.01892394, 51.0236202589439, 138.336848603212, 10.1180019378662, 2009603, 1, 84
2022.01892394, 51.0236842939659, 138.336839225614, 10.1147794723511, 2009603, 1, 84
2022.01892394, 51.0237483012872, 138.336829757764, 10.1529493331909, 2009603, 1, 84
2022.01892394, 50.9944902040315, 138.342643402089, 10.8759784698486, 2009603, 2, 59
2022.01892394, 50.9947253587751, 138.342606955317, 10.4787302017212, 2009603, 2, 69
2022.01892394, 50.9949986904021, 138.342565243803, 10.2075538635254, 2009603, 2, 75
2022.01892394, 50.9952784246429, 138.342523274978, 10.1246366500854, 2009603, 2, 80
2022.01892394, 50.9955517329599, 138.342482226594, 10.1571531295776, 2009603, 2, 85
2022.01892394, 50.9958186238404, 138.342441884265, 10.1231136322021, 2009603, 2, 90
2022.01892394, 50.9960727395072, 138.342403025974, 10.1107139587402, 2009603, 2, 93
2022.01892394, 50.9963330482558, 138.342362413173, 10.2470855712891, 2009603, 2, 95
2022.01892394, 50.9966314326673, 138.342315192706, 10.2948026657104, 2009603, 2, 97
2022.01892394, 50.996923702867, 138.342268856099, 10.2488222122192, 2009603, 2, 96
2022.01892394, 50.9971908398891, 138.342226735611, 10.2432470321655, 2009603, 2, 97
2022.01892394, 50.9974519027572, 138.342186024012, 10.2732038497925, 2009603, 2, 97
2022.01892394, 50.9977518346895, 138.342140196813, 10.278341293335, 2009603, 2, 98
2022.01892394, 50.9980389341428, 138.342096740103, 10.3200054168701, 2009603, 2, 97
2022.01892394, 50.9983066020753, 138.342056381392, 10.3414335250854, 2009603, 2, 96
2022.01892394, 50.9985547501395, 138.342018836562, 10.3338403701782, 2009603, 2, 97
2022.01892394, 50.9988276599137, 138.341977251204, 10.4320402145386, 2009603, 2, 97
2022.01892394, 50.999131531166, 138.3419303827, 10.4212369918823, 2009603, 2, 98
2022.01892394, 50.9993784179753, 138.341891960676, 10.2981691360474, 2009603, 2, 97
2022.01892394, 50.9996445788755, 138.341850326429, 10.2356472015381, 2009603, 2, 97
2022.01892394, 50.999891934808, 138.341811382438, 10.2835178375244, 2009603, 2, 98
2022.01892394, 51.0001404554234, 138.341772274085, 10.2565584182739, 2009603, 2, 97
2022.01892394, 51.0004339792379, 138.341725904153, 10.2361421585083, 2009603, 2, 98
2022.01892394, 51.0007340225308, 138.34167840146, 10.1925573348999, 2009603, 2, 98
2022.01892394, 51.0010274855329, 138.341631911458, 10.1541357040405, 2009603, 2, 98
2022.01892394, 51.0013268070254, 138.341584606985, 10.2044887542725, 2009603, 2, 97
2022.01892394, 51.0015745130036, 138.341545458367, 10.1888742446899, 2009603, 2, 98
2022.01892394, 51.001821911559, 138.341506719407, 10.1977252960205, 2009603, 2, 98
2022.01892394, 51.0020817151764, 138.341466351124, 10.2108535766602, 2009603, 2, 97
2022.01892394, 51.0023730585772, 138.341421651108, 10.179591178894, 2009603, 2, 97
2022.01892394, 51.002639097364, 138.341381424373, 10.1082544326782, 2009603, 2, 97
2022.01892394, 51.0028609121061, 138.341348240723, 10.1436328887939, 2009603, 2, 98
2022.01892394, 51.0031400313351, 138.341306642024, 10.1264495849609, 2009603, 2, 98
2022.01892394, 51.0034067888574, 138.341266786954, 10.0555086135864, 2009603, 2, 98
2022.01892394, 51.0036739036775, 138.341226624516, 10.1105184555054, 2009603, 2, 98
2022.01892394, 51.0039222914122, 138.341188845276, 10.1879816055298, 2009603, 2, 96
2022.01892394, 51.0041454312574, 138.341154493019, 10.1669368743896, 2009603, 2, 96
2022.01892394, 51.0043941783465, 138.341115939514, 10.1708869934082, 2009603, 2, 97
2022.01892394, 51.0047002891749, 138.341068113183, 10.1234340667725, 2009603, 2, 96
2022.01892394, 51.0050062181255, 138.341020110934, 10.1174221038818, 2009603, 2, 97
2022.01892394, 51.0053117499089, 138.340972123212, 10.1272878646851, 2009603, 2, 97
2022.01892395, 51.0056232439036, 138.340923307059, 10.098560333252, 2009603, 2, 97
2022.01892395, 51.0059153181931, 138.340877738741, 10.0889835357666, 2009603, 2, 97
2022.01892395, 51.0062007912879, 138.340833474138, 10.1570615768433, 2009603, 2, 98
2022.01892395, 51.0064353504777, 138.340797374574, 10.0740089416504, 2009603, 2, 98
2022.01892395, 51.0067015099665, 138.340756693736, 10.1488885879517, 2009603, 2, 97
2022.01892395, 51.0069805293951, 138.340714136307, 10.1179962158203, 2009603, 2, 97
2022.01892395, 51.0071900209039, 138.340682229433, 10.1560258865356, 2009603, 2, 97
2022.01892395, 51.0074378867591, 138.340644413991, 10.1992053985596, 2009603, 2, 97
2022.01892395, 51.0076734318862, 138.340608375015, 10.19983959198, 2009603, 2, 97
2022.01892395, 51.0079540833952, 138.340565055286, 10.1675214767456, 2009603, 2, 97
2022.01892395, 51.0082476071695, 138.340519859181, 10.04150390625, 2009603, 2, 96
2022.01892395, 51.0085154965598, 138.340478768505, 10.0751085281372, 2009603, 2, 96
2022.01892395, 51.0088150633525, 138.340432800331, 10.0645427703857, 2009603, 2, 96
2022.01892395, 51.0091201016877, 138.340386997253, 10.0362415313721, 2009603, 2, 96
2022.01892395, 51.0094058008247, 138.340343811198, 10.0438947677612, 2009603, 2, 96
2022.01892395, 51.0096787226543, 138.340302004676, 10.0316200256348, 2009603, 2, 97
2022.01892395, 51.0099517225674, 138.340259485853, 10.0198621749878, 2009603, 2, 96
2022.01892395, 51.0102058766006, 138.340219103809, 10.0486927032471, 2009603, 2, 97
2022.01892395, 51.0104794777552, 138.340174396669, 10.0370998382568, 2009603, 2, 97
2022.01892395, 51.0107850935412, 138.340124523395, 10.0193824768066, 2009603, 2, 98
2022.01892395, 51.0110780761608, 138.340077370727, 10.0513591766357, 2009603, 2, 97
2022.01892395, 51.0113519617143, 138.340033965726, 10.0776338577271, 2009603, 2, 97
2022.01892395, 51.0116703197712, 138.339986403721, 10.0485935211182, 2009603, 2, 96
2022.01892395, 51.0119757303187, 138.339941501292, 10.0385265350342, 2009603, 2, 95
2022.01892395, 51.0122427344937, 138.339902187033, 10.0138111114502, 2009603, 2, 93
2022.01892395, 51.0125158717159, 138.339861461786, 9.78537368774414, 2009603, 2, 88
2022.01892395, 51.0128268094589, 138.339813732275, 10.1100492477417, 2009603, 2, 80
2022.01892395, 51.0130994709324, 138.339770550932, 10.3898239135742, 2009603, 2, 54
2022.01892395, 51.0186051166409, 138.338914265648, 10.0638475418091, 2009603, 2, 73
2022.01892395, 51.0188461104285, 138.338877367953, 10.088433265686, 2009603, 2, 89
2022.01892395, 51.0191381713049, 138.338832612688, 10.2614793777466, 2009603, 2, 90
2022.01892395, 51.019424403918, 138.338788584079, 10.4149370193481, 2009603, 2, 88
2022.01892395, 51.0197171397103, 138.338743269305, 10.6111621856689, 2009603, 2, 89
2022.01892395, 51.0199780631785, 138.338702588088, 10.7361164093018, 2009603, 2, 84
2022.01892395, 51.020194391285, 138.338668690139, 10.7574090957642, 2009603, 2, 80
2022.01892395, 51.0204423531574, 138.33862960391, 10.7993030548096, 2009603, 2, 76
2022.01892395, 51.0207155258897, 138.338586341607, 10.7650871276855, 2009603, 2, 73
2022.01892395, 51.0209696624222, 138.338546394221, 10.6144151687622, 2009603, 2, 73
2022.01892395, 51.0212175514266, 138.338507910057, 10.5337743759155, 2009603, 2, 72
2022.01892395, 51.0214528575144, 138.338471837576, 10.33385181427, 2009603, 2, 73
2022.01892395, 51.0217202343616, 138.338431725915, 10.1306180953979, 2009603, 2, 72
2022.01892395, 51.0219942522956, 138.338391357449, 9.9141902923584, 2009603, 2, 76
2022.01892395, 51.0222875001703, 138.338348150818, 9.78249549865723, 2009603, 2, 79
2022.01892395, 51.0225743992633, 138.338305561461, 9.90436172485352, 2009603, 2, 82
2022.01892395, 51.0228420737736, 138.338265266041, 9.94230365753174, 2009603, 2, 83
2022.01892395, 51.0231031763824, 138.338224641541, 10.0495986938477, 2009603, 2, 84
2022.01892395, 51.0233577111555, 138.338184575942, 10.0463037490845, 2009603, 2, 86
2022.01892395, 51.0236310922593, 138.338141301495, 10.0308275222778, 2009603, 2, 88
2022.01892395, 51.0239042202266, 138.338098075067, 10.0548572540283, 2009603, 2, 88
2022.01892356, 50.2630354802823, 138.498884809698, 216.599945068359, 2009603, 3, 74
2022.01892356, 50.2631177256126, 138.498873167112, 216.571075439453, 2009603, 3, 74
2022.01892356, 50.2631936869763, 138.498862392708, 216.573715209961, 2009603, 3, 74
2022.01892356, 50.2632760121408, 138.498850683711, 216.591598510742, 2009603, 3, 87
2022.01892356, 50.2633583876915, 138.498838920684, 216.58122253418, 2009603, 3, 87
2022.01892356, 50.2634344699003, 138.498828006715, 216.619750976562, 2009603, 3, 87
2022.01892356, 50.2635169467562, 138.49881611081, 216.616409301758, 2009603, 3, 72
2022.01892356, 50.263599471979, 138.49880413697, 216.598266601562, 2009603, 3, 72
2022.01892356, 50.2636884176876, 138.498791140006, 216.622131347656, 2009603, 3, 72
2022.01892394, 51.0293208381481, 138.382174178486, 11.4014272689819, 2009603, 3, 55
2022.01892394, 51.029397508164, 138.38216223489, 11.3216857910156, 2009603, 3, 55
2022.01892394, 51.0294742728658, 138.382150778731, 11.2843589782715, 2009603, 3, 55
2022.01892394, 51.0295574550572, 138.382138427167, 11.1994590759277, 2009603, 3, 59
2022.01892394, 51.029634235591, 138.382127076214, 11.1667394638062, 2009603, 3, 59
2022.01892394, 51.0297110239565, 138.382115756621, 11.0731792449951, 2009603, 3, 59
2022.01892394, 51.0298005968707, 138.38210258506, 11.010516166687, 2009603, 3, 59
2022.01892394, 51.0299605049797, 138.38207910066, 11.0013246536255, 2009603, 3, 59
2022.01892394, 51.0300564100202, 138.382065002259, 10.8797664642334, 2009603, 3, 58
2022.01892394, 51.0301458781571, 138.382051820861, 10.7634658813477, 2009603, 3, 58
2022.01892394, 51.0302225281258, 138.382040495142, 10.6786727905273, 2009603, 3, 58
2022.01892394, 51.0303055137929, 138.382028190843, 10.6466827392578, 2009603, 3, 55
2022.01892394, 51.030382094608, 138.382016782246, 10.6007061004639, 2009603, 3, 55
2022.01892394, 51.0304713648634, 138.382003420881, 10.6647243499756, 2009603, 3, 55
2022.01892394, 51.0305414601114, 138.381992873268, 10.8513193130493, 2009603, 3, 69
2022.01892394, 51.0306370358456, 138.381978685442, 11.2003402709961, 2009603, 3, 69
2022.01892394, 51.0307133457953, 138.381966741586, 11.3151226043701, 2009603, 3, 69
2022.01892394, 51.0307959645499, 138.381953746971, 11.1189460754395, 2009603, 3, 73
2022.01892394, 51.0308721993286, 138.381941704334, 10.8592185974121, 2009603, 3, 73
2022.01892394, 51.0309674006092, 138.381926623842, 10.6679267883301, 2009603, 3, 73
2022.01892395, 51.0310435481143, 138.381914527277, 10.6432495117188, 2009603, 3, 77
2022.01892395, 51.0311196079895, 138.381902443719, 10.7110214233398, 2009603, 3, 77
2022.01892395, 51.0311956555117, 138.381890353342, 11.0007190704346, 2009603, 3, 77
2022.01892395, 51.0312843474113, 138.381876260745, 11.1965398788452, 2009603, 3, 75
2022.01892395, 51.0316577777139, 138.381817341883, 11.5964231491089, 2009603, 3, 75
2022.01892395, 51.0318096393916, 138.381793691368, 11.2569942474365, 2009603, 3, 79
2022.01892395, 51.0319552012039, 138.381771170982, 10.7096586227417, 2009603, 3, 79
2022.01892395, 51.0320311304732, 138.381759863922, 10.6332159042358, 2009603, 3, 79
2022.01892395, 51.0321007503306, 138.381749533294, 10.5487766265869, 2009603, 3, 79
2022.01892395, 51.0324808570092, 138.381693386715, 10.0739850997925, 2009603, 3, 80
2022.01892395, 51.0325696560495, 138.381680241984, 10.06480884552, 2009603, 3, 83
2022.01892395, 51.0326521633816, 138.381667986428, 10.0974493026733, 2009603, 3, 83
2022.01892395, 51.0327347076413, 138.381655677338, 10.0757503509521, 2009603, 3, 83
2022.01892395, 51.0328109441954, 138.381644254548, 10.0752105712891, 2009603, 3, 87
2022.01892395, 51.0328935758158, 138.381631807132, 10.0565004348755, 2009603, 3, 87
2022.01892395, 51.0329698990702, 138.38162024085, 10.0455369949341, 2009603, 3, 87
2022.01892395, 51.0330462697727, 138.381608595795, 10.0187911987305, 2009603, 3, 94
2022.01892395, 51.033141673621, 138.381594322569, 9.98460674285889, 2009603, 3, 94
2022.01892395, 51.0332118170596, 138.381583209913, 9.96248722076416, 2009603, 3, 94
2022.01892395, 51.0332947427203, 138.381569997454, 9.98936557769775, 2009603, 3, 94
2022.01892395, 51.0333840828509, 138.381555684815, 9.95942974090576, 2009603, 3, 94
2022.01892395, 51.0334670875635, 138.381542322798, 9.98971939086914, 2009603, 3, 94
2022.01892395, 51.0335437033887, 138.381529954377, 10.0443897247314, 2009603, 3, 94
2022.01892395, 51.0336139659058, 138.381518584108, 10.0521574020386, 2009603, 3, 94
2022.01892395, 51.0336842242169, 138.381507203294, 10.0856609344482, 2009603, 3, 94
2022.01892395, 51.0337545025456, 138.381495810127, 10.090160369873, 2009603, 3, 96
2022.01892395, 51.0338375368963, 138.381482358935, 10.0925951004028, 2009603, 3, 96
2022.01892395, 51.0339141994866, 138.381469950914, 10.0936059951782, 2009603, 3, 96
2022.01892395, 51.0339972268497, 138.381456545475, 10.061128616333, 2009603, 3, 96
2022.01892395, 51.0340738650365, 138.381444206903, 10.1056451797485, 2009603, 3, 97
2022.01892395, 51.0341440949475, 138.38143294068, 10.1193342208862, 2009603, 3, 97
2022.01892395, 51.0342270743369, 138.38141968693, 10.1187372207642, 2009603, 3, 97
2022.01892395, 51.0343100424991, 138.381406502839, 10.1016330718994, 2009603, 3, 97
2022.01892395, 51.0344120890644, 138.381390401603, 10.1111726760864, 2009603, 3, 97
2022.01892395, 51.0345013639861, 138.381376385177, 10.142071723938, 2009603, 3, 97
2022.01892395, 51.0345777845299, 138.381364670835, 10.1495208740234, 2009603, 3, 97
2022.01892395, 51.0346732517065, 138.38135014161, 10.1417741775513, 2009603, 3, 97
2022.01892395, 51.0347496042431, 138.381338594271, 10.1369171142578, 2009603, 3, 97
2022.01892395, 51.0348259285586, 138.381327113435, 10.2270698547363, 2009603, 3, 97
2022.01892395, 51.0349149389593, 138.381313796811, 10.2491054534912, 2009603, 3, 97
2022.01892395, 51.0349912144206, 138.381302437787, 10.2840023040771, 2009603, 3, 97
2022.01892395, 51.0350801903571, 138.381289239215, 10.2590160369873, 2009603, 3, 96
2022.01892395, 51.0351627810378, 138.381277032464, 10.2363109588623, 2009603, 3, 96
2022.01892395, 51.0352580421433, 138.381262995347, 10.1955709457397, 2009603, 3, 96
2022.01892395, 51.0353532959115, 138.381248984835, 10.1968088150024, 2009603, 3, 98
2022.01892395, 51.035435839169, 138.381236854451, 10.1870527267456, 2009603, 3, 98
2022.01892395, 51.0355247254494, 138.381223791866, 10.0571260452271, 2009603, 3, 95
2022.01892395, 51.0356072370887, 138.381211661663, 10.0364513397217, 2009603, 3, 95
2022.01892395, 51.0356961024878, 138.381198559127, 10.0869655609131, 2009603, 3, 95
2022.01892395, 51.0357786272334, 138.381186387961, 10.0482873916626, 2009603, 3, 97
2022.01892395, 51.0358738559346, 138.38117229632, 9.98951625823975, 2009603, 3, 97
2022.01892395, 51.0359500392592, 138.381160981459, 10.0440435409546, 2009603, 3, 97
2022.01892395, 51.0360198805353, 138.381150569795, 10.0773601531982, 2009603, 3, 98
2022.01892395, 51.0361024238461, 138.381138211978, 10.1630115509033, 2009603, 3, 98
2022.01892395, 51.0361913307687, 138.381124831198, 10.1541585922241, 2009603, 3, 98
2022.01892395, 51.0362738827595, 138.38111234063, 10.149920463562, 2009603, 3, 98
2022.01892395, 51.0363754988948, 138.381096869892, 10.1615180969238, 2009603, 3, 98
2022.01892395, 51.0364644357905, 138.381083235996, 10.1026229858398, 2009603, 3, 98
2022.01892395, 51.0365660714516, 138.381067556605, 10.0835037231445, 2009603, 3, 98
2022.01892395, 51.0366423209693, 138.381055717609, 10.063551902771, 2009603, 3, 98
2022.01892395, 51.0367249171958, 138.381042827595, 10.0875577926636, 2009603, 3, 98
2022.01892395, 51.0368011724124, 138.381030864869, 10.074595451355, 2009603, 3, 98
2022.01892395, 51.03688377203, 138.381017848006, 10.066011428833, 2009603, 3, 98
2022.01892395, 51.0369726655172, 138.381003967035, 10.0839796066284, 2009603, 3, 98
2022.01892395, 51.0370617081967, 138.380989596488, 10.1069259643555, 2009603, 3, 97
2022.01892395, 51.037150764646, 138.38097517148, 10.0546655654907, 2009603, 3, 97
2022.01892395, 51.0372398038418, 138.38096072156, 10.0581617355347, 2009603, 3, 97
2022.01892395, 51.0373161096344, 138.380948327491, 10.0618305206299, 2009603, 3, 97
2022.01892395, 51.0373923987209, 138.380935938489, 10.140362739563, 2009603, 3, 97
2022.01892395, 51.0374750435546, 138.380922526999, 10.078592300415, 2009603, 3, 97
2022.01892395, 51.0375640080244, 138.38090812296, 10.1114902496338, 2009603, 3, 97
2022.01892395, 51.0376465795754, 138.380894798683, 10.0993757247925, 2009603, 3, 97
2022.01892395, 51.0377227904375, 138.380882542015, 10.1415309906006, 2009603, 3, 97
2022.01892395, 51.037798980665, 138.38087033906, 10.1660442352295, 2009603, 3, 97
2022.01892395, 51.0378751328773, 138.380858204162, 10.0616092681885, 2009603, 3, 97
2022.01892395, 51.0379575994863, 138.380845136599, 10.0187377929688, 2009603, 3, 97
2022.01892395, 51.0380337037659, 138.380833148763, 9.99590682983398, 2009603, 3, 97
2022.01892395, 51.0381161128602, 138.380820254194, 10.058521270752, 2009603, 3, 97
2022.01892395, 51.0381984931596, 138.380807454211, 10.0825853347778, 2009603, 3, 97
2022.01892395, 51.0382872700142, 138.380793629628, 10.0796213150024, 2009603, 3, 98
2022.01892395, 51.0383568081593, 138.380783204958, 10.0015811920166, 2009603, 3, 98
2022.01892395, 51.0384136850515, 138.38077472332, 9.99963760375977, 2009603, 3, 98
2022.01892395, 51.0384895113943, 138.380763470284, 10.0002775192261, 2009603, 3, 98
2022.01892395, 51.0385590347546, 138.380753194252, 9.97680377960205, 2009603, 3, 98
2022.01892395, 51.0386475126673, 138.380740170863, 10.0219039916992, 2009603, 3, 98
2022.01892395, 51.0387360141637, 138.380727185317, 10.1503324508667, 2009603, 3, 98
2022.01892395, 51.0388118980521, 138.380716071234, 10.1798028945923, 2009603, 3, 97
2022.01892395, 51.0388878196426, 138.380704957884, 10.1057271957397, 2009603, 3, 97
2022.01892395, 51.0389637721522, 138.380693839245, 10.1144189834595, 2009603, 3, 97
2022.01892395, 51.039046103956, 138.380681772187, 10.059515953064, 2009603, 3, 97
2022.01892395, 51.0391348134067, 138.38066874622, 10.068133354187, 2009603, 3, 97
2022.01892395, 51.0392109197186, 138.380657533741, 10.0794086456299, 2009603, 3, 97
2022.01892395, 51.0392997599375, 138.38064439949, 10.1438188552856, 2009603, 3, 97
2022.01892395, 51.0393950379291, 138.380630241401, 10.1059284210205, 2009603, 3, 97
2022.01892395, 51.0394776861338, 138.38061789209, 10.0265235900879, 2009603, 3, 97
2022.01892395, 51.0395603037014, 138.380605580361, 10.0467739105225, 2009603, 3, 96
2022.01892395, 51.0396433154845, 138.380592797736, 9.98326015472412, 2009603, 3, 96
2022.01892395, 51.0397263688271, 138.380579948586, 9.99843215942383, 2009603, 3, 96
2022.01892395, 51.0398030881997, 138.380568025648, 10.0174875259399, 2009603, 3, 97
2022.01892395, 51.0398798181272, 138.380556062916, 10.0459041595459, 2009603, 3, 97
2022.01892395, 51.0399629631001, 138.380543059955, 10.0174446105957, 2009603, 3, 97
2022.01892395, 51.0400461330225, 138.380530014999, 10.0023736953735, 2009603, 3, 97
2022.01892395, 51.0401292888085, 138.380516949156, 10.0503797531128, 2009603, 3, 97
2022.01892395, 51.0402188333079, 138.380502859237, 10.0456218719482, 2009603, 3, 97
2022.01892395, 51.0403083599921, 138.380488759523, 10.0979852676392, 2009603, 3, 96
2022.01892395, 51.0403914431184, 138.380475678423, 10.1507377624512, 2009603, 3, 96
2022.01892395, 51.0404745022321, 138.380462604607, 10.1296873092651, 2009603, 3, 96
2022.01892395, 51.0405511435593, 138.380450549447, 10.1609745025635, 2009603, 3, 97
2022.01892395, 51.0406341071639, 138.380437523403, 10.2458057403564, 2009603, 3, 97
2022.01892395, 51.0407234075474, 138.380423525768, 10.0819339752197, 2009603, 3, 97
2022.01892395, 51.040800135078, 138.380411374465, 10.1470127105713, 2009603, 3, 98
2022.01892395, 51.0408763126351, 138.380399652971, 10.1649436950684, 2009603, 3, 98
2022.01892395, 51.0409524673587, 138.380387955668, 10.1328887939453, 2009603, 3, 98
2022.01892395, 51.0410412489792, 138.380374353421, 10.1266622543335, 2009603, 3, 98
2022.01892395, 51.0411300090163, 138.380360777118, 10.056248664856, 2009603, 3, 98
2022.01892395, 51.0412187379816, 138.380347227927, 10.0635986328125, 2009603, 3, 98
2022.01892395, 51.0412947877155, 138.380335625651, 10.0860204696655, 2009603, 3, 97
2022.01892395, 51.0413835032212, 138.380322101623, 9.9747486114502, 2009603, 3, 97
2022.01892395, 51.0414659012086, 138.380309542213, 10.0336894989014, 2009603, 3, 97
2022.01892395, 51.04153563523, 138.380298912092, 10.0541524887085, 2009603, 3, 97
2022.01892395, 51.0416117331851, 138.380287306061, 10.2227077484131, 2009603, 3, 97
2022.01892395, 51.041687863343, 138.380275685971, 10.1577186584473, 2009603, 3, 97
2022.01892395, 51.04176403905, 138.380264044248, 10.0550813674927, 2009603, 3, 97
2022.01892395, 51.0418592931942, 138.380249470488, 10.0284128189087, 2009603, 3, 97
2022.01892395, 51.0419419076536, 138.3802368068, 10.0994434356689, 2009603, 3, 97
2022.01892395, 51.0420309334704, 138.380223134505, 10.1490650177002, 2009603, 3, 97
2022.01892395, 51.0421199553194, 138.380209462515, 10.062816619873, 2009603, 3, 97
2022.01892395, 51.0422094150207, 138.380195535717, 9.97100639343262, 2009603, 3, 97
2022.01892395, 51.0422669479732, 138.380186566642, 9.95448207855225, 2009603, 3, 97
2022.01892395, 51.0423244964033, 138.380177585709, 9.96098232269287, 2009603, 3, 97
2022.01892395, 51.0423948443165, 138.380166598033, 9.97473621368408, 2009603, 3, 97
2022.01892395, 51.0424715988808, 138.380154598209, 9.94949245452881, 2009603, 3, 97
2022.01892395, 51.0425547399699, 138.380141594498, 10.0110464096069, 2009603, 3, 96
2022.01892395, 51.0426378639723, 138.380128589998, 9.97024726867676, 2009603, 3, 96
2022.01892395, 51.0427209649971, 138.380115588861, 9.95219898223877, 2009603, 3, 96
2022.01892395, 51.0427976398936, 138.38010359745, 10.0073690414429, 2009603, 3, 98
2022.01892395, 51.0428806466285, 138.380090626142, 10.0227670669556, 2009603, 3, 98
2022.01892395, 51.0429636124326, 138.38007766997, 10.0202083587646, 2009603, 3, 98
2022.01892395, 51.0430464979774, 138.380064745813, 9.98750019073486, 2009603, 3, 98
2022.01892395, 51.0431038468465, 138.380055812087, 9.97980213165283, 2009603, 3, 98
2022.01892395, 51.0431802422436, 138.380043930655, 9.99845123291016, 2009603, 3, 98
2022.01892395, 51.0432502223628, 138.380033061876, 9.97898006439209, 2009603, 3, 98
2022.01892395, 51.0433331193019, 138.380020126036, 10.0024757385254, 2009603, 3, 98
2022.01892395, 51.0434216942736, 138.380006519342, 9.98843288421631, 2009603, 3, 98
2022.01892395, 51.0435038643594, 138.379993922468, 9.98546886444092, 2009603, 3, 98
2022.01892395, 51.0435922787054, 138.379980396267, 10.0075626373291, 2009603, 3, 98
2022.01892395, 51.0436680164504, 138.379968827788, 10.0175895690918, 2009603, 3, 98
2022.01892395, 51.0437563190857, 138.379955362908, 9.96475601196289, 2009603, 3, 98
2022.01892395, 51.0438445902056, 138.37994192098, 9.97506237030029, 2009603, 3, 98
2022.01892395, 51.0439391458707, 138.379927538129, 9.96653652191162, 2009603, 3, 98
2022.01892395, 51.044014798008, 138.379916037425, 9.95903587341309, 2009603, 3, 98
2022.01892395, 51.0440967489568, 138.379903589197, 9.96021938323975, 2009603, 3, 98
2022.01892395, 51.0441913314336, 138.379889227068, 9.95400047302246, 2009603, 3, 98
2022.01892395, 51.044285954489, 138.379874861202, 9.96571922302246, 2009603, 3, 98
2022.01892395, 51.0443743267733, 138.379861439827, 9.93878078460693, 2009603, 3, 98
2022.01892395, 51.0444501218558, 138.379849925038, 9.94297027587891, 2009603, 3, 98
2022.01892395, 51.0445386046044, 138.379836477793, 9.96348190307617, 2009603, 3, 99
2022.01892395, 51.0446206913641, 138.379824045419, 9.95669555664062, 2009603, 3, 99
2022.01892395, 51.0447032133269, 138.379811409696, 9.95867252349854, 2009603, 3, 99
2022.01892395, 51.0447985036044, 138.379796810349, 9.94994449615479, 2009603, 3, 97
2022.01892395, 51.0448875254523, 138.379783160962, 9.95509433746338, 2009603, 3, 97
2022.01892395, 51.0449829615278, 138.379768524909, 9.96896362304688, 2009603, 3, 97
2022.01892395, 51.0450657333578, 138.379755825496, 9.94968795776367, 2009603, 3, 98
2022.01892395, 51.0451485381473, 138.379743121409, 9.95129203796387, 2009603, 3, 98
2022.01892395, 51.0452441228448, 138.379728455603, 10.0104579925537, 2009603, 3, 98
2022.01892395, 51.0453333758719, 138.379714760449, 10.0052814483643, 2009603, 3, 98
2022.01892395, 51.045409885983, 138.379703024351, 10.0183382034302, 2009603, 3, 98
2022.01892395, 51.0454864003089, 138.379691292253, 10.0520162582397, 2009603, 3, 98
2022.01892395, 51.0455693036764, 138.379678581717, 10.0712966918945, 2009603, 3, 98
2022.01892395, 51.0456458376441, 138.379666848637, 10.0411176681519, 2009603, 3, 98
2022.01892395, 51.0457287354003, 138.379654146641, 10.0337553024292, 2009603, 3, 98
2022.01892395, 51.0458243617533, 138.379639501142, 10.079662322998, 2009603, 3, 97
2022.01892395, 51.0459009437214, 138.379627712878, 10.0515394210815, 2009603, 3, 97
2022.01892395, 51.0459709313494, 138.379617077561, 10.0209856033325, 2009603, 3, 97
2022.01892395, 51.0460409095774, 138.379606441478, 10.016731262207, 2009603, 3, 97
2022.01892395, 51.0461172270546, 138.379594840227, 9.98852062225342, 2009603, 3, 97
2022.01892395, 51.0461999064826, 138.379582259444, 9.99217224121094, 2009603, 3, 97
2022.01892395, 51.0462825617383, 138.379569671683, 10.0060405731201, 2009603, 3, 98
2022.01892395, 51.0463715736321, 138.379556095194, 10.0107593536377, 2009603, 3, 98
2022.01892395, 51.0464478766396, 138.379544435048, 9.97738933563232, 2009603, 3, 98
2022.01892395, 51.0465432356677, 138.379529837159, 9.98770713806152, 2009603, 3, 96
2022.01892395, 51.0466258917382, 138.379517152743, 9.99635791778564, 2009603, 3, 96
2022.01892395, 51.0467212732157, 138.379502476796, 9.98017597198486, 2009603, 3, 96
2022.01892395, 51.0468103060927, 138.379488739628, 9.9899320602417, 2009603, 3, 96
2022.01892395, 51.0468866393442, 138.379476928704, 9.95936393737793, 2009603, 3, 96
2022.01892395, 51.0469693364877, 138.379464103361, 9.95458126068115, 2009603, 3, 96
2022.01892395, 51.0470457012865, 138.379452226493, 9.98281002044678, 2009603, 3, 96
2022.01892395, 51.0471157094357, 138.379441314095, 9.96742725372314, 2009603, 3, 96
2022.01892395, 51.0471856886193, 138.379430441648, 9.97897815704346, 2009603, 3, 96
2022.01892395, 51.0472749300966, 138.379416342947, 10.0120410919189, 2009603, 3, 97
2022.01892395, 51.0473514422749, 138.379404232516, 9.98893928527832, 2009603, 3, 97
2022.01892395, 51.0474407214911, 138.379390084719, 9.98736667633057, 2009603, 3, 97
2022.01892395, 51.0475300124482, 138.379375924429, 10.0075492858887, 2009603, 3, 97
2022.01892395, 51.0476193122661, 138.379361761463, 9.98544883728027, 2009603, 3, 97
2022.01892395, 51.0477022424996, 138.379348613702, 9.9931526184082, 2009603, 3, 97
2022.01892395, 51.047791544185, 138.379334471496, 10.0013065338135, 2009603, 3, 96
2022.01892395, 51.0478744795684, 138.379321354225, 9.98662757873535, 2009603, 3, 96
2022.01892395, 51.0479382679579, 138.379311283564, 10.0001926422119, 2009603, 3, 96
2022.01892395, 51.0480148008723, 138.379299225317, 10.0164794921875, 2009603, 3, 95
2022.01892395, 51.0480849654775, 138.379288192554, 9.99910736083984, 2009603, 3, 95
2022.01892395, 51.0481678606288, 138.379275196689, 9.98729419708252, 2009603, 3, 95
2022.01892395, 51.0482507423395, 138.379262245451, 9.99090671539307, 2009603, 3, 95
2022.01892395, 51.0483272504882, 138.379250326741, 9.99436855316162, 2009603, 3, 95
2022.01892395, 51.0484101922128, 138.379237340557, 9.98284912109375, 2009603, 3, 95
2022.01892395, 51.048499311698, 138.379223676628, 9.9920482635498, 2009603, 3, 95
2022.01892395, 51.0485820545494, 138.379211038396, 9.99747848510742, 2009603, 3, 95
2022.01892395, 51.0486584077731, 138.379199417779, 10.001802444458, 2009603, 3, 95
2022.01892395, 51.048734761109, 138.37918782968, 10.020227432251, 2009603, 3, 95
2022.01892395, 51.0488238227469, 138.37917435357, 9.98713111877441, 2009603, 3, 95
2022.01892395, 51.048906521199, 138.379161872774, 9.98584747314453, 2009603, 3, 95
2022.01892395, 51.048995576057, 138.379148462511, 10.0207710266113, 2009603, 3, 95
2022.01892395, 51.0490782533656, 138.379136038312, 9.98282337188721, 2009603, 3, 92
2022.01892395, 51.0491609425474, 138.379123626476, 9.99747276306152, 2009603, 3, 92
2022.01892395, 51.0492563456706, 138.379109321499, 10.0210657119751, 2009603, 3, 90
2022.01892395, 51.04933268029, 138.379097879773, 10.0179624557495, 2009603, 3, 90
2022.01892395, 51.0494217327173, 138.379084534878, 9.99491691589355, 2009603, 3, 90
2022.01892395, 51.0495171463096, 138.379070231804, 10.1334838867188, 2009603, 3, 84
2022.01892395, 51.0495998526532, 138.379057822451, 10.1857089996338, 2009603, 3, 84
2022.01892395, 51.0496824621587, 138.379045470136, 10.1208429336548, 2009603, 3, 84
2022.01892395, 51.0497588898377, 138.379033930896, 10.1154184341431, 2009603, 3, 88
2022.01892395, 51.0498416981375, 138.379021407231, 10.2209424972534, 2009603, 3, 88
2022.01892395, 51.0499308581205, 138.379007903781, 10.2078046798706, 2009603, 3, 88
2022.0189235, 50.1136368596834, 138.522636316052, 252.921371459961, 2009603, 4, 69
2022.0189235, 50.1138917837266, 138.522596386416, 252.894760131836, 2009603, 4, 85
2022.0189235, 50.1142103679414, 138.522546788098, 252.171752929688, 2009603, 4, 85
2022.0189235, 50.1144586795247, 138.522508668105, 251.984283447266, 2009603, 4, 82
2022.01892357, 50.2638409373103, 138.500012712058, 216.803405761719, 2009603, 4, 76
2022.01892357, 50.2641459457143, 138.49996578232, 216.783630371094, 2009603, 4, 82
2022.01892396, 51.035018910908, 138.382572791528, 10.1069917678833, 2009603, 4, 92
2022.01892396, 51.0352988067312, 138.382528078633, 10.1071453094482, 2009603, 4, 94
2022.01892396, 51.0355468314355, 138.382488771295, 10.060152053833, 2009603, 4, 96
2022.01892396, 51.0358072108019, 138.382448251411, 10.1006898880005, 2009603, 4, 97
2022.01892396, 51.0361373573903, 138.382397487642, 10.2308225631714, 2009603, 4, 97
2022.01892396, 51.0364103904881, 138.382355885893, 10.2482671737671, 2009603, 4, 97
2022.01892396, 51.036696251227, 138.38231252249, 10.2127676010132, 2009603, 4, 97
2022.01892396, 51.03699509104, 138.382267240059, 10.0524454116821, 2009603, 4, 97
2022.01892396, 51.0372433164758, 138.382229548641, 10.052659034729, 2009603, 4, 97
2022.01892396, 51.0375426161667, 138.382183801198, 10.0183849334717, 2009603, 4, 97
2022.01892396, 51.0378101488744, 138.382142569277, 9.99722957611084, 2009603, 4, 97
2022.01892396, 51.038071346741, 138.382102173666, 10.1237382888794, 2009603, 4, 98
2022.01892396, 51.0383515151628, 138.382058005229, 10.0700645446777, 2009603, 4, 97
2022.01892396, 51.0386634176185, 138.382008907758, 10.0354442596436, 2009603, 4, 98
2022.01892396, 51.0389370327497, 138.381966221209, 10.0323753356934, 2009603, 4, 97
2022.01892396, 51.039229610508, 138.381921212888, 9.97128009796143, 2009603, 4, 98
2022.01892396, 51.0395220560149, 138.381877156949, 10.0603075027466, 2009603, 4, 96
2022.01892396, 51.0397572081593, 138.381842536183, 10.118501663208, 2009603, 4, 97
2022.01892396, 51.0400430420571, 138.381800633281, 10.0072288513184, 2009603, 4, 97
2022.01892396, 51.0403033198368, 138.38176233825, 10.0594081878662, 2009603, 4, 97
2022.01892396, 51.040569801943, 138.381722720741, 10.1653280258179, 2009603, 4, 97
2022.01892396, 51.0408551736161, 138.381679385486, 10.1008682250977, 2009603, 4, 98
2022.01892396, 51.0411087507111, 138.381640128003, 10.0946235656738, 2009603, 4, 98
2022.01892396, 51.0413749582811, 138.381598550581, 9.98439121246338, 2009603, 4, 97
2022.01892396, 51.0416538411282, 138.381554803633, 9.98120880126953, 2009603, 4, 97
2022.01892396, 51.0419201361832, 138.381512993309, 9.95594596862793, 2009603, 4, 98
2022.01892396, 51.0421483659318, 138.381477552428, 9.98550319671631, 2009603, 4, 97
2022.01892396, 51.0424338748055, 138.381433415924, 10.0061740875244, 2009603, 4, 97
2022.01892396, 51.0427832663825, 138.381379679715, 10.0099687576294, 2009603, 4, 97
2022.01892396, 51.0430886205973, 138.381332903517, 10.0032577514648, 2009603, 4, 97
2022.01892396, 51.0433880884204, 138.381287078889, 9.9950647354126, 2009603, 4, 98
2022.01892396, 51.043675102629, 138.381243167941, 10.0072116851807, 2009603, 4, 98
2022.01892396, 51.0439748084392, 138.38119737695, 9.98792552947998, 2009603, 4, 98
2022.01892396, 51.0442487702281, 138.381155559819, 9.94950103759766, 2009603, 4, 98
2022.01892396, 51.0445160640741, 138.381114776749, 9.96746063232422, 2009603, 4, 98
2022.01892396, 51.0448081331417, 138.381070293854, 9.9718770980835, 2009603, 4, 97
2022.01892396, 51.0450872885539, 138.381027692466, 10.0793447494507, 2009603, 4, 98
2022.01892396, 51.0453790599058, 138.380983014574, 10.0599908828735, 2009603, 4, 98
2022.01892396, 51.0456582278245, 138.380940088822, 9.99582576751709, 2009603, 4, 98
2022.01892396, 51.0459376926291, 138.380896856164, 10.0010538101196, 2009603, 4, 98
2022.01892396, 51.0462238052913, 138.380852398201, 9.9940013885498, 2009603, 4, 98
2022.01892396, 51.0465227762861, 138.380805920068, 9.96393966674805, 2009603, 4, 98
2022.01892396, 51.0468027170231, 138.380762452666, 9.95931529998779, 2009603, 4, 97
2022.01892396, 51.0470762955011, 138.38072007314, 10.0049896240234, 2009603, 4, 97
2022.01892396, 51.0473433644798, 138.380679038225, 9.95782279968262, 2009603, 4, 97
2022.01892396, 51.0475913431009, 138.380640883074, 9.96153831481934, 2009603, 4, 97
2022.01892396, 51.0478774665197, 138.380596692677, 9.98428535461426, 2009603, 4, 97
2022.01892396, 51.048157253062, 138.380553253033, 9.97166156768799, 2009603, 4, 97
2022.01892396, 51.0484307485357, 138.380510410387, 9.96673011779785, 2009603, 4, 97
2022.01892396, 51.0487361402874, 138.380462181105, 9.96033573150635, 2009603, 4, 96
2022.01892396, 51.0490160750944, 138.380418275669, 9.97049331665039, 2009603, 4, 96
2022.01892396, 51.0492768993397, 138.380377835423, 9.97536277770996, 2009603, 4, 96
2022.01892397, 51.049594934749, 138.380329228525, 9.93791389465332, 2009603, 4, 96
2022.01892397, 51.0498682699999, 138.380288800923, 9.968581199646, 2009603, 4, 97
2022.01892397, 51.0501416467937, 138.380248495492, 9.98129272460938, 2009603, 4, 97
2022.01892397, 51.0504024031793, 138.380209820338, 9.96228408813477, 2009603, 4, 96
2022.01892397, 51.0506823552592, 138.380167744751, 9.95866298675537, 2009603, 4, 96
2022.01892397, 51.0509561435415, 138.380125632285, 9.98963069915771, 2009603, 4, 96
2022.01892397, 51.0512301847601, 138.380082269254, 10.302393913269, 2009603, 4, 94
2022.01892397, 51.0515041016877, 138.38003878842, 10.1972665786743, 2009603, 4, 90
2022.01892397, 51.0517523837147, 138.379999585964, 10.2097282409668, 2009603, 4, 86
2022.01892397, 51.0520449371136, 138.3799539427, 10.4103202819824, 2009603, 4, 57
2022.01892397, 51.0677401383469, 138.377545539317, 10.0538311004639, 2009603, 4, 68
2022.01892397, 51.0679748123779, 138.377509007392, 9.97774314880371, 2009603, 4, 68
2022.01892354, 50.2250537755786, 138.550039060104, 226.89306640625, 2009603, 5, 52
2022.01892354, 50.2251239468398, 138.55002797427, 226.907608032227, 2009603, 5, 52
2022.01892354, 50.2252005054046, 138.550015938656, 226.88688659668, 2009603, 5, 52
2022.01892354, 50.2252706772578, 138.550004923329, 226.903442382812, 2009603, 5, 76
2022.01892354, 50.2253344612344, 138.549994928069, 226.855545043945, 2009603, 5, 76
2022.01892354, 50.225398243038, 138.549984986397, 226.88053894043, 2009603, 5, 76
2022.01892354, 50.2254683753681, 138.549974036596, 226.845916748047, 2009603, 5, 76
2022.01892396, 51.0715240556116, 138.421976198108, 10.2162580490112, 2009603, 5, 95
2022.01892396, 51.0715941109988, 138.421965335012, 10.1072731018066, 2009603, 5, 95
2022.01892396, 51.071664166966, 138.421954526367, 10.0906019210815, 2009603, 5, 95
2022.01892396, 51.0717278469721, 138.421944725341, 10.1121110916138, 2009603, 5, 95
2022.01892396, 51.0717914863865, 138.421934866296, 10.152512550354, 2009603, 5, 97
2022.01892396, 51.07184877288, 138.421926051234, 10.1209325790405, 2009603, 5, 97
2022.01892396, 51.0719251221612, 138.421914261073, 10.1073160171509, 2009603, 5, 97
2022.01892396, 51.0719887481634, 138.421904483338, 10.1182260513306, 2009603, 5, 97
2022.01892396, 51.0720523588554, 138.421894694112, 10.2025241851807, 2009603, 5, 98
2022.01892396, 51.0721032588762, 138.421886915212, 10.2703037261963, 2009603, 5, 98
2022.01892396, 51.0721668749295, 138.421877192702, 10.0345115661621, 2009603, 5, 98
2022.01892396, 51.0722431917506, 138.421865489446, 10.0012235641479, 2009603, 5, 98
2022.01892396, 51.0723068180978, 138.421855828893, 9.98366546630859, 2009603, 5, 98
2022.01892396, 51.0723704182591, 138.421846118232, 9.99703884124756, 2009603, 5, 98
2022.01892396, 51.0724340321275, 138.421836451926, 10.0360803604126, 2009603, 5, 98
2022.01892396, 51.0724976581074, 138.421826816001, 10.0072298049927, 2009603, 5, 98
2022.01892396, 51.0725675999493, 138.421815977384, 9.97742462158203, 2009603, 5, 97
2022.01892396, 51.0726248936971, 138.421807461609, 9.98595333099365, 2009603, 5, 97
2022.01892396, 51.0726885637879, 138.421798015686, 10.0114774703979, 2009603, 5, 97
2022.01892396, 51.0727522491737, 138.421788581988, 9.97750663757324, 2009603, 5, 98
2022.01892396, 51.0728159301696, 138.421779128709, 9.93957614898682, 2009603, 5, 98
2022.01892396, 51.0728732601509, 138.421770632372, 9.93761539459229, 2009603, 5, 98
2022.01892396, 51.0729433270052, 138.421760204552, 9.9362325668335, 2009603, 5, 98
2022.01892396, 51.0730070536573, 138.421750760465, 9.94006156921387, 2009603, 5, 98
2022.01892396, 51.0730771405879, 138.421740299573, 9.96803951263428, 2009603, 5, 99
2022.01892396, 51.0731408748421, 138.421730780761, 9.962327003479, 2009603, 5, 99
2022.01892396, 51.0732046284315, 138.421721261064, 9.98231410980225, 2009603, 5, 99
2022.01892396, 51.0732683682813, 138.421711665232, 9.97689056396484, 2009603, 5, 99
2022.01892396, 51.073332130296, 138.421702066173, 9.99867534637451, 2009603, 5, 99
2022.01892396, 51.0734022716231, 138.421691448366, 9.99696254730225, 2009603, 5, 99
2022.01892396, 51.0734788010955, 138.42167982743, 9.96875381469727, 2009603, 5, 99
2022.01892396, 51.0735489597089, 138.421669111656, 9.95552825927734, 2009603, 5, 99
2022.01892396, 51.0736191185388, 138.421658339387, 9.97319793701172, 2009603, 5, 99
2022.01892396, 51.0736829049737, 138.421648506826, 9.95402908325195, 2009603, 5, 99
2022.01892396, 51.0737467054877, 138.421638657811, 9.96541118621826, 2009603, 5, 99
2022.01892396, 51.0738168674877, 138.421627723289, 9.99036979675293, 2009603, 5, 98
2022.01892396, 51.0738869980387, 138.421616880641, 9.93292999267578, 2009603, 5, 98
2022.01892396, 51.073957212025, 138.421605612212, 9.97552394866943, 2009603, 5, 98
2022.01892396, 51.0740338014919, 138.421593273502, 9.9263916015625, 2009603, 5, 98
2022.01892396, 51.0741039971926, 138.421581935876, 9.96450042724609, 2009603, 5, 98
2022.01892396, 51.0741805546544, 138.421569523204, 9.95427322387695, 2009603, 5, 98
2022.01892396, 51.0742507214397, 138.421558144495, 9.94967079162598, 2009603, 5, 98
2022.01892396, 51.0743208615685, 138.421546749034, 9.93133735656738, 2009603, 5, 98
2022.01892396, 51.0743909767659, 138.421535343248, 9.94179058074951, 2009603, 5, 98
2022.01892396, 51.0744610819454, 138.421523984787, 9.96498107910156, 2009603, 5, 98
2022.01892396, 51.0745247814544, 138.421513658117, 9.95045185089111, 2009603, 5, 97
2022.01892396, 51.0745884507114, 138.421503326118, 9.95099258422852, 2009603, 5, 97
2022.01892396, 51.074658454552, 138.421491984696, 9.95231151580811, 2009603, 5, 97
2022.01892396, 51.0747093626396, 138.421483801118, 9.9829273223877, 2009603, 5, 97
2022.01892396, 51.0747793167181, 138.421472549033, 9.9730167388916, 2009603, 5, 97
2022.01892396, 51.0748365244477, 138.421463364046, 10.0022687911987, 2009603, 5, 97
2022.01892396, 51.0748937169775, 138.421454236045, 9.97219085693359, 2009603, 5, 97
2022.01892397, 51.0749699285022, 138.421442100165, 9.97432708740234, 2009603, 5, 97
2022.01892397, 51.0750397628628, 138.421431053689, 9.9780912399292, 2009603, 5, 98
2022.01892397, 51.0751097204101, 138.421419813436, 9.97897338867188, 2009603, 5, 98
2022.01892397, 51.0751667105541, 138.421411044224, 9.98093414306641, 2009603, 5, 98
2022.01892397, 51.0752363246627, 138.421400336125, 10.0224905014038, 2009603, 5, 98
2022.01892397, 51.0753059371545, 138.42138974434, 10.0077219009399, 2009603, 5, 98
2022.01892397, 51.0753691934013, 138.421380140845, 9.97303104400635, 2009603, 5, 98
2022.01892397, 51.0754387549058, 138.42136960041, 9.96870803833008, 2009603, 5, 98
2022.01892397, 51.0755019991998, 138.421360094939, 9.98768901824951, 2009603, 5, 97
2022.01892397, 51.0755715541542, 138.421349660131, 9.97645473480225, 2009603, 5, 97
2022.01892397, 51.0756284836823, 138.42134119871, 9.95217609405518, 2009603, 5, 97
2022.01892397, 51.0756917258605, 138.421331776161, 9.98812866210938, 2009603, 5, 97
2022.01892397, 51.0757549710335, 138.421322365797, 9.97127628326416, 2009603, 5, 97
2022.01892397, 51.0758182378356, 138.421313004149, 9.99836158752441, 2009603, 5, 97
2022.01892397, 51.0758815204281, 138.421303659339, 9.95270252227783, 2009603, 5, 97
2022.01892397, 51.0759448248344, 138.421294327447, 9.93934440612793, 2009603, 5, 97
2022.01892397, 51.076020815539, 138.421283144632, 9.95240306854248, 2009603, 5, 97
2022.01892397, 51.0760905065142, 138.421272893377, 9.94633483886719, 2009603, 5, 97
2022.01892397, 51.0761539012703, 138.421263605722, 9.93900012969971, 2009603, 5, 97
2022.01892397, 51.0762173032864, 138.421254257325, 9.94356822967529, 2009603, 5, 97
2022.01892397, 51.0762870931246, 138.421243995074, 9.96710395812988, 2009603, 5, 98
2022.01892397, 51.0763632608636, 138.421232754654, 9.94038486480713, 2009603, 5, 98
2022.01892397, 51.0764330601321, 138.421222488563, 9.96273803710938, 2009603, 5, 98
2022.01892397, 51.0765030994021, 138.421212067468, 9.93383502960205, 2009603, 5, 97
2022.01892397, 51.0765731897713, 138.42120166597, 9.92442321777344, 2009603, 5, 97
2022.01892397, 51.0766432929883, 138.421191200978, 9.91344165802002, 2009603, 5, 97
2022.01892397, 51.0767070639042, 138.421181706221, 9.92712211608887, 2009603, 5, 97
2022.01892397, 51.0767772183517, 138.421171199794, 9.93933868408203, 2009603, 5, 97
2022.01892397, 51.0768409921611, 138.421161572988, 9.95217227935791, 2009603, 5, 97
2022.01892397, 51.0769111704505, 138.421151004273, 9.96900463104248, 2009603, 5, 97
2022.01892397, 51.0769813609301, 138.421140411935, 9.94796371459961, 2009603, 5, 97
2022.01892397, 51.0770451521279, 138.421130696463, 9.96038246154785, 2009603, 5, 97
2022.01892397, 51.0771089592051, 138.42112100658, 9.96293449401855, 2009603, 5, 97
2022.01892397, 51.0771791431382, 138.421110319256, 9.96859359741211, 2009603, 5, 97
2022.01892397, 51.0772429226488, 138.421100534926, 10.0001831054688, 2009603, 5, 97
2022.01892397, 51.0773066971842, 138.421090747987, 9.99995613098145, 2009603, 5, 97
2022.01892397, 51.0773640765853, 138.421081896519, 9.94924831390381, 2009603, 5, 97
2022.01892397, 51.0774405573061, 138.421070054124, 10.0120878219604, 2009603, 5, 97
2022.01892397, 51.0775106568507, 138.421059223792, 9.9577808380127, 2009603, 5, 97
2022.01892397, 51.0775743519301, 138.421049326711, 9.93362808227539, 2009603, 5, 97
2022.01892397, 51.0776508928602, 138.421037506591, 9.957763671875, 2009603, 5, 97
2022.01892397, 51.077720790628, 138.421026509814, 9.94636058807373, 2009603, 5, 97
2022.01892397, 51.0777970014423, 138.421014466229, 9.95779609680176, 2009603, 5, 97
2022.01892397, 51.0778668332519, 138.42100341231, 9.97341918945312, 2009603, 5, 97
2022.01892397, 51.0779366307015, 138.420992333546, 9.94928646087646, 2009603, 5, 97
2022.01892397, 51.0780000799354, 138.420982296346, 9.94129276275635, 2009603, 5, 97
2022.01892397, 51.0780698380875, 138.420971213157, 9.94132518768311, 2009603, 5, 97
2022.01892397, 51.0781332574257, 138.420961192572, 9.92266464233398, 2009603, 5, 97
2022.01892397, 51.0781966527639, 138.42095114306, 9.91525077819824, 2009603, 5, 97
2022.01892397, 51.0782600456114, 138.420941119542, 9.92856025695801, 2009603, 5, 97
2022.01892397, 51.0783424360362, 138.420928088045, 9.93823719024658, 2009603, 5, 97
2022.01892397, 51.0784058231102, 138.42091811691, 9.93524551391602, 2009603, 5, 97
2022.01892397, 51.0784818715435, 138.420906132018, 9.97808742523193, 2009603, 5, 97
2022.01892397, 51.0785515874766, 138.420895186217, 9.98147296905518, 2009603, 5, 97
2022.01892397, 51.0786149868005, 138.420885295867, 9.92709445953369, 2009603, 5, 97
2022.01892397, 51.0786847177029, 138.420874401502, 9.93935203552246, 2009603, 5, 97
2022.01892397, 51.0787608054252, 138.420862567519, 9.96050357818604, 2009603, 5, 98
2022.01892397, 51.0788242339251, 138.420852751226, 9.93899154663086, 2009603, 5, 98
2022.01892397, 51.0788940120696, 138.420841959616, 9.99277687072754, 2009603, 5, 98
2022.01892397, 51.0789637745656, 138.42083100982, 10.000280380249, 2009603, 5, 98
2022.01892397, 51.0790399874028, 138.420819580998, 9.9260778427124, 2009603, 5, 97
2022.01892397, 51.0791098542539, 138.420809072326, 9.93284511566162, 2009603, 5, 97
2022.01892397, 51.0791734070683, 138.420799576469, 9.9388313293457, 2009603, 5, 97
2022.01892397, 51.0792433214896, 138.420789102703, 9.93340587615967, 2009603, 5, 97
2022.01892397, 51.0793132647948, 138.420778636218, 9.95223522186279, 2009603, 5, 96
2022.01892397, 51.079376857433, 138.420769085031, 9.97669696807861, 2009603, 5, 96
2022.01892397, 51.0794532083781, 138.420757651784, 9.91835975646973, 2009603, 5, 96
2022.01892397, 51.0795232125096, 138.42074712926, 9.93149089813232, 2009603, 5, 96
2022.01892397, 51.0795868754876, 138.420737551283, 9.92351245880127, 2009603, 5, 96
2022.01892397, 51.0796632854732, 138.42072601257, 9.89273166656494, 2009603, 5, 96
2022.01892397, 51.0797397136718, 138.420714416474, 9.96737766265869, 2009603, 5, 96
2022.01892397, 51.0798034293132, 138.420704742464, 9.93121910095215, 2009603, 5, 96
2022.01892397, 51.0798671551016, 138.42069503554, 9.91680717468262, 2009603, 5, 96
2022.01892397, 51.0799308892597, 138.420685276618, 9.85419940948486, 2009603, 5, 96
2022.01892397, 51.0800010181474, 138.420674528887, 9.91727161407471, 2009603, 5, 96
2022.01892397, 51.0800711397896, 138.420663693005, 9.92636680603027, 2009603, 5, 96
2022.01892397, 51.0801285360512, 138.420654841699, 9.95218563079834, 2009603, 5, 96
2022.01892397, 51.0801985957276, 138.420644339863, 9.93016338348389, 2009603, 5, 96
2022.01892397, 51.0802687933735, 138.4206330443, 9.94401836395264, 2009603, 5, 96
2022.01892397, 51.0803390105558, 138.420621761034, 9.93322849273682, 2009603, 5, 96
2022.01892397, 51.0804092049627, 138.420610412386, 9.90189743041992, 2009603, 5, 96
2022.01892397, 51.0804793919185, 138.42059906252, 9.89834880828857, 2009603, 5, 96
2022.01892397, 51.0805495724126, 138.420587731108, 9.92435741424561, 2009603, 5, 97
2022.01892397, 51.080619734705, 138.42057640885, 9.94166946411133, 2009603, 5, 97
2022.01892397, 51.0806834815619, 138.420566094486, 9.9124116897583, 2009603, 5, 97
2022.01892397, 51.0807472244249, 138.420555844572, 9.91062450408936, 2009603, 5, 97
2022.01892397, 51.0808045736703, 138.420546653156, 9.91084766387939, 2009603, 5, 96
2022.01892397, 51.0808682661745, 138.420536463778, 9.96445941925049, 2009603, 5, 96
2022.01892397, 51.0809382997521, 138.420525329007, 9.92649173736572, 2009603, 5, 96
2022.01892397, 51.0810082962299, 138.420514248058, 9.92674160003662, 2009603, 5, 96
2022.01892397, 51.0810782744811, 138.420503295334, 9.93681907653809, 2009603, 5, 96
2022.01892397, 51.0811481857554, 138.420492349836, 9.92435455322266, 2009603, 5, 97
2022.01892397, 51.0812244193202, 138.420480537034, 9.95143222808838, 2009603, 5, 97
2022.01892397, 51.0812942663313, 138.420469826605, 9.9597282409668, 2009603, 5, 98
2022.01892397, 51.0813640599553, 138.420459177524, 9.98428916931152, 2009603, 5, 98
2022.01892397, 51.0814274961361, 138.420449636869, 9.95787620544434, 2009603, 5, 98
2022.01892397, 51.0814910084243, 138.420439821274, 9.9047737121582, 2009603, 5, 98
2022.01892397, 51.0815605608097, 138.420429771709, 9.92201900482178, 2009603, 5, 98
2022.01892397, 51.0816301122721, 138.420419878538, 9.95169734954834, 2009603, 5, 98
2022.01892397, 51.081693300807, 138.420410912257, 9.93683528900146, 2009603, 5, 98
2022.01892397, 51.0817501626963, 138.420402909178, 9.94677639007568, 2009603, 5, 98
2022.01892397, 51.0818196424055, 138.420393164712, 9.96073150634766, 2009603, 5, 98
2022.01892397, 51.0818828001254, 138.420384352089, 9.94073009490967, 2009603, 5, 98
2022.01892397, 51.0819459464295, 138.420375547113, 9.95083236694336, 2009603, 5, 98
2022.01892397, 51.0820027824666, 138.420367658285, 9.94661331176758, 2009603, 5, 98
2022.01892397, 51.082065930319, 138.42035887304, 9.94978904724121, 2009603, 5, 98
2022.01892397, 51.0821290852984, 138.420350087351, 9.92234325408936, 2009603, 5, 98
2022.01892397, 51.0821985620396, 138.420340395627, 9.9354076385498, 2009603, 5, 98
2022.01892397, 51.0822680671211, 138.420330695302, 9.91389656066895, 2009603, 5, 98
2022.01892397, 51.0823439090078, 138.420320047648, 9.94246578216553, 2009603, 5, 98
2022.01892397, 51.0824134653282, 138.420310251854, 9.94590473175049, 2009603, 5, 98
2022.01892397, 51.0824830424464, 138.420300361073, 9.90788555145264, 2009603, 5, 98
2022.01892397, 51.0825400095404, 138.420292251951, 9.91267585754395, 2009603, 5, 98
2022.01892397, 51.0826033126401, 138.420283123809, 9.91039371490479, 2009603, 5, 98
2022.01892397, 51.0826666735606, 138.420273984739, 9.95928955078125, 2009603, 5, 98
2022.01892397, 51.0827362559476, 138.420264038078, 9.94574642181396, 2009603, 5, 98
2022.01892397, 51.0827997888245, 138.420254538852, 9.91964721679688, 2009603, 5, 97
2022.01892397, 51.0828569810379, 138.420245863207, 9.90545463562012, 2009603, 5, 97
2022.01892397, 51.0829269286867, 138.420235195636, 9.89613151550293, 2009603, 5, 97
2022.01892397, 51.0829969132316, 138.420224421834, 9.90639495849609, 2009603, 5, 97
2022.01892397, 51.0830669459018, 138.420213593161, 9.92698669433594, 2009603, 5, 96
2022.01892397, 51.0831433702337, 138.420201634331, 9.91995716094971, 2009603, 5, 96
2022.01892397, 51.083207103433, 138.420191637626, 9.93170261383057, 2009603, 5, 96
2022.01892397, 51.0832772105326, 138.420180502943, 9.97784805297852, 2009603, 5, 97
2022.01892397, 51.0833409874834, 138.420170367417, 9.92324638366699, 2009603, 5, 97
2022.01892397, 51.0834111513947, 138.420159125446, 9.95164203643799, 2009603, 5, 97
2022.01892397, 51.0834749565067, 138.420148865696, 9.99687671661377, 2009603, 5, 97
2022.01892397, 51.0835451400872, 138.420137480399, 9.99691963195801, 2009603, 5, 97
2022.01892397, 51.0836089731575, 138.420127139947, 9.9603214263916, 2009603, 5, 97
2022.01892397, 51.0836791896064, 138.420115714137, 9.96889019012451, 2009603, 5, 97
2022.01892397, 51.083749421533, 138.420104278494, 10.0361080169678, 2009603, 5, 97
2022.01892397, 51.0838132690693, 138.420093855119, 10.0143270492554, 2009603, 5, 97
2022.01892397, 51.0838771143243, 138.42008342182, 9.95637512207031, 2009603, 5, 97
2022.01892397, 51.0839473388985, 138.42007192513, 9.97047805786133, 2009603, 5, 97
2022.01892397, 51.0840239742848, 138.420059391351, 9.93313503265381, 2009603, 5, 98
2022.01892397, 51.0840877863594, 138.420048980795, 9.90905380249023, 2009603, 5, 98
2022.01892397, 51.0841579515018, 138.42003748439, 9.89147281646729, 2009603, 5, 98
2022.01892397, 51.0842217389342, 138.420027083746, 9.92894840240479, 2009603, 5, 98
2022.01892397, 51.0842919010834, 138.420015693496, 9.89896011352539, 2009603, 5, 97
2022.01892397, 51.0843747785089, 138.420002208127, 9.90218257904053, 2009603, 5, 97
2022.01892397, 51.0844512919298, 138.419989886216, 9.87630271911621, 2009603, 5, 97
2022.01892397, 51.0845213947179, 138.419978596677, 9.86786460876465, 2009603, 5, 97
2022.01892397, 51.0845851103637, 138.419968370308, 9.89756202697754, 2009603, 5, 97
2022.01892397, 51.0846552034633, 138.419957225823, 9.89140033721924, 2009603, 5, 97
2022.01892397, 51.0847252714823, 138.419946120923, 9.87393379211426, 2009603, 5, 97
2022.01892397, 51.084795328542, 138.419935081778, 9.93012619018555, 2009603, 5, 98
2022.01892397, 51.0848653750505, 138.419924113358, 9.92591953277588, 2009603, 5, 98
2022.01892397, 51.0849354045598, 138.419913208514, 10.0008277893066, 2009603, 5, 98
2022.01892397, 51.0850054148423, 138.419902343243, 9.9828929901123, 2009603, 5, 98
2022.01892397, 51.0850754189871, 138.419891561645, 9.98912715911865, 2009603, 5, 98
2022.01892397, 51.085139066614, 138.419881864912, 9.98939800262451, 2009603, 5, 98
2022.01892397, 51.0852090658428, 138.419871244881, 9.94774341583252, 2009603, 5, 98
2022.01892397, 51.0852728072522, 138.419861403765, 9.93685817718506, 2009603, 5, 98
2022.01892397, 51.0853427060741, 138.41985105589, 9.95641040802002, 2009603, 5, 98
2022.01892397, 51.0854125918813, 138.41984074334, 9.96052551269531, 2009603, 5, 98
2022.01892397, 51.0854761323184, 138.419831424242, 10.0399761199951, 2009603, 5, 98
2022.01892397, 51.0855396898683, 138.419822180655, 10.0294723510742, 2009603, 5, 98
2022.01892397, 51.0855968831657, 138.419813856645, 10.102855682373, 2009603, 5, 98
2022.01892397, 51.0856667904394, 138.419803686991, 10.1939458847046, 2009603, 5, 98
2022.01892397, 51.0857303697428, 138.419794504943, 10.2407369613647, 2009603, 5, 98
2022.01892397, 51.0858003042835, 138.419784380251, 10.2506418228149, 2009603, 5, 98
2022.01892397, 51.0858702533219, 138.419774246079, 10.2767400741577, 2009603, 5, 98
2022.01892397, 51.0859275068267, 138.419765979015, 10.1677513122559, 2009603, 5, 98
2022.01892397, 51.0859911380475, 138.419756792647, 10.1924686431885, 2009603, 5, 98
2022.01892397, 51.0860484197418, 138.419748503196, 10.2053165435791, 2009603, 5, 97
2022.01892397, 51.08610573946, 138.41974026335, 10.077335357666, 2009603, 5, 97
2022.01892397, 51.0861821381117, 138.419729114478, 10.1485538482666, 2009603, 5, 97
2022.01892397, 51.0862458384626, 138.419719837041, 10.1311798095703, 2009603, 5, 97
2022.01892397, 51.0863031970877, 138.419711494024, 10.0434665679932, 2009603, 5, 96
2022.01892397, 51.0863733060547, 138.419701215154, 10.0651588439941, 2009603, 5, 96
2022.01892397, 51.0864434200343, 138.419690861838, 10.0095729827881, 2009603, 5, 96
2022.01892397, 51.0865135657723, 138.419680486629, 10.0313138961792, 2009603, 5, 96
2022.01892397, 51.0865771659275, 138.419671182689, 10.0485639572144, 2009603, 5, 96
2022.01892397, 51.0866475493763, 138.419660582762, 10.008111000061, 2009603, 5, 96
2022.01892397, 51.0867179014293, 138.419649833643, 10.0015573501587, 2009603, 5, 96
2022.01892397, 51.0867754955125, 138.419641098653, 9.91838264465332, 2009603, 5, 96
2022.01892397, 51.0868394387626, 138.419631249414, 10.0142669677734, 2009603, 5, 96
2022.01892397, 51.0869033868223, 138.419621423693, 10.0667142868042, 2009603, 5, 96
2022.01892397, 51.086980079458, 138.419609545137, 10.0778732299805, 2009603, 5, 96
2022.01892397, 51.0870439931261, 138.419599707452, 10.0446691513062, 2009603, 5, 94
2022.01892397, 51.0871142246961, 138.41958877704, 10.0651359558105, 2009603, 5, 94
2022.01892397, 51.0871780512952, 138.419578871884, 9.99057769775391, 2009603, 5, 94
2022.01892397, 51.0872481822559, 138.419567892154, 10.134238243103, 2009603, 5, 94
2022.01892397, 51.0873246457806, 138.419555976723, 10.0894203186035, 2009603, 5, 94
2022.01892397, 51.0874010213874, 138.419544021551, 10.0163564682007, 2009603, 5, 94
2022.01892397, 51.0874773211508, 138.41953209241, 9.93398189544678, 2009603, 5, 94
2022.01892397, 51.087553538134, 138.419520192985, 9.93744945526123, 2009603, 5, 93
2022.01892397, 51.0876423296156, 138.419506290746, 9.95936870574951, 2009603, 5, 93
2022.01892397, 51.0877120153213, 138.419495421002, 9.92227268218994, 2009603, 5, 90
2022.01892397, 51.0877816128049, 138.419484549085, 9.96594715118408, 2009603, 5, 88
2022.01892397, 51.0878576341683, 138.419472633187, 9.95198345184326, 2009603, 5, 88
2022.01892397, 51.0879268581476, 138.419461949543, 9.9495267868042, 2009603, 5, 88
2022.01892397, 51.0879897112794, 138.419452213519, 9.9488525390625, 2009603, 5, 88
2022.01892397, 51.0880525272226, 138.419442536466, 10.0443449020386, 2009603, 5, 84
2022.01892397, 51.0881153051846, 138.419432901228, 10.0192642211914, 2009603, 5, 84
2022.01892397, 51.0881905575906, 138.419421290907, 10.0856332778931, 2009603, 5, 84
2022.01892397, 51.088259534952, 138.419410761181, 10.0248117446899, 2009603, 5, 81
2022.01892397, 51.08832847168, 138.419400219278, 9.99742412567139, 2009603, 5, 81
2022.01892397, 51.0883974061628, 138.419389735197, 10.0288410186768, 2009603, 5, 81
2022.01892397, 51.0884538066308, 138.419381183943, 9.93891716003418, 2009603, 5, 81
2022.01892397, 51.088528998856, 138.419369775512, 9.95744323730469, 2009603, 5, 81
2022.01892397, 51.0885979265528, 138.41935931215, 9.9887580871582, 2009603, 5, 81
2022.01892397, 51.0886668956511, 138.419348910539, 9.94529056549072, 2009603, 5, 81
2022.01892397, 51.0887296214465, 138.419339469752, 9.96021747589111, 2009603, 5, 81
2022.01892397, 51.0887923912905, 138.419330074902, 9.89697456359863, 2009603, 5, 78
2022.01892397, 51.0888551827403, 138.419320641386, 10.006742477417, 2009603, 5, 78
2022.01892397, 51.0889180105887, 138.419311191801, 9.98872089385986, 2009603, 5, 78
2022.01892397, 51.0889746056167, 138.419302721906, 9.9714822769165, 2009603, 5, 78
2022.01892397, 51.0890438483114, 138.419292398623, 9.90995121002197, 2009603, 5, 72
2022.01892397, 51.0891130399508, 138.419282019969, 9.94331836700439, 2009603, 5, 72
2022.01892397, 51.0891825526996, 138.419271720483, 9.97448348999023, 2009603, 5, 72
2022.01892398, 51.0982940574412, 138.417876050757, 11.0461549758911, 2009603, 5, 66
2022.01892398, 51.0983577368764, 138.41786593721, 10.7668266296387, 2009603, 5, 66
2022.01892398, 51.0984978000131, 138.417843506093, 10.4946689605713, 2009603, 5, 66
2022.01892398, 51.0985614929494, 138.417833366703, 10.4337882995605, 2009603, 5, 74
2022.01892398, 51.0986379381776, 138.417821214863, 10.4305419921875, 2009603, 5, 74
2022.01892398, 51.0987016362132, 138.417811070453, 10.5455694198608, 2009603, 5, 74
2022.01892398, 51.0987653207446, 138.41780089729, 10.7296171188354, 2009603, 5, 80
2022.01892398, 51.0988354320419, 138.417789864671, 10.9333820343018, 2009603, 5, 80
2022.01892398, 51.098905498787, 138.417778731094, 11.1225738525391, 2009603, 5, 80
2022.01892398, 51.0989692357332, 138.417768743412, 11.3202819824219, 2009603, 5, 80
2022.01892398, 51.0991030686137, 138.417747802737, 11.7133550643921, 2009603, 5, 81
2022.01892398, 51.0991668011228, 138.417737891608, 11.9604539871216, 2009603, 5, 81
2022.01892398, 51.099230554276, 138.417728079846, 12.1071872711182, 2009603, 5, 81
2022.01892398, 51.0992942234, 138.417718094603, 12.1147985458374, 2009603, 5, 91
2022.01892398, 51.0993516934865, 138.417709577897, 11.9634799957275, 2009603, 5, 91
2022.01892398, 51.0994792706702, 138.417690469663, 11.5395345687866, 2009603, 5, 91
2022.01892398, 51.099543071827, 138.417681030325, 11.3345193862915, 2009603, 5, 95
2022.01892398, 51.0997917592136, 138.417644515103, 9.90238761901855, 2009603, 5, 96
2022.01892398, 51.0998554747644, 138.417635195855, 9.90132617950439, 2009603, 5, 96
2022.01892398, 51.0999255096921, 138.417624887877, 9.93581485748291, 2009603, 5, 96
2022.01892398, 51.099989167707, 138.417615567553, 9.87880516052246, 2009603, 5, 96
2022.01892398, 51.1000655133713, 138.4176043735, 9.88895225524902, 2009603, 5, 95
2022.01892398, 51.1001354522526, 138.417594083639, 9.90642166137695, 2009603, 5, 95
2022.01892398, 51.1002053572609, 138.417583790556, 9.91074275970459, 2009603, 5, 95
2022.01892398, 51.1002752218284, 138.417573485788, 9.89672088623047, 2009603, 5, 96
2022.01892398, 51.1003387144428, 138.417564130057, 9.95007133483887, 2009603, 5, 96
2022.01892398, 51.1004148393436, 138.417552817573, 9.94331073760986, 2009603, 5, 96
2022.01892398, 51.1004845973052, 138.417542473993, 9.93531608581543, 2009603, 5, 96
2022.01892398, 51.1005544098804, 138.417532229016, 9.92125988006592, 2009603, 5, 96
2022.01892398, 51.1006176521384, 138.417522578989, 9.90491104125977, 2009603, 5, 96
2022.01892398, 51.1006808765668, 138.417512936829, 9.91580009460449, 2009603, 5, 96
2022.01892398, 51.1007440850885, 138.417503286919, 9.97081184387207, 2009603, 5, 96
2022.01892398, 51.1008072664936, 138.417493602915, 9.97117042541504, 2009603, 5, 96
2022.01892398, 51.1008704204303, 138.417483870867, 9.92931842803955, 2009603, 5, 96
2022.01892398, 51.1009398789804, 138.417473168797, 9.93896961212158, 2009603, 5, 96
2022.01892398, 51.101009334899, 138.41746246753, 9.91406345367432, 2009603, 5, 95
2022.01892398, 51.1010724473825, 138.417452667651, 9.88906574249268, 2009603, 5, 95
2022.01892398, 51.1011292709868, 138.417443908647, 9.93703460693359, 2009603, 5, 95
2022.01892398, 51.1011986944236, 138.417433113235, 9.94137191772461, 2009603, 5, 95
2022.01892398, 51.1012681373315, 138.417422345822, 9.93288993835449, 2009603, 5, 96
2022.01892398, 51.1013502073361, 138.41740958985, 9.96522521972656, 2009603, 5, 96
2022.01892398, 51.1014259809817, 138.417397802988, 9.94270324707031, 2009603, 5, 96
2022.01892398, 51.1015017903943, 138.417386050105, 9.94033050537109, 2009603, 5, 95
2022.01892398, 51.1015712922458, 138.417375242088, 9.9503345489502, 2009603, 5, 95
2022.01892398, 51.1016408356316, 138.417364473885, 9.9316873550415, 2009603, 5, 95
2022.01892398, 51.1017104048724, 138.417353696149, 9.92092323303223, 2009603, 5, 95
2022.01892398, 51.1017673646143, 138.417344930973, 9.89892196655273, 2009603, 5, 95
2022.01892398, 51.1018369743929, 138.417334096801, 9.92990875244141, 2009603, 5, 95
2022.01892398, 51.1019066639218, 138.417323409036, 9.92837524414062, 2009603, 5, 95
2022.01892398, 51.1019700730443, 138.417313759047, 9.94030857086182, 2009603, 5, 95
2022.01892398, 51.1020398460153, 138.41730310457, 9.96043109893799, 2009603, 5, 77
2022.01892398, 51.1021033196012, 138.417293442614, 9.9443302154541, 2009603, 5, 77
2022.01892398, 51.1021668343223, 138.417283810717, 9.96922874450684, 2009603, 5, 77
2022.01892398, 51.1022430899213, 138.417272225408, 9.97290229797363, 2009603, 5, 77
2022.01892398, 51.1046212197747, 138.416906859997, 9.90461540222168, 2009603, 5, 72
2022.01892398, 51.1046781618728, 138.416898071901, 9.96593284606934, 2009603, 5, 72
2022.01892398, 51.1047540660054, 138.416886350929, 9.97636127471924, 2009603, 5, 89
2022.01892398, 51.1048173304706, 138.416876623985, 9.95697402954102, 2009603, 5, 89
2022.01892398, 51.1048805758337, 138.416866847861, 9.93427085876465, 2009603, 5, 89
2022.01892398, 51.1049438361606, 138.416857100979, 9.91113567352295, 2009603, 5, 89
2022.01892397, 51.0727572025757, 138.423044716766, 10.1730756759644, 2009603, 6, 97
2022.01892397, 51.0730127106431, 138.423006670366, 9.94215869903564, 2009603, 6, 98
2022.01892398, 51.0732618666006, 138.422969426223, 9.9355583190918, 2009603, 6, 98
2022.01892398, 51.0735236489236, 138.422929950202, 9.99417686462402, 2009603, 6, 97
2022.01892398, 51.0737978284781, 138.422888118713, 10.0058841705322, 2009603, 6, 98
2022.01892398, 51.0740586124597, 138.422847483033, 10.0060977935791, 2009603, 6, 98
2022.01892398, 51.0743825391664, 138.422796678535, 9.96912288665771, 2009603, 6, 98
2022.01892398, 51.0746870934493, 138.422748826468, 9.94787693023682, 2009603, 6, 98
2022.01892398, 51.0749851699742, 138.422702117618, 9.95837020874023, 2009603, 6, 98
2022.01892398, 51.0752389222897, 138.422662991842, 9.97471904754639, 2009603, 6, 98
2022.01892398, 51.0755245036349, 138.422619238533, 9.95555305480957, 2009603, 6, 97
2022.01892398, 51.0758039084775, 138.422576678197, 9.93876552581787, 2009603, 6, 97
2022.01892398, 51.0760644373983, 138.422537095797, 9.94973468780518, 2009603, 6, 97
2022.01892398, 51.0763314890954, 138.422496610339, 9.93884754180908, 2009603, 6, 97
2022.01892398, 51.0765924494119, 138.422456814523, 9.93086338043213, 2009603, 6, 98
2022.01892398, 51.0768534238627, 138.422417101767, 9.96150398254395, 2009603, 6, 97
2022.01892398, 51.0771079735778, 138.422378440531, 9.99063587188721, 2009603, 6, 97
2022.01892398, 51.0773878491278, 138.422336050356, 9.93026733398438, 2009603, 6, 98
2022.01892398, 51.0776738336367, 138.422292917951, 9.93341636657715, 2009603, 6, 98
2022.01892398, 51.0779722381483, 138.422248132913, 9.91641139984131, 2009603, 6, 97
2022.01892398, 51.0782390373707, 138.422207843192, 9.91345691680908, 2009603, 6, 97
2022.01892398, 51.0784870058385, 138.422170114592, 9.94979572296143, 2009603, 6, 97
2022.01892398, 51.0787352534078, 138.422132069167, 9.93140125274658, 2009603, 6, 98
2022.01892398, 51.0789967181192, 138.422091393375, 9.91535949707031, 2009603, 6, 97
2022.01892398, 51.0792776868447, 138.422047306366, 9.91212844848633, 2009603, 6, 98
2022.01892398, 51.079565047623, 138.422002221297, 9.91043758392334, 2009603, 6, 97
2022.01892398, 51.0798521864992, 138.421957415076, 9.90345573425293, 2009603, 6, 97
2022.01892398, 51.0801452615409, 138.421912165486, 9.91138076782227, 2009603, 6, 97
2022.01892398, 51.0804059222397, 138.421872681083, 9.92850112915039, 2009603, 6, 96
2022.01892398, 51.0806788361724, 138.421831519281, 9.91777896881104, 2009603, 6, 96
2022.01892398, 51.080945015538, 138.421791335858, 9.9477424621582, 2009603, 6, 96
2022.01892398, 51.0812172571803, 138.421750011747, 9.90376567840576, 2009603, 6, 97
2022.01892398, 51.0814892827971, 138.421708243025, 9.92520332336426, 2009603, 6, 97
2022.01892398, 51.081748556513, 138.421667946714, 9.9549388885498, 2009603, 6, 96
2022.01892398, 51.0820588945753, 138.421619532619, 9.93351268768311, 2009603, 6, 97
2022.01892398, 51.0823254842702, 138.421578020859, 9.89681243896484, 2009603, 6, 97
2022.01892398, 51.0825796801432, 138.421538627596, 9.92177867889404, 2009603, 6, 97
2022.01892398, 51.0828481317183, 138.421497424867, 9.95934200286865, 2009603, 6, 97
2022.01892398, 51.0831486848757, 138.421451822728, 9.89052581787109, 2009603, 6, 97
2022.01892398, 51.0834360830831, 138.421408727636, 9.95388603210449, 2009603, 6, 98
2022.01892398, 51.0836909362704, 138.421370819528, 10.0804433822632, 2009603, 6, 98
2022.01892398, 51.083945066188, 138.421333261372, 10.0294008255005, 2009603, 6, 98
2022.01892398, 51.0841975784562, 138.421296340376, 9.91757774353027, 2009603, 6, 98
2022.01892398, 51.0844940490585, 138.421252632036, 9.88132858276367, 2009603, 6, 98
2022.01892398, 51.0847782826364, 138.42121002915, 9.9219388961792, 2009603, 6, 97
2022.01892398, 51.0850506905732, 138.421168350569, 9.92159843444824, 2009603, 6, 98
2022.01892398, 51.0853053401529, 138.421128457342, 9.89373779296875, 2009603, 6, 98
2022.01892398, 51.0856125683335, 138.421079260846, 9.93809700012207, 2009603, 6, 98
2022.01892398, 51.085945885264, 138.42102551933, 10.0069990158081, 2009603, 6, 98
2022.01892398, 51.0862469041025, 138.420977309975, 10.0587100982666, 2009603, 6, 96
2022.01892398, 51.0865343309023, 138.420931910976, 10.0983982086182, 2009603, 6, 97
2022.01892398, 51.0868457671199, 138.42088390102, 10.151312828064, 2009603, 6, 97
2022.01892398, 51.0871373874548, 138.420839707507, 10.0494918823242, 2009603, 6, 98
2022.01892398, 51.0873842650938, 138.420802685808, 10.003625869751, 2009603, 6, 98
2022.01892398, 51.0876752309506, 138.420759399038, 9.95312023162842, 2009603, 6, 96
2022.01892398, 51.0879474340501, 138.420719063529, 9.93400096893311, 2009603, 6, 94
2022.01892398, 51.0882198552146, 138.420678576165, 9.91430854797363, 2009603, 6, 93
2022.01892398, 51.0885243209125, 138.420632987561, 9.9447774887085, 2009603, 6, 91
2022.01892398, 51.0888482942299, 138.420583930913, 9.94031524658203, 2009603, 6, 88
2022.01892398, 51.0891346005413, 138.420539975437, 9.91951847076416, 2009603, 6, 82
2022.01892398, 51.0894276285059, 138.420494393717, 9.99055576324463, 2009603, 6, 78
2022.01892398, 51.0897015127897, 138.420451858231, 9.96322345733643, 2009603, 6, 70
2022.01892399, 51.0990466095052, 138.419020075613, 10.2023887634277, 2009603, 6, 74
2022.01892399, 51.0993207424845, 138.418977842727, 10.7843351364136, 2009603, 6, 83
2022.01892399, 51.09960176824, 138.418935077274, 11.2549600601196, 2009603, 6, 89
2022.01892399, 51.1001570898815, 138.418850763642, 9.91977310180664, 2009603, 6, 96
2022.01892399, 51.1003865632861, 138.418815760149, 9.88408756256104, 2009603, 6, 96
2022.01892399, 51.10066595394, 138.41877204261, 9.96832942962646, 2009603, 6, 95
2022.01892399, 51.1009512285301, 138.418727295155, 9.94198226928711, 2009603, 6, 97
2022.01892399, 51.1012235790929, 138.418684610808, 9.9306755065918, 2009603, 6, 95
2022.01892399, 51.1014642031072, 138.418647153184, 9.92195796966553, 2009603, 6, 97
2022.01892399, 51.1017238744685, 138.418607035116, 9.95363903045654, 2009603, 6, 95
2022.01892399, 51.1019649757858, 138.418570506295, 9.93599605560303, 2009603, 6, 96
2022.01892399, 51.102237921394, 138.418529498252, 9.9385929107666, 2009603, 6, 97
2022.01892399, 51.1025299804923, 138.418485891444, 9.95370960235596, 2009603, 6, 92
2022.01892399, 51.1028347522244, 138.418440454348, 9.96169757843018, 2009603, 6, 61
2022.01892399, 51.1049392611114, 138.418120590248, 9.95913696289062, 2009603, 6, 73
2022.01892399, 51.1051942686292, 138.418081384737, 9.97459888458252, 2009603, 6, 89
2022.01892399, 51.1054809821017, 138.418037306622, 9.99962615966797, 2009603, 6, 54
