2019.38043581, 43.9986911774414, 126.626951477678, 214.751159667969, 1362011, 1, 79
2019.3804408, 54.0101298855414, 125.140817507015, 337.627868652344, 2009603, 1, 86
2019.3804408, 54.0102373700565, 125.140798607721, 337.629821777344, 2009603, 1, 86
2019.38044081, 54.0096493862553, 125.142227674276, 337.609954833984, 2009603, 2, 69
2019.38044081, 54.0099350688622, 125.142177151106, 337.602569580078, 2009603, 2, 82
2019.38043688, 46.1457681991723, 126.376565736169, 116.917999267578, 2009593, 3, 51
2019.38044074, 53.904764168191, 125.207781103752, 324.8330078125, 2009603, 3, 92
2019.38044074, 53.9047961550242, 125.207775719753, 324.807250976562, 2009603, 3, 92
2019.38044074, 53.9048217637219, 125.20777140844, 324.804962158203, 2009603, 3, 92
2019.38044074, 53.9048473988752, 125.207767087815, 324.818664550781, 2009603, 3, 92
2019.38044074, 53.9048794388324, 125.207761698694, 324.799743652344, 2009603, 3, 92
2019.38044074, 53.9049051016522, 125.207757374929, 324.802307128906, 2009603, 3, 92
2019.38044074, 53.9049307678564, 125.207753055383, 324.808319091797, 2009603, 3, 92
2019.38044074, 53.9049564452013, 125.207748734347, 324.820373535156, 2009603, 3, 95
2019.38044074, 53.9049821310194, 125.207744412464, 324.837463378906, 2009603, 3, 95
2019.38044074, 53.905007827455, 125.20774009031, 324.827697753906, 2009603, 3, 95
2019.38044074, 53.905033536782, 125.207735764286, 324.811187744141, 2009603, 3, 95
2019.38044074, 53.9050592529327, 125.207731438381, 324.822143554688, 2009603, 3, 95
2019.38044074, 53.9050849848006, 125.207727106782, 324.816162109375, 2009603, 3, 95
2019.38044074, 53.9051107239513, 125.207722774084, 324.840728759766, 2009603, 3, 95
2019.38044074, 53.9051364679543, 125.207718442195, 324.821014404297, 2009603, 3, 95
2019.38044074, 53.9051686453726, 125.207713032733, 324.823455810547, 2009603, 3, 95
2019.38044074, 53.9051944113836, 125.207708691809, 324.815643310547, 2009603, 3, 95
2019.38044074, 53.9052266054686, 125.207703278825, 324.815826416016, 2009603, 3, 95
2019.38044074, 53.9052523756782, 125.207698940754, 324.829437255859, 2009603, 3, 95
2019.38044074, 53.9052845846782, 125.207693522903, 324.815704345703, 2009603, 3, 95
2019.38044074, 53.905316804281, 125.207688099706, 324.865814208984, 2009603, 3, 95
2019.38044074, 53.9053490279036, 125.207682675094, 324.8681640625, 2009603, 3, 95
2019.38044074, 53.905381250297, 125.207677251331, 324.851043701172, 2009603, 3, 95
2019.38044074, 53.9054134710264, 125.207671827354, 324.867156982422, 2009603, 3, 95
2019.38044074, 53.9054456932631, 125.207666402523, 324.891387939453, 2009603, 3, 95
2019.38044074, 53.9054779315676, 125.20766096553, 324.897094726562, 2009603, 3, 95
2019.38044077, 53.9547550414708, 125.199462512188, 331.147399902344, 2009603, 3, 91
2019.38044077, 53.9547802206238, 125.199458274018, 331.171447753906, 2009603, 3, 91
2019.38044077, 53.9548116937755, 125.19945297845, 331.154357910156, 2009603, 3, 91
2019.38044077, 53.954836884242, 125.1994487355, 331.158843994141, 2009603, 3, 91
2019.38044077, 53.9548683537204, 125.199443445032, 331.153198242188, 2009603, 3, 91
2019.38044077, 53.9548935509374, 125.199439201658, 331.151092529297, 2009603, 3, 91
2019.38044077, 53.9549250381402, 125.199433906085, 331.180999755859, 2009603, 3, 91
2019.38044077, 53.9549817180239, 125.199424381826, 331.242553710938, 2009603, 3, 91
2019.38044077, 53.96602694737, 125.197576664287, 332.073486328125, 2009603, 3, 88
2019.38044077, 53.9660966364278, 125.197565074318, 332.093811035156, 2009603, 3, 88
2019.38044077, 53.9661536479234, 125.197555611315, 332.081970214844, 2009603, 3, 88
2019.38044077, 53.9662169780355, 125.197545122564, 332.110015869141, 2009603, 3, 88
2019.38044077, 53.9662929769323, 125.197532554531, 332.108245849609, 2009603, 3, 68
2019.38044077, 53.9663689747712, 125.197520010484, 332.087799072266, 2009603, 3, 68
2019.38044077, 53.9664322980614, 125.197509579314, 332.106597900391, 2009603, 3, 68
2019.38044078, 53.9664892949975, 125.197500198904, 332.105041503906, 2009603, 3, 68
2019.38044078, 53.9757525125448, 125.195956367173, 333.050659179688, 2009603, 3, 54
2019.38044078, 53.9757968247654, 125.195948972877, 333.060607910156, 2009603, 3, 54
2019.38044078, 53.9758347992846, 125.195942377033, 333.040557861328, 2009603, 3, 54
2019.38044078, 53.9758727770161, 125.195936206562, 333.035675048828, 2009603, 3, 54
2019.38044078, 53.9759107312527, 125.195930062489, 333.029266357422, 2009603, 3, 54
2019.38044078, 53.97594869809, 125.195923919188, 333.056304931641, 2009603, 3, 54
2019.38044078, 53.9759929763197, 125.195916775802, 333.059967041016, 2009603, 3, 54
2019.38044078, 53.9760372503365, 125.195909646263, 333.066619873047, 2009603, 3, 91
2019.38044078, 53.9760815126524, 125.19590253375, 333.038146972656, 2009603, 3, 91
2019.38044078, 53.9761194517734, 125.195896443239, 333.05810546875, 2009603, 3, 91
2019.38044078, 53.9761573828791, 125.195890361999, 333.069641113281, 2009603, 3, 91
2019.38044078, 53.9762016313601, 125.195883276117, 333.060455322266, 2009603, 3, 91
2019.38044078, 53.976239563814, 125.195877202049, 333.063903808594, 2009603, 3, 91
2019.38044078, 53.9762838111691, 125.195870121632, 333.107086181641, 2009603, 3, 92
2019.38044078, 53.9763407066532, 125.195861015205, 333.072937011719, 2009603, 3, 92
2019.38044078, 53.9763849481216, 125.195853936868, 333.080993652344, 2009603, 3, 92
2019.38044078, 53.9764355299659, 125.195845831101, 333.079925537109, 2009603, 3, 92
2019.38044078, 53.9764861204723, 125.195837713891, 333.073852539062, 2009603, 3, 92
2019.38044078, 53.9765366910579, 125.195829600794, 333.082550048828, 2009603, 3, 56
2019.38044078, 53.9765935863396, 125.19582045769, 333.087768554688, 2009603, 3, 56
2019.38044078, 53.9766631469194, 125.195809248415, 333.122131347656, 2009603, 3, 56
2019.3804408, 54.0077555259867, 125.19063226562, 334.281188964844, 2009603, 3, 90
2019.3804408, 54.0077873724398, 125.19062678299, 334.262451171875, 2009603, 3, 90
2019.3804408, 54.0078192126907, 125.190621289578, 334.287139892578, 2009603, 3, 90
2019.3804408, 54.0078510713215, 125.190615770498, 334.282043457031, 2009603, 3, 90
2019.3804408, 54.007895647409, 125.190608037336, 334.295745849609, 2009603, 3, 90
2019.3804408, 54.0079338685656, 125.190601380809, 334.302001953125, 2009603, 3, 90
2019.3804408, 54.007972091205, 125.190594704616, 334.293487548828, 2009603, 3, 90
2019.38044152, 55.4616869818005, 124.943249141686, 546.808959960938, 2009604, 3, 68
2019.38044152, 55.4617187283516, 124.943243370147, 546.840698242188, 2009604, 3, 68
2019.38044152, 55.4617504869407, 124.943237592373, 546.829895019531, 2009604, 3, 71
2019.38044152, 55.4617822421172, 124.943231820892, 546.818115234375, 2009604, 3, 71
2019.38044152, 55.4618203383322, 124.943224906438, 546.821533203125, 2009604, 3, 71
2019.38044152, 55.4618521013168, 124.943219139409, 546.85693359375, 2009604, 3, 71
2019.38044152, 55.4618902152131, 124.943212226537, 546.849609375, 2009604, 3, 71
2019.38044152, 55.4619283190884, 124.943205330942, 546.860168457031, 2009604, 3, 71
2019.38044152, 55.4619664385617, 124.943198435341, 546.849853515625, 2009604, 3, 71
2019.38044154, 55.4931999865696, 124.937753806557, 554.029602050781, 2009604, 3, 71
2019.3804416, 55.6114016124876, 124.917090338032, 590.626770019531, 2009604, 3, 91
2019.38044075, 53.9045230478087, 125.209145855177, 324.85986328125, 2009603, 4, 92
2019.38044075, 53.9046376558235, 125.209127049335, 324.851867675781, 2009603, 4, 92
2019.38044076, 53.9047518220336, 125.209108162458, 324.860931396484, 2009603, 4, 95
2019.38044076, 53.9048405500804, 125.209093467251, 324.916442871094, 2009603, 4, 95
2019.38044076, 53.9049038993342, 125.209082968376, 325.010192871094, 2009603, 4, 95
2019.38044076, 53.9049545632036, 125.209074568391, 325.032440185547, 2009603, 4, 95
2019.38044076, 53.9050115414473, 125.209065089218, 324.224273681641, 2009603, 4, 63
2019.38044076, 53.9050621883962, 125.20905671606, 324.271240234375, 2009603, 4, 63
2019.38044076, 53.9052330578529, 125.209028329212, 324.370361328125, 2009603, 4, 63
2019.38044076, 53.9052900071845, 125.209018857484, 324.290405273438, 2009603, 4, 63
2019.38044076, 53.9054102542147, 125.208998942035, 324.683258056641, 2009603, 4, 68
2019.38044078, 53.9545917604543, 125.20081088285, 331.209442138672, 2009603, 4, 54
2019.38044078, 53.9547117608218, 125.200790533264, 331.236053466797, 2009603, 4, 54
2019.38044079, 53.9658876431111, 125.198929833239, 331.910919189453, 2009603, 4, 89
2019.38044079, 53.9770090884676, 125.197081234891, 331.751647949219, 2009603, 4, 67
2019.38044079, 53.9770663953667, 125.197071598756, 331.752868652344, 2009603, 4, 67
2019.38044079, 53.9771873606905, 125.197051098723, 331.754821777344, 2009603, 4, 67
2019.38044079, 53.9772446487204, 125.197041320836, 331.755615234375, 2009603, 4, 67
2019.38044081, 54.0075604644933, 125.191983251597, 334.082763671875, 2009603, 4, 83
2019.38044153, 55.4630333008753, 124.944403627394, 546.779602050781, 2009604, 4, 72
2019.38044153, 55.4635620274924, 124.944314644537, 546.878845214844, 2009604, 4, 63
2019.38044153, 55.4640314055346, 124.944231011975, 546.87255859375, 2009604, 4, 55
2019.38044153, 55.4642466899824, 124.944191831504, 546.811279296875, 2009604, 4, 55
2019.38044153, 55.4643543280431, 124.944172244359, 546.892639160156, 2009604, 4, 52
2019.38044153, 55.4644493192322, 124.944155000043, 547.055053710938, 2009604, 4, 52
2019.38044153, 55.4650900263173, 124.944041396903, 547.341857910156, 2009604, 4, 53
2019.38044153, 55.4651600156873, 124.94402948747, 547.338256835938, 2009604, 4, 53
2019.38044154, 55.4691081289798, 124.943345012739, 547.548645019531, 2009604, 4, 78
2019.38044154, 55.4696621100502, 124.943249271313, 547.607543945312, 2009604, 4, 61
2019.38044155, 55.4928602542617, 124.939201974154, 553.567321777344, 2009604, 4, 62
2019.38044161, 55.6112858731247, 124.918503626704, 590.765808105469, 2009604, 4, 88
2019.38044161, 55.6113627344134, 124.918490328512, 590.849426269531, 2009604, 4, 89
2019.38044161, 55.6116960868313, 124.918432793847, 590.90576171875, 2009604, 4, 90
2019.38044165, 55.6900101877492, 124.904703292111, 621.342468261719, 2009604, 4, 53
2019.38044165, 55.6901878863198, 124.904672189397, 621.267517089844, 2009604, 4, 53
2019.38043668, 45.7478040987439, 126.472742085184, 115.156715393066, 2009593, 5, 64
2019.38043668, 45.7489060483175, 126.472587434362, 115.068672180176, 2009593, 5, 90
2019.38043668, 45.7500712429522, 126.472426288776, 115.119621276855, 2009593, 5, 86
2019.38043668, 45.7509144563129, 126.472317933789, 115.114715576172, 2009593, 5, 66
2019.38043684, 46.0741158900952, 126.428161559404, 115.23494720459, 2009593, 5, 62
2019.38043684, 46.0775996819163, 126.427688301216, 115.255432128906, 2009593, 5, 51
2019.38043684, 46.0808588452692, 126.427237163719, 115.291366577148, 2009593, 5, 63
2019.38044074, 53.8977541223543, 125.258178358573, 322.717681884766, 2009603, 5, 70
2019.38044074, 53.8978623448273, 125.258160527414, 322.659820556641, 2009603, 5, 70
2019.38044074, 53.8978941853168, 125.258155288027, 322.627288818359, 2009603, 5, 70
2019.38044074, 53.8979196713883, 125.258151106913, 322.636993408203, 2009603, 5, 70
2019.38044074, 53.897951507528, 125.258145844074, 322.660369873047, 2009603, 5, 70
2019.38044074, 53.8979770003438, 125.25814166294, 322.64892578125, 2009603, 5, 70
2019.38044074, 53.8980024789563, 125.258137456618, 322.645843505859, 2009603, 5, 91
2019.38044074, 53.8980343286367, 125.258132193397, 322.664642333984, 2009603, 5, 91
2019.38044074, 53.8980598248876, 125.25812799989, 322.660034179688, 2009603, 5, 91
2019.38044074, 53.8980916769771, 125.258122729187, 322.664703369141, 2009603, 5, 91
2019.38044074, 53.8981171781706, 125.258118531703, 322.696502685547, 2009603, 5, 91
2019.38044074, 53.8981490411648, 125.258113257271, 322.675750732422, 2009603, 5, 91
2019.38044074, 53.8981745375761, 125.258109041198, 322.702362060547, 2009603, 5, 91
2019.38044074, 53.8982000461045, 125.258104836697, 322.697814941406, 2009603, 5, 91
2019.38044074, 53.8982319175976, 125.258099553167, 322.700805664062, 2009603, 5, 91
2019.38044074, 53.8982574208634, 125.258095327565, 322.705810546875, 2009603, 5, 91
2019.38044074, 53.8982829364484, 125.258091116276, 322.699554443359, 2009603, 5, 91
2019.38044074, 53.8983148102733, 125.2580858169, 322.712951660156, 2009603, 5, 91
2019.38044074, 53.8983401577659, 125.258081679345, 322.699005126953, 2009603, 5, 91
2019.38044074, 53.8983720948357, 125.258076348376, 322.699432373047, 2009603, 5, 91
2019.38044074, 53.8983976632996, 125.258072106223, 322.756072998047, 2009603, 5, 91
2019.38044074, 53.8984423774893, 125.258064624379, 322.7890625, 2009603, 5, 91
2019.38044074, 53.898506279853, 125.258053952057, 322.789093017578, 2009603, 5, 71
2019.38044074, 53.8985893573349, 125.258040059343, 322.762329101562, 2009603, 5, 71
2019.38044074, 53.8986468589896, 125.258030406455, 322.778747558594, 2009603, 5, 71
2019.38044074, 53.8987171228408, 125.258018579144, 322.844024658203, 2009603, 5, 71
2019.38043686, 46.0854686182605, 126.427770234555, 115.65185546875, 2009593, 6, 57
2019.38043686, 46.0938083151499, 126.426623487086, 115.543426513672, 2009593, 6, 72
2019.38044075, 53.8976395132299, 125.259553422576, 322.715881347656, 2009603, 6, 88
2019.38044075, 53.8977663148715, 125.259532890771, 322.717407226562, 2009603, 6, 87
2019.38044075, 53.8978868548132, 125.25951341761, 322.721771240234, 2009603, 6, 87
2019.38044075, 53.8979947801696, 125.259496015248, 322.736083984375, 2009603, 6, 90
