2021.27533442, 52.5846865987194, 120.086820627579, 365.957000732422, 2009603, 1, 93
2021.27533452, 52.7773545002097, 120.055715876128, 355.768798828125, 2009603, 1, 62
2021.27533452, 52.7776658341304, 120.055666446798, 355.742462158203, 2009603, 1, 75
2021.27533452, 52.7779268344193, 120.055624605878, 355.751586914062, 2009603, 1, 86
2021.27533452, 52.7780926589264, 120.05559773585, 355.746307373047, 2009603, 1, 91
2021.27533452, 52.778303208727, 120.055563449169, 355.748718261719, 2009603, 1, 92
2021.27533452, 52.7785201257966, 120.055528111344, 355.725646972656, 2009603, 1, 92
2021.27533452, 52.7788516481277, 120.055474239753, 355.823547363281, 2009603, 1, 93
2021.27533452, 52.7794238371023, 120.055381691633, 355.781646728516, 2009603, 1, 93
2021.27533443, 52.5817587893139, 120.08862441157, 366.013366699219, 2009603, 2, 91
2021.27533443, 52.5818608042467, 120.088607718907, 365.967529296875, 2009603, 2, 91
2021.27533443, 52.5819691961835, 120.088590018231, 366.017181396484, 2009603, 2, 91
2021.27533443, 52.58209003219, 120.088570199346, 365.989990234375, 2009603, 2, 93
2021.27533443, 52.5821854001805, 120.088554739228, 366.004699707031, 2009603, 2, 93
2021.27533443, 52.5838483384476, 120.088286853555, 366.032623291016, 2009603, 2, 86
2021.27533443, 52.5842103727507, 120.088228517375, 365.992919921875, 2009603, 2, 93
2021.27533443, 52.5847121691763, 120.088146609767, 365.995361328125, 2009603, 2, 94
2021.27533453, 52.7776406402972, 120.057024272683, 355.740447998047, 2009603, 2, 72
2021.27533453, 52.7776978438286, 120.057015201342, 355.675384521484, 2009603, 2, 72
2021.27533453, 52.7777423180279, 120.057007962892, 355.683410644531, 2009603, 2, 72
2021.27533453, 52.7777804781126, 120.057002005656, 355.702087402344, 2009603, 2, 87
2021.27533453, 52.7778249903535, 120.056994948883, 355.705322265625, 2009603, 2, 87
2021.27533453, 52.7778949585911, 120.056983923093, 355.688812255859, 2009603, 2, 87
2021.27533453, 52.777958578331, 120.056973875632, 355.691589355469, 2009603, 2, 87
2021.27533453, 52.7779967895707, 120.056968096778, 355.740264892578, 2009603, 2, 87
2021.27533453, 52.7780349695765, 120.056962039855, 355.7294921875, 2009603, 2, 89
2021.27533453, 52.7780731544591, 120.056955998292, 355.731781005859, 2009603, 2, 89
2021.27533453, 52.7781049985486, 120.056951099967, 355.733764648438, 2009603, 2, 89
2021.27533453, 52.7781431884972, 120.056945024789, 355.739288330078, 2009603, 2, 89
2021.27533453, 52.7781814094075, 120.056939141451, 355.745697021484, 2009603, 2, 89
2021.27533453, 52.7782259929732, 120.056932186954, 355.732177734375, 2009603, 2, 89
2021.27533453, 52.778270570535, 120.056925136641, 355.729217529297, 2009603, 2, 91
2021.27533453, 52.7783087986287, 120.056919214849, 355.712921142578, 2009603, 2, 91
2021.27533453, 52.7783533832472, 120.056912148042, 355.74267578125, 2009603, 2, 91
2021.27533453, 52.7783979839355, 120.056905155569, 355.736328125, 2009603, 2, 91
2021.27533453, 52.7784362184287, 120.056899172281, 355.667877197266, 2009603, 2, 91
2021.27533453, 52.7784744726057, 120.056893310448, 355.741394042969, 2009603, 2, 91
2021.27533453, 52.7785190803895, 120.056886295462, 355.744018554688, 2009603, 2, 91
2021.27533453, 52.778576422993, 120.056877131693, 355.712554931641, 2009603, 2, 91
2021.27533453, 52.7786146838941, 120.056871233873, 355.718414306641, 2009603, 2, 91
2021.27533453, 52.778652925822, 120.056865172869, 355.690856933594, 2009603, 2, 91
2021.27533453, 52.7786911588613, 120.056859025127, 355.715484619141, 2009603, 2, 91
2021.27533453, 52.7787293999105, 120.056852941569, 355.720672607422, 2009603, 2, 91
2021.27533453, 52.7787676609698, 120.056846969363, 355.727386474609, 2009603, 2, 93
2021.27533453, 52.7788059106438, 120.056840903226, 355.667449951172, 2009603, 2, 93
2021.27533453, 52.7788441608571, 120.05683481889, 355.756103515625, 2009603, 2, 93
2021.27533453, 52.778895156551, 120.056826652296, 355.717742919922, 2009603, 2, 93
2021.27533453, 52.7789589395407, 120.056816604495, 355.693145751953, 2009603, 2, 93
2021.27533453, 52.7790162565403, 120.056807098269, 355.695343017578, 2009603, 2, 92
2021.27533453, 52.7790735887799, 120.056797693213, 355.698944091797, 2009603, 2, 92
2021.27533453, 52.7792009918585, 120.056776724354, 355.736724853516, 2009603, 2, 92
2021.27533453, 52.7793411115432, 120.056753389021, 355.755065917969, 2009603, 2, 92
2021.27533453, 52.7795003649874, 120.056727030476, 355.754547119141, 2009603, 2, 92
2021.27533453, 52.7796659641136, 120.056699433478, 355.763305664062, 2009603, 2, 92
2021.27533453, 52.7797869854213, 120.056679333045, 355.738647460938, 2009603, 2, 92
2021.27533453, 52.7799143777294, 120.056658261749, 355.683837890625, 2009603, 2, 92
2021.27533452, 52.7963555637878, 120.100704994171, 354.306274414062, 2009603, 3, 93
2021.27533453, 52.7969085125148, 120.100615778006, 354.275573730469, 2009603, 3, 95
2021.27533453, 52.7975449083161, 120.100512534235, 354.269104003906, 2009603, 3, 95
2021.27533453, 52.7980853947971, 120.10042500715, 354.226898193359, 2009603, 3, 94
2021.27533453, 52.7986375464788, 120.100336190808, 354.190368652344, 2009603, 3, 86
2021.2753344, 52.5243356037366, 120.145658805308, 382.359588623047, 2009603, 4, 76
2021.2753344, 52.5244489746406, 120.145641048921, 382.359497070312, 2009603, 4, 76
2021.27533443, 52.5826697587853, 120.136309628383, 367.192993164062, 2009603, 4, 73
2021.27533443, 52.5833436118832, 120.13620545742, 367.186737060547, 2009603, 4, 94
2021.27533443, 52.5839387963037, 120.13611147745, 367.143096923828, 2009603, 4, 94
2021.27533454, 52.7967689838396, 120.10200137447, 354.145538330078, 2009603, 4, 85
2021.27533454, 52.7968068669799, 120.101995644794, 354.158721923828, 2009603, 4, 85
2021.27533454, 52.7968512664084, 120.101988668324, 354.156402587891, 2009603, 4, 85
2021.27533454, 52.7968893331474, 120.101982716114, 354.127563476562, 2009603, 4, 85
2021.27533454, 52.7969274035028, 120.101976741539, 354.132751464844, 2009603, 4, 85
2021.27533454, 52.7969591298686, 120.101971745288, 354.160980224609, 2009603, 4, 85
2021.27533454, 52.7969908632163, 120.101966754205, 354.109649658203, 2009603, 4, 85
2021.27533454, 52.7970162603412, 120.101962818809, 354.093719482422, 2009603, 4, 94
2021.27533454, 52.7970480005887, 120.101957847387, 354.109497070312, 2009603, 4, 94
2021.27533454, 52.7970860932701, 120.101951852426, 354.188385009766, 2009603, 4, 94
2021.27533454, 52.7971495916112, 120.101941843913, 354.232330322266, 2009603, 4, 94
2021.27533454, 52.7973083977512, 120.10191679919, 354.248138427734, 2009603, 4, 94
2021.27533454, 52.7974482115806, 120.101894710153, 354.260345458984, 2009603, 4, 94
2021.27533454, 52.7976389498919, 120.101864546703, 354.239013671875, 2009603, 4, 95
2021.27533454, 52.7978933382168, 120.101824167986, 354.239288330078, 2009603, 4, 94
2021.27533454, 52.7980650819284, 120.101796914829, 354.218292236328, 2009603, 4, 94
2021.27533454, 52.7983067169249, 120.101758581382, 354.208770751953, 2009603, 4, 93
2021.27533454, 52.7984719955218, 120.101732382103, 354.216461181641, 2009603, 4, 93
2021.27533454, 52.7986054818087, 120.101711268808, 354.225036621094, 2009603, 4, 92
2021.27533454, 52.7987643761713, 120.101686120197, 354.194854736328, 2009603, 4, 92
2021.27533454, 52.798942333915, 120.101658053623, 354.187225341797, 2009603, 4, 92
2021.27533454, 52.7990948789977, 120.101634184284, 354.167419433594, 2009603, 4, 91
2021.27533454, 52.7992537574014, 120.101609257472, 354.161834716797, 2009603, 4, 91
2021.27533454, 52.7993808566103, 120.101589348646, 354.123870849609, 2009603, 4, 91
2021.27533454, 52.7994634863971, 120.101576510598, 354.124389648438, 2009603, 4, 91
2021.27533485, 53.4237830673256, 120.00014588723, 351.114868164062, 2009603, 4, 67
2021.27533485, 53.4238399277583, 120.000136356737, 351.05712890625, 2009603, 4, 67
2021.27533485, 53.4238778483075, 120.000130125465, 351.028747558594, 2009603, 4, 67
2021.27533485, 53.4239157588601, 120.000123862598, 351.044219970703, 2009603, 4, 67
2021.27533485, 53.4239536659592, 120.000117609023, 351.058441162109, 2009603, 4, 67
2021.27533485, 53.4239915624078, 120.000111300324, 351.051483154297, 2009603, 4, 67
2021.27533485, 53.4240294723502, 120.000105107768, 351.020874023438, 2009603, 4, 95
2021.27533485, 53.4240800102932, 120.000096780693, 351.049163818359, 2009603, 4, 95
2021.27533485, 53.4241558495885, 120.000084489767, 351.072631835938, 2009603, 4, 95
2021.27533485, 53.4242316927371, 120.000072165426, 351.123077392578, 2009603, 4, 95
2021.27533485, 53.4243012290224, 120.000060889512, 351.10498046875, 2009603, 4, 95
2021.27533485, 53.424377125786, 120.000048696171, 351.187652587891, 2009603, 4, 95
2021.27533485, 53.4244657160141, 120.000034547262, 351.146514892578, 2009603, 4, 95
2021.27533485, 53.4245416697303, 120.000022327091, 351.106323242188, 2009603, 4, 96
2021.27533485, 53.424623717353, 120.000009387322, 351.119262695312, 2009603, 4, 96
2021.27533441, 52.5771671404144, 120.183689406561, 368.545562744141, 2009603, 5, 94
2021.27533441, 52.5774342149881, 120.183645583076, 368.47412109375, 2009603, 5, 94
2021.27533441, 52.5775549288057, 120.183625880853, 368.473083496094, 2009603, 5, 93
2021.27533441, 52.5776692416516, 120.183607256118, 368.480987548828, 2009603, 5, 93
2021.27533441, 52.5777835026095, 120.183588737364, 368.473083496094, 2009603, 5, 91
2021.27533441, 52.5779040596588, 120.183569309343, 368.474243164062, 2009603, 5, 91
2021.27533453, 52.8123176787655, 120.146244843367, 352.591705322266, 2009603, 5, 69
2021.27533453, 52.8124258383713, 120.146227050569, 352.583709716797, 2009603, 5, 69
2021.27533453, 52.8125403887826, 120.146208117493, 352.579071044922, 2009603, 5, 92
2021.27533453, 52.8126549609617, 120.146189141793, 352.579193115234, 2009603, 5, 92
2021.27533453, 52.8127568145643, 120.146172248728, 352.584259033203, 2009603, 5, 91
2021.27533453, 52.8129414441284, 120.146141653816, 352.654998779297, 2009603, 5, 91
2021.27533453, 52.8133043433222, 120.14608182181, 352.6787109375, 2009603, 5, 90
2021.27533453, 52.8137879272878, 120.146003899357, 352.680633544922, 2009603, 5, 90
2021.27533453, 52.8140994983316, 120.14595476358, 352.608917236328, 2009603, 5, 68
2021.27533453, 52.8142075799105, 120.145937762034, 352.651947021484, 2009603, 5, 68
2021.27533486, 53.4721893705155, 120.039712775957, 348.840362548828, 2009603, 5, 54
2021.27533486, 53.4723235994789, 120.039689885904, 348.855834960938, 2009603, 5, 73
2021.27533486, 53.4724578082198, 120.039667039718, 348.898559570312, 2009603, 5, 73
2021.27533486, 53.4726047444383, 120.039642101329, 348.872711181641, 2009603, 5, 82
2021.27533486, 53.4727643239684, 120.039615243543, 348.843200683594, 2009603, 5, 89
2021.27533486, 53.4728791260822, 120.039596045296, 348.872528076172, 2009603, 5, 89
2021.27533486, 53.4730383938033, 120.039569710006, 348.932708740234, 2009603, 5, 89
2021.27533486, 53.4732861767633, 120.039529819051, 348.975189208984, 2009603, 5, 89
2021.27533486, 53.4736027363654, 120.039480563868, 348.885650634766, 2009603, 5, 83
2021.27533486, 53.4739318579628, 120.039429148331, 348.920837402344, 2009603, 5, 92
2021.27533486, 53.474312166605, 120.039368298526, 348.894927978516, 2009603, 5, 93
2021.27533486, 53.4746558224954, 120.03931040747, 348.888702392578, 2009603, 5, 92
2021.27533486, 53.4749748321032, 120.03925508152, 348.897430419922, 2009603, 5, 93
2021.27533486, 53.4752682305386, 120.039204402781, 348.871032714844, 2009603, 5, 93
2021.27533486, 53.4756311269272, 120.03914316291, 348.88623046875, 2009603, 5, 93
2021.27533486, 53.4759987572535, 120.03908460815, 348.887268066406, 2009603, 5, 92
2021.27533486, 53.4764034297463, 120.039022240729, 348.837982177734, 2009603, 5, 94
2021.27533486, 53.4768525475076, 120.038952679138, 348.864501953125, 2009603, 5, 94
2021.27533486, 53.4771951187099, 120.038897492217, 348.863739013672, 2009603, 5, 93
2021.27533486, 53.4775894164552, 120.03883213863, 348.849853515625, 2009603, 5, 94
2021.27533486, 53.4779330882556, 120.038775210375, 348.865386962891, 2009603, 5, 94
2021.27533486, 53.4783338978858, 120.03870990651, 348.846771240234, 2009603, 5, 90
2021.27533486, 53.4786960246658, 120.038652860903, 348.763702392578, 2009603, 5, 90
2021.27533486, 53.4788738713253, 120.038624858427, 348.682189941406, 2009603, 5, 88
2021.27533486, 53.4790072699933, 120.038603720319, 348.656097412109, 2009603, 5, 75
2021.27533486, 53.4791279560069, 120.038584564652, 348.672454833984, 2009603, 5, 75
2021.27533486, 53.4792423187636, 120.038566247001, 348.685577392578, 2009603, 5, 75
2021.27533486, 53.4793566962803, 120.038547814593, 348.711578369141, 2009603, 5, 55
2021.27533497, 53.6947967387459, 120.003403579548, 558.962646484375, 2009603, 5, 52
2021.27533497, 53.6949240357647, 120.003384232255, 558.986328125, 2009603, 5, 52
2021.27533403, 51.7848469208474, 120.309577074509, 439.763854980469, 2009603, 6, 59
2021.27533442, 52.5763490622182, 120.185173522657, 368.532043457031, 2009603, 6, 68
2021.27533442, 52.5764373955136, 120.185160127215, 368.519561767578, 2009603, 6, 68
2021.27533442, 52.5765825041408, 120.185137940435, 368.556457519531, 2009603, 6, 94
2021.27533442, 52.5768602482726, 120.185094674924, 368.556884765625, 2009603, 6, 94
2021.27533442, 52.5771640445352, 120.185045923858, 368.510681152344, 2009603, 6, 94
2021.27533442, 52.5773354153269, 120.185017758206, 368.479278564453, 2009603, 6, 93
2021.27533442, 52.577392567024, 120.185008263573, 368.476440429688, 2009603, 6, 93
2021.27533442, 52.577430684256, 120.185001934475, 368.456085205078, 2009603, 6, 93
2021.27533442, 52.5774688049456, 120.184995576355, 368.466369628906, 2009603, 6, 93
2021.27533442, 52.5775005896727, 120.184990319905, 368.438842773438, 2009603, 6, 91
2021.27533442, 52.5775387179725, 120.184983920291, 368.432250976562, 2009603, 6, 91
2021.27533442, 52.5775705050306, 120.184978620327, 368.468322753906, 2009603, 6, 91
2021.27533442, 52.5776022896717, 120.184973294916, 368.440093994141, 2009603, 6, 91
2021.27533442, 52.5776340806233, 120.18496795725, 368.456420898438, 2009603, 6, 91
2021.27533442, 52.5776658750176, 120.184962622321, 368.442504882812, 2009603, 6, 91
2021.27533442, 52.5776976728508, 120.184957279027, 368.451293945312, 2009603, 6, 91
2021.27533442, 52.5777294659529, 120.184951898761, 368.439636230469, 2009603, 6, 91
2021.27533442, 52.577761266697, 120.184946535224, 368.440338134766, 2009603, 6, 91
2021.27533442, 52.5777930685655, 120.184941174776, 368.451171875, 2009603, 6, 91
2021.27533442, 52.5778248754069, 120.184935810881, 368.442810058594, 2009603, 6, 91
2021.27533442, 52.57785668555, 120.184930450263, 368.450836181641, 2009603, 6, 91
2021.27533442, 52.5778821389233, 120.184926181463, 368.431671142578, 2009603, 6, 91
2021.27533442, 52.5779139431677, 120.184920780842, 368.442474365234, 2009603, 6, 91
2021.27533442, 52.5779457558528, 120.184915409457, 368.44921875, 2009603, 6, 91
2021.27533442, 52.5779712105415, 120.184911127647, 368.420806884766, 2009603, 6, 91
2021.27533454, 52.8122778330865, 120.147622821417, 352.534362792969, 2009603, 6, 81
2021.27533454, 52.8123034550921, 120.147618778006, 352.533111572266, 2009603, 6, 81
2021.27533454, 52.8123354765399, 120.147613666329, 352.531768798828, 2009603, 6, 81
2021.27533454, 52.8123611096039, 120.14760962106, 352.532379150391, 2009603, 6, 81
2021.27533454, 52.8123931446815, 120.147604517837, 352.548492431641, 2009603, 6, 81
2021.27533454, 52.8124187815211, 120.147600451757, 352.527191162109, 2009603, 6, 81
2021.27533454, 52.8124444268226, 120.147596408536, 352.550933837891, 2009603, 6, 81
2021.27533454, 52.8124764720943, 120.147591305282, 352.533020019531, 2009603, 6, 81
2021.27533454, 52.8125021176077, 120.147587242827, 352.529907226562, 2009603, 6, 91
2021.27533454, 52.8125341699284, 120.147582139009, 352.522827148438, 2009603, 6, 91
2021.27533454, 52.8125598177499, 120.147578078117, 352.527709960938, 2009603, 6, 91
2021.27533454, 52.8125854639648, 120.147574010443, 352.537963867188, 2009603, 6, 91
2021.27533454, 52.8126175130836, 120.147568897088, 352.530609130859, 2009603, 6, 91
2021.27533454, 52.812643157732, 120.147564826635, 352.551910400391, 2009603, 6, 91
2021.27533454, 52.8126687980156, 120.147560753255, 352.547546386719, 2009603, 6, 91
2021.27533454, 52.8126944380201, 120.147556691764, 352.539733886719, 2009603, 6, 91
2021.27533454, 52.8127200737251, 120.147552615462, 352.555541992188, 2009603, 6, 91
2021.27533454, 52.8127521103511, 120.147547509622, 352.554595947266, 2009603, 6, 91
2021.27533454, 52.8127777438126, 120.147543456581, 352.551116943359, 2009603, 6, 91
2021.27533454, 52.8128097658987, 120.147538332734, 352.52001953125, 2009603, 6, 91
2021.27533454, 52.8128353869543, 120.147534274322, 352.500701904297, 2009603, 6, 91
2021.27533454, 52.812873798635, 120.147528138377, 352.601226806641, 2009603, 6, 91
2021.27533454, 52.8129378021595, 120.147517982712, 352.694732666016, 2009603, 6, 91
2021.27533454, 52.8130337220834, 120.147502712969, 352.706665039062, 2009603, 6, 92
2021.27533454, 52.8131167544495, 120.147489450691, 352.655883789062, 2009603, 6, 91
2021.27533454, 52.8132251983651, 120.147472133813, 352.686370849609, 2009603, 6, 91
2021.27533454, 52.8133398314225, 120.147453807485, 352.660766601562, 2009603, 6, 91
2021.27533454, 52.8134479984945, 120.147436473924, 352.646850585938, 2009603, 6, 91
2021.27533454, 52.8135489984428, 120.147420303295, 352.634979248047, 2009603, 6, 92
2021.27533454, 52.8136435886274, 120.147405128587, 352.682464599609, 2009603, 6, 92
2021.27533454, 52.8137507121775, 120.147387913991, 352.681793212891, 2009603, 6, 90
2021.27533454, 52.8138452014873, 120.147372723211, 352.704498291016, 2009603, 6, 90
2021.27533454, 52.8139396888162, 120.147357490141, 352.640441894531, 2009603, 6, 90
2021.27533454, 52.8139837921534, 120.147350380762, 352.584808349609, 2009603, 6, 90
2021.27533487, 53.4755177451302, 120.040560098623, 348.749267578125, 2009603, 6, 60
2021.27533487, 53.4755493461357, 120.040554942437, 348.752014160156, 2009603, 6, 60
2021.27533487, 53.4755809570968, 120.040549802127, 348.765380859375, 2009603, 6, 60
2021.27533487, 53.4756125779581, 120.040544684152, 348.78759765625, 2009603, 6, 60
2021.27533487, 53.4756568473794, 120.040537466057, 348.787261962891, 2009603, 6, 60
2021.27533487, 53.475701138613, 120.040530277339, 348.792846679688, 2009603, 6, 60
2021.27533487, 53.4757454511983, 120.04052311762, 348.820068359375, 2009603, 6, 60
2021.27533487, 53.4757897670804, 120.040515915135, 348.820770263672, 2009603, 6, 74
2021.27533487, 53.4758404346358, 120.040507696685, 348.829223632812, 2009603, 6, 74
2021.27533487, 53.4759101342513, 120.040496383228, 348.880859375, 2009603, 6, 90
2021.27533487, 53.4759988975907, 120.040481975527, 348.972076416016, 2009603, 6, 90
2021.27533487, 53.4760813841341, 120.040468629326, 348.987701416016, 2009603, 6, 93
2021.27533487, 53.4761702647873, 120.040454190469, 348.939758300781, 2009603, 6, 93
2021.27533487, 53.4762464900549, 120.040441791534, 348.902252197266, 2009603, 6, 93
2021.27533487, 53.4763418364957, 120.040426287661, 348.887634277344, 2009603, 6, 92
2021.27533487, 53.4764372477471, 120.04041077435, 348.873718261719, 2009603, 6, 92
2021.27533487, 53.4765199873499, 120.040397330523, 348.844879150391, 2009603, 6, 91
2021.27533487, 53.4766218626545, 120.040380707004, 348.898803710938, 2009603, 6, 91
2021.27533487, 53.4767046762309, 120.040367196231, 348.835754394531, 2009603, 6, 91
2021.27533487, 53.4767938302542, 120.040352667229, 348.857330322266, 2009603, 6, 91
2021.27533487, 53.4768831469171, 120.040338029166, 348.833953857422, 2009603, 6, 91
2021.27533487, 53.4769852435134, 120.040321256315, 348.874877929688, 2009603, 6, 91
2021.27533487, 53.4770745885419, 120.040306575009, 348.876556396484, 2009603, 6, 93
2021.27533487, 53.4771766985123, 120.040289803944, 348.863037109375, 2009603, 6, 93
2021.27533487, 53.4772724157743, 120.040274069993, 348.85400390625, 2009603, 6, 95
2021.27533487, 53.4773681032135, 120.040258314993, 348.863555908203, 2009603, 6, 95
2021.27533487, 53.4774446408341, 120.040245747693, 348.870880126953, 2009603, 6, 94
2021.27533487, 53.4775402721969, 120.040230025771, 348.870941162109, 2009603, 6, 95
2021.27533487, 53.4776422354239, 120.040213283311, 348.820434570312, 2009603, 6, 95
2021.27533487, 53.4777441337376, 120.040196536229, 348.840728759766, 2009603, 6, 95
2021.27533487, 53.4778332573448, 120.040181951231, 348.846557617188, 2009603, 6, 94
2021.27533487, 53.4779159627217, 120.040168390941, 348.856903076172, 2009603, 6, 94
2021.27533487, 53.4779986241008, 120.040154862193, 348.810882568359, 2009603, 6, 94
2021.27533487, 53.4780750467052, 120.040142402267, 348.852630615234, 2009603, 6, 95
2021.27533487, 53.4781511271554, 120.040129999625, 348.868255615234, 2009603, 6, 95
2021.27533487, 53.4782271802172, 120.040117637151, 348.848724365234, 2009603, 6, 95
2021.27533487, 53.4783918881115, 120.040090907936, 348.891204833984, 2009603, 6, 95
2021.27533487, 53.4784742217054, 120.040077580767, 348.881011962891, 2009603, 6, 95
2021.27533487, 53.4785628866877, 120.04006325502, 348.870544433594, 2009603, 6, 94
2021.27533487, 53.4786452293099, 120.040050008132, 348.820739746094, 2009603, 6, 94
2021.27533487, 53.4787402574419, 120.040034739399, 348.851318359375, 2009603, 6, 94
2021.27533487, 53.4788353103251, 120.04001948485, 348.857696533203, 2009603, 6, 95
2021.27533487, 53.4789240692085, 120.04000529139, 348.849334716797, 2009603, 6, 95
2021.27533487, 53.4790001764826, 120.039993116447, 348.846038818359, 2009603, 6, 95
2021.27533487, 53.4790890169076, 120.039978958306, 348.817657470703, 2009603, 6, 95
2021.27533487, 53.4791779058427, 120.039964789612, 348.808532714844, 2009603, 6, 95
2021.27533487, 53.479266845431, 120.039950617541, 348.797271728516, 2009603, 6, 92
2021.27533487, 53.4793684467455, 120.039934449531, 348.807373046875, 2009603, 6, 92
2021.27533487, 53.4794641380417, 120.039919352715, 348.84716796875, 2009603, 6, 92
2021.27533487, 53.4795726576745, 120.039902255007, 348.796691894531, 2009603, 6, 94
2021.27533487, 53.4796684392214, 120.039887125138, 348.782592773438, 2009603, 6, 94
2021.27533487, 53.479751472012, 120.039874005947, 348.763763427734, 2009603, 6, 95
2021.27533487, 53.4798281164227, 120.039861846117, 348.754516601562, 2009603, 6, 95
2021.27533487, 53.479911155507, 120.039848694225, 348.745635986328, 2009603, 6, 95
2021.27533487, 53.4800005683683, 120.039834475616, 348.751586914062, 2009603, 6, 94
2021.27533487, 53.4800835817555, 120.039821269483, 348.760284423828, 2009603, 6, 94
2021.27533487, 53.4801729368023, 120.03980695639, 348.7705078125, 2009603, 6, 94
2021.27533487, 53.4802622647978, 120.039792634721, 348.759582519531, 2009603, 6, 94
2021.27533488, 53.4803515502504, 120.039778292204, 348.794494628906, 2009603, 6, 94
2021.27533488, 53.4804280395802, 120.039765948233, 348.769622802734, 2009603, 6, 94
2021.27533488, 53.4805044862366, 120.039753563581, 348.773315429688, 2009603, 6, 88
2021.27533488, 53.4805808872165, 120.039741136857, 348.753540039062, 2009603, 6, 52
2021.27533488, 53.4806319857421, 120.039732905353, 348.637664794922, 2009603, 6, 52
2021.27533488, 53.4806700365381, 120.039726614847, 348.630676269531, 2009603, 6, 52
2021.27533488, 53.4807017446845, 120.039721389973, 348.590667724609, 2009603, 6, 52
2021.27533488, 53.4807271126733, 120.039717230493, 348.594970703125, 2009603, 6, 52
2021.27533498, 53.6950244283455, 120.004754308533, 558.958679199219, 2009603, 6, 75
2021.27533498, 53.6950498424252, 120.004749996668, 558.979736328125, 2009603, 6, 56
2021.27533498, 53.6950816088507, 120.004744577712, 558.984619140625, 2009603, 6, 56
2021.27533498, 53.6951070305978, 120.004740258426, 558.972961425781, 2009603, 6, 56
2021.27533498, 53.695138815634, 120.004734881526, 559.014953613281, 2009603, 6, 56
2021.27533498, 53.6951833303217, 120.004727388966, 559.015319824219, 2009603, 6, 56
