2020.29690716, 53.2172320026954, 140.34039382558, 1.31896662712097, 2009603, 1, 51
2020.29690716, 53.2161644835221, 140.340219261945, 1.36200046539307, 2009603, 1, 64
2020.29690716, 53.2157585510363, 140.340153958757, 0.987535238265991, 2009603, 1, 79
2020.29690716, 53.2153965761416, 140.340095914913, 0.961549818515778, 2009603, 1, 95
2020.29690716, 53.2150086419224, 140.34003379032, 0.987649083137512, 2009603, 1, 94
2020.29690716, 53.2146319824378, 140.339973309407, 0.95012354850769, 2009603, 1, 94
2020.29690716, 53.214217168537, 140.339906251907, 0.949763298034668, 2009603, 1, 95
2020.29690716, 53.2138224531282, 140.339841964724, 0.948187530040741, 2009603, 1, 95
2020.29690716, 53.2134358253521, 140.339778411076, 0.891819000244141, 2009603, 1, 96
2020.29690716, 53.2130629872764, 140.339716922642, 0.9277623295784, 2009603, 1, 96
2020.29690716, 53.2127596302127, 140.339667032187, 0.978550016880035, 2009603, 1, 96
2020.29690716, 53.2124623013064, 140.339618404405, 0.938336730003357, 2009603, 1, 96
2020.29690716, 53.2121382999601, 140.339566081266, 0.958854138851166, 2009603, 1, 96
2020.29690716, 53.2117818533035, 140.339508944933, 0.944712400436401, 2009603, 1, 97
2020.29690716, 53.2113868456439, 140.339445822978, 0.975401401519775, 2009603, 1, 96
2020.29690716, 53.2109920062264, 140.339382660804, 0.976722955703735, 2009603, 1, 97
2020.29690716, 53.2106295124788, 140.339324454889, 0.961400330066681, 2009603, 1, 96
2020.29690716, 53.2102547813579, 140.339264068986, 0.943622648715973, 2009603, 1, 96
2020.29690716, 53.2099374780532, 140.339213028207, 0.932294607162476, 2009603, 1, 95
2020.29690716, 53.209557063587, 140.339151849101, 0.950781524181366, 2009603, 1, 96
2020.29690716, 53.2091636310369, 140.339088327111, 0.983595848083496, 2009603, 1, 95
2020.29690716, 53.2087692769141, 140.339024353747, 0.968511581420898, 2009603, 1, 95
2020.29690716, 53.2084183208458, 140.338967148046, 0.913686573505402, 2009603, 1, 95
2020.29690716, 53.2080730094634, 140.338910586683, 0.951029181480408, 2009603, 1, 94
2020.29690716, 53.2077152362222, 140.338852069511, 0.946074604988098, 2009603, 1, 95
2020.29690716, 53.20735184563, 140.338792890482, 0.951008856296539, 2009603, 1, 95
2020.29690716, 53.2069777823441, 140.338732462319, 0.944344818592072, 2009603, 1, 95
2020.29690716, 53.2066423351975, 140.338678630245, 0.976804733276367, 2009603, 1, 96
2020.29690716, 53.2062752095742, 140.338620170714, 0.971346616744995, 2009603, 1, 96
2020.29690716, 53.2058819147553, 140.338557907465, 0.978477597236633, 2009603, 1, 96
2020.29690716, 53.205519275953, 140.33850064147, 0.998985171318054, 2009603, 1, 97
2020.29690716, 53.2051308049923, 140.33843876113, 0.945063948631287, 2009603, 1, 96
2020.29690716, 53.204780497112, 140.338382139646, 0.981804966926575, 2009603, 1, 97
2020.29690716, 53.2044561441424, 140.338328858858, 0.958344995975494, 2009603, 1, 96
2020.29690716, 53.2041191312995, 140.33827324119, 0.941550016403198, 2009603, 1, 96
2020.29690716, 53.2037947859787, 140.338219837502, 0.932558238506317, 2009603, 1, 96
2020.29690716, 53.2034512414493, 140.338163556817, 0.951527416706085, 2009603, 1, 96
2020.29690716, 53.203094680003, 140.338106121551, 0.964863061904907, 2009603, 1, 96
2020.29690716, 53.2027700152927, 140.338053925164, 0.990433275699615, 2009603, 1, 95
2020.29690716, 53.2024328423037, 140.337999668674, 0.940391302108765, 2009603, 1, 96
2020.29690716, 53.2020769534672, 140.337942006239, 0.934645771980286, 2009603, 1, 96
2020.29690716, 53.2017532806514, 140.337889028908, 0.935710906982422, 2009603, 1, 95
2020.29690717, 53.2014428234897, 140.337837926019, 0.970984101295471, 2009603, 1, 95
2020.29690717, 53.2009810588288, 140.337761402444, 0.954992651939392, 2009603, 1, 95
2020.29690717, 53.200577226936, 140.337694188027, 0.973034858703613, 2009603, 1, 94
2020.29690717, 53.2002421702685, 140.337638903017, 1.01955687999725, 2009603, 1, 95
2020.29690717, 53.1998996428859, 140.337583108945, 0.960024118423462, 2009603, 1, 95
2020.29690717, 53.1995746757669, 140.337530988972, 0.944442629814148, 2009603, 1, 95
2020.29690717, 53.1992482314726, 140.337479434192, 0.95779824256897, 2009603, 1, 94
2020.29690717, 53.1988575984558, 140.337417664434, 0.975179553031921, 2009603, 1, 94
2020.29690717, 53.19846123068, 140.337354321794, 0.956929385662079, 2009603, 1, 94
2020.29690717, 53.1980546508869, 140.337287548649, 1.05602240562439, 2009603, 1, 94
2020.29690717, 53.1976427577385, 140.337218990252, 1.04868531227112, 2009603, 1, 95
2020.29690717, 53.1972437316722, 140.337152203988, 0.982798099517822, 2009603, 1, 93
2020.29690717, 53.1968566150362, 140.337087586213, 1.00964760780334, 2009603, 1, 94
2020.29690717, 53.1964370890322, 140.337018001322, 1.02101683616638, 2009603, 1, 94
2020.29690717, 53.1960363639334, 140.336952248054, 1.00416707992554, 2009603, 1, 94
2020.29690717, 53.1956548789917, 140.336890047885, 1.49280405044556, 2009603, 1, 70
2020.29690717, 53.1878485165751, 140.335605402179, 1.79651653766632, 2009603, 1, 58
2020.29690718, 53.180870855685, 140.334445447191, 1.32879436016083, 2009603, 1, 62
2020.29690718, 53.1804512801164, 140.334377519535, 1.32306921482086, 2009603, 1, 54
2020.29690718, 53.1788307207863, 140.334112684264, 1.27399945259094, 2009603, 1, 56
2020.29690718, 53.1783282790314, 140.334026528962, 1.27676677703857, 2009603, 1, 74
2020.29690718, 53.1777679906733, 140.333930147608, 1.2722464799881, 2009603, 1, 69
2020.29690718, 53.1767889895009, 140.333765181993, 1.10720813274384, 2009603, 1, 88
2020.29690718, 53.1757130811455, 140.333588102969, 1.06530284881592, 2009603, 1, 88
2020.29690718, 53.1748870288542, 140.333449803198, 1.11398839950562, 2009603, 1, 87
2020.29690718, 53.1744162856866, 140.333370357355, 1.17217838764191, 2009603, 1, 94
2020.29690718, 53.1737432222808, 140.333257348815, 1.08157575130463, 2009603, 1, 93
2020.29690718, 53.1730692998245, 140.333144592396, 1.00414848327637, 2009603, 1, 95
2020.29690718, 53.1723024461625, 140.333016237836, 1.0717830657959, 2009603, 1, 94
2020.29690718, 53.1716206911617, 140.332902119447, 1.05760931968689, 2009603, 1, 95
2020.29690718, 53.171215129477, 140.332834372411, 1.10360240936279, 2009603, 1, 95
2020.29690718, 53.1707213508147, 140.332752174487, 1.07520890235901, 2009603, 1, 93
2020.29690718, 53.1703537450468, 140.332691081931, 1.11290383338928, 2009603, 1, 87
2020.29690718, 53.1699598019603, 140.332625871537, 1.07189726829529, 2009603, 1, 82
2020.29690718, 53.1695970595297, 140.332565677701, 1.08578395843506, 2009603, 1, 88
2020.29690718, 53.1692276944263, 140.332504244372, 1.07939553260803, 2009603, 1, 96
2020.29690718, 53.1688453534415, 140.332440420771, 1.07212746143341, 2009603, 1, 95
2020.29690718, 53.1684000401786, 140.33236562532, 1.05319511890411, 2009603, 1, 95
2020.29690718, 53.1680193296557, 140.332301267035, 1.08782994747162, 2009603, 1, 95
2020.29690718, 53.1676145928028, 140.332232530547, 1.07208168506622, 2009603, 1, 94
2020.29690718, 53.1672354580814, 140.332168049274, 1.05378770828247, 2009603, 1, 91
2020.29690718, 53.1668872707306, 140.332109138834, 1.08360290527344, 2009603, 1, 92
2020.29690718, 53.1665315426725, 140.332049291085, 1.10098493099213, 2009603, 1, 90
2020.29690718, 53.1661934664065, 140.331993048963, 1.09859144687653, 2009603, 1, 93
2020.29690718, 53.1657784528512, 140.33192398925, 1.13972806930542, 2009603, 1, 87
2020.29690718, 53.1653828591873, 140.331858390113, 1.16429424285889, 2009603, 1, 87
2020.29690718, 53.1650078043283, 140.331795745463, 1.16710984706879, 2009603, 1, 92
2020.29690718, 53.1645635579004, 140.331721501346, 1.20012199878693, 2009603, 1, 88
2020.29690719, 53.1586800214637, 140.330734743412, 0.98028564453125, 2009603, 1, 56
2020.29690719, 53.1581342517473, 140.3306450603, 0.974677801132202, 2009603, 1, 83
2020.29690719, 53.157650887128, 140.330564979513, 0.94153505563736, 1325565, 1, 89
2020.29690721, 53.117959777735, 140.324070870574, 1.17597270011902, 1325771, 1, 64
2020.29690721, 53.1167403997014, 140.323877289447, 1.20594370365143, 1325771, 1, 64
2020.29690721, 53.1108551264833, 140.322934950568, 1.0741024017334, 2009603, 1, 54
2020.29690721, 53.1082670567456, 140.32252239965, 0.731686651706696, 2009603, 1, 83
2020.29690721, 53.1074990370172, 140.322398735858, 1.27704989910126, 164467, 1, 58
2020.29690746, 52.6017404428299, 140.240280694051, 1.80191004276276, 2009603, 1, 96
2020.29690746, 52.5996333511852, 140.239935516168, 1.78368997573853, 2009603, 1, 97
2020.29690717, 53.2183934690408, 140.339379567711, 1.34612166881561, 2009603, 2, 51
2020.29690717, 53.2181526937861, 140.339340149777, 1.33230590820312, 2009603, 2, 51
2020.29690717, 53.2179816385969, 140.339312297176, 1.38378810882568, 2009603, 2, 53
2020.29690717, 53.2178802542668, 140.339295657608, 1.36860358715057, 2009603, 2, 53
2020.29690717, 53.2177788510695, 140.339279238524, 1.29996490478516, 2009603, 2, 53
2020.29690717, 53.2167062654049, 140.33910577467, 1.30339670181274, 2009603, 2, 61
2020.29690717, 53.2166362691013, 140.339094436333, 1.24325215816498, 2009603, 2, 61
2020.29690717, 53.2165662563057, 140.339083143567, 1.11781430244446, 2009603, 2, 61
2020.29690717, 53.2164899050291, 140.339070624734, 1.10860466957092, 2009603, 2, 83
2020.29690717, 53.2164070134953, 140.33905717399, 1.15663266181946, 2009603, 2, 83
2020.29690717, 53.2163240984166, 140.339043648608, 1.11158716678619, 2009603, 2, 83
2020.29690717, 53.2162475432414, 140.339031144963, 1.05410742759705, 2009603, 2, 92
2020.29690717, 53.2161582104984, 140.339016433086, 1.05796551704407, 2009603, 2, 92
2020.29690717, 53.2160624992866, 140.339000782246, 1.01796889305115, 2009603, 2, 92
2020.29690717, 53.2159731566321, 140.338985986815, 0.994625687599182, 2009603, 2, 94
2020.29690717, 53.2158838216137, 140.338971158995, 1.01867318153381, 2009603, 2, 94
2020.29690717, 53.2157944972535, 140.338956329535, 1.03484261035919, 2009603, 2, 94
2020.29690717, 53.2157051962031, 140.338941522024, 1.01226949691772, 2009603, 2, 94
2020.29690717, 53.2156095358419, 140.338925573987, 1.01149606704712, 2009603, 2, 94
2020.29690717, 53.2155266480497, 140.338911631903, 1.01749193668365, 2009603, 2, 94
2020.29690717, 53.2154246784482, 140.338894556065, 0.998043537139893, 2009603, 2, 95
2020.29690717, 53.2153354883503, 140.338879616558, 1.00234842300415, 2009603, 2, 95
2020.29690717, 53.2152461898696, 140.338864602634, 1.00527369976044, 2009603, 2, 95
2020.29690717, 53.2151571968344, 140.338849471134, 1.02340340614319, 2009603, 2, 95
2020.29690717, 53.2150682327767, 140.338834298156, 1.02838826179504, 2009603, 2, 95
2020.29690717, 53.2149792998171, 140.338819202499, 1.04079210758209, 2009603, 2, 94
2020.29690717, 53.2148903802555, 140.338804037392, 1.03337943553925, 2009603, 2, 94
2020.29690717, 53.21479512805, 140.338787851491, 1.01603329181671, 2009603, 2, 94
2020.29690717, 53.2147062325384, 140.338772799155, 0.977538764476776, 2009603, 2, 94
2020.29690717, 53.2146109916334, 140.338756750151, 0.992085814476013, 2009603, 2, 94
2020.29690717, 53.2145220870715, 140.338741749046, 1.00117373466492, 2009603, 2, 94
2020.29690717, 53.2143569535396, 140.338714120519, 1.03236567974091, 2009603, 2, 95
2020.29690717, 53.2142616603213, 140.338698393589, 1.00855100154877, 2009603, 2, 95
2020.29690717, 53.2141663329269, 140.338682625837, 1.0123211145401, 2009603, 2, 95
2020.29690717, 53.2140773352193, 140.338668038429, 0.998462796211243, 2009603, 2, 95
2020.29690717, 53.2139757282943, 140.338651338823, 1.000892162323, 2009603, 2, 95
2020.29690717, 53.2138929073305, 140.33863807172, 1.0094211101532, 2009603, 2, 95
2020.29690717, 53.2138100629969, 140.338624876085, 0.960056841373444, 2009603, 2, 95
2020.29690717, 53.2137272048686, 140.338611764042, 1.00646603107452, 2009603, 2, 96
2020.29690717, 53.2136570777621, 140.338600656669, 1.00427734851837, 2009603, 2, 96
2020.29690717, 53.2135869431777, 140.338589549917, 1.0168764591217, 2009603, 2, 96
2020.29690717, 53.2134976850645, 140.338575567214, 1.00999128818512, 2009603, 2, 95
2020.29690717, 53.2134084240522, 140.338561585884, 0.965616464614868, 2009603, 2, 95
2020.29690717, 53.2133255429565, 140.338548556891, 0.975075781345367, 2009603, 2, 95
2020.29690717, 53.2132363019036, 140.338534631764, 0.967003166675568, 2009603, 2, 95
2020.29690717, 53.2131534495394, 140.338521649668, 1.00129091739655, 2009603, 2, 95
2020.29690717, 53.2130642523421, 140.338507715939, 1.00003898143768, 2009603, 2, 95
2020.29690717, 53.2129750727754, 140.338493614608, 0.975142657756805, 2009603, 2, 95
2020.29690717, 53.2128859403061, 140.338479695854, 1.00193846225739, 2009603, 2, 95
2020.29690717, 53.2127968307273, 140.338465532966, 1.00363481044769, 2009603, 2, 95
2020.29690717, 53.2127141274968, 140.338452452422, 0.991208851337433, 2009603, 2, 96
2020.29690717, 53.2126250850893, 140.338438327476, 1.00968372821808, 2009603, 2, 96
2020.29690717, 53.2125425453662, 140.338424919237, 1.00766909122467, 2009603, 2, 96
2020.29690717, 53.2124600482926, 140.338411614394, 1.00694370269775, 2009603, 2, 96
2020.29690717, 53.2123712290397, 140.338397159363, 1.02388095855713, 2009603, 2, 96
2020.29690717, 53.2122697586775, 140.338380608853, 0.991091251373291, 2009603, 2, 96
2020.29690717, 53.2121873401358, 140.338367142073, 1.01012670993805, 2009603, 2, 95
2020.29690717, 53.2120985934834, 140.338352536524, 0.995903611183167, 2009603, 2, 95
2020.29690717, 53.2120161911841, 140.33833881394, 1.01332867145538, 2009603, 2, 95
2020.29690717, 53.2119338045718, 140.338325207176, 1.04454851150513, 2009603, 2, 95
2020.29690717, 53.21184507858, 140.338310432021, 1.01186847686768, 2009603, 2, 95
2020.29690717, 53.2117626819894, 140.338296531778, 1.02164947986603, 2009603, 2, 95
2020.29690717, 53.2116739488354, 140.338281680669, 1.04831230640411, 2009603, 2, 96
2020.29690717, 53.2115915435588, 140.338267808286, 1.00379908084869, 2009603, 2, 96
2020.29690717, 53.2114964387941, 140.338251713705, 1.03504502773285, 2009603, 2, 96
2020.29690717, 53.2114140718068, 140.338237879926, 1.01508414745331, 2009603, 2, 95
2020.29690717, 53.2113251941915, 140.338222772698, 1.00084567070007, 2009603, 2, 95
2020.29690717, 53.2112299413932, 140.3382065334, 1.01528108119965, 2009603, 2, 96
2020.29690717, 53.2111537277282, 140.338193551555, 0.986844599246979, 2009603, 2, 96
2020.29690717, 53.2110584466106, 140.338177419568, 0.996819019317627, 2009603, 2, 96
2020.29690717, 53.2109694965337, 140.338162255481, 0.987443506717682, 2009603, 2, 96
2020.29690717, 53.2108741768934, 140.338146038013, 1.01608610153198, 2009603, 2, 96
2020.29690717, 53.2107851977813, 140.338130902095, 0.981662154197693, 2009603, 2, 96
2020.29690717, 53.210689856312, 140.338114729523, 0.968720078468323, 2009603, 2, 95
2020.29690717, 53.2105945080466, 140.338098654951, 1.00461792945862, 2009603, 2, 95
2020.29690717, 53.210511864429, 140.338084688368, 0.987252116203308, 2009603, 2, 95
2020.29690717, 53.2104165015307, 140.338068628174, 1.01945865154266, 2009603, 2, 95
2020.29690717, 53.2103274934631, 140.338053650494, 1.01006126403809, 2009603, 2, 95
2020.29690717, 53.2102257702427, 140.338036655894, 1.01055371761322, 2009603, 2, 95
2020.29690717, 53.2101303509781, 140.338020635436, 1.00323104858398, 2009603, 2, 95
2020.29690717, 53.2100414179253, 140.338005987781, 1.01720499992371, 2009603, 2, 95
2020.29690717, 53.2099588289618, 140.337992363534, 1.01984560489655, 2009603, 2, 95
2020.29690717, 53.209869885825, 140.337977736043, 1.00738263130188, 2009603, 2, 95
2020.29690717, 53.2097809335561, 140.337963119507, 1.01235747337341, 2009603, 2, 95
2020.29690717, 53.2096856164871, 140.337947498745, 0.992801785469055, 2009603, 2, 95
2020.29690717, 53.2095902896487, 140.337931947053, 0.993744134902954, 2009603, 2, 95
2020.29690717, 53.2095013016556, 140.337917444408, 1.00367188453674, 2009603, 2, 95
2020.29690717, 53.209425009312, 140.337904884168, 1.01321601867676, 2009603, 2, 94
2020.29690717, 53.209342345265, 140.337891347898, 1.029012799263, 2009603, 2, 94
2020.29690717, 53.2092342320802, 140.337873748268, 0.973532915115356, 2009603, 2, 95
2020.29690717, 53.2091515330743, 140.337860224945, 0.985622823238373, 2009603, 2, 95
2020.29690717, 53.2090688088045, 140.337846512262, 1.01782405376434, 2009603, 2, 95
2020.29690717, 53.2089797161165, 140.337831927693, 1.01357531547546, 2009603, 2, 95
2020.29690717, 53.2088906855636, 140.337817507484, 1.0083886384964, 2009603, 2, 95
2020.29690717, 53.2088014773626, 140.337802694398, 1.02385294437408, 2009603, 2, 95
2020.29690717, 53.208718623848, 140.337788819165, 1.04266059398651, 2009603, 2, 94
2020.29690717, 53.2086357627377, 140.337774949299, 0.997393429279327, 2009603, 2, 94
2020.29690717, 53.2085401567424, 140.337758982132, 1.00039899349213, 2009603, 2, 94
2020.29690717, 53.2084509295058, 140.337744139358, 0.999917805194855, 2009603, 2, 95
2020.29690717, 53.2083680788246, 140.337730260598, 1.00658738613129, 2009603, 2, 95
2020.29690717, 53.2082724990033, 140.337714355518, 1.02410185337067, 2009603, 2, 95
2020.29690717, 53.2081769373876, 140.337698402583, 1.01440954208374, 2009603, 2, 95
2020.29690717, 53.2080877781796, 140.337683640383, 1.01215445995331, 2009603, 2, 95
2020.29690717, 53.2080050059483, 140.33766984738, 1.03480982780457, 2009603, 2, 95
2020.29690717, 53.2079158947042, 140.337654990235, 0.99832820892334, 2009603, 2, 95
2020.29690717, 53.2078204594007, 140.337639149305, 0.966244339942932, 2009603, 2, 95
2020.29690717, 53.2077250708958, 140.337623393968, 0.981403470039368, 2009603, 2, 95
2020.29690717, 53.2076424353822, 140.337609774118, 1.00939154624939, 2009603, 2, 95
2020.29690717, 53.207553464954, 140.337595061307, 1.01877593994141, 2009603, 2, 95
2020.29690717, 53.2074709571067, 140.337581722753, 0.979345977306366, 2009603, 2, 95
2020.29690717, 53.2073694543886, 140.337565354203, 0.999212086200714, 2009603, 2, 95
2020.29690717, 53.2072806773532, 140.337551004943, 0.995849132537842, 2009603, 2, 95
2020.29690717, 53.2071982648501, 140.337537617171, 0.977490544319153, 2009603, 2, 95
2020.29690717, 53.2071158787512, 140.3375242584, 0.98859316110611, 2009603, 2, 95
2020.29690717, 53.2070145182357, 140.337507866172, 1.00884175300598, 2009603, 2, 95
2020.29690717, 53.2069195001887, 140.337492244115, 0.991793513298035, 2009603, 2, 95
2020.29690717, 53.2068245149099, 140.337476771787, 1.04485869407654, 2009603, 2, 95
2020.29690717, 53.2067485292208, 140.337464268178, 1.03025639057159, 2009603, 2, 96
2020.29690717, 53.2066725419451, 140.337451606059, 1.02080690860748, 2009603, 2, 96
2020.29690717, 53.2065839033796, 140.337436976404, 1.01086664199829, 2009603, 2, 96
2020.29690717, 53.2064952531961, 140.337422130462, 1.0140221118927, 2009603, 2, 96
2020.29690717, 53.2064002691372, 140.337406214594, 0.986347019672394, 2009603, 2, 96
2020.29690717, 53.2063179300551, 140.337392495762, 1.01201951503754, 2009603, 2, 96
2020.29690717, 53.2062419179658, 140.337379283648, 1.01920545101166, 2009603, 2, 95
2020.29690717, 53.2061595600374, 140.337365031248, 1.00866675376892, 2009603, 2, 95
2020.29690717, 53.2060708354273, 140.337349503364, 1.01145219802856, 2009603, 2, 95
2020.29690717, 53.2059694114657, 140.337331807489, 0.997038245201111, 2009603, 2, 96
2020.29690717, 53.2058869677641, 140.337317304316, 0.987043082714081, 2009603, 2, 96
2020.29690717, 53.2057981664427, 140.337301908286, 0.986891329288483, 2009603, 2, 96
2020.29690717, 53.2056966291664, 140.33728424255, 1.01990628242493, 2009603, 2, 96
2020.29690717, 53.2056077450893, 140.337268829796, 1.00119650363922, 2009603, 2, 96
2020.29690717, 53.2055124820364, 140.337252502012, 1.00518894195557, 2009603, 2, 96
2020.29690717, 53.2054235281004, 140.337237307725, 1.01073455810547, 2009603, 2, 97
2020.29690717, 53.2053281819495, 140.337221128651, 0.993398308753967, 2009603, 2, 97
2020.29690717, 53.2052455133389, 140.337207188487, 1.01938366889954, 2009603, 2, 96
2020.29690717, 53.2051564603649, 140.337192376529, 1.00583350658417, 2009603, 2, 96
2020.29690717, 53.2050546821613, 140.337175271608, 1.01161575317383, 2009603, 2, 96
2020.29690717, 53.2049591290477, 140.337159978651, 1.0329475402832, 2009603, 2, 96
2020.29690717, 53.2048699277739, 140.337145894689, 1.03122222423553, 2009603, 2, 96
2020.29690717, 53.2047934500442, 140.337133865462, 1.03460597991943, 2009603, 2, 96
2020.29690717, 53.2047042164581, 140.337119914344, 1.05438578128815, 2009603, 2, 96
2020.29690717, 53.2046277212804, 140.337107996733, 1.04648876190186, 2009603, 2, 96
2020.29690717, 53.2045512295034, 140.337096235647, 1.04886245727539, 2009603, 2, 96
2020.29690717, 53.2044556013202, 140.337081291294, 1.05516541004181, 2009603, 2, 97
2020.29690717, 53.2043663570199, 140.337067434086, 1.02623057365417, 2009603, 2, 97
2020.29690717, 53.2042834946134, 140.337054500801, 1.01236009597778, 2009603, 2, 97
2020.29690717, 53.2041879004181, 140.337039619875, 1.03781342506409, 2009603, 2, 95
2020.29690717, 53.2041050580198, 140.337026491596, 1.10563290119171, 2009603, 2, 95
2020.29690717, 53.2040222400676, 140.337013380764, 1.09266924858093, 2009603, 2, 95
2020.29690717, 53.2039394429165, 140.337000237329, 1.01437938213348, 2009603, 2, 96
2020.29690717, 53.2038503018804, 140.336985967536, 1.01886534690857, 2009603, 2, 96
2020.29690717, 53.2037547810032, 140.336970670945, 1.04242444038391, 2009603, 2, 96
2020.29690717, 53.2036530632833, 140.336953707531, 1.01538181304932, 2009603, 2, 96
2020.29690717, 53.203570434362, 140.336939725271, 1.00349950790405, 2009603, 2, 96
2020.29690717, 53.203481474992, 140.336924659143, 1.05089700222015, 2009603, 2, 96
2020.29690717, 53.2033925396129, 140.336909533794, 1.03937673568726, 2009603, 2, 96
2020.29690717, 53.2033036170422, 140.336894306212, 0.974039137363434, 2009603, 2, 96
2020.29690718, 53.2032083570182, 140.336877880792, 1.05187118053436, 2009603, 2, 95
2020.29690718, 53.2031321650091, 140.336864840949, 1.03035032749176, 2009603, 2, 95
2020.29690718, 53.2030623138045, 140.336852655736, 1.0294736623764, 2009603, 2, 95
2020.29690718, 53.2029797832149, 140.336838453673, 1.02326548099518, 2009603, 2, 95
2020.29690718, 53.2028909036521, 140.336823119651, 1.05161499977112, 2009603, 2, 95
2020.29690718, 53.2027956820624, 140.336806741535, 1.01054704189301, 2009603, 2, 95
2020.29690718, 53.2027068035027, 140.336791423578, 1.01886594295502, 2009603, 2, 95
2020.29690718, 53.202624272742, 140.336777252283, 0.990203976631165, 2009603, 2, 95
2020.29690718, 53.2025418432933, 140.336762764204, 1.02944362163544, 2009603, 2, 95
2020.29690718, 53.2024465131019, 140.336746849773, 1.00804305076599, 2009603, 2, 95
2020.29690718, 53.2023575371926, 140.33673200756, 1.00777447223663, 2009603, 2, 95
2020.29690718, 53.2022685599554, 140.336717163344, 1.05039751529694, 2009603, 2, 95
2020.29690718, 53.2021668804648, 140.336700246683, 1.00992965698242, 2009603, 2, 96
2020.29690718, 53.2020461604883, 140.336680260864, 1.00686156749725, 2009603, 2, 96
2020.29690718, 53.2019508713931, 140.336664463563, 1.01157808303833, 2009603, 2, 96
2020.29690718, 53.2018492556223, 140.336647626317, 0.992392957210541, 2009603, 2, 96
2020.29690718, 53.2017476698034, 140.336630855107, 0.997931838035583, 2009603, 2, 94
2020.29690718, 53.2016524584191, 140.336615022822, 1.03110563755035, 2009603, 2, 94
2020.29690718, 53.2015572841026, 140.336599321929, 1.03982079029083, 2009603, 2, 94
2020.29690718, 53.2014621369715, 140.336583510604, 1.02360653877258, 2009603, 2, 94
2020.29690718, 53.201373361537, 140.336568763498, 1.02545583248138, 2009603, 2, 94
2020.29690718, 53.2013036210343, 140.336557056563, 1.05768859386444, 2009603, 2, 94
2020.29690718, 53.2012148461566, 140.336542371157, 1.03410840034485, 2009603, 2, 94
2020.29690718, 53.2011262438923, 140.336527366674, 1.05019664764404, 2009603, 2, 94
2020.29690718, 53.2010503135266, 140.336514454127, 1.03720843791962, 2009603, 2, 94
2020.29690718, 53.2009554042746, 140.336498279008, 1.01783013343811, 2009603, 2, 95
2020.29690718, 53.2008794860646, 140.336485428018, 1.10350811481476, 2009603, 2, 95
2020.29690718, 53.2007972346643, 140.336471423462, 1.03193557262421, 2009603, 2, 95
2020.29690718, 53.2007086356612, 140.336456211893, 1.00492441654205, 2009603, 2, 95
2020.29690718, 53.2006073682027, 140.336438995513, 1.00534105300903, 2009603, 2, 95
2020.29690718, 53.2005187223682, 140.336423792885, 1.0363826751709, 2009603, 2, 95
2020.29690718, 53.2004363802526, 140.336409661706, 1.05123782157898, 2009603, 2, 94
2020.29690718, 53.2003413393417, 140.336393576342, 1.02549922466278, 2009603, 2, 94
2020.29690718, 53.200258916686, 140.336379406575, 1.05891227722168, 2009603, 2, 94
2020.29690718, 53.2001764625369, 140.33636536823, 1.05172479152679, 2009603, 2, 94
2020.29690718, 53.2000876253444, 140.336350439727, 0.971791863441467, 2009603, 2, 94
2020.29690718, 53.2000051674373, 140.336336332572, 1.05830585956573, 2009603, 2, 94
2020.29690718, 53.1999224930835, 140.336322401375, 1.07454800605774, 2009603, 2, 95
2020.29690718, 53.1998206775925, 140.336305308947, 1.01232087612152, 2009603, 2, 95
2020.29690718, 53.1997187899972, 140.336288117215, 1.03823184967041, 2009603, 2, 95
2020.29690718, 53.1996359634802, 140.336274236146, 1.03597283363342, 2009603, 2, 95
2020.29690718, 53.1995531047269, 140.336260379361, 0.988210141658783, 2009603, 2, 95
2020.29690718, 53.1994702145582, 140.336246616298, 1.03023970127106, 2009603, 2, 95
2020.29690718, 53.1993872901103, 140.336232772842, 0.99748957157135, 2009603, 2, 95
2020.29690718, 53.1993107341929, 140.336220142283, 1.09289920330048, 2009603, 2, 95
2020.29690718, 53.1992341617822, 140.336207558775, 1.0661586523056, 2009603, 2, 93
2020.29690718, 53.1991511843223, 140.33619376177, 1.03482580184937, 2009603, 2, 93
2020.29690718, 53.1990682038565, 140.336180132693, 1.03659009933472, 2009603, 2, 93
2020.29690718, 53.1989852159585, 140.336166510258, 1.04294526576996, 2009603, 2, 94
2020.29690718, 53.1989022290529, 140.336152892233, 1.02778768539429, 2009603, 2, 94
2020.29690718, 53.198812865929, 140.336138351296, 1.00280594825745, 2009603, 2, 94
2020.29690718, 53.1987362690796, 140.336125770583, 0.995602548122406, 2009603, 2, 94
2020.29690718, 53.1986277853092, 140.336108102579, 0.996902227401733, 2009603, 2, 94
2020.29690718, 53.1985385017072, 140.33609372272, 0.985396802425385, 2009603, 2, 94
2020.29690718, 53.1984428566265, 140.336078168237, 0.973380148410797, 2009603, 2, 94
2020.29690718, 53.1983472396506, 140.336062650305, 1.01971983909607, 2009603, 2, 94
2020.29690718, 53.1982580250671, 140.3360481389, 0.984088838100433, 2009603, 2, 94
2020.29690718, 53.1981624673298, 140.336032589806, 0.991548240184784, 2009603, 2, 95
2020.29690718, 53.1980669435135, 140.336016968245, 0.983394145965576, 2009603, 2, 95
2020.29690718, 53.1979778107466, 140.336002237734, 0.961748540401459, 2009603, 2, 94
2020.29690718, 53.1978823481055, 140.335986463029, 0.953365802764893, 2009603, 2, 95
2020.29690718, 53.1977869208042, 140.335970575911, 0.984365046024323, 2009603, 2, 95
2020.29690718, 53.1976915196075, 140.335954499737, 1.01537883281708, 2009603, 2, 94
2020.29690718, 53.1975707350145, 140.335934112465, 1.00066316127777, 2009603, 2, 94
2020.29690718, 53.197456371403, 140.335915082075, 0.980096936225891, 2009603, 2, 93
2020.29690718, 53.1973737806176, 140.335900608091, 1.03537690639496, 2009603, 2, 93
2020.29690718, 53.1972658151713, 140.335881684301, 0.966857492923737, 2009603, 2, 93
2020.29690718, 53.1971896252832, 140.335868214902, 0.994654536247253, 2009603, 2, 92
2020.29690718, 53.1971007637919, 140.335852580076, 1.03743755817413, 2009603, 2, 92
2020.29690718, 53.1970182655594, 140.335837948203, 1.04918086528778, 2009603, 2, 92
2020.29690718, 53.196923116816, 140.335821321395, 1.01824760437012, 2009603, 2, 93
2020.29690718, 53.1968406569802, 140.335806678927, 1.04418909549713, 2009603, 2, 93
2020.29690718, 53.1967645715468, 140.335793439899, 1.01757800579071, 2009603, 2, 93
2020.29690718, 53.1966758103788, 140.335777895176, 1.00304198265076, 2009603, 2, 93
2020.29690718, 53.1965870677226, 140.33576244105, 0.976786375045776, 2009603, 2, 93
2020.29690718, 53.1964920065236, 140.33574602078, 1.04459965229034, 2009603, 2, 83
2020.29690718, 53.1964096321572, 140.335731914975, 1.13167428970337, 2009603, 2, 83
2020.29690718, 53.1887353036337, 140.334451774983, 1.89422202110291, 2009603, 2, 52
2020.29690718, 53.1886399222913, 140.334435818646, 1.92120254039764, 2009603, 2, 52
2020.29690718, 53.1878771052347, 140.334306741079, 1.93096530437469, 2009603, 2, 52
2020.29690718, 53.1877753653046, 140.334289400882, 1.88573408126831, 2009603, 2, 52
2020.29690719, 53.1811126702377, 140.333177718546, 1.34151923656464, 2009603, 2, 70
2020.29690719, 53.1810173445366, 140.333161582651, 1.3413702249527, 2009603, 2, 70
2020.29690719, 53.1809220360611, 140.333145498502, 1.40932703018188, 2009603, 2, 51
2020.29690719, 53.1808203482584, 140.333128288658, 1.38631403446198, 2009603, 2, 51
2020.29690719, 53.1782317967705, 140.332693858862, 1.31570029258728, 2009603, 2, 61
2020.29690719, 53.1780412230725, 140.332662605811, 1.32432949542999, 2009603, 2, 61
2020.29690719, 53.1778442936487, 140.332630281888, 1.31154119968414, 2009603, 2, 66
2020.29690719, 53.1777172578869, 140.332609389849, 1.36015951633453, 2009603, 2, 62
2020.29690719, 53.1775838935128, 140.332587335028, 1.29090344905853, 2009603, 2, 62
2020.29690719, 53.1774378625081, 140.332563044562, 1.39634025096893, 2009603, 2, 55
2020.29690719, 53.1773299538505, 140.332545016624, 1.36946654319763, 2009603, 2, 55
2020.29690719, 53.1772284240926, 140.332528120877, 1.31416988372803, 2009603, 2, 58
2020.29690719, 53.1771014128288, 140.332506790922, 1.35428059101105, 2009603, 2, 58
2020.29690719, 53.1769874130578, 140.332487244334, 1.33141100406647, 2009603, 2, 63
2020.29690719, 53.1768670975107, 140.332466724275, 1.31620180606842, 2009603, 2, 63
2020.29690719, 53.1767214264947, 140.332441638472, 1.24577939510345, 2009603, 2, 69
2020.29690719, 53.1765757096586, 140.332416569443, 1.30801331996918, 2009603, 2, 69
2020.29690719, 53.1764616107342, 140.332396928399, 1.34591162204742, 2009603, 2, 73
2020.29690719, 53.1763538010868, 140.332378473215, 1.30697929859161, 2009603, 2, 73
2020.29690719, 53.1762268800792, 140.332356843223, 1.33412706851959, 2009603, 2, 83
2020.29690719, 53.1761189127157, 140.33233841613, 1.27335858345032, 2009603, 2, 83
2020.29690719, 53.1759981593882, 140.332318097082, 1.24547612667084, 2009603, 2, 83
2020.29690719, 53.1758645658827, 140.332295555411, 1.30834686756134, 2009603, 2, 83
2020.29690719, 53.1757499440199, 140.332276452041, 1.29052555561066, 2009603, 2, 89
2020.29690719, 53.1756286339559, 140.332256467314, 1.3226226568222, 2009603, 2, 89
2020.29690719, 53.1755328210733, 140.332240784386, 1.38554096221924, 2009603, 2, 89
2020.29690719, 53.1754433777691, 140.332226210644, 1.34606468677521, 2009603, 2, 88
2020.29690719, 53.1753283662735, 140.332207562304, 1.33438265323639, 2009603, 2, 88
2020.29690719, 53.1752133628779, 140.332188956037, 1.34598195552826, 2009603, 2, 89
2020.29690719, 53.1751175410231, 140.332173407629, 1.36257660388947, 2009603, 2, 89
2020.29690719, 53.1750217570891, 140.332157968368, 1.38023865222931, 2009603, 2, 89
2020.29690719, 53.1749323864768, 140.332143459762, 1.37696027755737, 2009603, 2, 92
2020.29690719, 53.1748303105071, 140.332127013436, 1.39559030532837, 2009603, 2, 92
2020.29690719, 53.1747155421901, 140.332108405312, 1.38597548007965, 2009603, 2, 91
2020.29690719, 53.1745945004989, 140.332088787247, 1.41598773002625, 2009603, 2, 91
2020.29690719, 53.1745053210407, 140.332074294328, 1.40787267684937, 2009603, 2, 91
2020.29690719, 53.1743974359203, 140.332056634196, 1.4163373708725, 2009603, 2, 92
2020.29690719, 53.1743022870839, 140.332040916234, 1.43004584312439, 2009603, 2, 92
2020.29690719, 53.1742135227021, 140.332026353612, 1.44281458854675, 2009603, 2, 92
2020.29690719, 53.1741247736398, 140.332011634126, 1.44651556015015, 2009603, 2, 92
2020.29690719, 53.1740296968367, 140.331995870733, 1.39287388324738, 2009603, 2, 90
2020.29690719, 53.1739156144241, 140.331977029502, 1.35862302780151, 2009603, 2, 87
2020.29690719, 53.1738078425767, 140.331959061699, 1.35415971279144, 2009603, 2, 87
2020.29690719, 53.1736937009912, 140.331940065452, 1.35874271392822, 2009603, 2, 78
2020.29690719, 53.1735858513841, 140.331922106729, 1.34250056743622, 2009603, 2, 78
2020.29690719, 53.1734842990977, 140.331905257849, 1.3259688615799, 2009603, 2, 84
2020.29690719, 53.1733890343151, 140.331889380167, 1.25525569915771, 2009603, 2, 84
2020.29690719, 53.1732747857034, 140.331870303232, 1.29747605323792, 2009603, 2, 84
2020.29690719, 53.1731664175419, 140.331852258799, 1.29459607601166, 2009603, 2, 92
2020.29690719, 53.173064374519, 140.331835294953, 1.29823756217957, 2009603, 2, 92
2020.29690719, 53.1729750498614, 140.331820423167, 1.36865293979645, 2009603, 2, 91
2020.29690719, 53.17287932584, 140.331804537181, 1.3842853307724, 2009603, 2, 91
2020.29690719, 53.1727963487935, 140.331790686118, 1.42983436584473, 2009603, 2, 91
2020.29690719, 53.1727133724492, 140.33177686959, 1.40364861488342, 2009603, 2, 92
2020.29690719, 53.1726304081551, 140.331763135529, 1.45086073875427, 2009603, 2, 92
2020.29690719, 53.1725410757529, 140.331748338762, 1.41932094097137, 2009603, 2, 92
2020.29690719, 53.1724517675411, 140.331733513487, 1.45740711688995, 2009603, 2, 92
2020.29690719, 53.1723688710844, 140.331719853639, 1.42778301239014, 2009603, 2, 92
2020.29690719, 53.1722732638599, 140.331704059343, 1.40972590446472, 2009603, 2, 92
2020.29690719, 53.172190438207, 140.331690266733, 1.42079162597656, 2009603, 2, 91
2020.29690719, 53.1720885734002, 140.331673535435, 1.36936330795288, 2009603, 2, 91
2020.29690719, 53.1719993778736, 140.331658772281, 1.40571856498718, 2009603, 2, 92
2020.29690719, 53.1719295547151, 140.331647123167, 1.40031313896179, 2009603, 2, 92
2020.29690719, 53.1718344130315, 140.331631528411, 1.417072057724, 2009603, 2, 92
2020.29690719, 53.1717456513415, 140.331616847046, 1.39911925792694, 2009603, 2, 91
2020.29690719, 53.1716632646337, 140.331603236097, 1.39476120471954, 2009603, 2, 91
2020.29690719, 53.1715682472282, 140.331587664251, 1.42178094387054, 2009603, 2, 91
2020.29690719, 53.1714859136376, 140.331574078156, 1.4031628370285, 2009603, 2, 92
2020.29690719, 53.1714162547085, 140.331562501829, 1.42261600494385, 2009603, 2, 92
2020.29690719, 53.1713339463886, 140.331549007571, 1.41601049900055, 2009603, 2, 92
2020.29690719, 53.17126429755, 140.331537486944, 1.42538380622864, 2009603, 2, 92
2020.29690719, 53.1711883147137, 140.331524892232, 1.35755217075348, 2009603, 2, 92
2020.29690719, 53.1711123245284, 140.331512332871, 1.31123435497284, 2009603, 2, 92
2020.29690719, 53.1710173254039, 140.331496694254, 1.24334895610809, 2009603, 2, 92
2020.29690719, 53.1709286366026, 140.33148205475, 1.25890576839447, 2009603, 2, 93
2020.29690719, 53.1708335729772, 140.331466247147, 1.25881850719452, 2009603, 2, 93
2020.29690719, 53.1707385652134, 140.3314504938, 1.30864000320435, 2009603, 2, 93
2020.29690719, 53.1706623547898, 140.331437831823, 1.35135364532471, 2009603, 2, 93
2020.29690719, 53.1705797615249, 140.331424054172, 1.37133133411407, 2009603, 2, 93
2020.29690719, 53.1704907907404, 140.331409293517, 1.36717307567596, 2009603, 2, 93
2020.29690719, 53.1703954264442, 140.33139340832, 1.32621729373932, 2009603, 2, 93
2020.29690719, 53.1703063914596, 140.33137853732, 1.29743194580078, 2009603, 2, 93
2020.29690719, 53.1701982476805, 140.331360486062, 1.30578315258026, 2009603, 2, 91
2020.29690719, 53.170096448946, 140.33134357792, 1.3410804271698, 2009603, 2, 91
2020.29690719, 53.1700073524671, 140.331328664069, 1.36003088951111, 2009603, 2, 91
2020.29690719, 53.1699309776058, 140.331315888201, 1.34276688098907, 2009603, 2, 87
2020.29690719, 53.1698355124371, 140.331300047872, 1.35401046276093, 2009603, 2, 87
2020.29690719, 53.1697273114964, 140.331282026834, 1.32585549354553, 2009603, 2, 83
2020.29690719, 53.1696254775347, 140.331264994803, 1.37174451351166, 2009603, 2, 83
2020.29690719, 53.1695300181961, 140.331249125995, 1.32384586334229, 2009603, 2, 66
2020.29690719, 53.1694409077861, 140.331234385782, 1.31900775432587, 2009603, 2, 74
2020.29690719, 53.1693582562821, 140.331220627798, 1.34657692909241, 2009603, 2, 74
2020.29690719, 53.1692756172999, 140.331206909323, 1.38411521911621, 2009603, 2, 74
2020.29690719, 53.1691866362576, 140.331192230451, 1.35790526866913, 2009603, 2, 78
2020.29690719, 53.1691040094417, 140.331178514957, 1.37348258495331, 2009603, 2, 78
2020.29690719, 53.1690150410063, 140.331163825556, 1.34618234634399, 2009603, 2, 78
2020.29690719, 53.1689260733672, 140.331149145399, 1.34916424751282, 2009603, 2, 78
2020.29690719, 53.1688116940767, 140.331130296835, 1.33682823181152, 2009603, 2, 78
2020.29690719, 53.168722727058, 140.331115582256, 1.3999981880188, 2009603, 2, 66
2020.29690719, 53.1686210541518, 140.331098843556, 1.32079493999481, 2009603, 2, 66
2020.29690719, 53.1685066613747, 140.331079898288, 1.27108931541443, 2009603, 2, 66
2020.29690719, 53.1684113288603, 140.331064156402, 1.29641246795654, 2009603, 2, 64
2020.29690719, 53.1683223518915, 140.331049562441, 1.30869340896606, 2009603, 2, 64
2020.29690719, 53.1682397121934, 140.331035822799, 1.34593999385834, 2009603, 2, 72
2020.29690719, 53.168138003635, 140.331019047766, 1.38835692405701, 2009603, 2, 72
2020.29690719, 53.1680489592109, 140.331004255626, 1.40223121643066, 2009603, 2, 72
2020.29690719, 53.1679535506097, 140.330988418323, 1.40322291851044, 2009603, 2, 82
2020.29690719, 53.1678517774159, 140.33097165434, 1.38619589805603, 2009603, 2, 82
2020.29690719, 53.1677627147139, 140.330956876867, 1.39895570278168, 2009603, 2, 82
2020.29690719, 53.167660933349, 140.330940105627, 1.3662246465683, 2009603, 2, 73
2020.29690719, 53.1675591464899, 140.330923315486, 1.35257494449615, 2009603, 2, 73
2020.29690719, 53.1672411064207, 140.330871326594, 1.34164214134216, 2009603, 2, 75
2020.29690719, 53.1671329826187, 140.330853627263, 1.29706835746765, 2009603, 2, 75
2020.29690719, 53.1670376079022, 140.330838267779, 1.23022449016571, 2009603, 2, 75
2020.29690719, 53.1669549376922, 140.330824707678, 1.14748549461365, 2009603, 2, 87
2020.29690719, 53.1668468850428, 140.330807420989, 1.20642054080963, 2009603, 2, 87
2020.29690719, 53.1667515640929, 140.330792253268, 1.27031219005585, 2009603, 2, 87
2020.29690719, 53.166662611484, 140.330778043059, 1.24077904224396, 2009603, 2, 87
2020.29690719, 53.1665673233755, 140.330762882557, 1.17253470420837, 2009603, 2, 87
2020.29690719, 53.1664847545365, 140.330749706929, 1.27048337459564, 2009603, 2, 88
2020.29690719, 53.1663958478395, 140.330735436303, 1.28383636474609, 2009603, 2, 88
2020.29690719, 53.1662942621552, 140.330719170755, 1.30425810813904, 2009603, 2, 88
2020.29690719, 53.1662053934519, 140.330704870234, 1.30374431610107, 2009603, 2, 88
2020.29690719, 53.1661165346943, 140.330690447314, 1.31467807292938, 2009603, 2, 88
2020.29690719, 53.166015003242, 140.330673895856, 1.30136811733246, 2009603, 2, 88
2020.29690719, 53.1659071514386, 140.330656298112, 1.28733670711517, 2009603, 2, 89
2020.29690719, 53.1658056559275, 140.330639478038, 1.28818356990814, 2009603, 2, 89
2020.29690719, 53.1657105307449, 140.330623820773, 1.27163946628571, 2009603, 2, 89
2020.29690719, 53.1656217577743, 140.330608977352, 1.27264153957367, 2009603, 2, 89
2020.29690719, 53.165526632113, 140.330592832163, 1.26501905918121, 2009603, 2, 89
2020.29690719, 53.165425167469, 140.330575337218, 1.279461145401, 2009603, 2, 87
2020.29690719, 53.1653047059057, 140.330554550163, 1.28802883625031, 2009603, 2, 87
2020.29690719, 53.1651969484668, 140.33053595564, 1.29675805568695, 2009603, 2, 89
2020.29690719, 53.1650892048311, 140.330517253118, 1.3160994052887, 2009603, 2, 89
2020.29690719, 53.1649878203288, 140.330499788545, 1.31325173377991, 2009603, 2, 80
2020.29690719, 53.1648864399114, 140.330482137951, 1.32539117336273, 2009603, 2, 80
2020.29690719, 53.1647914122734, 140.330465784783, 1.3430141210556, 2009603, 2, 80
2020.29690719, 53.1647027203419, 140.330450414323, 1.2884464263916, 2009603, 2, 51
2020.29690719, 53.1645000071042, 140.330415485667, 1.47246301174164, 2009603, 2, 51
2020.2969072, 53.1594210552717, 140.329585275443, 0.937357902526855, 2009603, 2, 65
2020.2969072, 53.1593127809311, 140.329566706309, 0.984326004981995, 2009603, 2, 65
2020.2969072, 53.1592170414279, 140.329550102897, 0.969830513000488, 2009603, 2, 80
2020.2969072, 53.1591085100892, 140.329531313846, 1.00207340717316, 2009603, 2, 80
2020.2969072, 53.1590063416252, 140.329513629871, 1.00088512897491, 2009603, 2, 80
2020.2969072, 53.1588850106069, 140.329492685154, 0.979686081409454, 2009603, 2, 91
2020.2969072, 53.1587764623047, 140.329474129265, 0.982015192508698, 2009603, 2, 91
2020.2969072, 53.1586934611653, 140.329459846043, 1.00149083137512, 2009603, 2, 91
2020.2969072, 53.1585913381834, 140.329442577374, 0.97998708486557, 2009603, 2, 91
2020.2969072, 53.1584892446914, 140.329425306968, 0.99870491027832, 2009603, 2, 92
2020.2969072, 53.1583808169267, 140.329407138825, 0.977818071842194, 2009603, 2, 92
2020.2969072, 53.1582788258899, 140.329390286429, 0.944366157054901, 2009603, 2, 92
2020.2969072, 53.1581705184383, 140.329372550432, 1.01307845115662, 2009603, 2, 66
2020.2969072, 53.1580749943101, 140.329356795402, 1.27922189235687, 2009603, 2, 66
2020.2969072, 53.1580108392202, 140.329346270113, 1.4847959280014, 2009603, 2, 66
2020.29690722, 53.1180935596923, 140.322936292718, 1.28177881240845, 1325771, 2, 57
2020.29690722, 53.1178011274697, 140.322890097443, 1.27548110485077, 1325771, 2, 64
2020.29690722, 53.117515115053, 140.322845178966, 1.2966639995575, 1325771, 2, 62
2020.29690722, 53.1172291161452, 140.322800544206, 1.30600583553314, 1325771, 2, 64
2020.29690722, 53.1169493272553, 140.322756459038, 1.2966673374176, 1325771, 2, 67
2020.29690722, 53.1167395844829, 140.322723338886, 1.28522539138794, 1325771, 2, 63
2020.29690722, 53.116504571993, 140.322686207868, 1.32757842540741, 1325771, 2, 63
2020.29690722, 53.116295123655, 140.322652983907, 1.3198881149292, 1325771, 2, 60
2020.29690722, 53.1109900656037, 140.321798129236, 1.21875154972076, 2009603, 2, 53
2020.29690722, 53.1083677543544, 140.321370946281, 1.15320026874542, 2009603, 2, 89
2020.29690722, 53.1080751078948, 140.321322899282, 1.18735241889954, 2009603, 2, 54
2020.29690722, 53.1071710516749, 140.321175010317, 1.18972682952881, 164467, 2, 53
2020.29690722, 53.1070057093117, 140.321148306651, 1.05289947986603, 164467, 2, 53
2020.29690722, 53.1068721866558, 140.32112651845, 1.4826831817627, 164467, 2, 53
2020.29690747, 52.6038003890793, 140.239395504441, 1.90193223953247, 2009603, 2, 96
2020.29690747, 52.603208278165, 140.239301011711, 1.87958562374115, 2009603, 2, 96
2020.29690747, 52.6026803823692, 140.239218119565, 1.88141810894012, 2009603, 2, 96
2020.29690747, 52.6021032722006, 140.239129221205, 1.86453998088837, 2009603, 2, 96
2020.29690747, 52.6015402098379, 140.239042734403, 1.84985101222992, 2009603, 2, 97
2020.29690747, 52.6010469186798, 140.238965672661, 1.89079940319061, 2009603, 2, 97
2020.29690747, 52.6006225996667, 140.238897762951, 1.85558748245239, 2009603, 2, 97
2020.29690748, 52.600273266633, 140.238840952131, 1.84322023391724, 2009603, 2, 98
2020.29690748, 52.5999229340455, 140.238783514176, 1.89925420284271, 2009603, 2, 98
2020.29690748, 52.5995520726821, 140.238722281435, 1.85858309268951, 2009603, 2, 97
2020.29690748, 52.5992386004506, 140.238670351312, 1.81685018539429, 2009603, 2, 97
2020.29690748, 52.5989446219037, 140.238621813449, 1.84764063358307, 2009603, 2, 97
2020.29690748, 52.59861938956, 140.238568502621, 1.85667538642883, 2009603, 2, 97
2020.29690748, 52.5983525036689, 140.238524973138, 1.85752093791962, 2009603, 2, 97
2020.29690748, 52.5980354406576, 140.238473932753, 1.84011888504028, 2009603, 2, 97
2020.29690748, 52.5966739469799, 140.238263418648, 2.16572952270508, 2009603, 2, 96
2020.29690748, 52.5961337472566, 140.238179031319, 1.84689271450043, 2009603, 2, 93
2020.29690748, 52.5952154957098, 140.238027755054, 2.51492214202881, 2009603, 2, 80
2020.29690748, 52.5905666117894, 140.237284439209, 2.91349315643311, 164956, 2, 74
2020.29690748, 52.5896958802249, 140.237149093077, 2.95762753486633, 164956, 2, 78
2020.29690748, 52.5886148900405, 140.23697954057, 2.89444804191589, 164956, 2, 83
2020.29690715, 53.2360111312011, 140.294885892179, 1.03081870079041, 2009603, 3, 84
2020.29690715, 53.2355611881776, 140.294812019839, 1.01208508014679, 2009603, 3, 93
2020.29690715, 53.2351109301975, 140.294739375648, 0.98496001958847, 2009603, 3, 96
2020.29690715, 53.2346720244059, 140.294669783861, 0.996276915073395, 2009603, 3, 94
2020.29690715, 53.2341798603251, 140.294593075387, 0.993984997272491, 2009603, 3, 95
2020.29690715, 53.2337387621418, 140.294524292123, 0.976730287075043, 2009603, 3, 95
2020.29690715, 53.2332422243518, 140.294445625159, 1.01474761962891, 2009603, 3, 95
2020.29690715, 53.232831444804, 140.294378910752, 1.01890432834625, 2009603, 3, 95
2020.29690715, 53.2323323317826, 140.29429666564, 1.00187397003174, 2009603, 3, 95
2020.29690715, 53.2319073886412, 140.294226252581, 1.00163519382477, 2009603, 3, 95
2020.29690715, 53.2315055442278, 140.294159981375, 0.996506571769714, 2009603, 3, 94
2020.29690715, 53.2310712694287, 140.294089714379, 1.01596128940582, 2009603, 3, 95
2020.29690715, 53.2305359271632, 140.294005652832, 1.00759959220886, 2009603, 3, 93
2020.29690715, 53.2299771845355, 140.293919301207, 0.982059180736542, 2009603, 3, 95
2020.29690715, 53.229488766723, 140.293842082725, 1.01425802707672, 2009603, 3, 94
2020.29690715, 53.2290378248349, 140.293767396534, 1.03332936763763, 2009603, 3, 96
2020.29690715, 53.2285992755248, 140.293694540855, 1.00351512432098, 2009603, 3, 95
2020.29690715, 53.228065158305, 140.293607861331, 0.992902100086212, 2009603, 3, 95
2020.29690715, 53.2275818604536, 140.293532568015, 0.998204946517944, 2009603, 3, 95
2020.29690715, 53.2271367123063, 140.293463598111, 1.00881743431091, 2009603, 3, 96
2020.29690715, 53.2266725270887, 140.293390329748, 0.989759922027588, 2009603, 3, 96
2020.29690715, 53.226195702093, 140.293313859005, 0.989083349704742, 2009603, 3, 96
2020.29690715, 53.2256935058436, 140.293233564113, 0.982923865318298, 2009603, 3, 96
2020.29690715, 53.2251914701092, 140.293155066017, 0.979256570339203, 2009603, 3, 96
2020.29690715, 53.2246129376434, 140.293063994124, 0.992233455181122, 2009603, 3, 96
2020.29690715, 53.2241421270948, 140.292988107829, 1.00635504722595, 2009603, 3, 95
2020.29690715, 53.2236840661689, 140.292912969579, 1.00906085968018, 2009603, 3, 96
2020.29690716, 53.2207150321641, 140.2924389427, 0.990880191326141, 2009603, 3, 58
2020.29690716, 53.2201802554434, 140.292354533533, 1.16544818878174, 2009603, 3, 53
2020.29690721, 53.1050058845757, 140.27362021589, 0.957299530506134, 2009603, 3, 63
2020.29690721, 53.1044904774241, 140.27353757656, 0.825898885726929, 2009603, 3, 93
2020.29690721, 53.1041095639525, 140.273476369891, 0.639849007129669, 2009603, 3, 94
2020.29690721, 53.1036944129435, 140.273409915649, 0.934229075908661, 164467, 3, 93
2020.29690721, 53.1031983454746, 140.273332330764, 1.31033217906952, 164467, 3, 61
2020.29690746, 52.6108819682774, 140.193928952541, 1.80432951450348, 2009603, 3, 95
2020.29690746, 52.6094892651455, 140.19370127148, 1.80532956123352, 2009603, 3, 97
2020.29690746, 52.6079801265208, 140.193460804866, 1.79014158248901, 2009603, 3, 97
2020.29690746, 52.6061516588356, 140.19316163595, 1.81200325489044, 2009603, 3, 97
2020.29690746, 52.6044008326341, 140.19288289422, 1.7765029668808, 2009603, 3, 98
2020.29690746, 52.6027435384014, 140.192622909475, 1.79273903369904, 2009603, 3, 98
2020.29690746, 52.6013442566418, 140.192393242853, 1.78852498531342, 2009603, 3, 97
2020.29690747, 52.6002125054765, 140.192212093624, 1.80677485466003, 2009603, 3, 96
2020.29690747, 52.5984338621977, 140.191923814775, 1.85113322734833, 2009603, 3, 96
2020.29690716, 53.2367152506751, 140.293827401789, 1.15371882915497, 2009603, 4, 63
2020.29690716, 53.2365623691249, 140.293803354561, 1.11540031433105, 2009603, 4, 63
2020.29690716, 53.2364094414964, 140.293779134579, 1.05009377002716, 2009603, 4, 84
2020.29690716, 53.2362756153832, 140.293757841845, 1.1657555103302, 2009603, 4, 84
2020.29690716, 53.2361226881972, 140.293733528387, 1.04622280597687, 2009603, 4, 94
2020.29690716, 53.2359697520804, 140.293708619959, 1.00195872783661, 2009603, 4, 95
2020.29690716, 53.2358041226797, 140.29368152877, 1.01661503314972, 2009603, 4, 95
2020.29690716, 53.2356449342132, 140.293655405553, 1.0108323097229, 2009603, 4, 94
2020.29690716, 53.2354985620597, 140.293631405213, 0.991176605224609, 2009603, 4, 95
2020.29690716, 53.2353522683902, 140.293607409835, 1.02547192573547, 2009603, 4, 95
2020.29690716, 53.2351997035171, 140.29358245872, 1.02022242546082, 2009603, 4, 95
2020.29690716, 53.2350535905408, 140.293558677644, 1.02840638160706, 2009603, 4, 95
2020.29690716, 53.2348885126765, 140.293531921593, 0.998790085315704, 2009603, 4, 95
2020.29690716, 53.2347362529981, 140.29350748381, 1.01872718334198, 2009603, 4, 95
2020.29690716, 53.2345841576972, 140.293483353334, 0.980318009853363, 2009603, 4, 96
2020.29690716, 53.2344574291093, 140.293463342849, 1.01200795173645, 2009603, 4, 95
2020.29690716, 53.2343306949089, 140.293443408708, 1.04502165317535, 2009603, 4, 95
2020.29690716, 53.2341659017685, 140.293417529558, 1.03633403778076, 2009603, 4, 94
2020.29690716, 53.234032754634, 140.293396711621, 1.04619419574738, 2009603, 4, 94
2020.29690716, 53.2339122158195, 140.293377758476, 1.0313857793808, 2009603, 4, 94
2020.29690716, 53.2337662269056, 140.293354825436, 0.998467147350311, 2009603, 4, 94
2020.29690716, 53.2336074250525, 140.293329807404, 1.03040492534637, 2009603, 4, 95
2020.29690716, 53.2334484318772, 140.293304639462, 1.07828319072723, 2009603, 4, 95
2020.29690716, 53.2333210538977, 140.293284322342, 1.02003335952759, 2009603, 4, 95
2020.29690716, 53.2331681406012, 140.293259855501, 1.02593874931335, 2009603, 4, 95
2020.29690716, 53.2330279285297, 140.293237280248, 1.04714548587799, 2009603, 4, 95
2020.29690716, 53.2328686093522, 140.293211642372, 1.0104808807373, 2009603, 4, 95
2020.29690716, 53.2327220626667, 140.293187999301, 1.01473093032837, 2009603, 4, 95
2020.29690716, 53.232575574268, 140.293164361077, 1.03462147712708, 2009603, 4, 95
2020.29690716, 53.23242915068, 140.293140637559, 1.02079856395721, 2009603, 4, 95
2020.29690716, 53.232289124762, 140.293117932582, 0.990683853626251, 2009603, 4, 95
2020.29690716, 53.2321430308541, 140.293094324759, 1.02235424518585, 2009603, 4, 95
2020.29690716, 53.2319843301201, 140.293068650229, 1.0281298160553, 2009603, 4, 95
2020.29690716, 53.2318510990792, 140.293047130023, 1.03038799762726, 2009603, 4, 95
2020.29690716, 53.2316735322029, 140.293018456647, 1.01809394359589, 2009603, 4, 94
2020.29690716, 53.2315086998799, 140.292991864732, 1.03766393661499, 2009603, 4, 95
2020.29690716, 53.2313565670467, 140.292967327807, 1.01585614681244, 2009603, 4, 96
2020.29690716, 53.2312234449397, 140.292945859022, 1.03378820419312, 2009603, 4, 96
2020.29690716, 53.2310649464504, 140.292920362133, 1.02459931373596, 2009603, 4, 96
2020.29690716, 53.230906383483, 140.292894822432, 0.999359726905823, 2009603, 4, 95
2020.29690716, 53.2307731355114, 140.292873402952, 1.00821757316589, 2009603, 4, 95
2020.29690716, 53.2306271313625, 140.292849927193, 1.02540576457977, 2009603, 4, 95
2020.29690716, 53.2304874049562, 140.29282746107, 1.01103913784027, 2009603, 4, 95
2020.29690716, 53.2303539705493, 140.292806039298, 0.992418885231018, 2009603, 4, 95
2020.29690716, 53.2301568870384, 140.292774465145, 1.01646065711975, 2009603, 4, 95
2020.29690716, 53.2299787661112, 140.292745957968, 0.950477063655853, 2009603, 4, 95
2020.29690716, 53.2298069177343, 140.292718487266, 1.01000845432281, 2009603, 4, 95
2020.29690716, 53.22966045878, 140.292695097533, 0.977869808673859, 2009603, 4, 94
2020.29690716, 53.2294947843926, 140.292668701349, 1.00889539718628, 2009603, 4, 94
2020.29690716, 53.2293482138118, 140.292645315022, 1.00363409519196, 2009603, 4, 94
2020.29690716, 53.229201658287, 140.292621931373, 0.991864740848541, 2009603, 4, 95
2020.29690716, 53.2290806059569, 140.292602508991, 1.01291882991791, 2009603, 4, 95
2020.29690716, 53.2289659542266, 140.292584095768, 1.05838310718536, 2009603, 4, 95
2020.29690716, 53.2288577071603, 140.292566683245, 0.998860001564026, 2009603, 4, 95
2020.29690716, 53.2287176759382, 140.292544113233, 1.02507948875427, 2009603, 4, 95
2020.29690716, 53.228564991891, 140.292519408023, 0.987284660339355, 2009603, 4, 95
2020.29690716, 53.2283869914812, 140.292490445485, 1.02607607841492, 2009603, 4, 94
2020.29690716, 53.2282473090432, 140.292467473031, 1.00013649463654, 2009603, 4, 95
2020.29690716, 53.2281203708883, 140.292446610161, 1.02177476882935, 2009603, 4, 95
2020.29690716, 53.2279744270608, 140.292422608254, 0.978102684020996, 2009603, 4, 96
2020.29690716, 53.2278221787444, 140.292397757824, 1.0106064081192, 2009603, 4, 96
2020.29690716, 53.2276826244312, 140.292375070018, 1.00958704948425, 2009603, 4, 96
2020.29690716, 53.2275621086721, 140.292355663726, 1.01506996154785, 2009603, 4, 96
2020.29690716, 53.227422543611, 140.2923332815, 1.02586817741394, 2009603, 4, 95
2020.29690716, 53.2272766089147, 140.292310009975, 1.00622475147247, 2009603, 4, 95
2020.29690716, 53.2271496889986, 140.292289930267, 0.992681205272675, 2009603, 4, 96
2020.29690716, 53.2270226028042, 140.292270380387, 1.01641476154327, 2009603, 4, 96
2020.29690716, 53.2268637174733, 140.292245907547, 1.02736818790436, 2009603, 4, 95
2020.29690716, 53.2266921240295, 140.292219542329, 1.01096630096436, 2009603, 4, 96
2020.29690716, 53.2265014627377, 140.292189961737, 1.02033030986786, 2009603, 4, 96
2020.29690716, 53.2263299000204, 140.292163118543, 1.01926600933075, 2009603, 4, 95
2020.29690716, 53.2261647289182, 140.292137022408, 1.03317487239838, 2009603, 4, 96
2020.29690716, 53.2260122801994, 140.29211251883, 1.04390478134155, 2009603, 4, 96
2020.29690716, 53.2258472232982, 140.292085576064, 0.991643607616425, 2009603, 4, 95
2020.29690716, 53.2257014739093, 140.292061055148, 1.030881524086, 2009603, 4, 96
2020.29690716, 53.2255366541692, 140.292033159691, 1.0185182094574, 2009603, 4, 96
2020.29690716, 53.225390731346, 140.292008234601, 1.0375941991806, 2009603, 4, 96
2020.29690716, 53.2252319804392, 140.291981167555, 1.05338633060455, 2009603, 4, 96
2020.29690717, 53.2251048363843, 140.291959441738, 1.02560389041901, 2009603, 4, 96
2020.29690717, 53.224958480545, 140.291934618833, 1.01883947849274, 2009603, 4, 96
2020.29690717, 53.2248183229025, 140.291910897958, 1.05147504806519, 2009603, 4, 96
2020.29690717, 53.2246527388459, 140.291883097645, 1.03801608085632, 2009603, 4, 96
2020.29690717, 53.224486025086, 140.291855814165, 1.06507754325867, 2009603, 4, 96
2020.29690717, 53.2243577890586, 140.291835018399, 1.0346827507019, 2009603, 4, 96
2020.29690717, 53.2242040319061, 140.291810384172, 1.03094518184662, 2009603, 4, 95
2020.29690717, 53.224050498326, 140.2917859196, 1.0464471578598, 2009603, 4, 95
2020.29690717, 53.2239100486247, 140.291763710797, 1.03534352779388, 2009603, 4, 95
2020.29690717, 53.2237953773665, 140.291745646157, 1.15931916236877, 2009603, 4, 95
2020.29690717, 53.2236936643727, 140.291729741717, 1.26589941978455, 2009603, 4, 91
2020.29690717, 53.2235667958502, 140.291709866029, 1.35142135620117, 2009603, 4, 91
2020.29690717, 53.2234465745565, 140.291691085755, 1.50778126716614, 2009603, 4, 52
2020.29690717, 53.2233391601326, 140.291674214386, 2.16118454933167, 2009603, 4, 52
2020.29690717, 53.2211650159583, 140.29132069468, 1.02856469154358, 2009603, 4, 67
2020.29690717, 53.2209909467636, 140.291291837771, 0.968370497226715, 2009603, 4, 67
2020.29690717, 53.2207917495186, 140.291258869268, 0.988754391670227, 2009603, 4, 67
2020.29690717, 53.2206581756651, 140.291237181462, 1.08572828769684, 2009603, 4, 51
2020.29690717, 53.2205312640771, 140.291216541736, 1.14390242099762, 2009603, 4, 51
2020.29690718, 53.1904493714519, 140.286254874432, 1.01917016506195, 2009603, 4, 60
2020.29690718, 53.1902830681898, 140.286227763376, 1.07761204242706, 2009603, 4, 60
2020.29690718, 53.1873773981999, 140.285739611265, 1.0316241979599, 2009603, 4, 89
2020.29690718, 53.1871666053072, 140.285705023592, 1.04659116268158, 2009603, 4, 70
2020.29690722, 53.1047243782584, 140.27240358273, 1.26086175441742, 2009603, 4, 82
2020.29690722, 53.1045969198527, 140.272381574875, 1.14906990528107, 2009603, 4, 82
2020.29690723, 53.1044694988816, 140.272359705411, 0.926359057426453, 2009603, 4, 94
2020.29690723, 53.1043229652765, 140.272334317439, 0.910443186759949, 2009603, 4, 94
2020.29690723, 53.1041446626472, 140.272303712498, 0.845281600952148, 2009603, 4, 95
2020.29690723, 53.1039791475481, 140.272275371646, 0.86948299407959, 2009603, 4, 95
2020.29690723, 53.1037911211697, 140.272243712458, 0.782418549060822, 2009603, 4, 94
2020.29690723, 53.1035723878542, 140.272207543402, 0.885703802108765, 164467, 4, 94
2020.29690723, 53.1033119410028, 140.272165289563, 0.80437821149826, 164467, 4, 94
2020.29690723, 53.1030640189264, 140.272125668836, 0.813097476959229, 164467, 4, 93
2020.29690723, 53.1028731500092, 140.272095569764, 0.873972237110138, 164467, 4, 93
2020.29690723, 53.102688466158, 140.272066473313, 0.921327292919159, 164467, 4, 91
2020.29690747, 52.6107480144427, 140.192683389222, 1.8543496131897, 2009603, 4, 94
2020.29690747, 52.610359346194, 140.192621862514, 1.88021636009216, 2009603, 4, 96
2020.29690747, 52.6098873618216, 140.19254761228, 1.82575798034668, 2009603, 4, 96
2020.29690747, 52.6093323594023, 140.192460642426, 1.82196128368378, 2009603, 4, 98
2020.29690747, 52.6088414172755, 140.192383818744, 1.85631608963013, 2009603, 4, 97
2020.29690747, 52.6083834172304, 140.192311247776, 1.82739233970642, 2009603, 4, 97
2020.29690747, 52.607945707842, 140.1922407743, 1.83191514015198, 2009603, 4, 97
2020.29690747, 52.6074961437713, 140.192167647231, 1.852095246315, 2009603, 4, 98
2020.29690747, 52.6069503746952, 140.192080906449, 1.84854459762573, 2009603, 4, 98
2020.29690747, 52.6063826028476, 140.191994870837, 1.8475615978241, 2009603, 4, 98
2020.29690747, 52.6056737183312, 140.191886839016, 1.85872447490692, 2009603, 4, 98
2020.29690747, 52.6051522130388, 140.191802253329, 1.85949158668518, 2009603, 4, 99
2020.29690747, 52.6045312105839, 140.191700258173, 1.82099771499634, 2009603, 4, 99
2020.29690747, 52.6039425470887, 140.191608347357, 1.84815955162048, 2009603, 4, 98
2020.29690747, 52.6034854763673, 140.191539237424, 1.82970118522644, 2009603, 4, 97
2020.29690747, 52.6030455939658, 140.191471856026, 1.84185230731964, 2009603, 4, 97
2020.29690747, 52.6025832112238, 140.19139729281, 1.80935025215149, 2009603, 4, 98
2020.29690747, 52.6021092080204, 140.19131886443, 1.81981885433197, 2009603, 4, 98
2020.29690748, 52.6016768278489, 140.19124684384, 1.77742576599121, 2009603, 4, 98
2020.29690748, 52.6012743179883, 140.191180509147, 1.82966876029968, 2009603, 4, 98
2020.29690748, 52.6008911251027, 140.191118388873, 1.8261536359787, 2009603, 4, 96
2020.29690748, 52.6005697896243, 140.191067224504, 1.77994632720947, 2009603, 4, 97
2020.29690748, 52.6001695631337, 140.191004660462, 1.80492615699768, 2009603, 4, 96
2020.29690748, 52.5994926233992, 140.190900682819, 1.83892834186554, 2009603, 4, 95
2020.29690748, 52.5985779160023, 140.190759882793, 1.80073094367981, 2009603, 4, 96
2020.29690714, 53.2492276280015, 140.248532355632, 1.33744287490845, 2009603, 5, 68
2020.29690714, 53.248904518091, 140.248479388845, 1.0986750125885, 2009603, 5, 78
2020.29690714, 53.2485426501552, 140.248420495173, 1.05021142959595, 2009603, 5, 78
2020.29690714, 53.2482055298346, 140.248366097563, 1.07026994228363, 2009603, 5, 80
2020.29690714, 53.2478488362606, 140.248308998519, 1.07940351963043, 2009603, 5, 82
2020.29690714, 53.2475232955125, 140.248257423465, 1.05424773693085, 2009603, 5, 89
2020.29690714, 53.2472234182428, 140.248210005143, 1.07255065441132, 2009603, 5, 92
2020.29690714, 53.2468730868348, 140.248154423706, 1.08879804611206, 2009603, 5, 89
2020.29690714, 53.246504572889, 140.248095515869, 1.07020962238312, 2009603, 5, 80
2020.29690714, 53.2461566087886, 140.248039219269, 1.0642237663269, 2009603, 5, 85
2020.29690714, 53.2458152205354, 140.247983465788, 1.0590705871582, 2009603, 5, 94
2020.29690714, 53.2454608498964, 140.247925185453, 1.06370770931244, 2009603, 5, 95
2020.29690715, 53.2450927846228, 140.247864430375, 1.03877758979797, 2009603, 5, 95
2020.29690715, 53.2447617282966, 140.247809842352, 1.08136200904846, 2009603, 5, 97
2020.29690715, 53.2443728499977, 140.247746287607, 1.05394446849823, 2009603, 5, 97
2020.29690715, 53.2440029745317, 140.247686595744, 1.05949103832245, 2009603, 5, 96
2020.29690715, 53.2436527510974, 140.247631193372, 1.04862534999847, 2009603, 5, 97
2020.29690715, 53.2432837087207, 140.247573329686, 1.04988276958466, 2009603, 5, 96
2020.29690715, 53.2428894356442, 140.247511746429, 1.05322647094727, 2009603, 5, 95
2020.29690715, 53.2425270491071, 140.247454887093, 1.09552240371704, 2009603, 5, 95
2020.29690715, 53.242209147177, 140.247404714815, 1.13479471206665, 2009603, 5, 96
2020.29690715, 53.2418784565346, 140.247352553143, 1.1720118522644, 2009603, 5, 93
2020.29690715, 53.2415158716753, 140.24729546991, 1.09103143215179, 2009603, 5, 93
2020.29690715, 53.2411467227522, 140.247237852745, 1.04671931266785, 2009603, 5, 96
2020.29690715, 53.2407777240393, 140.247179989719, 1.06139969825745, 2009603, 5, 96
2020.29690715, 53.2403774444092, 140.247116124206, 1.0706022977829, 2009603, 5, 96
2020.29690715, 53.2400096312623, 140.247055966211, 1.08639979362488, 2009603, 5, 97
2020.29690715, 53.2395663617296, 140.246982175974, 1.07976341247559, 2009603, 5, 96
2020.29690715, 53.2391670127898, 140.246916824668, 1.06544363498688, 2009603, 5, 96
2020.29690715, 53.238811311131, 140.246860395611, 1.05564093589783, 2009603, 5, 96
2020.29690715, 53.2384354911954, 140.246803270469, 1.0634378194809, 2009603, 5, 96
2020.29690715, 53.2380087614551, 140.246738165589, 1.06155788898468, 2009603, 5, 97
2020.29690715, 53.2376525181296, 140.246682626713, 1.03230965137482, 2009603, 5, 96
2020.29690715, 53.2372975827497, 140.246624027835, 1.05196154117584, 2009603, 5, 96
2020.29690715, 53.2369492385534, 140.246565672854, 1.02263140678406, 2009603, 5, 98
2020.29690715, 53.2365372983234, 140.246496964632, 1.08302974700928, 2009603, 5, 96
2020.29690715, 53.236047952209, 140.246418067024, 1.05982315540314, 2009603, 5, 96
2020.29690715, 53.2356275806849, 140.246352392338, 1.07246088981628, 2009603, 5, 94
2020.29690715, 53.235232555544, 140.24629119667, 1.07325792312622, 2009603, 5, 94
2020.29690715, 53.2347997718115, 140.246223589544, 1.08493411540985, 2009603, 5, 95
2020.29690715, 53.234405452888, 140.246161239023, 1.07622861862183, 2009603, 5, 93
2020.29690715, 53.2340109910463, 140.246098387066, 1.06468534469604, 2009603, 5, 94
2020.29690715, 53.2336224474226, 140.246036218162, 1.03272557258606, 2009603, 5, 93
2020.29690715, 53.2331125058305, 140.245954600698, 1.03030860424042, 2009603, 5, 95
2020.29690715, 53.2327050117293, 140.245889562908, 1.01625049114227, 2009603, 5, 95
2020.29690715, 53.2323428083143, 140.245832039938, 1.03901135921478, 2009603, 5, 92
2020.29690715, 53.232019130563, 140.245780912501, 1.04786765575409, 2009603, 5, 91
2020.29690715, 53.2316760955968, 140.245727014954, 1.07426238059998, 2009603, 5, 56
2020.29690721, 53.117710017483, 140.22731486303, 1.32390248775482, 2009603, 5, 62
2020.29690721, 53.1171771938573, 140.227228811273, 0.969663619995117, 2009603, 5, 91
2020.29690721, 53.1165800214373, 140.22712855177, 0.92209780216217, 2009603, 5, 89
2020.29690746, 52.6114897245563, 140.146261544367, 1.81154978275299, 2009603, 5, 98
2020.29690746, 52.6097864882482, 140.145979714053, 1.80235064029694, 2009603, 5, 98
2020.29690746, 52.608397870447, 140.145760288738, 1.83270406723022, 2009603, 5, 98
2020.29690746, 52.6072193718035, 140.14557111713, 1.8107271194458, 2009603, 5, 97
2020.29690746, 52.6060475055387, 140.145378751746, 1.80740797519684, 2009603, 5, 98
2020.29690746, 52.6047227691147, 140.14516864959, 1.79395723342896, 2009603, 5, 99
2020.29690746, 52.6033527801945, 140.144950457966, 1.81622850894928, 2009603, 5, 98
2020.29690747, 52.6016379577642, 140.144677459214, 1.80910623073578, 2009603, 5, 99
2020.29690715, 53.2494325674175, 140.247269475604, 1.23774373531342, 2009603, 6, 79
2020.29690715, 53.2493435013957, 140.247255520936, 1.09013497829437, 2009603, 6, 79
2020.29690715, 53.2492354046714, 140.247238629695, 1.01946461200714, 2009603, 6, 80
2020.29690715, 53.2491083082132, 140.247218847056, 1.0049215555191, 2009603, 6, 80
2020.29690715, 53.2489939595561, 140.247201066995, 1.07214903831482, 2009603, 6, 81
2020.29690715, 53.2488923575992, 140.247185314432, 1.03346574306488, 2009603, 6, 81
2020.29690715, 53.2488034857078, 140.247171567713, 1.05359518527985, 2009603, 6, 81
2020.29690715, 53.2487273166277, 140.247159789193, 1.03606772422791, 2009603, 6, 82
2020.29690715, 53.2486447933846, 140.247147010764, 1.06761729717255, 2009603, 6, 82
2020.29690715, 53.2485686334512, 140.247135233845, 1.03134453296661, 2009603, 6, 82
2020.29690715, 53.2484797732804, 140.247121480739, 1.03658270835876, 2009603, 6, 82
2020.29690715, 53.2483972677759, 140.247108717644, 1.04182243347168, 2009603, 6, 82
2020.29690715, 53.2483147378661, 140.247095910294, 1.05289685726166, 2009603, 6, 82
2020.29690715, 53.2482068159523, 140.247079164564, 1.06260550022125, 2009603, 6, 81
2020.29690715, 53.2481243669081, 140.247066341414, 1.05922853946686, 2009603, 6, 81
2020.29690715, 53.2480480237882, 140.247054406429, 1.04236948490143, 2009603, 6, 81
2020.29690715, 53.2479653129478, 140.247041449449, 1.05821084976196, 2009603, 6, 83
2020.29690715, 53.2478635090653, 140.247025464936, 1.07187008857727, 2009603, 6, 83
2020.29690715, 53.2477807941222, 140.247012439845, 1.04148328304291, 2009603, 6, 83
2020.29690715, 53.2477044417688, 140.247000375484, 1.05061185359955, 2009603, 6, 79
2020.29690715, 53.2476280971186, 140.246988287178, 1.03392231464386, 2009603, 6, 79
2020.29690715, 53.2475454044902, 140.246975157461, 1.06739020347595, 2009603, 6, 79
2020.29690715, 53.2474563602254, 140.246960966899, 1.07036924362183, 2009603, 6, 81
2020.29690715, 53.247373700226, 140.246947762809, 1.08775234222412, 2009603, 6, 81
2020.29690715, 53.2472783640627, 140.246932504652, 1.09964156150818, 2009603, 6, 81
2020.29690715, 53.24720210671, 140.246920246297, 1.09562706947327, 2009603, 6, 79
2020.29690716, 53.2471131846011, 140.246905937852, 1.0534793138504, 2009603, 6, 79
2020.29690716, 53.2470242838385, 140.246891577342, 1.07169759273529, 2009603, 6, 79
2020.29690716, 53.2469290801264, 140.246876176084, 1.0810672044754, 2009603, 6, 81
2020.29690716, 53.2468401855292, 140.24686180665, 1.05151522159576, 2009603, 6, 81
2020.29690716, 53.2467452272825, 140.246846322291, 1.06096291542053, 2009603, 6, 82
2020.29690716, 53.2466629510787, 140.246832880005, 1.03873550891876, 2009603, 6, 82
2020.29690716, 53.2465743694222, 140.246818411705, 1.05245041847229, 2009603, 6, 82
2020.29690716, 53.2464921241899, 140.246804971602, 1.06369483470917, 2009603, 6, 86
2020.29690716, 53.2464035543876, 140.2467904953, 1.05116283893585, 2009603, 6, 86
2020.29690716, 53.24632130423, 140.24677705715, 1.08524739742279, 2009603, 6, 86
2020.29690716, 53.2462390437131, 140.246763627316, 1.05691087245941, 2009603, 6, 92
2020.29690716, 53.2461567733897, 140.24675022402, 1.0608743429184, 2009603, 6, 92
2020.29690716, 53.2460807973049, 140.246737839764, 1.06225168704987, 2009603, 6, 87
2020.29690716, 53.245998471221, 140.246724449189, 1.0624076128006, 2009603, 6, 95
2020.29690716, 53.2459034424073, 140.246709031313, 1.0627635717392, 2009603, 6, 95
2020.29690716, 53.2458083651997, 140.246693637988, 1.06545567512512, 2009603, 6, 95
2020.29690716, 53.2457132335124, 140.246678275094, 1.08522665500641, 2009603, 6, 96
2020.29690716, 53.2456118745697, 140.24666188005, 1.09322965145111, 2009603, 6, 96
2020.29690716, 53.2455227968493, 140.246647645171, 1.06343817710876, 2009603, 6, 96
2020.29690716, 53.2454464052501, 140.246635459216, 1.07040655612946, 2009603, 6, 97
2020.29690716, 53.2453636357255, 140.246622308593, 1.0740841627121, 2009603, 6, 97
2020.29690716, 53.2452744559213, 140.24660814578, 1.08564746379852, 2009603, 6, 97
2020.29690716, 53.2451852652202, 140.246594020833, 1.07467138767242, 2009603, 6, 97
2020.29690716, 53.2451024257283, 140.246580902267, 1.04962170124054, 2009603, 6, 97
2020.29690716, 53.2450195861642, 140.246567808857, 1.07227277755737, 2009603, 6, 97
2020.29690716, 53.2449240168301, 140.246552730242, 1.09930443763733, 2009603, 6, 97
2020.29690716, 53.2448284491031, 140.246537644571, 1.0890725851059, 2009603, 6, 97
2020.29690716, 53.2447392818817, 140.246523586073, 1.07159090042114, 2009603, 6, 95
2020.29690716, 53.2446565031842, 140.246510532287, 1.06395888328552, 2009603, 6, 95
2020.29690716, 53.2445801098014, 140.246498474865, 1.08268737792969, 2009603, 6, 95
2020.29690716, 53.2445037543369, 140.246486435368, 1.06241488456726, 2009603, 6, 95
2020.29690716, 53.2444210531802, 140.246473368088, 1.06823778152466, 2009603, 6, 95
2020.29690716, 53.2443382140952, 140.246460295214, 1.06225979328156, 2009603, 6, 95
2020.29690716, 53.2442557510774, 140.246447223244, 1.07457613945007, 2009603, 6, 95
2020.29690716, 53.2441669761836, 140.246433135143, 1.09754514694214, 2009603, 6, 94
2020.29690716, 53.244097238496, 140.246422043675, 1.08575570583344, 2009603, 6, 94
2020.29690716, 53.2440148439346, 140.246408940424, 1.08327543735504, 2009603, 6, 94
2020.29690716, 53.2439324538663, 140.246395813598, 1.05377912521362, 2009603, 6, 96
2020.29690716, 53.243850067761, 140.246382669187, 1.10379338264465, 2009603, 6, 96
2020.29690716, 53.2437676844899, 140.24636952228, 1.08291935920715, 2009603, 6, 96
2020.29690716, 53.2436726161508, 140.246354334593, 1.08030092716217, 2009603, 6, 96
2020.29690716, 53.2435838626201, 140.246340139574, 1.08075082302094, 2009603, 6, 96
2020.29690716, 53.2434950738766, 140.246325915059, 1.09221065044403, 2009603, 6, 97
2020.29690716, 53.2434126024301, 140.246312698531, 1.05773973464966, 2009603, 6, 97
2020.29690716, 53.243323744145, 140.246298447321, 1.06641519069672, 2009603, 6, 97
2020.29690716, 53.2432411972227, 140.246285207745, 1.07512533664703, 2009603, 6, 97
2020.29690716, 53.2431522468638, 140.24627093117, 1.06100034713745, 2009603, 6, 97
2020.29690716, 53.2430569592262, 140.246255682921, 1.05310702323914, 2009603, 6, 97
2020.29690716, 53.2429614371201, 140.246240289653, 1.08703434467316, 2009603, 6, 96
2020.29690716, 53.2428594908321, 140.246223888489, 1.09104335308075, 2009603, 6, 96
2020.29690716, 53.2427702254919, 140.246209516344, 1.08476090431213, 2009603, 6, 96
2020.29690716, 53.2426809201647, 140.246195160322, 1.10929358005524, 2009603, 6, 95
2020.29690716, 53.2425851887088, 140.246179776038, 1.09818696975708, 2009603, 6, 95
2020.29690716, 53.2424958173759, 140.246165459823, 1.11828184127808, 2009603, 6, 97
2020.29690716, 53.2424064124656, 140.246151140985, 1.08363902568817, 2009603, 6, 97
2020.29690716, 53.2423233813841, 140.246137865927, 1.11273193359375, 2009603, 6, 97
2020.29690716, 53.2422531099593, 140.24612663679, 1.12594449520111, 2009603, 6, 97
2020.29690716, 53.2421700732434, 140.246113407939, 1.14468216896057, 2009603, 6, 97
2020.29690716, 53.242093426063, 140.246101218907, 1.11920714378357, 2009603, 6, 97
2020.29690716, 53.2420040094277, 140.246087011347, 1.08608937263489, 2009603, 6, 97
2020.29690716, 53.2419273751664, 140.246074835068, 1.18352878093719, 2009603, 6, 96
2020.29690716, 53.241844394846, 140.246061703494, 1.1533682346344, 2009603, 6, 96
2020.29690716, 53.2417678813333, 140.246049499509, 1.13590490818024, 2009603, 6, 96
2020.29690716, 53.2416912611054, 140.246037524767, 1.14750051498413, 2009603, 6, 96
2020.29690716, 53.241614667262, 140.246025543988, 1.2031455039978, 2009603, 6, 96
2020.29690716, 53.2415253786513, 140.246011601728, 1.1145806312561, 2009603, 6, 96
2020.29690716, 53.2414361568697, 140.245997653487, 1.10459446907043, 2009603, 6, 97
2020.29690716, 53.2413597504325, 140.245985707896, 1.23239827156067, 2009603, 6, 97
2020.29690716, 53.2412834055387, 140.245973748529, 1.15964329242706, 2009603, 6, 97
2020.29690716, 53.2412071213312, 140.245961770563, 1.1304247379303, 2009603, 6, 96
2020.29690716, 53.241111879271, 140.245946800341, 1.12291944026947, 2009603, 6, 96
2020.29690716, 53.2410167561301, 140.24593180554, 1.06611442565918, 2009603, 6, 96
2020.29690716, 53.2409280774725, 140.245917779158, 1.10504996776581, 2009603, 6, 96
2020.29690716, 53.240833178333, 140.245902710812, 1.09627854824066, 2009603, 6, 96
2020.29690716, 53.2407383925107, 140.245887602756, 1.07828795909882, 2009603, 6, 96
2020.29690716, 53.2406437235011, 140.245872462953, 1.08594596385956, 2009603, 6, 96
2020.29690716, 53.2405617580727, 140.245859307972, 1.06563925743103, 2009603, 6, 96
2020.29690716, 53.240473454016, 140.245845166567, 1.09570479393005, 2009603, 6, 96
2020.29690716, 53.2403918610653, 140.245831759434, 1.05032849311829, 2009603, 6, 96
2020.29690716, 53.2402977636656, 140.245816268386, 1.05845975875854, 2009603, 6, 96
2020.29690716, 53.2401911486232, 140.245798689492, 1.08662188053131, 2009603, 6, 96
2020.29690716, 53.240103341524, 140.245784208153, 1.0984445810318, 2009603, 6, 96
2020.29690716, 53.2400155173547, 140.245769751002, 1.06037676334381, 2009603, 6, 96
2020.29690716, 53.2399276355328, 140.245755298795, 1.0792750120163, 2009603, 6, 97
2020.29690716, 53.239845976544, 140.245741917426, 1.07269537448883, 2009603, 6, 97
2020.29690716, 53.2397579506425, 140.245727533585, 1.08034539222717, 2009603, 6, 97
2020.29690716, 53.239657224915, 140.24571115812, 1.08964490890503, 2009603, 6, 97
2020.29690716, 53.2395500248778, 140.245693821172, 1.08481168746948, 2009603, 6, 97
2020.29690716, 53.2394426292342, 140.24567658014, 1.0616352558136, 2009603, 6, 98
2020.29690716, 53.2393540200919, 140.245662440089, 1.06383228302002, 2009603, 6, 98
2020.29690716, 53.239265500678, 140.245648098862, 1.08261036872864, 2009603, 6, 98
2020.29690716, 53.2391763206446, 140.245634360393, 1.08417296409607, 2009603, 6, 96
2020.29690716, 53.2390997482641, 140.245622604611, 1.06942689418793, 2009603, 6, 96
2020.29690716, 53.2390038979512, 140.245607975506, 1.0497282743454, 2009603, 6, 96
2020.29690716, 53.2389078937686, 140.245593363912, 1.067214012146, 2009603, 6, 97
2020.29690716, 53.2388245758372, 140.245580700882, 1.07678759098053, 2009603, 6, 97
2020.29690716, 53.2387283312748, 140.245566081847, 1.07184314727783, 2009603, 6, 97
2020.29690716, 53.2386448365837, 140.245553393885, 1.06755268573761, 2009603, 6, 97
2020.29690716, 53.2385612833583, 140.245540681137, 1.05646586418152, 2009603, 6, 97
2020.29690716, 53.2384648226458, 140.245525971984, 1.05268168449402, 2009603, 6, 96
2020.29690716, 53.2383683049276, 140.245511176786, 1.0423492193222, 2009603, 6, 96
2020.29690716, 53.2382717760222, 140.245496324592, 1.06486368179321, 2009603, 6, 97
2020.29690716, 53.2381816734627, 140.245482380455, 1.07678830623627, 2009603, 6, 97
2020.29690716, 53.2380851543213, 140.245467356159, 1.07438504695892, 2009603, 6, 97
2020.29690716, 53.2379949834161, 140.245453647914, 1.0518673658371, 2009603, 6, 96
2020.29690716, 53.2378922363394, 140.245437024814, 1.0550457239151, 2009603, 6, 96
2020.29690716, 53.2378088009455, 140.245423438997, 1.04022860527039, 2009603, 6, 96
2020.29690716, 53.2377190137761, 140.245408776495, 1.06490576267242, 2009603, 6, 96
2020.29690716, 53.2376292883005, 140.24539406746, 1.05081260204315, 2009603, 6, 96
2020.29690716, 53.2375268326262, 140.245377241327, 1.05157709121704, 2009603, 6, 96
2020.29690716, 53.2374372730105, 140.245362537352, 1.03319787979126, 2009603, 6, 96
2020.29690716, 53.2373413952843, 140.24534678397, 1.08986818790436, 2009603, 6, 96
2020.29690716, 53.2372583710047, 140.245333161514, 1.08685290813446, 2009603, 6, 96
2020.29690716, 53.2371818034922, 140.24532063581, 1.063849568367, 2009603, 6, 95
2020.29690716, 53.2371052923715, 140.245308154791, 1.05046284198761, 2009603, 6, 95
2020.29690716, 53.2370161010007, 140.245293653808, 1.06396400928497, 2009603, 6, 95
2020.29690716, 53.2369269966124, 140.245279246861, 1.06800889968872, 2009603, 6, 98
2020.29690716, 53.2368443252686, 140.245265953305, 1.03723621368408, 2009603, 6, 98
2020.29690716, 53.2367490013569, 140.24525068803, 1.10930776596069, 2009603, 6, 98
2020.29690716, 53.2366474002918, 140.24523439812, 1.05450999736786, 2009603, 6, 95
2020.29690716, 53.2365586182171, 140.245220781839, 1.08020901679993, 2009603, 6, 95
2020.29690716, 53.2364762141315, 140.245208175437, 1.0677285194397, 2009603, 6, 97
2020.29690716, 53.2363938545812, 140.245195615149, 1.03430545330048, 2009603, 6, 97
2020.29690716, 53.2362988755548, 140.245181156677, 1.03759968280792, 2009603, 6, 97
2020.29690716, 53.2361976149717, 140.24516575477, 1.04347622394562, 2009603, 6, 96
2020.29690716, 53.236115361479, 140.245153209587, 1.0362389087677, 2009603, 6, 96
2020.29690716, 53.2360204778754, 140.24513870355, 1.03930640220642, 2009603, 6, 96
2020.29690716, 53.2359193007579, 140.245123178808, 1.03687942028046, 2009603, 6, 96
2020.29690716, 53.2358054729143, 140.245105575894, 1.0458722114563, 2009603, 6, 96
2020.29690716, 53.2357042894126, 140.245089789127, 1.00676846504211, 2009603, 6, 96
2020.29690716, 53.2356220762968, 140.245076870484, 1.05651116371155, 2009603, 6, 96
2020.29690716, 53.2355398641412, 140.245063872808, 1.05172491073608, 2009603, 6, 96
2020.29690716, 53.2354639573807, 140.245051763644, 1.05510771274567, 2009603, 6, 95
2020.29690716, 53.235381730029, 140.245038660799, 1.0763224363327, 2009603, 6, 95
2020.29690716, 53.2352930675439, 140.245023941815, 1.07548213005066, 2009603, 6, 95
2020.29690716, 53.2352107233035, 140.24501018324, 1.07546508312225, 2009603, 6, 95
2020.29690716, 53.2351283611816, 140.244996352106, 1.05040264129639, 2009603, 6, 95
2020.29690716, 53.235033307988, 140.244980314088, 1.04163444042206, 2009603, 6, 95
2020.29690716, 53.2349445762215, 140.244965302009, 1.06857526302338, 2009603, 6, 94
2020.29690716, 53.2348621734656, 140.244951346015, 1.05823481082916, 2009603, 6, 94
2020.29690716, 53.2347734166645, 140.244936303923, 1.06745982170105, 2009603, 6, 94
2020.29690716, 53.2346909842556, 140.244922339739, 1.06215488910675, 2009603, 6, 94
2020.29690716, 53.2346085416948, 140.244908396927, 1.06389939785004, 2009603, 6, 94
2020.29690716, 53.2345070633705, 140.244891299138, 1.05497145652771, 2009603, 6, 94
2020.29690716, 53.2344182572127, 140.244876400254, 1.05913662910461, 2009603, 6, 95
2020.29690716, 53.2343167593175, 140.244859482339, 1.09243226051331, 2009603, 6, 95
2020.29690716, 53.2342279405232, 140.244844779593, 1.04820823669434, 2009603, 6, 93
2020.29690716, 53.2341327356707, 140.244829023841, 1.04726624488831, 2009603, 6, 93
2020.29690716, 53.2340503057262, 140.244815778465, 1.03191030025482, 2009603, 6, 93
2020.29690716, 53.2339552066607, 140.244800650748, 1.05464661121368, 2009603, 6, 95
2020.29690716, 53.2338537361788, 140.24478462289, 1.05109775066376, 2009603, 6, 95
2020.29690716, 53.2337839658987, 140.244773679617, 1.05238056182861, 2009603, 6, 95
2020.29690716, 53.2337268664694, 140.244764760767, 1.09994924068451, 2009603, 6, 95
2020.29690716, 53.2336443825429, 140.244751953134, 1.04966866970062, 2009603, 6, 95
2020.29690716, 53.2335428403674, 140.244736284221, 1.07417619228363, 2009603, 6, 95
2020.29690716, 53.2334476213217, 140.244721689309, 1.06799972057343, 2009603, 6, 94
2020.29690716, 53.2333587147009, 140.244708105216, 1.08366727828979, 2009603, 6, 94
2020.29690716, 53.2332697760505, 140.24469456082, 1.09250462055206, 2009603, 6, 94
2020.29690716, 53.2331808093124, 140.244681050962, 1.08376204967499, 2009603, 6, 93
2020.29690716, 53.2330854594987, 140.244666604671, 1.08974695205688, 2009603, 6, 93
2020.29690716, 53.2329964306263, 140.24465312519, 1.09002029895782, 2009603, 6, 94
2020.29690716, 53.2329010960126, 140.244638794467, 1.07632744312286, 2009603, 6, 94
2020.29690716, 53.2328182987025, 140.244626171062, 1.05141913890839, 2009603, 6, 94
2020.29690716, 53.2327291108452, 140.244612560472, 1.05249071121216, 2009603, 6, 94
2020.29690716, 53.2326335257091, 140.244597938689, 1.07935500144958, 2009603, 6, 94
2020.29690716, 53.2325251814525, 140.244581341522, 1.06815767288208, 2009603, 6, 94
2020.29690716, 53.232423200598, 140.244565672454, 1.06208837032318, 2009603, 6, 93
2020.29690716, 53.2323148466064, 140.244548979646, 1.07199811935425, 2009603, 6, 93
2020.29690716, 53.2322065022875, 140.244532229796, 1.05940186977386, 2009603, 6, 92
2020.29690716, 53.2320981616001, 140.244515398311, 1.05923116207123, 2009603, 6, 92
2020.29690716, 53.2320025922963, 140.244500500626, 1.07455241680145, 2009603, 6, 92
2020.29690716, 53.2318879404337, 140.244482559412, 1.05158174037933, 2009603, 6, 92
2020.29690716, 53.2317924230929, 140.244467537812, 1.07401013374329, 2009603, 6, 92
2020.29690716, 53.231690563941, 140.244451445537, 1.06381261348724, 2009603, 6, 79
2020.29690716, 53.2315823691202, 140.244434237042, 1.07016730308533, 2009603, 6, 79
2020.29690722, 53.1184970822167, 140.226173156436, 1.0572657585144, 2009603, 6, 51
2020.29690722, 53.118350827571, 140.226148761581, 1.01008117198944, 2009603, 6, 51
2020.29690722, 53.1182363872998, 140.226129458314, 1.03932356834412, 2009603, 6, 87
2020.29690722, 53.1180965368646, 140.226105697619, 0.994640946388245, 2009603, 6, 87
2020.29690722, 53.1179694175365, 140.226084000731, 1.00571775436401, 2009603, 6, 90
2020.29690722, 53.1178296131176, 140.226060135237, 1.03184020519257, 2009603, 6, 90
2020.29690722, 53.1176707723473, 140.226033117628, 1.02637851238251, 2009603, 6, 90
2020.29690722, 53.1175056171495, 140.226005264271, 1.04199600219727, 2009603, 6, 90
2020.29690722, 53.117315104065, 140.225973570694, 1.06435644626617, 2009603, 6, 74
2020.29690722, 53.1171690936401, 140.225949424323, 0.979917526245117, 2009603, 6, 74
2020.29690722, 53.117073840993, 140.22593453005, 1.21866381168365, 2009603, 6, 74
2020.29690747, 52.612116708139, 140.145034687943, 1.76533639431, 2009603, 6, 98
2020.29690747, 52.6116344988111, 140.144961341964, 1.79560780525208, 2009603, 6, 98
2020.29690747, 52.6112235825155, 140.144898139219, 1.8239688873291, 2009603, 6, 98
2020.29690747, 52.6107768161795, 140.1448268194, 1.83343851566315, 2009603, 6, 98
2020.29690747, 52.610455407227, 140.144774568559, 1.8294814825058, 2009603, 6, 98
2020.29690747, 52.6101708683063, 140.144727996603, 1.8206878900528, 2009603, 6, 98
2020.29690747, 52.6097318405712, 140.144656193788, 1.81009101867676, 2009603, 6, 98
2020.29690747, 52.6093350153874, 140.144592080675, 1.80375695228577, 2009603, 6, 97
2020.29690747, 52.6089443854937, 140.144530305642, 1.79658234119415, 2009603, 6, 97
2020.29690747, 52.6086248875183, 140.144480788404, 1.81250023841858, 2009603, 6, 97
2020.29690747, 52.6082497623782, 140.144424273182, 1.82291638851166, 2009603, 6, 98
2020.29690747, 52.6079074535556, 140.144372092094, 1.77586996555328, 2009603, 6, 98
2020.29690747, 52.6075215115923, 140.144311570225, 1.81068515777588, 2009603, 6, 98
2020.29690747, 52.6072053203639, 140.144259635624, 1.78587257862091, 2009603, 6, 99
2020.29690747, 52.6069015876625, 140.144208324991, 1.77218914031982, 2009603, 6, 99
2020.29690747, 52.6066101438134, 140.144159327499, 1.81230521202087, 2009603, 6, 98
2020.29690747, 52.6062991871658, 140.144108065517, 1.8105400800705, 2009603, 6, 98
2020.29690747, 52.6060385381403, 140.144066546921, 1.78559482097626, 2009603, 6, 98
2020.29690747, 52.6057582977141, 140.144023940035, 1.80286908149719, 2009603, 6, 99
2020.29690747, 52.6054907752304, 140.143983630402, 1.77224636077881, 2009603, 6, 99
2020.29690747, 52.6052234485679, 140.143943124707, 1.80038595199585, 2009603, 6, 99
2020.29690747, 52.6049245410312, 140.143897264193, 1.7915586233139, 2009603, 6, 99
2020.29690747, 52.6046457370775, 140.143852076691, 1.79245495796204, 2009603, 6, 98
2020.29690747, 52.6043925466065, 140.14381017965, 1.80064940452576, 2009603, 6, 99
2020.29690747, 52.6041457652601, 140.143768845944, 1.81149518489838, 2009603, 6, 99
2020.29690748, 52.6038039240862, 140.143711440941, 1.7950611114502, 2009603, 6, 98
2020.29690748, 52.6034805456338, 140.143657748131, 1.81745684146881, 2009603, 6, 98
2020.29690748, 52.6031627279618, 140.143606257118, 1.84853172302246, 2009603, 6, 98
2020.29690748, 52.6028191111645, 140.14355201156, 1.79510676860809, 2009603, 6, 98
2020.29690748, 52.6023351106156, 140.143478129927, 1.8050000667572, 2009603, 6, 99
2020.29690748, 52.6018895191353, 140.143412117875, 1.79551529884338, 2009603, 6, 98
2020.29690748, 52.6013670023497, 140.143335998205, 1.85141324996948, 2009603, 6, 97
2020.29690748, 52.6002616790822, 140.143171529751, 1.81065940856934, 2009603, 6, 97
2020.29690748, 52.5990215089211, 140.142966542967, 1.79507434368134, 2009603, 6, 97
