2021.4339191, 52.5762547552467, 120.607491052459, 383.080322265625, 2009603, 1, 68
2021.4339191, 52.5765593573347, 120.607441462404, 383.090789794922, 2009603, 1, 68
2021.4339191, 52.5769212680665, 120.607382794049, 383.035614013672, 2009603, 1, 78
2021.4339191, 52.5773405500377, 120.607315246009, 383.045196533203, 2009603, 1, 93
2021.4339191, 52.5779064000132, 120.6072245337, 383.022003173828, 2009603, 1, 93
2021.4339191, 52.5785998745667, 120.607113927887, 383.021392822266, 2009603, 1, 92
2021.4339191, 52.5790956930975, 120.607034716981, 382.985595703125, 2009603, 1, 67
2021.43391911, 52.5750275375629, 120.609024212004, 383.146209716797, 2009603, 2, 53
2021.43391911, 52.5751480191997, 120.60900483581, 383.158447265625, 2009603, 2, 53
2021.43391911, 52.5752686383143, 120.608985442173, 383.140686035156, 2009603, 2, 77
2021.43391911, 52.5754275309128, 120.60895962793, 383.149627685547, 2009603, 2, 77
2021.43391911, 52.575523011895, 120.608944371891, 383.157104492188, 2009603, 2, 88
2021.43391911, 52.5755993927309, 120.60893196081, 383.120330810547, 2009603, 2, 88
2021.43391911, 52.5757206271556, 120.608912133146, 383.145660400391, 2009603, 2, 88
2021.43391911, 52.5758228213551, 120.608895600565, 383.113189697266, 2009603, 2, 92
2021.43391911, 52.5759186533005, 120.608879939665, 383.170013427734, 2009603, 2, 92
2021.43391911, 52.5760273204566, 120.608862319349, 383.184204101562, 2009603, 2, 92
2021.43391911, 52.5761360058443, 120.60884466959, 383.149200439453, 2009603, 2, 92
2021.43391911, 52.5762830527569, 120.608820799874, 383.112945556641, 2009603, 2, 92
2021.43391911, 52.5764428308426, 120.60879485599, 383.133117675781, 2009603, 2, 92
2021.43391911, 52.576576993563, 120.608773307844, 383.121551513672, 2009603, 2, 93
2021.43391911, 52.5766919148437, 120.608754896551, 383.0791015625, 2009603, 2, 93
2021.43391911, 52.5768003707014, 120.608737567977, 383.115783691406, 2009603, 2, 92
2021.43391911, 52.5769023670654, 120.608721263302, 383.116394042969, 2009603, 2, 92
2021.43391911, 52.5770296445345, 120.608701044262, 383.141754150391, 2009603, 2, 92
2021.43391911, 52.5771949206685, 120.60867490071, 383.100799560547, 2009603, 2, 92
2021.43391911, 52.5774107684583, 120.608641097486, 383.082916259766, 2009603, 2, 89
2021.43391902, 52.4239550744269, 120.679405896134, 393.6484375, 2009603, 3, 81
2021.43391902, 52.4241967019514, 120.679366814182, 393.653533935547, 2009603, 3, 94
2021.43391902, 52.4245083452562, 120.679316819581, 393.590087890625, 2009603, 3, 95
2021.43391902, 52.4248136236384, 120.67926879209, 393.583709716797, 2009603, 3, 96
2021.43391902, 52.425068063231, 120.679229189182, 393.573852539062, 2009603, 3, 93
2021.43391902, 52.4253670843473, 120.679182842318, 393.574493408203, 2009603, 3, 94
2021.43391902, 52.4256215979588, 120.679143485877, 393.540740966797, 2009603, 3, 93
2021.43391902, 52.4258825102131, 120.679103058347, 393.560211181641, 2009603, 3, 92
2021.43391902, 52.4261498003732, 120.679061497123, 393.516815185547, 2009603, 3, 92
2021.43391902, 52.4264361066566, 120.679016723412, 393.525817871094, 2009603, 3, 82
2021.43391903, 52.4543431249429, 120.674605699001, 392.13330078125, 2009603, 3, 78
2021.43391903, 52.4545078663035, 120.67457942343, 392.146789550781, 2009603, 3, 91
2021.43391904, 52.4546663614854, 120.674554103709, 392.100250244141, 2009603, 3, 91
2021.43391904, 52.4548186049812, 120.674529961819, 392.089263916016, 2009603, 3, 91
2021.43391904, 52.4549709244919, 120.674505745114, 392.080261230469, 2009603, 3, 91
2021.43391904, 52.4551299037771, 120.674480549354, 392.109466552734, 2009603, 3, 84
2021.43391904, 52.4553080999554, 120.67445245783, 392.08349609375, 2009603, 3, 84
2021.43391904, 52.4554800540844, 120.674425313551, 392.098663330078, 2009603, 3, 84
2021.43391904, 52.4556584668842, 120.674397255494, 392.093048095703, 2009603, 3, 67
2021.43391904, 52.4623246762477, 120.673343015658, 391.718933105469, 2009603, 3, 76
2021.43391904, 52.4624645606456, 120.673320999323, 391.687164306641, 2009603, 3, 76
2021.43391904, 52.4626107689419, 120.673298138434, 391.735015869141, 2009603, 3, 87
2021.43391904, 52.4627761779487, 120.673272996623, 391.721740722656, 2009603, 3, 87
2021.43391909, 52.5633530505035, 120.657323458783, 384.649871826172, 2009603, 3, 85
2021.43391909, 52.5635182361405, 120.657297325154, 384.6533203125, 2009603, 3, 94
2021.43391909, 52.5636961448158, 120.657269150776, 384.649383544922, 2009603, 3, 94
2021.43391909, 52.5638804133228, 120.65723992252, 384.671630859375, 2009603, 3, 93
2021.43391909, 52.5640900942916, 120.657206587246, 384.652099609375, 2009603, 3, 95
2021.43391909, 52.5642743483804, 120.65717726858, 384.631652832031, 2009603, 3, 95
2021.43391909, 52.56444586791, 120.657149655829, 384.625213623047, 2009603, 3, 95
2021.43391909, 52.5646110145564, 120.657122975583, 384.665374755859, 2009603, 3, 94
2021.43391909, 52.5647951870111, 120.657093177397, 384.639831542969, 2009603, 3, 94
2021.43391909, 52.5649920282859, 120.657061280744, 384.673309326172, 2009603, 3, 94
2021.43391909, 52.5651697963735, 120.657032407217, 384.641021728516, 2009603, 3, 86
2021.43391909, 52.5653411887475, 120.657004656456, 384.655364990234, 2009603, 3, 78
2021.43391909, 52.5655252604009, 120.656974824576, 384.618194580078, 2009603, 3, 81
2021.43391909, 52.5656902661893, 120.656948202687, 384.647705078125, 2009603, 3, 81
2021.43391909, 52.5658933355309, 120.656915509704, 384.610870361328, 2009603, 3, 82
2021.43391935, 53.0834370953262, 120.57373746922, 338.997741699219, 2009603, 3, 92
2021.43391935, 53.0837117375767, 120.573693091455, 338.960144042969, 2009603, 3, 91
2021.43391935, 53.0839732770497, 120.573650643285, 338.985626220703, 2009603, 3, 66
2021.43391935, 53.0861082308091, 120.573306262617, 338.957000732422, 2009603, 3, 83
2021.43391935, 53.0863248899325, 120.573271769893, 338.971374511719, 2009603, 3, 83
2021.43391935, 53.0866241105967, 120.573223928255, 338.976104736328, 2009603, 3, 91
2021.43391935, 53.0868402302595, 120.573189025116, 338.998321533203, 2009603, 3, 76
2021.43391903, 52.4245077098407, 120.68069292179, 393.570556640625, 2009603, 4, 62
2021.43391903, 52.4246157995324, 120.680674548895, 393.569610595703, 2009603, 4, 62
2021.43391903, 52.4246857411212, 120.680662646383, 393.549926757812, 2009603, 4, 62
2021.43391903, 52.424749321436, 120.680651791019, 393.580200195312, 2009603, 4, 62
2021.43391903, 52.4248065531033, 120.680642089161, 393.575531005859, 2009603, 4, 78
2021.43391903, 52.4248701409967, 120.680631339182, 393.590240478516, 2009603, 4, 78
2021.43391903, 52.424959171175, 120.680616398485, 393.565612792969, 2009603, 4, 78
2021.43391903, 52.4250227526162, 120.680605728323, 393.581146240234, 2009603, 4, 85
2021.43391903, 52.4250863185014, 120.680595060003, 393.593963623047, 2009603, 4, 85
2021.43391903, 52.4251371725345, 120.680586589546, 393.567077636719, 2009603, 4, 85
2021.43391903, 52.4251943832648, 120.680577143391, 393.553863525391, 2009603, 4, 85
2021.43391903, 52.4252515686704, 120.680567620967, 393.545989990234, 2009603, 4, 92
2021.43391903, 52.4252960616632, 120.680560404949, 393.560089111328, 2009603, 4, 92
2021.43391903, 52.4253468724957, 120.680551979079, 393.532531738281, 2009603, 4, 92
2021.43391903, 52.4254040520293, 120.680542726687, 393.564636230469, 2009603, 4, 92
2021.43391903, 52.4254739076763, 120.680531354448, 393.566345214844, 2009603, 4, 92
2021.43391903, 52.425524702313, 120.680523158372, 393.546936035156, 2009603, 4, 95
2021.43391903, 52.4255881910614, 120.680513000543, 393.540863037109, 2009603, 4, 95
2021.43391903, 52.425664452991, 120.680500758061, 393.533233642578, 2009603, 4, 95
2021.43391903, 52.4257277753167, 120.680490810201, 393.560791015625, 2009603, 4, 95
2021.43391903, 52.4257784333672, 120.680482927523, 393.549346923828, 2009603, 4, 95
2021.43391903, 52.4258354129475, 120.680474057991, 393.531646728516, 2009603, 4, 95
2021.43391903, 52.4258987107726, 120.680464171084, 393.530487060547, 2009603, 4, 95
2021.43391903, 52.425949358661, 120.68045638141, 393.503936767578, 2009603, 4, 95
2021.43391903, 52.4259936730635, 120.680449544089, 393.527404785156, 2009603, 4, 95
2021.43391903, 52.4260443279776, 120.680441796798, 393.543060302734, 2009603, 4, 95
2021.43391903, 52.4260823264598, 120.68043603376, 393.517242431641, 2009603, 4, 95
2021.43391903, 52.4261266450512, 120.680429202554, 393.524383544922, 2009603, 4, 95
2021.43391903, 52.4261646495776, 120.68042345845, 393.514343261719, 2009603, 4, 95
2021.43391903, 52.4262026693383, 120.680417778584, 393.537689208984, 2009603, 4, 95
2021.43391903, 52.4262596767459, 120.680409040241, 393.524017333984, 2009603, 4, 94
2021.43391903, 52.4263103770963, 120.680401393771, 393.507995605469, 2009603, 4, 94
2021.43391903, 52.4263610884227, 120.680393748296, 393.539825439453, 2009603, 4, 94
2021.43391903, 52.4263991414711, 120.680388076093, 393.502075195312, 2009603, 4, 94
2021.43391903, 52.4264435358838, 120.680381391525, 393.511871337891, 2009603, 4, 94
2021.43391903, 52.4264879463183, 120.680374726011, 393.473297119141, 2009603, 4, 94
2021.43391903, 52.4265323594314, 120.680367992134, 393.449859619141, 2009603, 4, 94
2021.43391903, 52.4265767929549, 120.680361320185, 393.443023681641, 2009603, 4, 94
2021.43391903, 52.4266212441254, 120.680354648645, 393.462493896484, 2009603, 4, 94
2021.43391903, 52.4266720619477, 120.680347014851, 393.465942382812, 2009603, 4, 94
2021.43391903, 52.4267292714336, 120.680338519388, 393.477752685547, 2009603, 4, 94
2021.43391903, 52.4267928357824, 120.680328863014, 393.46875, 2009603, 4, 94
2021.43391903, 52.4268564627092, 120.680319373751, 393.465789794922, 2009603, 4, 94
2021.43391903, 52.426913576506, 120.680310692874, 393.472412109375, 2009603, 4, 94
2021.43391903, 52.4269646341377, 120.680303002115, 393.432250976562, 2009603, 4, 94
2021.43391903, 52.4270093354215, 120.680296346803, 393.489593505859, 2009603, 4, 95
2021.43391903, 52.4270668101947, 120.680287632218, 393.486419677734, 2009603, 4, 95
2021.43391903, 52.4271179203602, 120.68027990346, 393.447631835938, 2009603, 4, 95
2021.43391903, 52.4271754346889, 120.68027119294, 393.457427978516, 2009603, 4, 95
2021.43391903, 52.4272265568583, 120.680263357823, 393.440734863281, 2009603, 4, 95
2021.43391903, 52.4272776924357, 120.680255515211, 393.465362548828, 2009603, 4, 94
2021.43391903, 52.4273160489532, 120.680249623549, 393.447174072266, 2009603, 4, 92
2021.43391903, 52.4273671996389, 120.680241786333, 393.460388183594, 2009603, 4, 92
2021.43391903, 52.4274247458534, 120.680232927361, 393.445678710938, 2009603, 4, 92
2021.43391903, 52.4274886891433, 120.680223089466, 393.458160400391, 2009603, 4, 92
2021.43391904, 52.4470027421837, 120.677144547784, 392.518829345703, 2009603, 4, 59
2021.43391904, 52.4470535963648, 120.677136553338, 392.498596191406, 2009603, 4, 59
2021.43391904, 52.4471107999513, 120.677127539832, 392.521179199219, 2009603, 4, 59
2021.43391904, 52.4471680140186, 120.677118596665, 392.512298583984, 2009603, 4, 59
2021.43391904, 52.4472316331475, 120.677108192207, 392.529846191406, 2009603, 4, 59
2021.43391904, 52.4472951623836, 120.677098606625, 392.536743164062, 2009603, 4, 67
2021.43391904, 52.4473650328417, 120.677088023215, 392.541442871094, 2009603, 4, 67
2021.43391904, 52.447422207188, 120.677079426269, 392.530212402344, 2009603, 4, 67
2021.43391904, 52.4474603328699, 120.677073756658, 392.499725341797, 2009603, 4, 67
2021.43391904, 52.4475048028072, 120.677067083104, 392.491180419922, 2009603, 4, 72
2021.43391904, 52.4475492629763, 120.677060349723, 392.494537353516, 2009603, 4, 72
2021.43391904, 52.447587392424, 120.677054697986, 392.477355957031, 2009603, 4, 72
2021.43391904, 52.4476255141072, 120.677048988444, 392.475006103516, 2009603, 4, 72
2021.43391904, 52.4476763346849, 120.677041312183, 392.489074707031, 2009603, 4, 72
2021.43391904, 52.4477144642889, 120.677035629046, 392.462524414062, 2009603, 4, 72
2021.43391904, 52.4477589357599, 120.677028913581, 392.454193115234, 2009603, 4, 81
2021.43391904, 52.4478034110502, 120.677022180598, 392.475280761719, 2009603, 4, 81
2021.43391904, 52.447847903159, 120.677015530215, 392.482696533203, 2009603, 4, 81
2021.43391904, 52.4478923821495, 120.677008770585, 392.487335205078, 2009603, 4, 81
2021.43391904, 52.4479368699281, 120.677002028637, 392.455200195312, 2009603, 4, 81
2021.43391904, 52.4487574216092, 120.676872459491, 392.392456054688, 2009603, 4, 71
2021.43391904, 52.4487956342369, 120.676866062837, 392.381744384766, 2009603, 4, 71
2021.43391904, 52.448833862049, 120.676859752528, 392.374176025391, 2009603, 4, 71
2021.43391904, 52.4488784473623, 120.676852265275, 392.403869628906, 2009603, 4, 71
2021.43391904, 52.4489230343543, 120.676844778075, 392.415008544922, 2009603, 4, 71
2021.43391904, 52.4489676128116, 120.676837217236, 392.371002197266, 2009603, 4, 71
2021.43391904, 52.4490121979608, 120.676829712294, 392.379028320312, 2009603, 4, 84
2021.43391904, 52.4490567916341, 120.676822241843, 392.382659912109, 2009603, 4, 84
2021.43391904, 52.4490950113155, 120.676815817359, 392.389404296875, 2009603, 4, 84
2021.43391904, 52.4491332423417, 120.676809472196, 392.366119384766, 2009603, 4, 84
2021.43391904, 52.4491842049658, 120.67680095148, 392.38720703125, 2009603, 4, 84
2021.43391904, 52.4492224275522, 120.67679457272, 392.396148681641, 2009603, 4, 84
2021.43391904, 52.4492733776016, 120.676786014255, 392.369903564453, 2009603, 4, 89
2021.43391904, 52.4493179760896, 120.676778656939, 392.390930175781, 2009603, 4, 89
2021.43391904, 52.4493689251449, 120.676770145352, 392.396331787109, 2009603, 4, 89
2021.43391904, 52.4494135151017, 120.676762786235, 392.371337890625, 2009603, 4, 89
2021.43391904, 52.4494517420308, 120.676756562592, 392.385375976562, 2009603, 4, 89
2021.43391904, 52.4494963281219, 120.676749240481, 392.353576660156, 2009603, 4, 89
2021.43391904, 52.4495409141144, 120.676741961688, 392.373718261719, 2009603, 4, 91
2021.43391904, 52.4495854959473, 120.676734688498, 392.359466552734, 2009603, 4, 91
2021.43391904, 52.4496237146007, 120.676728523748, 392.368927001953, 2009603, 4, 91
2021.43391904, 52.4496682871474, 120.676721285372, 392.371551513672, 2009603, 4, 91
2021.43391904, 52.4497128729066, 120.67671415772, 392.340728759766, 2009603, 4, 91
2021.43391904, 52.4497574404104, 120.6767069607, 392.361328125, 2009603, 4, 93
2021.43391904, 52.4497957278198, 120.676700522315, 392.377960205078, 2009603, 4, 93
2021.43391904, 52.4498466147301, 120.676692673207, 392.358581542969, 2009603, 4, 93
2021.43391904, 52.4498847936361, 120.676686927913, 392.355773925781, 2009603, 4, 93
2021.43391904, 52.4499293207312, 120.676680134696, 392.365783691406, 2009603, 4, 93
2021.43391904, 52.4499802148953, 120.67667244239, 392.358520507812, 2009603, 4, 93
2021.43391904, 52.4500247458543, 120.676665729065, 392.333648681641, 2009603, 4, 93
2021.43391904, 52.4500629223743, 120.676660026935, 392.321929931641, 2009603, 4, 93
2021.43391904, 52.4501011017733, 120.676654368306, 392.332092285156, 2009603, 4, 93
2021.43391904, 52.4501456359765, 120.676647691159, 392.315002441406, 2009603, 4, 93
2021.43391904, 52.4501901724898, 120.676641024843, 392.327667236328, 2009603, 4, 93
2021.43391904, 52.4502283637666, 120.676635421857, 392.350769042969, 2009603, 4, 93
2021.43391904, 52.450279264735, 120.676627789234, 392.318023681641, 2009603, 4, 93
2021.43391904, 52.4503238140255, 120.676621178194, 392.339050292969, 2009603, 4, 93
2021.43391904, 52.4503683698811, 120.676614563112, 392.295806884766, 2009603, 4, 93
2021.43391904, 52.4504129325809, 120.676607960231, 392.298950195312, 2009603, 4, 93
2021.43391904, 52.4504511426776, 120.676602364997, 392.310943603516, 2009603, 4, 93
2021.43391904, 52.4504957047266, 120.676595682901, 392.290161132812, 2009603, 4, 93
2021.43391904, 52.4505339180604, 120.676590049658, 392.297546386719, 2009603, 4, 93
2021.43391904, 52.4505721379616, 120.676584403293, 392.287719726562, 2009603, 4, 93
2021.43391904, 52.4506167173056, 120.676577696105, 392.282012939453, 2009603, 4, 93
2021.43391904, 52.4506549509549, 120.676572049787, 392.297210693359, 2009603, 4, 93
2021.43391904, 52.4506931790134, 120.676566321873, 392.31689453125, 2009603, 4, 93
2021.43391904, 52.4507377830064, 120.676559628465, 392.3076171875, 2009603, 4, 93
2021.43391904, 52.45078239084, 120.676552874895, 392.292602539062, 2009603, 4, 93
2021.43391904, 52.4508270209321, 120.676546197964, 392.292541503906, 2009603, 4, 93
2021.43391904, 52.4508716506022, 120.676539453864, 392.301300048828, 2009603, 4, 93
2021.43391904, 52.4509099043496, 120.676533608284, 392.27783203125, 2009603, 4, 93
2021.43391904, 52.4509545290335, 120.676526709569, 392.270965576172, 2009603, 4, 93
2021.43391904, 52.4509928028597, 120.676520879166, 392.242248535156, 2009603, 4, 93
2021.43391904, 52.4510310864951, 120.676515065261, 392.325531005859, 2009603, 4, 93
2021.43391904, 52.4510820233877, 120.676507335835, 392.291656494141, 2009603, 4, 93
2021.43391904, 52.4511203803142, 120.676501357798, 392.270935058594, 2009603, 4, 93
2021.43391904, 52.4511650888391, 120.676494073963, 392.279907226562, 2009603, 4, 89
2021.43391904, 52.4512098403985, 120.67648699625, 392.303741455078, 2009603, 4, 89
2021.43391904, 52.4512609614448, 120.676478694108, 392.309875488281, 2009603, 4, 94
2021.43391904, 52.4512993257107, 120.676472593728, 392.265655517578, 2009603, 4, 94
2021.43391904, 52.4513440480108, 120.67646520449, 392.240936279297, 2009603, 4, 94
2021.43391904, 52.4513823998977, 120.676458992023, 392.203430175781, 2009603, 4, 94
2021.43391904, 52.4514207550205, 120.676452769771, 392.245239257812, 2009603, 4, 94
2021.43391904, 52.4514591041732, 120.676446501653, 392.259338378906, 2009603, 4, 94
2021.43391904, 52.4514974552768, 120.676440245661, 392.250244140625, 2009603, 4, 94
2021.43391904, 52.4515421833409, 120.676432861835, 392.250915527344, 2009603, 4, 93
2021.43391904, 52.4515805403187, 120.67642666038, 392.249694824219, 2009603, 4, 93
2021.43391904, 52.4516188714601, 120.676420324471, 392.251556396484, 2009603, 4, 93
2021.43391904, 52.4516699748463, 120.676411853689, 392.257293701172, 2009603, 4, 93
2021.43391904, 52.4517146985629, 120.676404535793, 392.229187011719, 2009603, 4, 93
2021.43391904, 52.4517593916464, 120.676397063078, 392.243133544922, 2009603, 4, 95
2021.43391904, 52.4517977181956, 120.676390837667, 392.237091064453, 2009603, 4, 95
2021.43391904, 52.4518424008201, 120.676383401036, 392.242248535156, 2009603, 4, 95
2021.43391904, 52.451887084744, 120.676376045711, 392.236907958984, 2009603, 4, 95
2021.43391904, 52.451938144433, 120.676367672153, 392.211029052734, 2009603, 4, 95
2021.43391904, 52.4519891842685, 120.676359273132, 392.193725585938, 2009603, 4, 95
2021.43391904, 52.4520401896245, 120.676350781575, 392.208160400391, 2009603, 4, 95
2021.43391904, 52.4520848260771, 120.676343484757, 392.198486328125, 2009603, 4, 95
2021.43391904, 52.4521230777883, 120.676337249567, 392.206115722656, 2009603, 4, 95
2021.43391904, 52.4521676870996, 120.676329953626, 392.206146240234, 2009603, 4, 95
2021.43391904, 52.4522122849032, 120.676322688403, 392.200469970703, 2009603, 4, 95
2021.43391904, 52.4522568468941, 120.676315316999, 392.25390625, 2009603, 4, 95
2021.43391904, 52.4523014160082, 120.676308085091, 392.220703125, 2009603, 4, 95
2021.43391904, 52.4523460914126, 120.676300677187, 392.215606689453, 2009603, 4, 95
2021.43391904, 52.452390551361, 120.676293562446, 392.216674804688, 2009603, 4, 95
2021.43391904, 52.4524350102319, 120.676286545597, 392.217041015625, 2009603, 4, 95
2021.43391904, 52.452479433781, 120.676279422834, 392.212982177734, 2009603, 4, 95
2021.43391904, 52.4525175228123, 120.67627345783, 392.205108642578, 2009603, 4, 95
2021.43391904, 52.4525619284777, 120.676266381571, 392.207427978516, 2009603, 4, 95
2021.43391904, 52.4525999979685, 120.676260443341, 392.217559814453, 2009603, 4, 95
2021.43391904, 52.4526443821141, 120.676253388342, 392.189605712891, 2009603, 4, 95
2021.43391904, 52.4526760995027, 120.676248510764, 392.226104736328, 2009603, 4, 95
2021.43391904, 52.4527204819201, 120.6762415743, 392.208862304688, 2009603, 4, 95
2021.43391904, 52.4527585172364, 120.676235638679, 392.220642089844, 2009603, 4, 94
2021.43391904, 52.4528028828175, 120.676228718356, 392.200622558594, 2009603, 4, 94
2021.43391904, 52.4528472434809, 120.676221814397, 392.209045410156, 2009603, 4, 94
2021.43391904, 52.4528979226339, 120.676213878655, 392.211029052734, 2009603, 4, 94
2021.43391905, 52.4529422738442, 120.676207008021, 392.203948974609, 2009603, 4, 94
2021.43391905, 52.4529866251692, 120.676200172199, 392.200286865234, 2009603, 4, 94
2021.43391905, 52.4530309679626, 120.676193314479, 392.206787109375, 2009603, 4, 95
2021.43391905, 52.4530689942464, 120.676187566602, 392.187042236328, 2009603, 4, 95
2021.43391905, 52.4531133364457, 120.676180745875, 392.177947998047, 2009603, 4, 95
2021.43391905, 52.4531640060119, 120.676172907145, 392.177551269531, 2009603, 4, 95
2021.43391905, 52.4532083560899, 120.676166139529, 392.187072753906, 2009603, 4, 95
2021.43391905, 52.4532527029162, 120.676159347985, 392.184265136719, 2009603, 4, 94
2021.43391905, 52.4532907098487, 120.676153497323, 392.181854248047, 2009603, 4, 94
2021.43391905, 52.4533287387513, 120.676147788072, 392.201721191406, 2009603, 4, 94
2021.43391905, 52.4533794287021, 120.676140046886, 392.201477050781, 2009603, 4, 94
2021.43391905, 52.4534237776597, 120.676133214209, 392.157562255859, 2009603, 4, 94
2021.43391905, 52.4534681534892, 120.676126532911, 392.193298339844, 2009603, 4, 94
2021.43391905, 52.4535125156956, 120.67611975294, 392.197387695312, 2009603, 4, 95
2021.43391905, 52.4535632191034, 120.676111968069, 392.203216552734, 2009603, 4, 95
2021.43391905, 52.453607463078, 120.676105324198, 392.168640136719, 2009603, 4, 95
2021.43391905, 52.4536582763876, 120.676097540393, 392.208160400391, 2009603, 4, 95
2021.43391905, 52.453702753057, 120.676090785668, 392.190734863281, 2009603, 4, 95
2021.43391905, 52.4537472229674, 120.67608396933, 392.178924560547, 2009603, 4, 95
2021.43391905, 52.4537916884061, 120.67607709102, 392.152008056641, 2009603, 4, 95
2021.43391905, 52.4538298302739, 120.676071360171, 392.160034179688, 2009603, 4, 95
2021.43391905, 52.4538679494681, 120.676065474245, 392.157623291016, 2009603, 4, 95
2021.43391905, 52.4539124259207, 120.676058613721, 392.172882080078, 2009603, 4, 95
2021.43391905, 52.4539569202206, 120.676051879122, 392.185089111328, 2009603, 4, 95
2021.43391905, 52.4540014073318, 120.676045074209, 392.152954101562, 2009603, 4, 95
2021.43391905, 52.4540458896249, 120.676038237698, 392.151489257812, 2009603, 4, 95
2021.43391905, 52.4540903661633, 120.676031374425, 392.154357910156, 2009603, 4, 95
2021.43391905, 52.4541411897687, 120.676023490432, 392.159454345703, 2009603, 4, 95
2021.43391905, 52.4541793222153, 120.676017705035, 392.142303466797, 2009603, 4, 95
2021.43391905, 52.4542301361076, 120.676009794704, 392.163787841797, 2009603, 4, 95
2021.43391905, 52.4542746026072, 120.676002925746, 392.142761230469, 2009603, 4, 95
2021.43391905, 52.4543127238957, 120.675997105526, 392.112121582031, 2009603, 4, 95
2021.43391905, 52.4543571723706, 120.675990177775, 392.151153564453, 2009603, 4, 95
2021.43391905, 52.4543952794878, 120.675984328707, 392.112182617188, 2009603, 4, 95
2021.43391905, 52.454439711111, 120.675977355945, 392.107818603516, 2009603, 4, 95
2021.43391905, 52.4544841544158, 120.675970492509, 392.09619140625, 2009603, 4, 95
2021.43391905, 52.4545285770349, 120.675963536763, 392.146728515625, 2009603, 4, 95
2021.43391905, 52.454566653726, 120.675957617864, 392.129455566406, 2009603, 4, 95
2021.43391905, 52.454604722853, 120.675951690345, 392.093383789062, 2009603, 4, 95
2021.43391905, 52.4546427946473, 120.67594580335, 392.104553222656, 2009603, 4, 95
2021.43391905, 52.4546871887297, 120.675938830762, 392.110107421875, 2009603, 4, 95
2021.43391905, 52.4547252462164, 120.675932937222, 392.110534667969, 2009603, 4, 95
2021.43391905, 52.4547696173367, 120.675925910992, 392.114654541016, 2009603, 4, 91
2021.43391905, 52.454807654261, 120.6759199791, 392.124053955078, 2009603, 4, 91
2021.43391905, 52.4548520125191, 120.675912966379, 392.090179443359, 2009603, 4, 91
2021.43391905, 52.4548901677309, 120.675907069709, 392.100006103516, 2009603, 4, 91
2021.43391905, 52.4549281186472, 120.675901139787, 392.098571777344, 2009603, 4, 91
2021.43391905, 52.4549723623533, 120.675894044895, 392.080139160156, 2009603, 4, 91
2021.43391905, 52.4550102878448, 120.675888022469, 392.104095458984, 2009603, 4, 78
2021.43391905, 52.4550482142021, 120.67588201828, 392.079406738281, 2009603, 4, 78
2021.43391905, 52.455086140731, 120.675876041929, 392.062896728516, 2009603, 4, 78
2021.43391905, 52.455124055291, 120.675869997006, 392.097320556641, 2009603, 4, 78
2021.43391905, 52.4551682806387, 120.675862904561, 392.089721679688, 2009603, 4, 78
2021.43391905, 52.4552061994703, 120.675856912714, 392.077575683594, 2009603, 4, 78
2021.43391905, 52.4552440993327, 120.675850811674, 392.073669433594, 2009603, 4, 78
2021.43391905, 52.4552820294456, 120.67584488673, 392.106872558594, 2009603, 4, 91
2021.43391905, 52.4553199290979, 120.675838755281, 392.077545166016, 2009603, 4, 91
2021.43391905, 52.4553578590253, 120.67583280996, 392.095489501953, 2009603, 4, 91
2021.43391905, 52.4554020880249, 120.675825704712, 392.075103759766, 2009603, 4, 91
2021.43391905, 52.4554526453931, 120.675817632745, 392.081665039062, 2009603, 4, 91
2021.43391905, 52.455490583599, 120.675811665352, 392.088165283203, 2009603, 4, 91
2021.43391905, 52.4555411522502, 120.675803563433, 392.088012695312, 2009603, 4, 84
2021.43391905, 52.4555854161686, 120.675796521773, 392.090698242188, 2009603, 4, 84
2021.43391905, 52.4556296917142, 120.67578950654, 392.052886962891, 2009603, 4, 84
2021.43391905, 52.4556739766319, 120.675782496557, 392.053955078125, 2009603, 4, 84
2021.43391905, 52.4557246125265, 120.675774553983, 392.044372558594, 2009603, 4, 84
2021.43391905, 52.4557879020139, 120.675764445153, 392.074951171875, 2009603, 4, 79
2021.43391905, 52.4558575660058, 120.675753450938, 392.039703369141, 2009603, 4, 79
2021.43391905, 52.4630305847892, 120.674616949729, 391.687622070312, 2009603, 4, 58
2021.43391905, 52.4630752185735, 120.674610131887, 391.666687011719, 2009603, 4, 58
2021.43391905, 52.4631198744911, 120.674603361501, 391.686706542969, 2009603, 4, 58
2021.43391905, 52.4631645613507, 120.674596656508, 391.669982910156, 2009603, 4, 58
2021.43391905, 52.4632156357841, 120.674588879462, 391.671081542969, 2009603, 4, 58
2021.43391905, 52.4632603543599, 120.6745821277, 391.673797607422, 2009603, 4, 67
2021.43391905, 52.4633050899517, 120.67457537616, 391.666198730469, 2009603, 4, 67
2021.43391905, 52.4633498453448, 120.674568643783, 391.650390625, 2009603, 4, 67
2021.43391905, 52.4633882306194, 120.674562924357, 391.648345947266, 2009603, 4, 67
2021.43391905, 52.4634330081323, 120.67455611165, 391.652038574219, 2009603, 4, 67
2021.43391905, 52.4634714233939, 120.674550416757, 391.638061523438, 2009603, 4, 67
2021.43391905, 52.4635098389051, 120.674544638041, 391.652374267578, 2009603, 4, 78
2021.43391905, 52.4635482642468, 120.674538866026, 391.619018554688, 2009603, 4, 78
2021.43391905, 52.4635931004768, 120.674532059795, 391.642028808594, 2009603, 4, 78
2021.43391905, 52.4636315625114, 120.674526357748, 391.643127441406, 2009603, 4, 78
2021.43391905, 52.4636700216506, 120.674520563396, 391.611358642578, 2009603, 4, 78
2021.43391905, 52.4637084897287, 120.674514763675, 391.620941162109, 2009603, 4, 78
2021.43391905, 52.4637469713792, 120.674508992722, 391.599884033203, 2009603, 4, 78
2021.43391905, 52.4637852220292, 120.674503261473, 391.643188476562, 2009603, 4, 89
2021.43391905, 52.4638238335886, 120.674497411325, 391.624725341797, 2009603, 4, 92
2021.43391905, 52.4638624581517, 120.674491606175, 391.614715576172, 2009603, 4, 92
2021.43391905, 52.4639010809105, 120.6744857661, 391.629943847656, 2009603, 4, 92
2021.43391905, 52.4639397052304, 120.674479911218, 391.640472412109, 2009603, 4, 92
2021.43391905, 52.4639847534008, 120.674473001984, 391.616271972656, 2009603, 4, 92
2021.43391905, 52.4640233800011, 120.674467159264, 391.607391357422, 2009603, 4, 92
2021.43391905, 52.4640620099059, 120.674461354107, 391.628356933594, 2009603, 4, 92
2021.43391905, 52.4641006300147, 120.674455511549, 391.635894775391, 2009603, 4, 92
2021.43391905, 52.4641392352998, 120.674449615694, 391.606811523438, 2009603, 4, 92
2021.43391905, 52.4641778387736, 120.67444374884, 391.601867675781, 2009603, 4, 92
2021.43391905, 52.4642228521567, 120.674436840583, 391.608612060547, 2009603, 4, 92
2021.43391905, 52.4642614432984, 120.674431031147, 391.573638916016, 2009603, 4, 90
2021.43391905, 52.4643000085109, 120.674425130951, 391.589721679688, 2009603, 4, 90
2021.43391905, 52.4643385617988, 120.674419240452, 391.588500976562, 2009603, 4, 90
2021.43391905, 52.464377104128, 120.674413375577, 391.566192626953, 2009603, 4, 90
2021.43391905, 52.4644220228434, 120.674406376515, 391.600341796875, 2009603, 4, 90
2021.43391905, 52.4644605281359, 120.674400507801, 391.578369140625, 2009603, 4, 90
2021.43391905, 52.4645054189576, 120.674393606461, 391.595184326172, 2009603, 4, 91
2021.43391905, 52.4645502960397, 120.674386798699, 391.570068359375, 2009603, 4, 91
2021.43391905, 52.4645951269606, 120.674379870481, 391.571014404297, 2009603, 4, 91
2021.43391905, 52.4646463165163, 120.67437191355, 391.587799072266, 2009603, 4, 91
2021.43391905, 52.4646910815106, 120.674364985112, 391.588165283203, 2009603, 4, 91
2021.43391905, 52.4647358308954, 120.6743581679, 391.590881347656, 2009603, 4, 91
2021.43391905, 52.4647996673629, 120.674348219165, 391.568054199219, 2009603, 4, 90
2021.43391905, 52.4648506880555, 120.674340287143, 391.559051513672, 2009603, 4, 90
2021.43391905, 52.4649016617422, 120.674332326474, 391.567321777344, 2009603, 4, 90
2021.43391905, 52.4649589635177, 120.674323445484, 391.575286865234, 2009603, 4, 90
2021.43391905, 52.4650098458203, 120.674315533447, 391.5478515625, 2009603, 4, 80
2021.43391905, 52.4650736856738, 120.674305422478, 391.581634521484, 2009603, 4, 80
2021.43391905, 52.4651305332274, 120.674296566637, 391.559722900391, 2009603, 4, 80
2021.43391905, 52.4651873259005, 120.674287685161, 391.571350097656, 2009603, 4, 80
2021.4339191, 52.5627535319331, 120.658757006514, 384.687377929688, 2009603, 4, 60
2021.4339191, 52.5630143429083, 120.658715696426, 384.699462890625, 2009603, 4, 57
2021.4339191, 52.5630651089139, 120.658707351472, 384.6923828125, 2009603, 4, 57
2021.4339191, 52.5631095275292, 120.658700105624, 384.660980224609, 2009603, 4, 57
2021.4339191, 52.5631539233542, 120.658692734872, 384.689788818359, 2009603, 4, 57
2021.4339191, 52.5631919799721, 120.658686476365, 384.631103515625, 2009603, 4, 57
2021.4339191, 52.5632300257106, 120.6586801699, 384.664001464844, 2009603, 4, 57
2021.4339191, 52.5632743898493, 120.658672700286, 384.637451171875, 2009603, 4, 94
2021.4339191, 52.5633124292191, 120.658666430867, 384.650115966797, 2009603, 4, 94
2021.4339191, 52.5633567821382, 120.658658954509, 384.660186767578, 2009603, 4, 94
2021.4339191, 52.5634011513649, 120.658651623332, 384.641174316406, 2009603, 4, 94
2021.4339191, 52.5634518289969, 120.65864307753, 384.675231933594, 2009603, 4, 94
2021.4339191, 52.5635025156831, 120.65863462669, 384.691772460938, 2009603, 4, 94
2021.4339191, 52.5635405264408, 120.658628300577, 384.671295166016, 2009603, 4, 94
2021.4339191, 52.5635848672222, 120.658620884718, 384.648986816406, 2009603, 4, 94
2021.4339191, 52.5636292073752, 120.658613483204, 384.631561279297, 2009603, 4, 94
2021.4339191, 52.5636798625781, 120.658604924879, 384.681488037109, 2009603, 4, 94
2021.4339191, 52.5637241920047, 120.658597484508, 384.673065185547, 2009603, 4, 94
2021.4339191, 52.5637622084903, 120.658591263303, 384.663116455078, 2009603, 4, 94
2021.4339191, 52.5638065241819, 120.658583748442, 384.684509277344, 2009603, 4, 94
2021.4339191, 52.5638445256986, 120.658577419533, 384.671691894531, 2009603, 4, 94
2021.4339191, 52.5638888718719, 120.658570115718, 384.667907714844, 2009603, 4, 94
2021.4339191, 52.5639395372812, 120.6585616554, 384.692504882812, 2009603, 4, 94
2021.4339191, 52.5639775511673, 120.658555421629, 384.686279296875, 2009603, 4, 94
2021.4339191, 52.5640218803584, 120.658547987664, 384.678833007812, 2009603, 4, 92
2021.4339191, 52.5640662418341, 120.658540754356, 384.700012207031, 2009603, 4, 92
2021.4339191, 52.5641169277118, 120.658532387264, 384.69970703125, 2009603, 4, 92
2021.4339191, 52.5641738728267, 120.658522544063, 384.694702148438, 2009603, 4, 92
2021.4339191, 52.5642182732128, 120.658515475584, 384.697265625, 2009603, 4, 92
2021.4339191, 52.5642626941772, 120.658508519846, 384.678894042969, 2009603, 4, 92
2021.4339191, 52.5643134440501, 120.658500436702, 384.701385498047, 2009603, 4, 92
2021.4339191, 52.5643641954082, 120.658492323718, 384.682159423828, 2009603, 4, 93
2021.4339191, 52.5644086263477, 120.658485367531, 384.664489746094, 2009603, 4, 93
2021.4339191, 52.564453045101, 120.658478283404, 384.67529296875, 2009603, 4, 93
2021.4339191, 52.5644974930349, 120.658471364681, 384.651824951172, 2009603, 4, 93
2021.4339191, 52.5645419357121, 120.658464373438, 384.693237304688, 2009603, 4, 93
2021.4339191, 52.5645927237273, 120.658456337643, 384.672454833984, 2009603, 4, 93
2021.4339191, 52.5646371794119, 120.658449358009, 384.680023193359, 2009603, 4, 93
2021.4339191, 52.5646816459639, 120.658442419419, 384.684600830078, 2009603, 4, 93
2021.4339191, 52.5647197599738, 120.658436436763, 384.658447265625, 2009603, 4, 93
2021.4339191, 52.5647642178001, 120.658429366869, 384.665740966797, 2009603, 4, 92
2021.4339191, 52.5648150496116, 120.658421409062, 384.669158935547, 2009603, 4, 92
2021.4339191, 52.5648658800759, 120.658413373252, 384.709014892578, 2009603, 4, 92
2021.4339191, 52.5649167276435, 120.658405399444, 384.699005126953, 2009603, 4, 92
2021.4339191, 52.5649675779589, 120.658397393436, 384.689392089844, 2009603, 4, 92
2021.4339191, 52.5650247848017, 120.658388347555, 384.702789306641, 2009603, 4, 85
2021.4339191, 52.5650947098869, 120.658377225964, 384.701995849609, 2009603, 4, 85
2021.4339191, 52.5651582773871, 120.658367025692, 384.695526123047, 2009603, 4, 85
2021.4339191, 52.5652155066467, 120.658357909259, 384.723846435547, 2009603, 4, 85
2021.4339191, 52.5652727361079, 120.658348743321, 384.708282470703, 2009603, 4, 75
2021.4339191, 52.5653299774629, 120.658339587001, 384.688262939453, 2009603, 4, 75
2021.4339191, 52.5653808585852, 120.658331409488, 384.731140136719, 2009603, 4, 75
2021.4339191, 52.5654380761653, 120.658322006719, 384.671173095703, 2009603, 4, 75
2021.4339191, 52.565495309399, 120.658312925611, 384.6982421875, 2009603, 4, 75
2021.4339191, 52.5655462181132, 120.658304529957, 384.678588867188, 2009603, 4, 80
2021.4339191, 52.56561618518, 120.658292738664, 384.705474853516, 2009603, 4, 80
2021.4339191, 52.5656734483083, 120.658283192934, 384.699523925781, 2009603, 4, 80
2021.4339191, 52.5657307002444, 120.658273541301, 384.696655273438, 2009603, 4, 80
2021.43391936, 53.0835449612865, 120.575101673076, 338.934814453125, 2009603, 4, 93
2021.43391936, 53.0836271055742, 120.57508928566, 338.943206787109, 2009603, 4, 93
2021.43391936, 53.0837282350033, 120.575074030555, 338.934417724609, 2009603, 4, 93
2021.43391936, 53.0838104329586, 120.575061578729, 338.919189453125, 2009603, 4, 89
2021.43391936, 53.0838926559254, 120.575049013234, 338.890350341797, 2009603, 4, 89
2021.43391936, 53.0839875812672, 120.575034463846, 338.902954101562, 2009603, 4, 89
2021.43391936, 53.0860104231192, 120.574701781195, 338.884796142578, 2009603, 4, 88
2021.43391936, 53.0860609827394, 120.574693438679, 338.85400390625, 2009603, 4, 88
2021.43391936, 53.0861115709415, 120.574685147262, 338.853118896484, 2009603, 4, 88
2021.43391936, 53.0861811729052, 120.574673721006, 338.906951904297, 2009603, 4, 88
2021.43391936, 53.0862508174557, 120.574662212976, 338.889801025391, 2009603, 4, 88
2021.43391936, 53.0863332192214, 120.574648741711, 338.895965576172, 2009603, 4, 88
2021.43391936, 53.0864918908249, 120.574622475615, 338.9619140625, 2009603, 4, 88
2021.43391936, 53.086606364864, 120.574603616695, 338.945739746094, 2009603, 4, 92
2021.43391936, 53.0866953718242, 120.574588866295, 338.915283203125, 2009603, 4, 92
2021.43391936, 53.0867465955206, 120.574580322969, 338.875915527344, 2009603, 4, 92
2021.43391968, 53.7241065900251, 120.469989137725, 507.2470703125, 2009603, 4, 77
2021.43391907, 52.524048789224, 120.711307640881, 388.040954589844, 2009603, 5, 92
2021.43391907, 52.5241698529717, 120.711288597547, 388.028686523438, 2009603, 5, 92
2021.43391907, 52.5242845373337, 120.711270616329, 388.034912109375, 2009603, 5, 92
2021.43391907, 52.5243991937459, 120.711252708782, 388.034790039062, 2009603, 5, 92
2021.43391907, 52.5245138225032, 120.711234827947, 388.030609130859, 2009603, 5, 92
2021.43391907, 52.5246347689009, 120.711216005327, 388.037231445312, 2009603, 5, 92
2021.43391907, 52.5247493071979, 120.711198166045, 388.039733886719, 2009603, 5, 92
2021.43391907, 52.5248637877738, 120.711180334828, 388.040985107422, 2009603, 5, 93
2021.43391907, 52.5249846180701, 120.711161498836, 388.003601074219, 2009603, 5, 93
2021.43391907, 52.5250988252383, 120.711143561615, 388.013916015625, 2009603, 5, 92
2021.43391907, 52.5252193377431, 120.711124584526, 388.007141113281, 2009603, 5, 92
2021.43391907, 52.5253271466986, 120.711107570615, 387.980255126953, 2009603, 5, 92
2021.43391907, 52.5254349360359, 120.711090563504, 388.001953125, 2009603, 5, 92
2021.43391907, 52.5255490716717, 120.711072530973, 388.002746582031, 2009603, 5, 83
2021.43391907, 52.5256759005306, 120.711052478979, 388.000762939453, 2009603, 5, 83
2021.43391908, 52.5493114576163, 120.707317805642, 386.399353027344, 2009603, 5, 70
2021.43391908, 52.5494317901248, 120.707299060557, 386.400482177734, 2009603, 5, 70
2021.43391908, 52.5495647094761, 120.707278458985, 386.414154052734, 2009603, 5, 92
2021.43391908, 52.5496849363697, 120.707259813671, 386.417694091797, 2009603, 5, 92
2021.43391908, 52.549805143461, 120.707241159117, 386.394927978516, 2009603, 5, 93
2021.43391908, 52.5499253524674, 120.707222487621, 386.420135498047, 2009603, 5, 93
2021.43391908, 52.5500392611062, 120.707204704923, 386.414733886719, 2009603, 5, 92
2021.43391908, 52.5501658653421, 120.707184877318, 386.408569335938, 2009603, 5, 92
2021.43391908, 52.5502798585139, 120.707166934936, 386.427825927734, 2009603, 5, 93
2021.43391908, 52.5504002161613, 120.707147996457, 386.424102783203, 2009603, 5, 93
2021.43391908, 52.5505208442748, 120.707128350461, 386.402130126953, 2009603, 5, 93
2021.43391908, 52.5506415411845, 120.707108620748, 386.417175292969, 2009603, 5, 93
2021.43391908, 52.550762298274, 120.70708886988, 386.435150146484, 2009603, 5, 83
2021.43391908, 52.5508831093671, 120.707069103571, 386.446319580078, 2009603, 5, 83
2021.43391908, 52.5510039560332, 120.707049410539, 386.433074951172, 2009603, 5, 80
2021.43391908, 52.5511184760981, 120.707030778911, 386.460388183594, 2009603, 5, 80
2021.43391908, 52.5512520947258, 120.707009229907, 386.432037353516, 2009603, 5, 74
2021.43391908, 52.5513730004416, 120.706989845091, 386.414123535156, 2009603, 5, 64
2021.43391908, 52.551481177015, 120.706972628968, 386.437316894531, 2009603, 5, 64
2021.43391935, 53.0995277635705, 120.619509867948, 337.708190917969, 2009603, 5, 65
2021.43391935, 53.0996425937278, 120.619490371869, 337.707916259766, 2009603, 5, 70
2021.43391935, 53.0997574217869, 120.619470649771, 337.707611083984, 2009603, 5, 92
2021.43391936, 53.0998658679726, 120.619451862264, 337.721527099609, 2009603, 5, 92
2021.43391936, 53.099980674221, 120.619431865377, 337.721893310547, 2009603, 5, 92
2021.43391936, 53.1001018282306, 120.619410725331, 337.723602294922, 2009603, 5, 92
2021.43391936, 53.1002293221654, 120.619388491845, 337.727447509766, 2009603, 5, 92
2021.43391936, 53.1003440315292, 120.619368522488, 337.734100341797, 2009603, 5, 91
2021.43391936, 53.1004586968996, 120.619348708882, 337.728759765625, 2009603, 5, 91
2021.43391936, 53.1005733086166, 120.619329098099, 337.702758789062, 2009603, 5, 92
2021.43391936, 53.1006878759774, 120.619309693203, 337.716705322266, 2009603, 5, 92
2021.43391936, 53.100796084821, 120.61929138217, 337.726593017578, 2009603, 5, 91
2021.43391936, 53.1009041073031, 120.619273923421, 337.722686767578, 2009603, 5, 91
2021.43391936, 53.1010184443063, 120.619255693478, 337.726257324219, 2009603, 5, 91
2021.43391936, 53.1011264041775, 120.61923869665, 337.733489990234, 2009603, 5, 91
2021.43391936, 53.1012343430945, 120.619221900281, 337.731201171875, 2009603, 5, 91
2021.43391936, 53.1013422744023, 120.619205270945, 337.731506347656, 2009603, 5, 73
2021.43391936, 53.1014565439677, 120.619187850377, 337.730621337891, 2009603, 5, 73
2021.43391967, 53.7303326330593, 120.516656470273, 499.865051269531, 2009603, 5, 71
2021.43391967, 53.7304407694404, 120.516638464981, 499.882507324219, 2009603, 5, 71
2021.43391967, 53.7305552350864, 120.516619515452, 499.858215332031, 2009603, 5, 67
2021.43391967, 53.7306633260559, 120.516601674807, 499.871826171875, 2009603, 5, 67
2021.43391908, 52.5242781706768, 120.712644090291, 388.005249023438, 2009603, 6, 89
2021.43391908, 52.5243037054484, 120.712640261074, 388.017059326172, 2009603, 6, 89
2021.43391908, 52.5243356186058, 120.71263541738, 388.014007568359, 2009603, 6, 89
2021.43391908, 52.5243611644243, 120.712631602793, 388.012023925781, 2009603, 6, 89
2021.43391908, 52.5243930851074, 120.712626755319, 388.025543212891, 2009603, 6, 89
2021.43391908, 52.524418632554, 120.712622910865, 388.007507324219, 2009603, 6, 89
2021.43391908, 52.5244505599525, 120.712618068151, 388.005828857422, 2009603, 6, 89
2021.43391908, 52.5244761150031, 120.712614228375, 388.017517089844, 2009603, 6, 89
2021.43391908, 52.5245080503446, 120.712609372517, 388.020080566406, 2009603, 6, 94
2021.43391908, 52.5245336124696, 120.712605537955, 388.010009765625, 2009603, 6, 94
2021.43391908, 52.5245655506558, 120.712600667962, 388.000427246094, 2009603, 6, 94
2021.43391908, 52.5245974992382, 120.712595820228, 388.006256103516, 2009603, 6, 94
2021.43391908, 52.5246294484152, 120.712590969226, 387.994506835938, 2009603, 6, 94
2021.43391908, 52.5246550113271, 120.71258710007, 388.001770019531, 2009603, 6, 94
2021.43391908, 52.5246869590414, 120.712582213699, 388.000366210938, 2009603, 6, 94
2021.43391908, 52.5247125289566, 120.712578354262, 387.991790771484, 2009603, 6, 94
2021.43391908, 52.5247444781328, 120.712573454612, 387.992858886719, 2009603, 6, 94
2021.43391908, 52.5247700463389, 120.712569568232, 387.999572753906, 2009603, 6, 93
2021.43391908, 52.5248020134054, 120.712564844262, 388.003265380859, 2009603, 6, 93
2021.43391908, 52.5248339641145, 120.712559893369, 388.003814697266, 2009603, 6, 93
2021.43391908, 52.5248595246497, 120.712555936766, 387.990295410156, 2009603, 6, 93
2021.43391908, 52.5248914679017, 120.712550945457, 388.007873535156, 2009603, 6, 93
2021.43391908, 52.5249170325861, 120.71254698739, 388.008544921875, 2009603, 6, 93
2021.43391908, 52.5249489710991, 120.712541968203, 387.980926513672, 2009603, 6, 93
2021.43391908, 52.5249745337622, 120.71253800173, 387.974151611328, 2009603, 6, 93
2021.43391908, 52.5250064724855, 120.712532976361, 387.999237060547, 2009603, 6, 94
2021.43391908, 52.5250320302512, 120.712528987014, 387.997650146484, 2009603, 6, 94
2021.43391908, 52.5250639620394, 120.712523935419, 387.981506347656, 2009603, 6, 94
2021.43391908, 52.5250959006073, 120.712518921639, 388.003601074219, 2009603, 6, 94
2021.43391908, 52.5251214545618, 120.712514919868, 387.997680664062, 2009603, 6, 94
2021.43391908, 52.5251533816778, 120.712509856173, 387.999725341797, 2009603, 6, 94
2021.43391908, 52.5251789334592, 120.712505846713, 387.980285644531, 2009603, 6, 94
2021.43391908, 52.5252108554387, 120.712500769612, 387.983612060547, 2009603, 6, 94
2021.43391908, 52.5252364012975, 120.712496746622, 387.990203857422, 2009603, 6, 94
2021.43391908, 52.5252619384107, 120.712492688995, 387.993499755859, 2009603, 6, 94
2021.43391908, 52.5252938583391, 120.71248763127, 387.995880126953, 2009603, 6, 94
2021.43391908, 52.5253193902802, 120.712483562676, 387.988555908203, 2009603, 6, 94
2021.43391908, 52.5253512985076, 120.712478455302, 387.963806152344, 2009603, 6, 94
2021.43391908, 52.5253832100783, 120.712473373676, 387.996734619141, 2009603, 6, 94
2021.43391908, 52.5254087403591, 120.71246932529, 387.983306884766, 2009603, 6, 94
2021.43391908, 52.5254406375918, 120.712464199136, 387.972564697266, 2009603, 6, 94
2021.43391908, 52.5254661610585, 120.712460132958, 387.992767333984, 2009603, 6, 94
2021.43391908, 52.5254916808959, 120.712456058494, 387.988677978516, 2009603, 6, 94
2021.43391908, 52.5255235675112, 120.712450930849, 388.024597167969, 2009603, 6, 93
2021.43391908, 52.5255490824381, 120.71244685352, 387.995208740234, 2009603, 6, 93
2021.43391908, 52.5255809638176, 120.712441713429, 387.986755371094, 2009603, 6, 93
2021.43391908, 52.5256064740744, 120.712437635477, 387.969024658203, 2009603, 6, 93
2021.43391908, 52.5256383481192, 120.712432493158, 387.982849121094, 2009603, 6, 93
2021.43391908, 52.5256638534468, 120.712428414302, 387.991088867188, 2009603, 6, 93
2021.43391908, 52.5256893503323, 120.71242430682, 387.985992431641, 2009603, 6, 93
2021.43391908, 52.5257212106043, 120.712419146042, 387.979461669922, 2009603, 6, 93
2021.43391908, 52.525746707058, 120.712415058987, 387.987060546875, 2009603, 6, 93
2021.43391908, 52.5257785605589, 120.712409890837, 387.966369628906, 2009603, 6, 91
2021.43391908, 52.5258040522054, 120.712405804592, 387.989410400391, 2009603, 6, 91
2021.43391908, 52.5258359007235, 120.712400638008, 387.979278564453, 2009603, 6, 91
2021.43391908, 52.525861385623, 120.712396548266, 387.998199462891, 2009603, 6, 91
2021.43391908, 52.5258932353755, 120.71239141116, 387.98828125, 2009603, 6, 91
2021.43391908, 52.525925069896, 120.712386229265, 387.984771728516, 2009603, 6, 91
2021.43391908, 52.5259505450156, 120.712382138547, 388.001739501953, 2009603, 6, 91
2021.43391908, 52.525982377334, 120.71237696527, 388.002014160156, 2009603, 6, 91
2021.43391909, 52.5490056552837, 120.708706892108, 386.447235107422, 2009603, 6, 54
2021.43391909, 52.5490310016617, 120.708702897171, 386.429931640625, 2009603, 6, 54
2021.43391909, 52.5490626889639, 120.708697872944, 386.431060791016, 2009603, 6, 54
2021.43391909, 52.5490943907458, 120.708692859488, 386.458343505859, 2009603, 6, 54
2021.43391909, 52.5491197646777, 120.708688870301, 386.420043945312, 2009603, 6, 54
2021.43391909, 52.5491514854617, 120.708683844216, 386.450469970703, 2009603, 6, 54
2021.43391909, 52.5491768823984, 120.708679876431, 386.425537109375, 2009603, 6, 54
2021.43391909, 52.5492086235866, 120.708674858818, 386.444152832031, 2009603, 6, 54
2021.43391909, 52.5492340388486, 120.708670896663, 386.434265136719, 2009603, 6, 54
2021.43391909, 52.5492658084157, 120.708665899076, 386.443664550781, 2009603, 6, 89
2021.43391909, 52.5492912392172, 120.708661936799, 386.437225341797, 2009603, 6, 89
2021.43391909, 52.5493230340159, 120.708656956416, 386.421844482422, 2009603, 6, 89
2021.43391909, 52.5493548319286, 120.708651948748, 386.442138671875, 2009603, 6, 89
2021.43391909, 52.5493802913746, 120.708647999476, 386.420928955078, 2009603, 6, 89
2021.43391909, 52.5494121100731, 120.708642993619, 386.446197509766, 2009603, 6, 89
2021.43391909, 52.5494375859375, 120.708639063563, 386.464233398438, 2009603, 6, 89
2021.43391909, 52.5494694231694, 120.708634058304, 386.443939208984, 2009603, 6, 89
2021.43391909, 52.5494949125845, 120.708630111012, 386.432678222656, 2009603, 6, 89
2021.43391909, 52.5495267697873, 120.708625116972, 386.450653076172, 2009603, 6, 92
2021.43391909, 52.549552274261, 120.708621180838, 386.447326660156, 2009603, 6, 92
2021.43391909, 52.5495841462681, 120.708616174898, 386.441223144531, 2009603, 6, 92
2021.43391909, 52.5496096623966, 120.708612233715, 386.443267822266, 2009603, 6, 92
2021.43391909, 52.5496415505749, 120.708607245169, 386.437133789062, 2009603, 6, 92
2021.43391909, 52.5496670780641, 120.708603298032, 386.440887451172, 2009603, 6, 92
2021.43391909, 52.5496989793458, 120.708598300625, 386.448425292969, 2009603, 6, 92
2021.43391909, 52.5497245176361, 120.708594353734, 386.4375, 2009603, 6, 92
2021.43391909, 52.549756438717, 120.708589383753, 386.441467285156, 2009603, 6, 93
2021.43391909, 52.5497883615592, 120.708584396317, 386.443756103516, 2009603, 6, 93
2021.43391909, 52.5498139125959, 120.708580440983, 386.442474365234, 2009603, 6, 93
2021.43391909, 52.5498458435758, 120.708575446829, 386.444366455078, 2009603, 6, 93
2021.43391909, 52.5498714017123, 120.708571492025, 386.436096191406, 2009603, 6, 93
2021.43391909, 52.5499033441848, 120.70856649466, 386.428436279297, 2009603, 6, 93
2021.43391909, 52.5499289073725, 120.708562531826, 386.42919921875, 2009603, 6, 93
2021.43391909, 52.5499608565525, 120.708557533719, 386.431304931641, 2009603, 6, 93
2021.43391909, 52.5499864244778, 120.708553562286, 386.434112548828, 2009603, 6, 93
2021.43391909, 52.5500183783652, 120.708548557164, 386.436462402344, 2009603, 6, 94
2021.43391909, 52.5500439522419, 120.708544597017, 386.474609375, 2009603, 6, 94
2021.43391909, 52.5500759054216, 120.708539575734, 386.457672119141, 2009603, 6, 94
2021.43391909, 52.5501078685582, 120.708534581538, 386.463562011719, 2009603, 6, 94
2021.43391909, 52.5501334438511, 120.708530606903, 386.467590332031, 2009603, 6, 94
2021.43391909, 52.5501654042249, 120.708525584394, 386.477691650391, 2009603, 6, 94
2021.43391909, 52.5501909793426, 120.708521602957, 386.458740234375, 2009603, 6, 94
2021.43391909, 52.5502229220745, 120.708516711826, 386.457397460938, 2009603, 6, 94
2021.43391909, 52.5502485033535, 120.708512698793, 386.478118896484, 2009603, 6, 94
2021.43391909, 52.5502804599964, 120.708507607274, 386.463104248047, 2009603, 6, 87
2021.43391909, 52.5503060377521, 120.708503582999, 386.464050292969, 2009603, 6, 87
2021.43391909, 52.5503380023067, 120.70849852356, 386.452392578125, 2009603, 6, 87
2021.43391909, 52.5503699576855, 120.708493435939, 386.461608886719, 2009603, 6, 87
2021.43391909, 52.5504019166385, 120.708488371167, 386.463043212891, 2009603, 6, 87
2021.43391909, 52.5504274853526, 120.708484335908, 386.442199707031, 2009603, 6, 87
2021.43391909, 52.5504594325447, 120.708479243298, 386.452575683594, 2009603, 6, 87
2021.43391909, 52.5504849947627, 120.708475201586, 386.450592041016, 2009603, 6, 87
2021.43391909, 52.5505169359452, 120.708470127791, 386.460327148438, 2009603, 6, 87
2021.43391909, 52.5505488696335, 120.708465027589, 386.459411621094, 2009603, 6, 87
2021.43391909, 52.550574420622, 120.708460982341, 386.458099365234, 2009603, 6, 87
2021.43391909, 52.5506063441857, 120.708455879143, 386.462524414062, 2009603, 6, 87
2021.43391909, 52.5506318865789, 120.708451836229, 386.450744628906, 2009603, 6, 87
2021.43391909, 52.5506637986451, 120.708446729664, 386.443237304688, 2009603, 6, 87
2021.43391909, 52.5506893327943, 120.70844268649, 386.481292724609, 2009603, 6, 87
2021.43391909, 52.5507212290363, 120.708437576623, 386.454315185547, 2009603, 6, 87
2021.43391937, 53.0995247588039, 120.620900833652, 337.670532226562, 2009603, 6, 62
2021.43391937, 53.0995825903469, 120.620891449039, 337.672119140625, 2009603, 6, 62
2021.43391937, 53.0996468932339, 120.620881043996, 337.709381103516, 2009603, 6, 62
2021.43391937, 53.0997112330955, 120.620870664294, 337.686859130859, 2009603, 6, 62
2021.43391937, 53.0997884414692, 120.620858117761, 337.706207275391, 2009603, 6, 92
2021.43391937, 53.0998785365824, 120.62084351657, 337.691589355469, 2009603, 6, 92
2021.43391937, 53.0999686109348, 120.620828923526, 337.723449707031, 2009603, 6, 92
2021.43391937, 53.1002705051935, 120.620779984763, 337.730255126953, 2009603, 6, 93
2021.43391937, 53.100768224228, 120.620699837509, 337.724822998047, 2009603, 6, 92
2021.43391937, 53.1008312782764, 120.620689850447, 337.706451416016, 2009603, 6, 92
2021.43391937, 53.1008816676568, 120.620681825084, 337.711975097656, 2009603, 6, 92
2021.43391937, 53.1009194495355, 120.620675869356, 337.679595947266, 2009603, 6, 92
2021.43391937, 53.1009634910631, 120.620668860852, 337.694488525391, 2009603, 6, 92
2021.43391937, 53.1010075205325, 120.620661887015, 337.693237304688, 2009603, 6, 91
2021.43391937, 53.101051531313, 120.620654917657, 337.682891845703, 2009603, 6, 91
2021.43391937, 53.1011206751002, 120.620643981692, 337.712921142578, 2009603, 6, 91
2021.43391937, 53.1012526412705, 120.620623102124, 337.737823486328, 2009603, 6, 88
2021.43391937, 53.1013217698309, 120.620612116186, 337.739166259766, 2009603, 6, 88
2021.43391937, 53.1013720711588, 120.620604169029, 337.701416015625, 2009603, 6, 88
2021.43391937, 53.1014160876089, 120.620597155767, 337.713104248047, 2009603, 6, 88
2021.43391937, 53.1014475484092, 120.620592191731, 337.704559326172, 2009603, 6, 88
2021.43391937, 53.1014853041023, 120.620586191915, 337.691040039062, 2009603, 6, 88
2021.43391955, 53.478639715479, 120.559355705922, 338.413635253906, 2009603, 6, 88
2021.43391956, 53.4791198511402, 120.559278857605, 338.417388916016, 2009603, 6, 93
2021.43391956, 53.4795123965506, 120.559215122968, 338.419891357422, 2009603, 6, 92
2021.43391956, 53.479984178625, 120.559136386448, 338.417510986328, 2009603, 6, 93
2021.43391956, 53.4804101032305, 120.559065148868, 338.336486816406, 2009603, 6, 93
2021.43391968, 53.7285123265133, 120.518349127957, 499.890960693359, 2009603, 6, 79
2021.43391968, 53.7285442884768, 120.518343757783, 499.845825195312, 2009603, 6, 79
2021.43391968, 53.7285698658427, 120.518339479043, 499.842041015625, 2009603, 6, 79
2021.43391968, 53.7285954340158, 120.518335636531, 499.83935546875, 2009603, 6, 79
2021.43391968, 53.7286210056911, 120.518331200116, 499.867095947266, 2009603, 6, 79
2021.43391968, 53.7286529637486, 120.518325618518, 499.843994140625, 2009603, 6, 79
2021.43391968, 53.7286785325194, 120.518321172982, 499.842803955078, 2009603, 6, 79
2021.43391968, 53.7287041011509, 120.518316711698, 499.847320556641, 2009603, 6, 79
2021.43391968, 53.7287296679135, 120.518312241593, 499.826354980469, 2009603, 6, 79
2021.43391968, 53.7287616208615, 120.518306630605, 499.841949462891, 2009603, 6, 87
2021.43391968, 53.72878718944, 120.518302172593, 499.822021484375, 2009603, 6, 87
2021.43391968, 53.7288191372963, 120.518296552979, 499.822418212891, 2009603, 6, 87
2021.43391968, 53.7288447042639, 120.518292098787, 499.836578369141, 2009603, 6, 87
2021.43391968, 53.7288766463697, 120.518286467194, 499.828216552734, 2009603, 6, 87
2021.43391968, 53.7289022031334, 120.518281998616, 499.823211669922, 2009603, 6, 87
2021.43391968, 53.7289341416817, 120.518276377429, 499.826721191406, 2009603, 6, 87
2021.43391968, 53.7289596971935, 120.518271914578, 499.815612792969, 2009603, 6, 87
2021.43391968, 53.7289916268927, 120.518266288953, 499.815673828125, 2009603, 6, 87
2021.43391968, 53.7290235572925, 120.51826069359, 499.845977783203, 2009603, 6, 87
2021.43391968, 53.7290491038094, 120.518256237126, 499.866058349609, 2009603, 6, 87
2021.43391968, 53.7290810271547, 120.518250657181, 499.894653320312, 2009603, 6, 87
2021.43391968, 53.7291193178388, 120.518243930419, 499.879425048828, 2009603, 6, 62
2021.43391968, 53.7291512298275, 120.518238358184, 499.884979248047, 2009603, 6, 62
2021.43391968, 53.7291895091673, 120.518231659055, 499.904815673828, 2009603, 6, 62
2021.43391968, 53.7292277876087, 120.518225003778, 499.866333007812, 2009603, 6, 62
2021.43391968, 53.7292596795241, 120.518219469742, 499.882110595703, 2009603, 6, 85
2021.43391968, 53.7292915618096, 120.518213937244, 499.874328613281, 2009603, 6, 85
2021.43391968, 53.7293234383772, 120.518208425951, 499.879119873047, 2009603, 6, 85
2021.43391968, 53.7293489403275, 120.518204048706, 499.853912353516, 2009603, 6, 85
2021.43391968, 53.7293808016606, 120.518198540269, 499.835479736328, 2009603, 6, 85
2021.43391968, 53.7294062947553, 120.518194180283, 499.841857910156, 2009603, 6, 85
2021.43391968, 53.7294317767066, 120.518189809646, 499.850067138672, 2009603, 6, 85
2021.43391968, 53.7294572560449, 120.518185453542, 499.856567382812, 2009603, 6, 85
2021.43391968, 53.7294890946425, 120.518180005877, 499.859802246094, 2009603, 6, 85
2021.43391968, 53.7295145654852, 120.518175688023, 499.860656738281, 2009603, 6, 79
2021.43391968, 53.7295400272235, 120.518171366517, 499.864685058594, 2009603, 6, 79
2021.43391968, 53.7295718480806, 120.51816597191, 499.883087158203, 2009603, 6, 79
2021.43391968, 53.7295973017201, 120.518161680215, 499.858856201172, 2009603, 6, 79
2021.43391968, 53.7296227519995, 120.518157411661, 499.850708007812, 2009603, 6, 79
2021.43391968, 53.7296545542855, 120.518152070935, 499.873870849609, 2009603, 6, 79
2021.43391968, 53.7296799920567, 120.518147819007, 499.869598388672, 2009603, 6, 79
2021.43391968, 53.729705428308, 120.518143594701, 499.868865966797, 2009603, 6, 79
2021.43391968, 53.7297308567564, 120.518139370099, 499.865997314453, 2009603, 6, 79
