2021.97533019, 49.2820939171452, 118.098487457464, 554.119506835938, 2009588, 1, 54
2021.97533019, 49.2821765040209, 118.09847445289, 554.34423828125, 2009588, 1, 54
2021.97533019, 49.2822590974459, 118.098461501758, 554.404907226562, 2009588, 1, 55
2021.97533019, 49.2823226511906, 118.098451511196, 554.42822265625, 2009588, 1, 55
2021.97533019, 49.2823671554827, 118.098444451828, 554.397827148438, 2009588, 1, 55
2021.97533019, 49.2824116601502, 118.098437453073, 554.432495117188, 2009588, 1, 55
2021.97533019, 49.2824561761957, 118.098430412878, 554.417846679688, 2009588, 1, 55
2021.97533019, 49.282500702644, 118.098423381888, 554.419128417969, 2009588, 1, 59
2021.97533019, 49.2825515947199, 118.098415396828, 554.429992675781, 2009588, 1, 59
2021.97533019, 49.2826025028929, 118.098407383155, 554.459228515625, 2009588, 1, 59
2021.97533019, 49.282647056433, 118.09840038111, 554.437866210938, 2009588, 1, 59
2021.97533019, 49.2826916275223, 118.098393343573, 554.430480957031, 2009588, 1, 59
2021.97533019, 49.2827361953258, 118.098386404533, 554.459350585938, 2009588, 1, 59
2021.97533019, 49.2827744190791, 118.098380363228, 554.444091796875, 2009588, 1, 54
2021.97533019, 49.2828190060838, 118.09837344776, 554.457458496094, 2009588, 1, 54
2021.97533019, 49.282869932308, 118.098365386917, 554.442626953125, 2009588, 1, 54
2021.97533019, 49.2829400834919, 118.09835469158, 554.402587890625, 2009588, 1, 54
2021.97533036, 49.6100571388069, 118.049703150599, 540.005432128906, 2009588, 1, 79
2021.97533036, 49.6101400606947, 118.049689856601, 540.0361328125, 2009588, 1, 79
2021.97533036, 49.6102166202672, 118.049677519228, 540.056457519531, 2009588, 1, 79
2021.97533036, 49.6102867898959, 118.049666280107, 540.185424804688, 2009588, 1, 65
2021.97533036, 49.6103761030138, 118.049651978292, 540.520935058594, 2009588, 1, 65
2021.97533036, 49.6104653965459, 118.049637806371, 540.591979980469, 2009588, 1, 65
2021.97533165, 52.2085492733927, 117.648823273998, 437.322784423828, 2009603, 1, 91
2021.97533165, 52.208669824488, 117.648802901682, 437.362976074219, 2009603, 1, 91
2021.97533165, 52.2087776755317, 117.648784768436, 437.351348876953, 2009603, 1, 94
2021.97533165, 52.2088855080871, 117.64876683089, 437.304931640625, 2009603, 1, 94
2021.97533165, 52.208993323631, 117.648749109169, 437.326416015625, 2009603, 1, 94
2021.97533165, 52.2091202609377, 117.648727919438, 437.305847167969, 2009603, 1, 95
2021.97533165, 52.2092469704758, 117.648708118915, 437.278411865234, 2009603, 1, 95
2021.97533165, 52.2093673592964, 117.648689454439, 437.283935546875, 2009603, 1, 95
2021.97533165, 52.2094941014072, 117.648669976128, 437.301055908203, 2009603, 1, 95
2021.97533165, 52.2096145539445, 117.648651429841, 437.264709472656, 2009603, 1, 94
2021.97533165, 52.2097223622182, 117.64863487315, 437.2646484375, 2009603, 1, 94
2021.97533165, 52.2098365696839, 117.648617227202, 437.285522460938, 2009603, 1, 93
2021.97533165, 52.2099635403885, 117.648597467736, 437.233520507812, 2009603, 1, 93
2021.97533165, 52.2100842310569, 117.648578542131, 437.283233642578, 2009603, 1, 94
2021.97533165, 52.210198642587, 117.648560421225, 437.278564453125, 2009603, 1, 94
2021.97533165, 52.2103131171354, 117.648542100751, 437.279022216797, 2009603, 1, 89
2021.97533165, 52.2104275407836, 117.648523919724, 437.394714355469, 2009603, 1, 89
2021.97533224, 53.3945170745958, 117.456677856375, 858.363403320312, 2002011, 1, 53
2021.97533224, 53.3945807645214, 117.456667604472, 858.388916015625, 2002011, 1, 53
2021.97533224, 53.3946444730535, 117.45665741247, 858.348083496094, 2002011, 1, 53
2021.97533224, 53.39470820655, 117.456647210835, 858.390258789062, 2002011, 1, 53
2021.97533224, 53.3947719610682, 117.456636986281, 858.405822753906, 2002011, 1, 65
2021.97533224, 53.3948293628925, 117.456627752585, 858.37255859375, 2002011, 1, 65
2021.97533224, 53.3948931424514, 117.456617615497, 858.403991699219, 2002011, 1, 65
2021.97533224, 53.3949505680611, 117.456608405856, 858.346435546875, 2002011, 1, 65
2021.97533268, 54.2600975371035, 117.31248530991, 743.523193359375, 2009603, 1, 53
2021.97533268, 54.2602297587856, 117.312464196353, 743.526489257812, 2009603, 1, 53
2021.97533268, 54.2623050841127, 117.312115065427, 743.88427734375, 2009603, 1, 53
2021.97533268, 54.2624453249806, 117.3120916496, 743.967102050781, 2009603, 1, 53
2021.97533268, 54.2625728151165, 117.312070122679, 743.945739746094, 2009603, 1, 75
2021.97533268, 54.2626939136455, 117.312049458388, 744.036682128906, 2009603, 1, 75
2021.97533268, 54.2628341034526, 117.312025294018, 744.099792480469, 2009603, 1, 72
2021.97533268, 54.2629742535036, 117.312000758417, 744.160278320312, 2009603, 1, 72
2021.9753302, 49.2820550157581, 118.099672393161, 553.961181640625, 2009588, 2, 51
2021.9753302, 49.2823784074244, 118.099623284161, 554.233703613281, 2009588, 2, 60
2021.97533037, 49.6102534175642, 118.050861157098, 540.036926269531, 2009588, 2, 74
2021.97533166, 52.2088699951787, 117.650023039955, 437.318084716797, 2009603, 2, 93
2021.97533166, 52.2093843060709, 117.64994252287, 437.2314453125, 2009603, 2, 94
2021.97533166, 52.2099748481557, 117.649849697763, 437.260070800781, 2009603, 2, 95
2021.97533166, 52.2104386704889, 117.649776749932, 437.291778564453, 2009603, 2, 94
2021.97532956, 48.0060057710861, 118.328434034358, 620.395935058594, 2006420, 3, 86
2021.97532956, 48.0060891314225, 118.328422073628, 620.381225585938, 2006420, 3, 86
2021.97532956, 48.0061725034046, 118.328410049389, 620.385559082031, 2006420, 3, 86
2021.97532956, 48.0062430473346, 118.328399826054, 620.443176269531, 2006420, 3, 86
2021.9753302, 49.2983140136942, 118.14047083389, 553.947021484375, 2009588, 3, 91
2021.9753302, 49.2983970802981, 118.14045884386, 553.962768554688, 2009588, 3, 91
2021.9753302, 49.2984738270842, 118.14044781678, 553.955444335938, 2009588, 3, 91
2021.9753302, 49.2985570117174, 118.140435926584, 553.962158203125, 2009588, 3, 91
2021.9753302, 49.2986338597044, 118.140424968776, 553.97314453125, 2009588, 3, 91
2021.9753302, 49.2987107164325, 118.140414049615, 553.936096191406, 2009588, 3, 91
2021.9753302, 49.2987811939181, 118.140404050036, 553.954406738281, 2009588, 3, 91
2021.9753302, 49.298858075869, 118.14039315977, 553.970092773438, 2009588, 3, 91
2021.9753302, 49.2989285478322, 118.140383180847, 553.980224609375, 2009588, 3, 91
2021.97533034, 49.5713661393311, 118.100122800482, 536.937744140625, 1340572, 3, 87
2021.97533034, 49.5714421814629, 118.10011146473, 536.926513671875, 1340572, 3, 87
2021.97533034, 49.571518299068, 118.100100147179, 536.921264648438, 1340572, 3, 87
2021.97533034, 49.5716008304939, 118.100087923766, 536.926147460938, 1340572, 3, 87
2021.97533034, 49.5716769501439, 118.100076618647, 536.926696777344, 1340572, 3, 87
2021.97533034, 49.5717662056064, 118.100063541327, 536.968200683594, 1340572, 3, 86
2021.97533034, 49.5718683195902, 118.100048633228, 536.913024902344, 1340572, 3, 86
2021.97533034, 49.5719641555371, 118.100034675305, 536.957763671875, 1340572, 3, 86
2021.97533034, 49.5720600569895, 118.100020751186, 536.942016601562, 1340572, 3, 85
2021.97533034, 49.5721496399126, 118.100007755303, 536.949462890625, 1340572, 3, 85
2021.97533034, 49.5722456476887, 118.099993858766, 536.934814453125, 1340572, 3, 85
2021.97533034, 49.5723417028858, 118.099979959664, 536.919189453125, 1340572, 3, 84
2021.97533034, 49.5724377771087, 118.099966059784, 536.9228515625, 1340572, 3, 84
2021.97533034, 49.5725274430433, 118.099953090584, 536.926147460938, 1340572, 3, 83
2021.97533034, 49.5726171030901, 118.099940111089, 536.945190429688, 1340572, 3, 83
2021.97533034, 49.5727259437159, 118.099924341941, 536.925659179688, 1340572, 3, 83
2021.97533034, 49.5728347373713, 118.099908550395, 536.941467285156, 1340572, 3, 84
2021.97533034, 49.572943558897, 118.099892719759, 536.925720214844, 1340572, 3, 84
2021.97533034, 49.5730584855787, 118.099875956758, 536.934265136719, 1340572, 3, 84
2021.97533034, 49.5731669406452, 118.099860091662, 536.945739746094, 1340572, 3, 84
2021.97533034, 49.5732753122187, 118.099844188996, 536.934265136719, 1340572, 3, 83
2021.97533034, 49.5734027030288, 118.099825429528, 536.934143066406, 1340572, 3, 83
2021.97533034, 49.5735236161996, 118.099807559688, 536.9365234375, 1340572, 3, 84
2021.97533034, 49.5736253779966, 118.099792465683, 536.919555664062, 1340572, 3, 84
2021.97533034, 49.5737270720074, 118.099777343685, 536.925048828125, 1340572, 3, 84
2021.97533034, 49.5738350744412, 118.099761236916, 536.956665039062, 1340572, 3, 83
2021.97533034, 49.573930333812, 118.099746995223, 536.952819824219, 1340572, 3, 83
2021.97533034, 49.5740319014106, 118.099731791189, 536.929321289062, 1340572, 3, 84
2021.97533034, 49.5741144166395, 118.099719415586, 536.954040527344, 1340572, 3, 84
2021.97533034, 49.5742096416237, 118.099705291955, 536.924499511719, 1340572, 3, 84
2021.97533034, 49.5742984404087, 118.099691808989, 536.946411132812, 1340572, 3, 81
2021.97533034, 49.5743999133513, 118.09967642021, 536.954162597656, 1340572, 3, 81
2021.97533034, 49.5745077544627, 118.099660085582, 536.958618164062, 1340572, 3, 76
2021.97533034, 49.5746092773286, 118.099644754549, 536.953186035156, 1340572, 3, 76
2021.97533034, 49.5747235447683, 118.09962756271, 536.921447753906, 1340572, 3, 76
2021.97533034, 49.5748251593267, 118.099612359715, 536.890258789062, 1340572, 3, 76
2021.97533034, 49.5749331875258, 118.099596288587, 536.875732421875, 1340572, 3, 76
2021.97533034, 49.5750476478207, 118.099579382032, 536.906127929688, 1340572, 3, 66
2021.97533034, 49.5751622018239, 118.099562584893, 536.877258300781, 1340572, 3, 66
2021.97533034, 49.57527684602, 118.099545912662, 536.93017578125, 1340572, 3, 56
2021.97533034, 49.575397962035, 118.099528441292, 536.914611816406, 1340572, 3, 56
2021.97533034, 49.5754999590719, 118.099513599686, 536.934814453125, 1340572, 3, 56
2021.97533034, 49.575614992873, 118.099497598893, 536.923767089844, 1340572, 3, 60
2021.97533034, 49.5757301188571, 118.099481652679, 536.948913574219, 1340572, 3, 60
2021.97533037, 49.6430532939872, 118.089484290503, 539.356567382812, 2009588, 3, 86
2021.97533037, 49.6431554753265, 118.08946940642, 539.363525390625, 2009588, 3, 86
2021.97533037, 49.6432385056785, 118.08945737904, 539.384094238281, 2009588, 3, 86
2021.97533037, 49.6433215274348, 118.089445409781, 539.335266113281, 2009588, 3, 86
2021.97533037, 49.6434045370671, 118.089433493423, 539.327331542969, 2009588, 3, 86
2021.97533037, 49.6434939006751, 118.089420718651, 539.283386230469, 2009588, 3, 86
2021.97533037, 49.6435832252803, 118.089407995403, 539.319519042969, 2009588, 3, 90
2021.97533037, 49.6436788737339, 118.089394419308, 539.312194824219, 2009588, 3, 90
2021.97533037, 49.6437617388971, 118.089382672247, 539.314575195312, 2009588, 3, 84
2021.97533037, 49.6438509172781, 118.089370056164, 539.300964355469, 2009588, 3, 84
2021.97533037, 49.6439273221103, 118.089359249163, 539.30908203125, 2009588, 3, 84
2021.97533037, 49.6440100399481, 118.089347554499, 539.289916992188, 2009588, 3, 84
2021.97533037, 49.6440863477144, 118.089336766505, 539.315612792969, 2009588, 3, 84
2021.97533037, 49.6441692245149, 118.089325097139, 539.353149414062, 2009588, 3, 84
2021.97533037, 49.6442452596259, 118.089314278292, 539.386352539062, 2009588, 3, 84
2021.97533167, 52.241027690198, 117.690981588635, 436.621490478516, 2009603, 3, 56
2021.97533167, 52.2411227483602, 117.690966929692, 436.522369384766, 2009603, 3, 56
2021.97533167, 52.2412178748477, 117.690952267052, 436.471313476562, 2009603, 3, 56
2021.97533167, 52.2415606115682, 117.690899560853, 436.088928222656, 2009603, 3, 94
2021.97533167, 52.2416559331746, 117.690884864875, 435.995208740234, 2009603, 3, 94
2021.97533167, 52.2417449280861, 117.69087112894, 435.919830322266, 2009603, 3, 94
2021.97533167, 52.2418403356129, 117.690856358404, 435.870574951172, 2009603, 3, 94
2021.97533167, 52.2419294053522, 117.690842544104, 435.850250244141, 2009603, 3, 94
2021.97533167, 52.242024895448, 117.690827675334, 435.864868164062, 2009603, 3, 94
2021.97533167, 52.2421267882822, 117.690811758978, 435.856811523438, 2009603, 3, 94
2021.97533167, 52.2422159806483, 117.690797773876, 435.780059814453, 2009603, 3, 94
2021.97533167, 52.2423052284473, 117.690783783598, 435.772155761719, 2009603, 3, 94
2021.97533167, 52.2423880910792, 117.690770581165, 435.765289306641, 2009603, 3, 94
2021.97533167, 52.2424582231393, 117.690759377727, 435.754058837891, 2009603, 3, 94
2021.97533167, 52.2425602587977, 117.690743041635, 435.758972167969, 2009603, 3, 94
2021.97533167, 52.2426623350878, 117.690726651122, 435.775909423828, 2009603, 3, 94
2021.97533167, 52.242764436892, 117.690710229829, 435.728454589844, 2009603, 3, 94
2021.97533167, 52.2428601658905, 117.690694821058, 435.752227783203, 2009603, 3, 94
2021.97533167, 52.2429367560454, 117.690682491245, 435.755126953125, 2009603, 3, 94
2021.97533167, 52.2430197513391, 117.690669118403, 435.783386230469, 2009603, 3, 94
2021.97533167, 52.2431155029504, 117.690653705323, 435.779937744141, 2009603, 3, 94
2021.97533167, 52.2432112623944, 117.690638299007, 435.786376953125, 2009603, 3, 94
2021.97533167, 52.2433197824254, 117.690620861284, 435.767730712891, 2009603, 3, 94
2021.97533167, 52.2434219110385, 117.690604475834, 435.773284912109, 2009603, 3, 94
2021.97533167, 52.243511253595, 117.690590169177, 435.775939941406, 2009603, 3, 93
2021.97533167, 52.2436005480327, 117.690575856827, 435.790008544922, 2009603, 3, 93
2021.97533167, 52.2437027147526, 117.690559747734, 435.795104980469, 2009603, 3, 93
2021.97533167, 52.2439259795673, 117.69052463839, 435.905242919922, 2009603, 3, 89
2021.97533167, 52.2440215836352, 117.690509601679, 435.954711914062, 2009603, 3, 77
2021.97533167, 52.2441298448455, 117.690492570414, 436.076568603516, 2009603, 3, 77
2021.97533167, 52.2442252931778, 117.690477535238, 436.235443115234, 2009603, 3, 77
2021.97533167, 52.2443079700469, 117.690464482924, 436.351013183594, 2009603, 3, 60
2021.97533167, 52.2444032767914, 117.690449419186, 436.244567871094, 2009603, 3, 60
2021.97533167, 52.2444921695102, 117.690435331959, 436.171691894531, 2009603, 3, 60
2021.97533225, 53.4185221712514, 117.501355873185, 865.396301269531, 2002011, 3, 63
2021.97533225, 53.418598525241, 117.501343276364, 865.291564941406, 2002011, 3, 63
2021.97533225, 53.4186812122752, 117.501329634315, 865.293762207031, 2002011, 3, 63
2021.97532957, 48.0061348458196, 118.329654079937, 620.255676269531, 2006420, 4, 87
2021.97533021, 49.2989278933608, 118.141668559877, 553.981140136719, 2009588, 4, 88
2021.97533021, 49.299208553455, 118.141626659721, 553.966857910156, 2009588, 4, 93
2021.97533035, 49.5723170645305, 118.1012735284, 536.942565917969, 1340572, 4, 86
2021.97533035, 49.5726414831177, 118.101226301704, 536.953186035156, 1340572, 4, 87
2021.97533035, 49.572998193195, 118.101174127751, 536.948669433594, 1340572, 4, 87
2021.97533035, 49.5733555115573, 118.101121208331, 536.942993164062, 1340572, 4, 87
2021.97533035, 49.5736744144491, 118.101073905498, 536.933166503906, 1340572, 4, 86
2021.97533035, 49.57401205341, 118.101023900398, 536.934204101562, 1340572, 4, 80
2021.97533035, 49.5743445652916, 118.100974994252, 536.907836914062, 1340572, 4, 77
2021.97533168, 52.2423302073817, 117.692138628458, 436.311309814453, 2009603, 4, 51
2021.97533168, 52.2425785215985, 117.692098499042, 436.019012451172, 2009603, 4, 86
2021.97533168, 52.2429287684706, 117.69204252402, 435.753143310547, 2009603, 4, 94
2021.97533168, 52.2432534375685, 117.691991446998, 435.747955322266, 2009603, 4, 94
2021.97533168, 52.2435777945426, 117.691941332515, 435.732482910156, 2009603, 4, 95
2021.97533168, 52.2439080914842, 117.691891070559, 435.721771240234, 2009603, 4, 94
2021.97533168, 52.2442509339204, 117.691838545822, 435.736297607422, 2009603, 4, 95
2021.97533168, 52.2445810723054, 117.691787076308, 435.723693847656, 2009603, 4, 95
2021.97533168, 52.244866892605, 117.691741336991, 435.728973388672, 2009603, 4, 95
2021.97533168, 52.2451973892783, 117.691687156464, 435.793029785156, 2009603, 4, 93
2021.97533168, 52.2454962095424, 117.691637746622, 436.016143798828, 2009603, 4, 89
2021.97533168, 52.2458014518406, 117.691587295806, 436.178588867188, 2009603, 4, 74
2021.97533168, 52.2462084268865, 117.691520838136, 436.438415527344, 2009603, 4, 69
2021.97532956, 48.0135928738036, 118.370655209929, 623.817810058594, 2006420, 5, 72
2021.97532956, 48.0136568784314, 118.370645678509, 623.776000976562, 2006420, 5, 72
2021.97532956, 48.01372728266, 118.370635224271, 623.754211425781, 2006420, 5, 72
2021.97533038, 49.6620249333797, 118.131476623468, 538.249450683594, 2009588, 5, 85
2021.97533038, 49.6621010901314, 118.131465579472, 538.201293945312, 2009588, 5, 85
2021.97533038, 49.6621772275124, 118.131454523411, 538.217468261719, 2009588, 5, 85
2021.97533038, 49.6622343448632, 118.131446286597, 538.22998046875, 2009588, 5, 85
2021.97533038, 49.6622977835334, 118.131437107582, 538.236999511719, 2009588, 5, 86
2021.97533038, 49.6623612301204, 118.131427965782, 538.225463867188, 2009588, 5, 86
2021.97533038, 49.6624436895518, 118.131416072903, 538.205810546875, 2009588, 5, 86
2021.97533038, 49.662513452055, 118.131406023418, 538.219604492188, 2009588, 5, 90
2021.97533038, 49.6625958843693, 118.131394146624, 538.23681640625, 2009588, 5, 90
2021.97533038, 49.6626656292966, 118.131384114714, 538.310302734375, 2009588, 5, 90
2021.97533038, 49.6627290476622, 118.131375058951, 538.257263183594, 2009588, 5, 90
2021.97533167, 52.2585873301559, 117.735644900314, 434.619506835938, 2009603, 5, 81
2021.97533167, 52.2586886213451, 117.735629066308, 434.597473144531, 2009603, 5, 81
2021.97533167, 52.2587772882897, 117.735615190995, 434.558074951172, 2009603, 5, 94
2021.97533167, 52.258885011775, 117.735598321829, 434.604461669922, 2009603, 5, 94
2021.97533167, 52.2589866161869, 117.735582182896, 434.636810302734, 2009603, 5, 94
2021.97533167, 52.2590946102765, 117.735565011012, 434.626800537109, 2009603, 5, 93
2021.97533167, 52.2592026466928, 117.735547838202, 434.627136230469, 2009603, 5, 93
2021.97533167, 52.2592916636933, 117.735533762357, 434.640350341797, 2009603, 5, 94
2021.97533167, 52.2593934019229, 117.735517644898, 434.709106445312, 2009603, 5, 94
2021.97533167, 52.2594951751452, 117.735501611824, 434.746154785156, 2009603, 5, 94
2021.97533167, 52.2595969591097, 117.735485615941, 434.702575683594, 2009603, 5, 94
2021.97533167, 52.2598068704916, 117.735452727521, 434.774841308594, 2009603, 5, 94
2021.97533167, 52.2598959514855, 117.7354389353, 434.846313476562, 2009603, 5, 94
2021.97533167, 52.2599977450695, 117.735423212316, 434.718139648438, 2009603, 5, 94
2021.97533167, 52.260093198359, 117.735408303473, 434.721588134766, 2009603, 5, 94
2021.97533167, 52.2601821757682, 117.735394930084, 434.637817382812, 2009603, 5, 94
2021.97533167, 52.2602774931023, 117.735380621464, 434.609588623047, 2009603, 5, 94
2021.97533167, 52.2603664439726, 117.735367272714, 434.570709228516, 2009603, 5, 94
2021.97533167, 52.2604681190257, 117.735352057102, 434.636260986328, 2009603, 5, 94
2021.97533167, 52.2605697787295, 117.735336785908, 434.716400146484, 2009603, 5, 94
2021.97533167, 52.2606587368488, 117.735323387309, 434.728698730469, 2009603, 5, 94
2021.97533167, 52.2607540464317, 117.735308954818, 434.607635498047, 2009603, 5, 88
2021.97533167, 52.2608303247001, 117.735297406234, 434.651794433594, 2009603, 5, 88
2021.97533167, 52.2609383663612, 117.735280871718, 434.64892578125, 2009603, 5, 88
2021.97533227, 53.4497781360378, 117.544991521992, 878.755493164062, 2002011, 5, 69
2021.97533227, 53.4498355458942, 117.544981878756, 878.738342285156, 2002011, 5, 69
2021.97533227, 53.4498929825952, 117.544972240031, 878.774353027344, 2002011, 5, 69
2021.97533227, 53.4499568144816, 117.544961498648, 878.700134277344, 2002011, 5, 69
2021.97533039, 49.6619653235426, 118.13275300214, 538.269836425781, 2009588, 6, 92
2021.97533039, 49.6622457041326, 118.132711255309, 538.535583496094, 2009588, 6, 81
2021.97533168, 52.2579399727219, 117.73707618546, 434.677032470703, 2009603, 6, 71
2021.97533168, 52.2583079079924, 117.737015337555, 434.566802978516, 2009603, 6, 94
2021.97533168, 52.2586757154787, 117.736954814702, 434.590515136719, 2009603, 6, 94
2021.97533168, 52.2590882819257, 117.736889480823, 434.579711914062, 2009603, 6, 92
2021.97533168, 52.2594754947116, 117.736829266807, 434.572021484375, 2009603, 6, 93
2021.97533169, 52.2598246090611, 117.736775461828, 434.542572021484, 2009603, 6, 94
2021.97533169, 52.2602688054393, 117.736706627515, 434.576538085938, 2009603, 6, 79
