2021.25761153, 52.9206950383027, 119.039496359385, 386.235198974609, 2009603, 1, 73
2021.25761153, 52.9205299115266, 119.039468903136, 386.199249267578, 2009603, 1, 73
2021.25761153, 52.9203149196627, 119.03943298913, 386.444305419922, 2009603, 1, 64
2021.25761153, 52.9199926869642, 119.039379443513, 386.091094970703, 2009603, 1, 72
2021.25761153, 52.9197777586598, 119.039343525562, 386.094573974609, 2009603, 1, 72
2021.25761153, 52.9195434657994, 119.039304649318, 386.080352783203, 2009603, 1, 88
2021.25761153, 52.9193596297762, 119.039274304166, 386.087310791016, 2009603, 1, 92
2021.25761153, 52.9191299229203, 119.039236463027, 386.193115234375, 2009603, 1, 93
2021.25761153, 52.9188869700243, 119.039197018559, 386.144897460938, 2009603, 1, 93
2021.25761153, 52.9185734395708, 119.039146077793, 386.082397460938, 2009603, 1, 93
2021.25761153, 52.9183751408314, 119.039113988425, 386.071533203125, 2009603, 1, 86
2021.25761328, 49.4053845247034, 118.493369941726, 565.548095703125, 2009588, 1, 69
2021.25761328, 49.4045627518733, 118.493244236235, 566.466125488281, 2009588, 1, 66
2021.25761153, 52.9354530949453, 119.040633080777, 386.793273925781, 2009603, 2, 51
2021.25761154, 52.9214442941633, 119.038338197675, 386.170776367188, 2009603, 2, 59
2021.25761154, 52.92134894837, 119.038321896746, 386.256866455078, 2009603, 2, 59
2021.25761154, 52.9212726980012, 119.038308834601, 386.318145751953, 2009603, 2, 59
2021.25761154, 52.9211964703084, 119.038295688292, 386.348449707031, 2009603, 2, 78
2021.25761154, 52.9211266136338, 119.038283586804, 386.340362548828, 2009603, 2, 78
2021.25761154, 52.9210440863514, 119.038269402751, 386.355804443359, 2009603, 2, 78
2021.25761154, 52.9208853256948, 119.038241973605, 386.423370361328, 2009603, 2, 55
2021.25761154, 52.9208156416609, 119.038229884433, 386.412628173828, 2009603, 2, 55
2021.25761154, 52.919680871085, 119.038035412817, 386.164855957031, 2009603, 2, 66
2021.25761154, 52.9195983305639, 119.03802150139, 386.257141113281, 2009603, 2, 66
2021.25761154, 52.9195154712434, 119.038007342534, 386.288238525391, 2009603, 2, 66
2021.25761154, 52.9194198137134, 119.037990935568, 386.198883056641, 2009603, 2, 91
2021.25761154, 52.9193560245456, 119.037980270746, 386.176605224609, 2009603, 2, 91
2021.25761154, 52.9193113541592, 119.037972628202, 386.147430419922, 2009603, 2, 91
2021.25761154, 52.919253922403, 119.037963036107, 386.143310546875, 2009603, 2, 91
2021.25761154, 52.9192028578558, 119.037954440141, 386.095825195312, 2009603, 2, 92
2021.25761154, 52.9191326305848, 119.037942521826, 386.149078369141, 2009603, 2, 92
2021.25761154, 52.9190623986515, 119.03793068523, 386.151458740234, 2009603, 2, 92
2021.25761154, 52.9189921695502, 119.03791899136, 386.161987304688, 2009603, 2, 91
2021.25761154, 52.9189219388829, 119.037907279737, 386.166412353516, 2009603, 2, 91
2021.25761154, 52.9188644816236, 119.037897750003, 386.171203613281, 2009603, 2, 91
2021.25761154, 52.9188006515879, 119.037887232643, 386.193420410156, 2009603, 2, 91
2021.25761154, 52.9187304481253, 119.03787572817, 386.220581054688, 2009603, 2, 90
2021.25761154, 52.918660259416, 119.037864227432, 386.162841796875, 2009603, 2, 90
2021.25761154, 52.918590094878, 119.037852884486, 386.1044921875, 2009603, 2, 90
2021.25761154, 52.9185326983991, 119.037843532737, 386.027618408203, 2009603, 2, 90
2021.25761329, 49.405562146702, 118.492210383685, 565.446960449219, 2009588, 2, 86
2021.25761329, 49.4053030218379, 118.492172220212, 565.470642089844, 2009588, 2, 86
2021.25761329, 49.4050437458214, 118.492133729656, 565.489196777344, 2009588, 2, 91
2021.25761329, 49.4047586004929, 118.492090937458, 565.47021484375, 2009588, 2, 83
2021.25761329, 49.4045805975348, 118.492063995902, 565.479431152344, 2009588, 2, 78
2021.25761399, 48.0064958303023, 118.28733770001, 618.571105957031, 2006420, 2, 70
2021.25761399, 48.0053883226833, 118.287177689847, 618.640319824219, 2006420, 2, 54
2021.25761151, 52.9540876546989, 118.99671768195, 392.105346679688, 2009603, 3, 73
2021.25761151, 52.9536621118168, 118.996649565146, 392.006195068359, 2009603, 3, 73
2021.25761154, 52.8950837467011, 118.9871438543, 388.165405273438, 2009603, 3, 51
2021.25761154, 52.894815529887, 118.987100094469, 388.173156738281, 2009603, 3, 65
2021.25761154, 52.8945026960271, 118.987049026828, 388.192047119141, 2009603, 3, 74
2021.25761154, 52.8942221266686, 118.987003240108, 388.196533203125, 2009603, 3, 90
2021.25761154, 52.8940119185469, 118.986968851792, 388.189331054688, 2009603, 3, 86
2021.25761154, 52.8938654850108, 118.986944784562, 388.191802978516, 2009603, 3, 90
2021.25761154, 52.8937063687725, 118.986918586071, 388.142150878906, 2009603, 3, 91
2021.25761154, 52.8935791127236, 118.986897543294, 388.144439697266, 2009603, 3, 91
2021.25761154, 52.8934518819126, 118.986876406458, 388.153991699219, 2009603, 3, 93
2021.25761154, 52.8933183139293, 118.986854103881, 388.167724609375, 2009603, 3, 93
2021.25761154, 52.8931911004834, 118.986833070718, 388.110961914062, 2009603, 3, 93
2021.25761154, 52.8930575215055, 118.986810481907, 388.153137207031, 2009603, 3, 93
2021.25761154, 52.8929302922514, 118.986788994501, 388.155670166016, 2009603, 3, 92
2021.25761154, 52.8928030465134, 118.986767532873, 388.137634277344, 2009603, 3, 92
2021.25761154, 52.8926821434858, 118.986747217246, 388.134216308594, 2009603, 3, 91
2021.25761154, 52.8925612221118, 118.986726950635, 388.157287597656, 2009603, 3, 91
2021.25761154, 52.892440267867, 118.986706821057, 388.186431884766, 2009603, 3, 91
2021.25761154, 52.8922747057402, 118.986679479674, 388.30029296875, 2009603, 3, 91
2021.25761154, 52.8920581080736, 118.98664417428, 388.331817626953, 2009603, 3, 92
2021.25761154, 52.8918541663499, 118.986611359474, 388.285339355469, 2009603, 3, 92
2021.25761154, 52.8917011002797, 118.986587395592, 388.217590332031, 2009603, 3, 92
2021.25761154, 52.8915543854146, 118.986564552276, 388.182495117188, 2009603, 3, 92
2021.25761154, 52.8914012611124, 118.986540893689, 388.256042480469, 2009603, 3, 91
2021.25761154, 52.8912927938653, 118.986524139781, 388.281951904297, 2009603, 3, 91
2021.25761154, 52.8911843289509, 118.986507375144, 388.259094238281, 2009603, 3, 90
2021.25761154, 52.891043964994, 118.98648565114, 388.301361083984, 2009603, 3, 91
2021.25761154, 52.8908972261144, 118.986462889631, 388.294158935547, 2009603, 3, 92
2021.25761154, 52.8907441427921, 118.986438910602, 388.239654541016, 2009603, 3, 90
2021.25761154, 52.8906102012616, 118.986417814294, 388.240142822266, 2009603, 3, 90
2021.25761154, 52.8904381378059, 118.986390112311, 388.330230712891, 2009603, 3, 91
2021.25761154, 52.8901450501309, 118.986342412343, 388.199584960938, 2009603, 3, 89
2021.25761154, 52.8899093482347, 118.986303522095, 388.1669921875, 2009603, 3, 71
2021.25761154, 52.8897628229351, 118.986279279751, 388.197357177734, 2009603, 3, 71
2021.25761154, 52.8895653197793, 118.986246538151, 388.370574951172, 2009603, 3, 57
2021.25761304, 49.8954939430701, 118.521679684394, 530.233947753906, 2009588, 3, 52
2021.25761304, 49.8937623729738, 118.521419868634, 530.124572753906, 2009588, 3, 65
2021.25761304, 49.8903273090667, 118.520901103196, 530.093444824219, 2009588, 3, 58
2021.25761309, 49.7919638217445, 118.506206644295, 531.830078125, 167184, 3, 64
2021.25761309, 49.7916777733725, 118.506163684135, 531.7275390625, 167184, 3, 87
2021.25761309, 49.791231983307, 118.506095474031, 531.832092285156, 167184, 3, 95
2021.25761309, 49.7903287256209, 118.505957274037, 531.809143066406, 167184, 3, 96
2021.25761309, 49.7893199160366, 118.505807597993, 531.776306152344, 167184, 3, 96
2021.25761309, 49.7883327655039, 118.505663835118, 531.793395996094, 167184, 3, 96
2021.25761327, 49.4312004632172, 118.452631502643, 564.301696777344, 2009588, 3, 83
2021.25761327, 49.4303551853624, 118.452506452514, 564.304992675781, 2009588, 3, 90
2021.25761152, 52.9539581409019, 118.995426697505, 392.080169677734, 2009603, 4, 90
2021.25761152, 52.9538439097861, 118.995409704352, 392.050903320312, 2009603, 4, 90
2021.25761152, 52.9537233491626, 118.995391999278, 392.070159912109, 2009603, 4, 74
2021.25761152, 52.9536218115511, 118.995377081325, 392.077819824219, 2009603, 4, 74
2021.25761152, 52.953520260121, 118.995362218588, 392.068420410156, 2009603, 4, 74
2021.25761155, 52.8934966630732, 118.985583740439, 388.1669921875, 2009603, 4, 65
2021.25761155, 52.8934582649399, 118.985577559094, 388.164184570312, 2009603, 4, 65
2021.25761155, 52.8934198683762, 118.985571285441, 388.175598144531, 2009603, 4, 65
2021.25761155, 52.8933750609448, 118.985564189037, 388.209930419922, 2009603, 4, 65
2021.25761155, 52.893330248248, 118.985557061395, 388.181213378906, 2009603, 4, 65
2021.25761155, 52.8932854170996, 118.985549797017, 388.168792724609, 2009603, 4, 65
2021.25761155, 52.8932405886073, 118.985542613022, 388.230041503906, 2009603, 4, 88
2021.25761155, 52.893182951762, 118.985533424722, 388.222229003906, 2009603, 4, 88
2021.25761155, 52.8931253131512, 118.985524211541, 388.197845458984, 2009603, 4, 88
2021.25761155, 52.893067665941, 118.98551492288, 388.206970214844, 2009603, 4, 88
2021.25761155, 52.8930292283659, 118.985508654647, 388.222747802734, 2009603, 4, 88
2021.25761155, 52.8929843994366, 118.985501499141, 388.197845458984, 2009603, 4, 90
2021.25761155, 52.8929459622431, 118.985495196445, 388.199462890625, 2009603, 4, 90
2021.25761155, 52.892888324085, 118.985485871502, 388.210998535156, 2009603, 4, 90
2021.25761155, 52.8928370904398, 118.985477545512, 388.198272705078, 2009603, 4, 90
2021.25761155, 52.8927858624113, 118.985469204905, 388.210327148438, 2009603, 4, 90
2021.25761155, 52.8927282426727, 118.985459850668, 388.2001953125, 2009603, 4, 90
2021.25761155, 52.8926834287349, 118.985452458315, 388.207641601562, 2009603, 4, 90
2021.25761155, 52.8926386217706, 118.985445092972, 388.203826904297, 2009603, 4, 90
2021.25761155, 52.8925874315161, 118.98543675573, 388.200256347656, 2009603, 4, 90
2021.25761155, 52.8925490400212, 118.98543042951, 388.166870117188, 2009603, 4, 90
2021.25761155, 52.8925042599756, 118.985423062449, 388.224822998047, 2009603, 4, 90
2021.25761155, 52.8924402981345, 118.985412401519, 388.179473876953, 2009603, 4, 91
2021.25761155, 52.8923763661742, 118.985401870665, 388.190704345703, 2009603, 4, 91
2021.25761155, 52.8923252336908, 118.985393385945, 388.194732666016, 2009603, 4, 91
2021.25761155, 52.8922868859846, 118.985386923876, 388.094940185547, 2009603, 4, 91
2021.25761155, 52.8922485552174, 118.985380524413, 388.150024414062, 2009603, 4, 91
2021.25761155, 52.8922102361048, 118.985374190151, 388.113616943359, 2009603, 4, 91
2021.25761155, 52.8921782998058, 118.985368774713, 388.115447998047, 2009603, 4, 91
2021.25761155, 52.8921399629804, 118.985362737461, 388.134979248047, 2009603, 4, 91
2021.25761155, 52.8921080597521, 118.98535728771, 388.109466552734, 2009603, 4, 91
2021.25761155, 52.892069782169, 118.985350728074, 388.134063720703, 2009603, 4, 91
2021.25761155, 52.8920315171706, 118.985344169813, 388.09912109375, 2009603, 4, 91
2021.25761155, 52.8919996306457, 118.985338654594, 388.133636474609, 2009603, 4, 91
2021.25761155, 52.8919613810586, 118.985332106314, 388.121429443359, 2009603, 4, 91
2021.25761155, 52.8919231451841, 118.985325613926, 388.115661621094, 2009603, 4, 91
2021.25761155, 52.8918849138925, 118.98531906335, 388.122222900391, 2009603, 4, 91
2021.25761155, 52.8918466931543, 118.985312520613, 388.119659423828, 2009603, 4, 91
2021.25761155, 52.8918084845448, 118.985305996053, 388.122619628906, 2009603, 4, 91
2021.25761155, 52.8917702823583, 118.985299479286, 388.142395019531, 2009603, 4, 91
2021.25761155, 52.891732087344, 118.985292947915, 388.129333496094, 2009603, 4, 91
2021.25761155, 52.8917002655623, 118.985287518735, 388.124755859375, 2009603, 4, 91
2021.25761155, 52.8916684533783, 118.985282128625, 388.110107421875, 2009603, 4, 91
2021.25761155, 52.8916366377949, 118.985276639813, 388.134857177734, 2009603, 4, 91
2021.25761155, 52.8915921168193, 118.985269071105, 388.152008056641, 2009603, 4, 91
2021.25761155, 52.8915476074976, 118.98526156013, 388.139862060547, 2009603, 4, 91
2021.25761155, 52.8914967497126, 118.985252955172, 388.161041259766, 2009603, 4, 92
2021.25761155, 52.8914586178816, 118.985246548399, 388.139862060547, 2009603, 4, 91
2021.25761155, 52.8914205003032, 118.985240228985, 388.132965087891, 2009603, 4, 91
2021.25761155, 52.8913823847171, 118.985233847497, 388.142761230469, 2009603, 4, 91
2021.25761155, 52.8913442764874, 118.985227508209, 388.108215332031, 2009603, 4, 91
2021.25761155, 52.891312524352, 118.985222220025, 388.143249511719, 2009603, 4, 91
2021.25761155, 52.8912807724327, 118.985216900306, 388.127838134766, 2009603, 4, 91
2021.25761155, 52.8912426899889, 118.985210707867, 388.142913818359, 2009603, 4, 92
2021.25761155, 52.8912109453027, 118.985205385803, 388.15185546875, 2009603, 4, 92
2021.25761155, 52.8911792185171, 118.985200212822, 388.122375488281, 2009603, 4, 92
2021.25761155, 52.8911474893284, 118.985195007444, 388.123870849609, 2009603, 4, 92
2021.25761155, 52.8911094282805, 118.985188878054, 388.123718261719, 2009603, 4, 92
2021.25761155, 52.8910777047421, 118.98518368007, 388.096954345703, 2009603, 4, 92
2021.25761155, 52.8910459898823, 118.985178537333, 388.12841796875, 2009603, 4, 92
2021.25761155, 52.8910079431122, 118.985172479627, 388.11865234375, 2009603, 4, 92
2021.25761155, 52.8909698931589, 118.985166308435, 388.157135009766, 2009603, 4, 90
2021.25761155, 52.8909318542769, 118.985160275886, 388.131805419922, 2009603, 4, 90
2021.25761155, 52.8909001497606, 118.985155155841, 388.163818359375, 2009603, 4, 90
2021.25761155, 52.8908684790584, 118.985149666783, 388.129089355469, 2009603, 4, 90
2021.25761155, 52.8908367809726, 118.985144842172, 388.136901855469, 2009603, 4, 90
2021.25761155, 52.8908050813962, 118.985139992143, 388.119659423828, 2009603, 4, 90
2021.25761155, 52.8907670435286, 118.985134169655, 388.2255859375, 2009603, 4, 90
2021.25761155, 52.8907100060782, 118.985125597785, 388.274139404297, 2009603, 4, 89
2021.25761155, 52.890640291021, 118.985115059667, 388.314117431641, 2009603, 4, 89
2021.25761155, 52.8905769229651, 118.985105516446, 388.358825683594, 2009603, 4, 89
2021.25761155, 52.8905135651859, 118.985096017988, 388.329040527344, 2009603, 4, 89
2021.25761155, 52.8904375510666, 118.985084773601, 388.303924560547, 2009603, 4, 90
2021.25761155, 52.8903741989175, 118.985075252673, 388.299438476562, 2009603, 4, 90
2021.25761155, 52.8903045223525, 118.985064818894, 388.281799316406, 2009603, 4, 90
2021.25761155, 52.8902348560269, 118.985054475258, 388.273315429688, 2009603, 4, 91
2021.25761155, 52.8901841817652, 118.985046827385, 388.288879394531, 2009603, 4, 91
2021.25761155, 52.8900891734427, 118.985032455416, 388.295166015625, 2009603, 4, 91
2021.25761155, 52.8899941722447, 118.985018115182, 388.258911132812, 2009603, 4, 92
2021.25761155, 52.8899371594119, 118.985009336612, 388.285675048828, 2009603, 4, 92
2021.25761155, 52.8898928218754, 118.985002533531, 388.273101806641, 2009603, 4, 92
2021.25761155, 52.8898548203322, 118.984996751849, 388.230224609375, 2009603, 4, 91
2021.25761155, 52.8898231423959, 118.984991793778, 388.246826171875, 2009603, 4, 91
2021.25761155, 52.8897851275124, 118.984985839578, 388.256866455078, 2009603, 4, 91
2021.25761155, 52.889747122821, 118.984980011491, 388.228759765625, 2009603, 4, 92
2021.25761155, 52.8897091071962, 118.984974047529, 388.24267578125, 2009603, 4, 92
2021.25761155, 52.8896710924689, 118.984968062938, 388.270660400391, 2009603, 4, 92
2021.25761155, 52.8896394032565, 118.984962980207, 388.252990722656, 2009603, 4, 92
2021.25761155, 52.8896076742545, 118.984958380411, 388.261871337891, 2009603, 4, 92
2021.25761155, 52.8895696674476, 118.984952173584, 388.280029296875, 2009603, 4, 92
2021.25761155, 52.8895316524886, 118.984945865432, 388.261291503906, 2009603, 4, 92
2021.25761155, 52.889493636547, 118.984939574407, 388.285736083984, 2009603, 4, 91
2021.25761155, 52.8894429428549, 118.984931115787, 388.294158935547, 2009603, 4, 91
2021.25761155, 52.8893922439073, 118.984922680611, 388.26611328125, 2009603, 4, 91
2021.25761155, 52.8893542096323, 118.984916269969, 388.255279541016, 2009603, 4, 91
2021.25761155, 52.8893225087956, 118.984910877815, 388.257873535156, 2009603, 4, 91
2021.25761156, 52.8892844716128, 118.984904511924, 388.237213134766, 2009603, 4, 91
2021.25761156, 52.8892527608696, 118.984899059525, 388.231750488281, 2009603, 4, 91
2021.25761156, 52.8892210497029, 118.984893662914, 388.214263916016, 2009603, 4, 91
2021.25761156, 52.8891766524523, 118.984886145807, 388.271270751953, 2009603, 4, 91
2021.25761156, 52.8891258951209, 118.984877456255, 388.303588867188, 2009603, 4, 91
2021.25761156, 52.8890878197333, 118.984870928832, 388.244476318359, 2009603, 4, 91
2021.25761156, 52.8890560859923, 118.984865482587, 388.25537109375, 2009603, 4, 91
2021.25761156, 52.8890243450946, 118.984859977235, 388.230926513672, 2009603, 4, 91
2021.25761156, 52.8889925970213, 118.984854485816, 388.248809814453, 2009603, 4, 92
2021.25761156, 52.8889545064021, 118.984848037424, 388.259094238281, 2009603, 4, 92
2021.25761156, 52.8889163983594, 118.984841471459, 388.238830566406, 2009603, 4, 92
2021.25761156, 52.8888782754547, 118.984834812558, 388.290802001953, 2009603, 4, 92
2021.25761156, 52.888814737712, 118.98482389733, 388.314880371094, 2009603, 4, 92
2021.25761156, 52.8886939419547, 118.984803063775, 388.279724121094, 2009603, 4, 90
2021.25761156, 52.8886048918718, 118.984787835686, 388.285797119141, 2009603, 4, 90
2021.25761156, 52.8885285186855, 118.984774722941, 388.271148681641, 2009603, 4, 90
2021.25761156, 52.888433012717, 118.984758482118, 388.3076171875, 2009603, 4, 79
2021.25761156, 52.8882163519232, 118.984722116993, 388.132110595703, 2009603, 4, 83
2021.25761156, 52.8881334154633, 118.984708507472, 388.151153564453, 2009603, 4, 83
2021.25761156, 52.8880823647277, 118.984700202845, 388.124877929688, 2009603, 4, 83
2021.25761156, 52.8880504478173, 118.984694948016, 388.165313720703, 2009603, 4, 83
2021.25761156, 52.8880121536979, 118.984688804906, 388.166900634766, 2009603, 4, 83
2021.25761156, 52.8879802297302, 118.98468358917, 388.139953613281, 2009603, 4, 53
2021.25761156, 52.8879419291077, 118.984677458044, 388.185760498047, 2009603, 4, 53
2021.25761156, 52.8879036181831, 118.984671295346, 388.156005859375, 2009603, 4, 53
2021.25761156, 52.8878653057774, 118.984665170484, 388.212799072266, 2009603, 4, 53
2021.25761156, 52.8878205963556, 118.984657931567, 388.245178222656, 2009603, 4, 53
2021.25761156, 52.8877567297438, 118.984647732517, 388.290740966797, 2009603, 4, 53
2021.25761305, 49.8950896480822, 118.520413342342, 530.058532714844, 2009588, 4, 60
2021.25761305, 49.8950322298939, 118.520404904069, 530.016967773438, 2009588, 4, 60
2021.2576131, 49.7917247170145, 118.504985509092, 531.738098144531, 167184, 4, 72
2021.2576131, 49.7916295599377, 118.504971480918, 531.770324707031, 167184, 4, 72
2021.2576131, 49.7915597985838, 118.504961206056, 531.753479003906, 167184, 4, 72
2021.2576131, 49.7914964019833, 118.504951942226, 531.740783691406, 167184, 4, 91
2021.2576131, 49.7914203534337, 118.504940938302, 531.778686523438, 167184, 4, 91
2021.2576131, 49.791173331642, 118.504905066012, 531.839172363281, 167184, 4, 95
2021.2576131, 49.7908126402689, 118.504852842622, 531.822937011719, 167184, 4, 96
2021.2576131, 49.7903576234818, 118.504786299288, 531.801635742188, 167184, 4, 96
2021.2576131, 49.7899776765323, 118.504729360118, 531.8154296875, 167184, 4, 97
2021.2576131, 49.7896214666079, 118.504674516544, 531.780883789062, 167184, 4, 97
2021.2576131, 49.7892824969655, 118.504621114191, 531.761962890625, 167184, 4, 97
2021.2576131, 49.7889289721378, 118.50456438725, 531.797729492188, 167184, 4, 97
2021.2576131, 49.7885946889776, 118.504511520647, 531.792236328125, 167184, 4, 96
2021.2576131, 49.7881715475308, 118.504446510746, 531.768371582031, 167184, 4, 96
2021.2576131, 49.7877708130454, 118.504389185621, 531.766784667969, 167184, 4, 96
2021.2576131, 49.7874225614336, 118.504340201084, 531.779235839844, 167184, 4, 97
2021.2576131, 49.7870563746831, 118.504288491035, 531.778869628906, 167184, 4, 96
2021.25761328, 49.4316081392907, 118.451514250047, 564.294494628906, 2009588, 4, 74
2021.25761328, 49.4313502656546, 118.45147509377, 564.287231445312, 2009588, 4, 58
2021.25761328, 49.4311799495515, 118.451449475408, 564.406799316406, 2009588, 4, 67
2021.25761328, 49.4310217838543, 118.451425970034, 564.279907226562, 2009588, 4, 67
2021.25761328, 49.4309647221024, 118.451417568138, 564.299560546875, 2009588, 4, 91
2021.25761328, 49.4308948839829, 118.451407276214, 564.273132324219, 2009588, 4, 91
2021.25761328, 49.4306916741691, 118.45137732425, 564.288269042969, 2009588, 4, 89
2021.2576115, 52.9854965761707, 118.953461247729, 395.842437744141, 2009603, 5, 70
2021.2576115, 52.9852557724993, 118.953421197593, 395.827117919922, 2009603, 5, 70
2021.2576115, 52.985058789847, 118.953390701104, 395.826202392578, 2009603, 5, 78
2021.2576115, 52.984867994043, 118.953361803508, 395.560089111328, 2009603, 5, 74
2021.2576115, 52.9847534621403, 118.95334466481, 395.6494140625, 2009603, 5, 74
2021.25761158, 52.8114129804096, 118.925597438698, 391.580627441406, 2009603, 5, 52
2021.25761158, 52.8113047650701, 118.925579706276, 391.590148925781, 2009603, 5, 52
2021.25761158, 52.8111966778584, 118.925562092702, 391.596099853516, 2009603, 5, 79
2021.25761158, 52.811095028929, 118.925545555972, 391.624816894531, 2009603, 5, 79
2021.25761158, 52.8109937625644, 118.92552957554, 391.630798339844, 2009603, 5, 93
2021.25761158, 52.8108862827766, 118.925512719687, 391.651489257812, 2009603, 5, 93
2021.25761158, 52.8106274504662, 118.925472431181, 391.660705566406, 2009603, 5, 58
2021.25761158, 52.8104824153013, 118.92544994598, 391.674774169922, 2009603, 5, 79
2021.25761158, 52.8103563380088, 118.925430435219, 391.695281982422, 2009603, 5, 79
2021.25761158, 52.8101924422755, 118.925405028889, 391.694458007812, 2009603, 5, 88
2021.25761158, 52.8099843191753, 118.925372646407, 391.727233886719, 2009603, 5, 92
2021.25761158, 52.8098391715108, 118.92534998057, 391.716979980469, 2009603, 5, 92
2021.25761158, 52.8097063658406, 118.925328740246, 391.723876953125, 2009603, 5, 92
2021.25761158, 52.8095734376126, 118.925307404898, 391.688323974609, 2009603, 5, 92
2021.25761158, 52.8094340466975, 118.925284961032, 391.733703613281, 2009603, 5, 93
2021.25761158, 52.8092818386832, 118.925260392506, 391.714965820312, 2009603, 5, 93
2021.25761159, 52.8091485320945, 118.925238868677, 391.70751953125, 2009603, 5, 93
2021.25761159, 52.80897062322, 118.925210188541, 391.731201171875, 2009603, 5, 91
2021.25761159, 52.8087861897211, 118.925180556574, 391.723937988281, 2009603, 5, 91
2021.25761159, 52.8086207751017, 118.925153764427, 391.783264160156, 2009603, 5, 92
2021.25761159, 52.8084870457957, 118.925132773797, 391.730804443359, 2009603, 5, 92
2021.25761159, 52.8083660431229, 118.925113765827, 391.751037597656, 2009603, 5, 92
2021.25761159, 52.8082323117043, 118.925092737522, 391.745758056641, 2009603, 5, 93
2021.25761159, 52.8081240665693, 118.925075690941, 391.755950927734, 2009603, 5, 93
2021.25761159, 52.8080031134739, 118.925056614734, 391.763519287109, 2009603, 5, 93
2021.25761159, 52.8078885752694, 118.925038460556, 391.791687011719, 2009603, 5, 92
2021.25761159, 52.8077677316347, 118.92501919479, 391.830780029297, 2009603, 5, 92
2021.25761159, 52.807583418449, 118.924989603081, 391.868408203125, 2009603, 5, 92
2021.25761159, 52.8073167605984, 118.924946480725, 391.823211669922, 2009603, 5, 92
2021.25761159, 52.8071393751064, 118.924916778172, 391.787841796875, 2009603, 5, 92
2021.25761159, 52.8069811269722, 118.924890145404, 391.8779296875, 2009603, 5, 91
2021.25761159, 52.806860909007, 118.924869951963, 391.829162597656, 2009603, 5, 91
2021.25761159, 52.8067344102796, 118.92484874001, 391.837646484375, 2009603, 5, 92
2021.25761159, 52.8065699942428, 118.924821346354, 391.908386230469, 2009603, 5, 92
2021.25761159, 52.8064308798396, 118.92479836687, 391.857147216797, 2009603, 5, 92
2021.25761159, 52.8063107299924, 118.924778693434, 391.869354248047, 2009603, 5, 92
2021.25761159, 52.806184226587, 118.92475821312, 391.864837646484, 2009603, 5, 92
2021.25761159, 52.8060640439029, 118.924738740187, 391.854583740234, 2009603, 5, 92
2021.25761159, 52.8058993968695, 118.924713288408, 391.938842773438, 2009603, 5, 92
2021.25761159, 52.805690291153, 118.924681395037, 392.025970458984, 2009603, 5, 93
2021.25761159, 52.805538131915, 118.924658337294, 391.979553222656, 2009603, 5, 93
2021.25761159, 52.805385896373, 118.924635315235, 392.044586181641, 2009603, 5, 92
2021.25761159, 52.8052589794197, 118.92461610985, 392.017517089844, 2009603, 5, 92
2021.25761159, 52.8051193266723, 118.924594862162, 392.014556884766, 2009603, 5, 93
2021.25761159, 52.8049351590692, 118.924566649717, 392.029968261719, 2009603, 5, 92
2021.25761159, 52.8047064543609, 118.9245310388, 391.979797363281, 2009603, 5, 92
2021.25761159, 52.8045348999125, 118.92450345775, 391.962677001953, 2009603, 5, 92
2021.25761159, 52.8043950832554, 118.924480850554, 391.977905273438, 2009603, 5, 93
2021.25761159, 52.8042488899547, 118.924457118222, 391.9677734375, 2009603, 5, 93
2021.25761159, 52.8041090398539, 118.924434361966, 391.957183837891, 2009603, 5, 93
2021.25761159, 52.8039882509996, 118.924414728416, 391.966278076172, 2009603, 5, 94
2021.25761159, 52.803854738802, 118.92439307732, 391.946441650391, 2009603, 5, 94
2021.25761159, 52.8037402991627, 118.924374586243, 391.949859619141, 2009603, 5, 94
2021.25761159, 52.8036322196992, 118.924357178034, 391.969635009766, 2009603, 5, 94
2021.25761159, 52.8035178006011, 118.924338661478, 391.976287841797, 2009603, 5, 94
2021.25761159, 52.8033906442037, 118.924318727127, 392.034515380859, 2009603, 5, 95
2021.25761159, 52.803282565277, 118.924301871292, 392.065673828125, 2009603, 5, 95
2021.25761159, 52.8031681459566, 118.924284065742, 392.050964355469, 2009603, 5, 94
2021.25761159, 52.803060094986, 118.924267283498, 392.063323974609, 2009603, 5, 94
2021.25761159, 52.8029393605838, 118.924248507678, 392.067565917969, 2009603, 5, 93
2021.25761159, 52.8028313472628, 118.924231719646, 392.063110351562, 2009603, 5, 93
2021.25761159, 52.8027170082696, 118.924213890926, 392.066284179688, 2009603, 5, 93
2021.25761159, 52.802596343252, 118.924194999077, 392.071929931641, 2009603, 5, 93
2021.25761159, 52.8024693620137, 118.924175006622, 392.070495605469, 2009603, 5, 93
2021.25761159, 52.8023170142182, 118.924150899065, 392.11962890625, 2009603, 5, 93
2021.25761159, 52.802158374583, 118.924125503117, 392.095458984375, 2009603, 5, 93
2021.25761159, 52.8019998109906, 118.924099684129, 392.145050048828, 2009603, 5, 93
2021.25761159, 52.8017715097061, 118.924062250852, 392.213043212891, 2009603, 5, 93
2021.25761159, 52.8016193000148, 118.92403724166, 392.166198730469, 2009603, 5, 93
2021.25761159, 52.8014987944792, 118.924017408762, 392.186462402344, 2009603, 5, 93
2021.25761159, 52.801340217967, 118.923991318882, 392.230072021484, 2009603, 5, 92
2021.25761159, 52.8011942978733, 118.92396738178, 392.211944580078, 2009603, 5, 93
2021.25761159, 52.8010356517202, 118.923941456801, 392.287811279297, 2009603, 5, 93
2021.25761159, 52.8007689733327, 118.923898349028, 392.297485351562, 2009603, 5, 94
2021.25761159, 52.800597461153, 118.923870922481, 392.260528564453, 2009603, 5, 94
2021.25761159, 52.8004830880783, 118.923852797073, 392.165649414062, 2009603, 5, 94
2021.25761159, 52.8003559961959, 118.923832759287, 392.2705078125, 2009603, 5, 94
2021.25761159, 52.8000636360773, 118.923787138274, 392.503540039062, 2009603, 5, 93
2021.25761159, 52.7997013321001, 118.923731365484, 392.517761230469, 2009603, 5, 93
2021.25761159, 52.7993899589064, 118.923684077164, 392.593109130859, 2009603, 5, 93
2021.25761159, 52.7991485355254, 118.92364742639, 392.586791992188, 2009603, 5, 93
2021.25761159, 52.7989579828203, 118.923618354992, 392.596221923828, 2009603, 5, 93
2021.25761159, 52.7987801687746, 118.923591046431, 392.615844726562, 2009603, 5, 93
2021.25761159, 52.7986404799798, 118.923569450202, 392.640472412109, 2009603, 5, 93
2021.25761159, 52.798424638292, 118.923535804514, 392.644561767578, 2009603, 5, 92
2021.25761159, 52.7982659571696, 118.923510658713, 392.697326660156, 2009603, 5, 92
2021.25761159, 52.7981009497642, 118.923484311936, 392.722412109375, 2009603, 5, 93
2021.25761159, 52.7978978888926, 118.923451640085, 392.767517089844, 2009603, 5, 93
2021.25761159, 52.7977075316455, 118.92342083573, 392.757171630859, 2009603, 5, 94
2021.25761159, 52.7974664322526, 118.923381613222, 392.760498046875, 2009603, 5, 93
2021.25761159, 52.7972887750695, 118.923352669076, 392.748870849609, 2009603, 5, 93
2021.25761159, 52.7971491751896, 118.92332994358, 392.739227294922, 2009603, 5, 93
2021.25761159, 52.7970286326619, 118.923310287833, 392.731872558594, 2009603, 5, 93
2021.25761159, 52.7969017315325, 118.923289660707, 392.749389648438, 2009603, 5, 92
2021.25761159, 52.7967811645696, 118.92327009421, 392.755981445312, 2009603, 5, 92
2021.25761159, 52.7966224941714, 118.923244471274, 392.760437011719, 2009603, 5, 90
2021.25761159, 52.7964447486805, 118.9232158962, 392.804809570312, 2009603, 5, 91
2021.25761159, 52.7962669647943, 118.9231874705, 392.791870117188, 2009603, 5, 91
2021.25761159, 52.7960764292224, 118.923157221579, 392.825286865234, 2009603, 5, 91
2021.25761159, 52.7958159547033, 118.923116184624, 392.830718994141, 2009603, 5, 90
2021.25761159, 52.7955553723916, 118.923075602729, 392.8388671875, 2009603, 5, 90
2021.25761159, 52.7953456435603, 118.923042963429, 392.794891357422, 2009603, 5, 80
2021.25761159, 52.7951359817049, 118.9230101221, 392.778717041016, 2009603, 5, 58
2021.25761159, 52.794926392783, 118.922977092533, 392.691009521484, 2009603, 5, 70
2021.25761159, 52.7947740291069, 118.922952888584, 392.601379394531, 2009603, 5, 70
2021.25761159, 52.7946470983835, 118.922932711482, 392.632202148438, 2009603, 5, 55
2021.25761159, 52.7945075531235, 118.922909983769, 392.693115234375, 2009603, 5, 55
2021.25761326, 49.4449951461339, 118.410047948926, 563.146179199219, 2009588, 5, 91
2021.25761326, 49.4445255555876, 118.409981693005, 563.147827148438, 2009588, 5, 82
2021.25761326, 49.4440378241167, 118.409913121956, 563.181640625, 2009588, 5, 81
2021.25761396, 48.0394314294014, 118.206536843722, 611.517578125, 2006420, 5, 88
2021.25761151, 52.9852291401111, 118.952198651354, 396.014953613281, 2009603, 6, 61
2021.25761151, 52.9851782377359, 118.952190635461, 395.989135742188, 2009603, 6, 61
2021.25761151, 52.9851209939012, 118.952181701822, 396.006927490234, 2009603, 6, 61
2021.25761151, 52.9850637444019, 118.952172712462, 396.033172607422, 2009603, 6, 61
2021.25761151, 52.9850001536126, 118.952162766969, 396.009338378906, 2009603, 6, 61
2021.25761151, 52.9849365732787, 118.952152832935, 396.02294921875, 2009603, 6, 84
2021.25761151, 52.9848666537356, 118.952141922168, 395.994476318359, 2009603, 6, 84
2021.25761151, 52.9848031183706, 118.952132059469, 395.9599609375, 2009603, 6, 84
2021.25761151, 52.9847586455109, 118.95212512674, 395.922271728516, 2009603, 6, 84
2021.25761151, 52.9847332307551, 118.952121137278, 395.933685302734, 2009603, 6, 87
2021.25761151, 52.9847014741899, 118.952116192614, 395.941345214844, 2009603, 6, 87
2021.25761151, 52.9846697296, 118.952111282273, 395.912322998047, 2009603, 6, 87
2021.25761151, 52.9846379828508, 118.952106346539, 395.946136474609, 2009603, 6, 87
2021.25761151, 52.9846125925584, 118.952102408999, 395.922485351562, 2009603, 6, 87
2021.25761151, 52.9845871998564, 118.952098438307, 395.918609619141, 2009603, 6, 87
2021.25761151, 52.9845618122723, 118.952094487927, 395.940093994141, 2009603, 6, 87
2021.25761151, 52.984536429114, 118.952090539999, 395.964294433594, 2009603, 6, 87
2021.25761151, 52.9845110504397, 118.952086603587, 395.959014892578, 2009603, 6, 87
2021.2576116, 52.8067441206864, 118.923619946611, 391.767456054688, 2009603, 6, 65
2021.2576116, 52.806712498491, 118.923614892276, 391.767700195312, 2009603, 6, 65
2021.2576116, 52.8066871950571, 118.92361080427, 391.757568359375, 2009603, 6, 65
2021.2576116, 52.8066555807103, 118.923605767665, 391.772155761719, 2009603, 6, 65
2021.2576116, 52.8066302775865, 118.9236016701, 391.786560058594, 2009603, 6, 65
2021.2576116, 52.806598658567, 118.923596582046, 391.786865234375, 2009603, 6, 65
2021.2576116, 52.806560720273, 118.92359049772, 391.794982910156, 2009603, 6, 65
2021.2576116, 52.8065290926909, 118.923585361395, 391.833679199219, 2009603, 6, 65
2021.2576116, 52.8064974728782, 118.923580262917, 391.856811523438, 2009603, 6, 87
2021.2576116, 52.8064658526961, 118.923575156721, 391.844055175781, 2009603, 6, 87
2021.2576116, 52.806434228755, 118.923570041644, 391.831909179688, 2009603, 6, 87
2021.2576116, 52.8064026045546, 118.923564918024, 391.851898193359, 2009603, 6, 87
2021.2576116, 52.8063709701036, 118.923559874196, 391.848236083984, 2009603, 6, 87
2021.2576116, 52.8063393443198, 118.923554711929, 391.876770019531, 2009603, 6, 87
2021.2576116, 52.8063077193803, 118.923549552957, 391.878875732422, 2009603, 6, 87
2021.2576116, 52.8062507803541, 118.923540229524, 392.038726806641, 2009603, 6, 87
2021.2576116, 52.8061811912591, 118.923528898706, 392.076599121094, 2009603, 6, 87
2021.2576116, 52.8061242195555, 118.923519520754, 392.062622070312, 2009603, 6, 87
2021.2576116, 52.8060609145529, 118.923509163045, 392.06005859375, 2009603, 6, 87
2021.2576116, 52.8057122844125, 118.923451942203, 392.014587402344, 2009603, 6, 58
2021.2576116, 52.8056742105889, 118.923445750165, 392.007049560547, 2009603, 6, 58
2021.2576116, 52.8056424646469, 118.923440541769, 392.021026611328, 2009603, 6, 58
2021.2576116, 52.8056107060911, 118.923435303879, 392.002838134766, 2009603, 6, 58
2021.2576116, 52.8055789448663, 118.923430098859, 392.028533935547, 2009603, 6, 58
2021.2576116, 52.8055471774285, 118.923424904231, 391.978881835938, 2009603, 6, 58
2021.2576116, 52.8055154035496, 118.923419704183, 391.991760253906, 2009603, 6, 58
2021.2576116, 52.8054836264072, 118.923414544918, 392.002410888672, 2009603, 6, 83
2021.2576116, 52.8054518341846, 118.92340935039, 392.011138916016, 2009603, 6, 83
2021.2576116, 52.8054200329176, 118.92340415242, 392.020721435547, 2009603, 6, 83
2021.2576116, 52.8053945825906, 118.923399972145, 392.0146484375, 2009603, 6, 83
2021.2576116, 52.8053627696591, 118.923394792678, 392.016387939453, 2009603, 6, 83
2021.2576116, 52.8053309521039, 118.923389632657, 392.003326416016, 2009603, 6, 83
2021.2576116, 52.8053054884193, 118.923385471255, 392.011596679688, 2009603, 6, 83
2021.2576116, 52.8052736524192, 118.923380293321, 392.023956298828, 2009603, 6, 83
2021.2576116, 52.8052418090971, 118.923375120342, 392.058166503906, 2009603, 6, 90
2021.2576116, 52.8052035858901, 118.923368910564, 392.065155029297, 2009603, 6, 90
2021.2576116, 52.8051653600189, 118.923362743207, 392.068420410156, 2009603, 6, 90
2021.2576116, 52.8051271203356, 118.923356567776, 392.064270019531, 2009603, 6, 90
2021.2576116, 52.8050889782731, 118.923350396925, 392.035186767578, 2009603, 6, 90
2021.2576116, 52.8050570487842, 118.923345252353, 392.050415039062, 2009603, 6, 90
2021.2576116, 52.8050314947408, 118.923341104116, 392.022033691406, 2009603, 6, 90
2021.2576116, 52.8049995586515, 118.923335990952, 392.030975341797, 2009603, 6, 93
2021.2576116, 52.8049739998187, 118.923331872057, 391.996978759766, 2009603, 6, 93
2021.2576116, 52.8049420542173, 118.923326762155, 392.018798828125, 2009603, 6, 93
2021.2576116, 52.8049164912621, 118.923322665214, 392.011352539062, 2009603, 6, 93
2021.2576116, 52.8048909238401, 118.923318552553, 392.009887695312, 2009603, 6, 93
2021.2576116, 52.8048653568016, 118.923314467694, 392.010650634766, 2009603, 6, 93
2021.2576116, 52.8048333974441, 118.923309379727, 392.019317626953, 2009603, 6, 93
2021.2576116, 52.8048078260205, 118.923305298694, 392.009521484375, 2009603, 6, 93
2021.2576116, 52.8047886416237, 118.923302223784, 392.018585205078, 2009603, 6, 93
2021.2576116, 52.8047566771273, 118.923297149324, 392.023468017578, 2009603, 6, 93
2021.2576116, 52.8047311015483, 118.923293083484, 392.023468017578, 2009603, 6, 92
2021.2576116, 52.8047055224182, 118.92328900717, 392.019104003906, 2009603, 6, 92
2021.2576116, 52.8046799491295, 118.923284953792, 392.012634277344, 2009603, 6, 92
2021.2576116, 52.8046479807922, 118.923279904158, 392.001617431641, 2009603, 6, 92
2021.2576116, 52.8046224064403, 118.923275870459, 392.019500732422, 2009603, 6, 92
2021.2576116, 52.8045968244394, 118.923271794518, 391.982757568359, 2009603, 6, 92
2021.2576116, 52.8045648596776, 118.923266779121, 392.004730224609, 2009603, 6, 92
2021.2576116, 52.8045392800258, 118.923262716942, 391.995452880859, 2009603, 6, 92
2021.2576116, 52.8045073194381, 118.923257716451, 391.996459960938, 2009603, 6, 92
2021.2576116, 52.8044817427129, 118.92325366993, 392.002593994141, 2009603, 6, 92
2021.2576116, 52.8044497877342, 118.923248674437, 391.997833251953, 2009603, 6, 92
2021.2576116, 52.8044178312339, 118.923243676753, 392.008850097656, 2009603, 6, 92
2021.2576116, 52.8043922560234, 118.923239618307, 392.037170410156, 2009603, 6, 92
2021.2576116, 52.8043539195032, 118.92323365277, 392.066345214844, 2009603, 6, 92
2021.2576116, 52.8043219753194, 118.923228675153, 392.053985595703, 2009603, 6, 92
2021.2576116, 52.8042900310553, 118.923223684769, 392.043060302734, 2009603, 6, 92
2021.2576116, 52.8042580877104, 118.92321867935, 392.073394775391, 2009603, 6, 92
2021.2576116, 52.8042261577568, 118.923213708102, 392.069854736328, 2009603, 6, 92
2021.2576116, 52.8041878544709, 118.923207795336, 392.075500488281, 2009603, 6, 92
2021.2576116, 52.8041559348523, 118.9232028389, 392.06298828125, 2009603, 6, 92
2021.2576116, 52.8041240156072, 118.923197857112, 392.093566894531, 2009603, 6, 92
2021.2576116, 52.8040921095529, 118.923192910993, 392.093841552734, 2009603, 6, 92
2021.2576116, 52.8040602074813, 118.923187959778, 392.088409423828, 2009603, 6, 92
2021.2576116, 52.8040283184608, 118.923183035338, 392.117614746094, 2009603, 6, 92
2021.2576116, 52.803990067544, 118.923177176879, 392.073760986328, 2009603, 6, 93
2021.2576116, 52.8039518182201, 118.92317127171, 392.117279052734, 2009603, 6, 93
2021.2576116, 52.8039072011757, 118.923164359729, 392.157806396484, 2009603, 6, 93
2021.2576116, 52.8038562412075, 118.923156531546, 392.152648925781, 2009603, 6, 93
2021.2576116, 52.8038115489618, 118.923149594528, 392.137878417969, 2009603, 6, 93
2021.2576116, 52.8037543530445, 118.923140842372, 392.150604248047, 2009603, 6, 93
2021.2576116, 52.8036844844533, 118.923130177091, 392.179992675781, 2009603, 6, 93
2021.2576116, 52.803620998921, 118.923120485227, 392.148345947266, 2009603, 6, 93
2021.2576116, 52.8035448606096, 118.923108899283, 392.133056640625, 2009603, 6, 93
2021.2576116, 52.8034814334207, 118.923099215999, 392.186676025391, 2009603, 6, 93
2021.2576116, 52.8034370413136, 118.923092400499, 392.147521972656, 2009603, 6, 93
2021.2576116, 52.8033926713331, 118.923085650855, 392.147521972656, 2009603, 6, 93
2021.2576116, 52.8033546440335, 118.923079835888, 392.109741210938, 2009603, 6, 93
2021.2576116, 52.8033229565981, 118.923074981251, 392.130950927734, 2009603, 6, 93
2021.2576116, 52.8032912747603, 118.923070132728, 392.093322753906, 2009603, 6, 93
2021.2576116, 52.8032659261683, 118.923066216973, 392.112670898438, 2009603, 6, 93
2021.2576116, 52.8032342492402, 118.923061356025, 392.111633300781, 2009603, 6, 93
2021.2576116, 52.8031962450863, 118.923055540888, 392.130279541016, 2009603, 6, 93
2021.2576116, 52.8031645768109, 118.923050670765, 392.117401123047, 2009603, 6, 93
2021.2576116, 52.8031392363746, 118.923046744222, 392.097991943359, 2009603, 6, 93
2021.2576116, 52.8031075721261, 118.923041882197, 392.133117675781, 2009603, 6, 93
2021.2576116, 52.8030822365103, 118.923037956139, 392.120056152344, 2009603, 6, 93
2021.2576116, 52.8030505750982, 118.923033091246, 392.12451171875, 2009603, 6, 93
2021.2576116, 52.8030252422053, 118.923029163721, 392.117248535156, 2009603, 6, 93
2021.2576116, 52.8029999072672, 118.923025224034, 392.129577636719, 2009603, 6, 93
2021.2576116, 52.8029682462601, 118.923020332478, 392.115142822266, 2009603, 6, 93
2021.2576116, 52.8029429165487, 118.923016395286, 392.127960205078, 2009603, 6, 93
2021.2576116, 52.8029175848472, 118.923012458613, 392.116882324219, 2009603, 6, 93
2021.2576116, 52.8028922492224, 118.923008498654, 392.121490478516, 2009603, 6, 93
2021.2576116, 52.8028669157755, 118.92300454813, 392.11767578125, 2009603, 6, 93
2021.2576116, 52.8028415821992, 118.923000596, 392.115386962891, 2009603, 6, 93
2021.2576116, 52.8028162487272, 118.922996638717, 392.117614746094, 2009603, 6, 93
2021.2576116, 52.8027845798873, 118.922991687898, 392.124176025391, 2009603, 6, 93
2021.2576116, 52.8027592422156, 118.922987714658, 392.131439208984, 2009603, 6, 93
2021.2576116, 52.8027339016494, 118.922983718289, 392.120361328125, 2009603, 6, 93
2021.2576116, 52.8027022295003, 118.922978756793, 392.134582519531, 2009603, 6, 93
2021.2576116, 52.8026768834243, 118.922974742746, 392.119964599609, 2009603, 6, 93
2021.2576116, 52.8026452054874, 118.922969760439, 392.125274658203, 2009603, 6, 93
2021.2576116, 52.8026198549196, 118.922965736443, 392.141326904297, 2009603, 6, 93
2021.2576116, 52.8025881723681, 118.922960738415, 392.115112304688, 2009603, 6, 93
2021.2576116, 52.8025628729959, 118.922956800972, 392.105438232422, 2009603, 6, 93
2021.2576116, 52.802537499308, 118.922952727198, 392.131744384766, 2009603, 6, 93
2021.2576116, 52.8025057900614, 118.922947671532, 392.117004394531, 2009603, 6, 93
2021.2576116, 52.8024804113466, 118.922943591622, 392.134063720703, 2009603, 6, 92
2021.2576116, 52.8024486917842, 118.922938511334, 392.140625, 2009603, 6, 92
2021.2576116, 52.8024233120857, 118.922934438296, 392.123687744141, 2009603, 6, 92
2021.2576116, 52.8023979242347, 118.922930330396, 392.124755859375, 2009603, 6, 92
2021.2576116, 52.802366193482, 118.922925228217, 392.141326904297, 2009603, 6, 92
2021.2576116, 52.8023408037095, 118.92292112873, 392.134887695312, 2009603, 6, 92
2021.2576116, 52.8023154111522, 118.922917009066, 392.131744384766, 2009603, 6, 92
2021.2576116, 52.8022836706078, 118.922911885273, 392.137176513672, 2009603, 6, 92
2021.2576116, 52.8022582668887, 118.922907745648, 392.124969482422, 2009603, 6, 92
2021.2576116, 52.8022265186053, 118.922902606233, 392.141021728516, 2009603, 6, 94
2021.2576116, 52.8022011136192, 118.922898475359, 392.117950439453, 2009603, 6, 94
2021.2576116, 52.802175705767, 118.922894338552, 392.132080078125, 2009603, 6, 94
2021.2576116, 52.802150292146, 118.922890175828, 392.127593994141, 2009603, 6, 94
2021.2576116, 52.8021185291442, 118.922885017547, 392.119781494141, 2009603, 6, 94
2021.2576116, 52.802093110535, 118.922880839655, 392.146545410156, 2009603, 6, 94
2021.2576116, 52.80206133948, 118.922875659733, 392.139587402344, 2009603, 6, 94
2021.2576116, 52.802035912228, 118.922871471454, 392.145904541016, 2009603, 6, 94
2021.2576116, 52.802004136464, 118.922866287483, 392.144744873047, 2009603, 6, 94
2021.2576116, 52.8019787042997, 118.922862093624, 392.126739501953, 2009603, 6, 94
2021.2576116, 52.8019469210563, 118.922856900509, 392.134796142578, 2009603, 6, 94
2021.2576116, 52.8019151282221, 118.922851670289, 392.140380859375, 2009603, 6, 94
2021.2576116, 52.8018833345527, 118.922846434483, 392.138275146484, 2009603, 6, 94
2021.2576116, 52.8018515363235, 118.922841202104, 392.162414550781, 2009603, 6, 94
2021.2576116, 52.8018197271576, 118.92283592492, 392.142700195312, 2009603, 6, 94
2021.2576116, 52.8017815686255, 118.922829669113, 392.138641357422, 2009603, 6, 94
2021.2576116, 52.8017433960759, 118.922823360983, 392.164428710938, 2009603, 6, 92
2021.2576116, 52.8017115751775, 118.922818061589, 392.185791015625, 2009603, 6, 92
2021.2576116, 52.8016733986124, 118.922811751049, 392.144073486328, 2009603, 6, 92
2021.2576116, 52.8016352245951, 118.92280547272, 392.151885986328, 2009603, 6, 92
2021.2576116, 52.8016034036226, 118.922800206384, 392.135192871094, 2009603, 6, 92
2021.2576116, 52.801571573899, 118.922794902205, 392.182800292969, 2009603, 6, 92
2021.2576116, 52.8015397548799, 118.922789661837, 392.151794433594, 2009603, 6, 92
2021.2576116, 52.8015142908334, 118.9227854235, 392.152740478516, 2009603, 6, 92
2021.2576116, 52.8014824669391, 118.922780169636, 392.141937255859, 2009603, 6, 92
2021.2576116, 52.8014570015597, 118.922775928189, 392.185699462891, 2009603, 6, 92
2021.2576116, 52.8014251722201, 118.922770655741, 392.180969238281, 2009603, 6, 92
2021.2576116, 52.8013933424786, 118.922765380304, 392.177551269531, 2009603, 6, 92
2021.2576116, 52.8013487841522, 118.922758024411, 392.235290527344, 2009603, 6, 92
2021.2576116, 52.8013105825808, 118.922751672491, 392.243377685547, 2009603, 6, 92
2021.2576116, 52.8012661162426, 118.922744375906, 392.233917236328, 2009603, 6, 92
2021.2576116, 52.8012342373944, 118.922739049978, 392.193267822266, 2009603, 6, 93
2021.2576116, 52.8011959973466, 118.922732743438, 392.181335449219, 2009603, 6, 93
2021.2576116, 52.8011704955361, 118.922728486633, 392.1875, 2009603, 6, 93
2021.2576116, 52.8011386336676, 118.922723246887, 392.213409423828, 2009603, 6, 93
2021.2576116, 52.8011003963497, 118.922716932568, 392.196807861328, 2009603, 6, 93
2021.2576116, 52.8010366649254, 118.922706357125, 392.297912597656, 2009603, 6, 93
2021.2576116, 52.8009793270375, 118.922696894498, 392.282257080078, 2009603, 6, 93
2021.2576116, 52.8009283764087, 118.92268853282, 392.229614257812, 2009603, 6, 93
2021.2576116, 52.800896528597, 118.922683258519, 392.206939697266, 2009603, 6, 93
2021.2576116, 52.8008646985437, 118.922678061128, 392.203094482422, 2009603, 6, 93
2021.2576116, 52.8008328660089, 118.9226728286, 392.203308105469, 2009603, 6, 93
2021.2576116, 52.8008074040913, 118.922668632821, 392.184448242188, 2009603, 6, 93
2021.2576116, 52.8007755855892, 118.922663430635, 392.195770263672, 2009603, 6, 93
2021.2576116, 52.8007437711301, 118.922658223879, 392.204803466797, 2009603, 6, 93
2021.2576116, 52.8007183209607, 118.922654042005, 392.191680908203, 2009603, 6, 93
2021.2576116, 52.8006801621682, 118.922647828733, 392.205261230469, 2009603, 6, 93
2021.2576116, 52.8006483641592, 118.922642624412, 392.233551025391, 2009603, 6, 93
2021.2576116, 52.8006102244864, 118.922636433853, 392.222595214844, 2009603, 6, 93
2021.2576116, 52.8005784477873, 118.922631260227, 392.203338623047, 2009603, 6, 93
2021.2576116, 52.8005466723913, 118.922626076477, 392.225036621094, 2009603, 6, 93
2021.2576116, 52.8005149099259, 118.922620928905, 392.195892333984, 2009603, 6, 93
2021.2576116, 52.8004768073488, 118.922614773531, 392.186645507812, 2009603, 6, 93
2021.2576116, 52.8004450567965, 118.922609611548, 392.228088378906, 2009603, 6, 93
2021.2576116, 52.8004006300255, 118.922602461826, 392.249908447266, 2009603, 6, 93
2021.2576116, 52.8003562166416, 118.922595303258, 392.221527099609, 2009603, 6, 93
2021.2576116, 52.8003245016624, 118.922590206849, 392.220123291016, 2009603, 6, 93
2021.2576116, 52.8002927950355, 118.922585121368, 392.214569091797, 2009603, 6, 93
2021.2576116, 52.8002610916654, 118.922580020412, 392.223999023438, 2009603, 6, 93
2021.2576116, 52.8002230608911, 118.92257392167, 392.262390136719, 2009603, 6, 93
2021.2576116, 52.8001596950055, 118.92256375395, 392.353363037109, 2009603, 6, 93
2021.2576116, 52.8000900329013, 118.922552648151, 392.373413085938, 2009603, 6, 93
2021.2576116, 52.8000200853028, 118.922541383616, 392.369903564453, 2009603, 6, 93
2021.2576116, 52.7999696316263, 118.922533426134, 392.339324951172, 2009603, 6, 94
2021.2576116, 52.7999065951573, 118.922523558684, 392.371276855469, 2009603, 6, 94
2021.2576116, 52.799824657604, 118.92251072344, 392.371368408203, 2009603, 6, 94
2021.2576116, 52.7997364300351, 118.922496951411, 392.418731689453, 2009603, 6, 93
2021.2576116, 52.7996733972445, 118.922487100269, 392.402435302734, 2009603, 6, 93
2021.2576116, 52.7996229665826, 118.922479243427, 392.396362304688, 2009603, 6, 93
2021.2576116, 52.7995788225356, 118.922472333917, 392.385864257812, 2009603, 6, 93
2021.2576116, 52.7995283610447, 118.922464437682, 392.407348632812, 2009603, 6, 93
2021.2576116, 52.7994778757021, 118.922456523347, 392.428771972656, 2009603, 6, 93
2021.2576116, 52.7994273782596, 118.92244864827, 392.511932373047, 2009603, 6, 93
2021.2576116, 52.7993768429964, 118.922440700254, 392.524078369141, 2009603, 6, 93
2021.2576116, 52.7993199654905, 118.922431786421, 392.495513916016, 2009603, 6, 93
2021.2576116, 52.7992503909544, 118.922420830287, 392.512817382812, 2009603, 6, 93
2021.2576116, 52.7991744108632, 118.922408815497, 392.498321533203, 2009603, 6, 93
2021.2576116, 52.7991110333477, 118.922398788318, 392.406890869141, 2009603, 6, 93
2021.2576116, 52.7990729838054, 118.922392779388, 392.347442626953, 2009603, 6, 93
2021.2576116, 52.7990412537057, 118.922387739828, 392.350402832031, 2009603, 6, 93
2021.2576116, 52.7990095000192, 118.922382656497, 392.363189697266, 2009603, 6, 93
2021.2576116, 52.7989713797082, 118.922376573739, 392.402862548828, 2009603, 6, 94
2021.2576116, 52.7988950741521, 118.922364397375, 392.477081298828, 2009603, 6, 94
2021.2576116, 52.7987995480886, 118.922349045349, 392.569488525391, 2009603, 6, 94
2021.2576116, 52.7987168930273, 118.92233579481, 392.627227783203, 2009603, 6, 94
2021.2576116, 52.7986270434944, 118.922320999062, 392.651275634766, 2009603, 6, 94
2021.2576116, 52.7985370995674, 118.922306186652, 392.61767578125, 2009603, 6, 94
2021.2576116, 52.7984341973187, 118.922289103618, 392.661590576172, 2009603, 6, 93
2021.2576116, 52.798350546708, 118.922275227643, 392.659637451172, 2009603, 6, 93
2021.2576116, 52.7982539948521, 118.922259166469, 392.6787109375, 2009603, 6, 93
2021.2576116, 52.7981574443725, 118.92224308013, 392.645568847656, 2009603, 6, 93
2021.2576116, 52.7980738000263, 118.922229195542, 392.686492919922, 2009603, 6, 93
2021.2576116, 52.7979901903113, 118.922215279212, 392.704071044922, 2009603, 6, 93
2021.2576116, 52.7979259156682, 118.922204603838, 392.738525390625, 2009603, 6, 93
2021.2576116, 52.7978488380603, 118.922191803199, 392.727874755859, 2009603, 6, 93
2021.2576116, 52.7977782503653, 118.922180104825, 392.738830566406, 2009603, 6, 93
2021.2576116, 52.7977141329755, 118.922169477186, 392.737518310547, 2009603, 6, 93
2021.2576116, 52.7976564939324, 118.922160018866, 392.713165283203, 2009603, 6, 93
2021.2576116, 52.797611690615, 118.922152631496, 392.683654785156, 2009603, 6, 93
2021.2576116, 52.7975669282659, 118.922145287324, 392.656799316406, 2009603, 6, 93
2021.2576116, 52.7975158063756, 118.922136895937, 392.680419921875, 2009603, 6, 93
2021.2576116, 52.7974579642684, 118.92212723011, 392.685363769531, 2009603, 6, 92
2021.2576116, 52.7974008439241, 118.922118034009, 392.693054199219, 2009603, 6, 92
2021.2576116, 52.7973437911676, 118.922108928887, 392.683715820312, 2009603, 6, 92
2021.2576116, 52.7972931121906, 118.922100814498, 392.681640625, 2009603, 6, 92
2021.2576116, 52.7972551312782, 118.922094763324, 392.572692871094, 2009603, 6, 92
2021.2576116, 52.7972234959821, 118.92208973022, 392.537628173828, 2009603, 6, 93
2021.2576116, 52.7971918754604, 118.922084719023, 392.509765625, 2009603, 6, 93
2021.2576116, 52.797166586064, 118.922080696967, 392.504943847656, 2009603, 6, 93
2021.2576116, 52.7971413060522, 118.922076685258, 392.514801025391, 2009603, 6, 93
2021.2576116, 52.7971097150764, 118.922071685779, 392.555206298828, 2009603, 6, 93
2021.2576116, 52.797084449797, 118.922067687504, 392.518615722656, 2009603, 6, 93
2021.2576116, 52.7970591874104, 118.922063687124, 392.511535644531, 2009603, 6, 93
2021.2576116, 52.7970339293279, 118.922059669984, 392.513946533203, 2009603, 6, 93
2021.2576116, 52.797008678767, 118.922055679987, 392.516662597656, 2009603, 6, 93
2021.2576116, 52.7969834313681, 118.922051686601, 392.580688476562, 2009603, 6, 92
2021.2576116, 52.7969518819412, 118.922046722582, 392.603515625, 2009603, 6, 92
2021.2576116, 52.7969266406584, 118.922042710061, 392.596649169922, 2009603, 6, 92
2021.2576116, 52.7968887905908, 118.92203675819, 392.626708984375, 2009603, 6, 92
2021.2576116, 52.7968509429769, 118.922030789064, 392.648223876953, 2009603, 6, 92
2021.2576116, 52.796806788964, 118.922023818425, 392.688049316406, 2009603, 6, 92
2021.2576116, 52.796756327946, 118.922015857017, 392.748657226562, 2009603, 6, 92
2021.2576116, 52.7966932512101, 118.92200590671, 392.750823974609, 2009603, 6, 93
2021.2576116, 52.7966301638658, 118.921995962749, 392.805267333984, 2009603, 6, 93
2021.2576116, 52.7965607499275, 118.921985035711, 392.869201660156, 2009603, 6, 93
2021.2576116, 52.7964786688696, 118.921972057036, 392.871185302734, 2009603, 6, 93
2021.2576116, 52.7964154908756, 118.921962049286, 392.855773925781, 2009603, 6, 93
2021.2576116, 52.7963459604677, 118.92195107467, 392.840301513672, 2009603, 6, 93
2021.2576116, 52.7962510680026, 118.921936088356, 392.853210449219, 2009603, 6, 93
2021.2576116, 52.7961625525217, 118.921922188319, 392.852874755859, 2009603, 6, 93
2021.2576116, 52.7960671178554, 118.921906749013, 392.824279785156, 2009603, 6, 93
2021.2576116, 52.795965203007, 118.921890263276, 392.840087890625, 2009603, 6, 91
2021.2576116, 52.7958759330933, 118.921875808765, 392.856353759766, 2009603, 6, 91
2021.2576116, 52.7957802151758, 118.921860375644, 392.858612060547, 2009603, 6, 91
2021.2576116, 52.7956716391106, 118.921842881631, 392.861206054688, 2009603, 6, 91
2021.2576116, 52.7955821783622, 118.921828548308, 392.855621337891, 2009603, 6, 91
2021.2576116, 52.795505458228, 118.921816253817, 392.854461669922, 2009603, 6, 91
2021.2576116, 52.7954479166263, 118.92180712138, 392.802154541016, 2009603, 6, 91
2021.2576116, 52.795390362992, 118.921797974036, 392.819519042969, 2009603, 6, 91
2021.2576116, 52.7953327961478, 118.921788819546, 392.797058105469, 2009603, 6, 91
2021.2576116, 52.7952752466897, 118.921779782916, 392.786346435547, 2009603, 6, 91
2021.2576116, 52.795153742406, 118.921760679207, 392.788970947266, 2009603, 6, 93
2021.2576116, 52.7950706405214, 118.921747752892, 392.834197998047, 2009603, 6, 92
2021.2576116, 52.7950003411877, 118.921736844396, 392.842498779297, 2009603, 6, 92
2021.2576116, 52.7949171874166, 118.921723658952, 392.874237060547, 2009603, 6, 92
2021.2576116, 52.7948279067435, 118.921710302334, 392.905975341797, 2009603, 6, 92
2021.2576116, 52.7947386886667, 118.92169704796, 392.91845703125, 2009603, 6, 92
2021.2576116, 52.7946431421997, 118.921682818018, 392.954986572266, 2009603, 6, 92
2021.2576116, 52.7945540392504, 118.921669631172, 392.925476074219, 2009603, 6, 92
2021.2576116, 52.7944649837203, 118.921656406398, 392.883911132812, 2009603, 6, 92
2021.2576116, 52.7943823377918, 118.921644105218, 392.930786132812, 2009603, 6, 92
2021.2576116, 52.7942933842909, 118.921630791075, 392.961639404297, 2009603, 6, 92
2021.2576116, 52.7941981475562, 118.92161653936, 392.993499755859, 2009603, 6, 91
2021.2576116, 52.7941029632367, 118.921602170582, 392.990142822266, 2009603, 6, 91
2021.2576116, 52.79402684354, 118.921590561373, 392.939086914062, 2009603, 6, 91
2021.2576116, 52.7939571023077, 118.92157989203, 392.9599609375, 2009603, 6, 91
2021.2576116, 52.793887379691, 118.92156911993, 392.962768554688, 2009603, 6, 91
2021.2576116, 52.7938113392261, 118.921557283849, 392.959167480469, 2009603, 6, 91
2021.2576116, 52.7937289911058, 118.921544379694, 392.965576171875, 2009603, 6, 91
2021.2576116, 52.7936529339814, 118.921532693342, 392.972412109375, 2009603, 6, 91
2021.2576116, 52.793577001486, 118.921520267981, 392.946350097656, 2009603, 6, 91
2021.2576116, 52.7935074098394, 118.921508814666, 392.934783935547, 2009603, 6, 91
2021.2576116, 52.7934441322162, 118.921498272444, 392.902862548828, 2009603, 6, 91
2021.2576116, 52.7933935167623, 118.92148984317, 392.901702880859, 2009603, 6, 91
2021.2576116, 52.7933365743755, 118.92148033965, 392.947448730469, 2009603, 6, 91
2021.2576116, 52.7932796111344, 118.921470705355, 392.983428955078, 2009603, 6, 91
2021.2576116, 52.7932100033308, 118.921459030013, 392.955688476562, 2009603, 6, 90
2021.2576116, 52.7931403593451, 118.921447211816, 392.942016601562, 2009603, 6, 90
2021.2576116, 52.7930580445375, 118.921433277211, 392.935607910156, 2009603, 6, 90
2021.2576116, 52.792994695242, 118.921422497961, 392.950592041016, 2009603, 6, 90
2021.2576116, 52.7929186570286, 118.921409600417, 392.963195800781, 2009603, 6, 90
2021.2576116, 52.7928552606774, 118.921398803598, 392.963562011719, 2009603, 6, 90
2021.2576116, 52.7927855003156, 118.921386969225, 392.944183349609, 2009603, 6, 90
2021.2576116, 52.7927093715501, 118.921374117385, 392.938415527344, 2009603, 6, 92
2021.2576116, 52.7926458878657, 118.9213633511, 392.928344726562, 2009603, 6, 92
2021.2576116, 52.7925823834721, 118.921352648654, 392.937713623047, 2009603, 6, 92
2021.2576116, 52.7924997912372, 118.921338807241, 392.894805908203, 2009603, 6, 92
2021.2576116, 52.7924362231616, 118.921328174795, 392.914794921875, 2009603, 6, 92
2021.2576116, 52.7923663894288, 118.921316295118, 392.952484130859, 2009603, 6, 92
2021.2576116, 52.7922835205971, 118.921302876654, 393.00146484375, 2009603, 6, 92
2021.2576116, 52.7921942368406, 118.921288496054, 392.880767822266, 2009603, 6, 92
2021.2576116, 52.7921176731164, 118.921276198525, 392.887817382812, 2009603, 6, 92
2021.2576116, 52.7920666163106, 118.921268006923, 392.858337402344, 2009603, 6, 92
2021.2576116, 52.7920219405754, 118.921260872412, 392.844635009766, 2009603, 6, 92
2021.2576116, 52.7919836530589, 118.921254809022, 392.796478271484, 2009603, 6, 91
2021.2576116, 52.7919517320337, 118.921249701573, 392.840270996094, 2009603, 6, 91
2021.2576116, 52.7919198190699, 118.9212446423, 392.800048828125, 2009603, 6, 91
2021.2576116, 52.7918879067619, 118.921239598635, 392.807220458984, 2009603, 6, 91
2021.2576116, 52.7918559917423, 118.921234545656, 392.836853027344, 2009603, 6, 91
2021.2576116, 52.7918240777027, 118.921229500013, 392.827850341797, 2009603, 6, 91
2021.2576116, 52.7917985445374, 118.921225448304, 392.827209472656, 2009603, 6, 91
2021.2576116, 52.7917730161877, 118.921221415362, 392.845611572266, 2009603, 6, 91
2021.2576116, 52.7917411089379, 118.921216398954, 392.823120117188, 2009603, 6, 92
2021.2576116, 52.791715578366, 118.921212355506, 392.846618652344, 2009603, 6, 92
2021.2576116, 52.7916772964048, 118.921206351824, 392.829437255859, 2009603, 6, 92
2021.2576116, 52.7916453939415, 118.921201326474, 392.890167236328, 2009603, 6, 92
2021.2576116, 52.791613487922, 118.921196272915, 392.855926513672, 2009603, 6, 92
2021.2576116, 52.7915815993476, 118.92119129422, 392.84912109375, 2009603, 6, 92
2021.2576116, 52.7915560820794, 118.921187250025, 392.869232177734, 2009603, 6, 92
2021.2576116, 52.7915241938095, 118.921182237594, 392.854797363281, 2009603, 6, 92
2021.2576116, 52.7914923158579, 118.921177256833, 392.853485107422, 2009603, 6, 89
2021.2576116, 52.791466812396, 118.92117324901, 392.861938476562, 2009603, 6, 89
2021.2576116, 52.791441308083, 118.921169215386, 392.855102539062, 2009603, 6, 89
2021.2576116, 52.7914094396626, 118.921164222491, 392.870513916016, 2009603, 6, 89
2021.2576116, 52.7913839452492, 118.921160200851, 392.867828369141, 2009603, 6, 89
2021.2576116, 52.7913520917905, 118.92115521427, 392.898529052734, 2009603, 6, 89
2021.2576116, 52.7913266024035, 118.921151179358, 392.895629882812, 2009603, 6, 89
2021.2576116, 52.7912947594175, 118.921146204838, 392.919891357422, 2009603, 6, 89
2021.2576116, 52.7912629091779, 118.921141158698, 392.956909179688, 2009603, 6, 89
2021.2576116, 52.7912119816392, 118.921133180266, 392.97900390625, 2009603, 6, 80
2021.2576116, 52.7911546944356, 118.921124132179, 392.974334716797, 2009603, 6, 80
2021.2576116, 52.7910972632057, 118.921115276961, 392.997833251953, 2009603, 6, 80
2021.25761161, 52.7910338192733, 118.921105106913, 393.023071289062, 2009603, 6, 80
2021.25761161, 52.7909767360093, 118.921095928828, 392.979766845703, 2009603, 6, 68
2021.25761161, 52.7909260124583, 118.921087766679, 393.000640869141, 2009603, 6, 68
2021.25761161, 52.7908752991355, 118.921079608697, 392.975341796875, 2009603, 6, 68
2021.25761161, 52.7908245857591, 118.921071392714, 392.990081787109, 2009603, 6, 68
2021.25761161, 52.7907548873177, 118.921060205195, 393.008178710938, 2009603, 6, 68
2021.25761161, 52.7906978612548, 118.921050997576, 393.031494140625, 2009603, 6, 59
2021.25761161, 52.7906408365555, 118.921041788599, 393.008605957031, 2009603, 6, 59
2021.25761161, 52.7905838150182, 118.921032597976, 393.052856445312, 2009603, 6, 59
2021.25761161, 52.7905141245256, 118.921021397133, 393.077606201172, 2009603, 6, 59
2021.25761161, 52.7904444250512, 118.921010182005, 393.061981201172, 2009603, 6, 59
2021.25761161, 52.7904000659146, 118.921003064812, 393.040069580078, 2009603, 6, 59
2021.25761161, 52.7903430234674, 118.920993914879, 393.068878173828, 2009603, 6, 79
2021.25761161, 52.7902796308995, 118.92098376252, 393.058990478516, 2009603, 6, 79
2021.25761161, 52.7901971989061, 118.920970631495, 393.107086181641, 2009603, 6, 77
2021.25761161, 52.7901274121698, 118.920959490034, 393.068115234375, 2009603, 6, 77
2021.25761161, 52.7900575969765, 118.920948359827, 393.038940429688, 2009603, 6, 77
2021.25761161, 52.7899687011512, 118.920934271688, 393.077453613281, 2009603, 6, 78
2021.25761161, 52.7898924567179, 118.920922195621, 393.049835205078, 2009603, 6, 78
2021.25761161, 52.7898290362459, 118.920911905268, 393.054077148438, 2009603, 6, 78
2021.25761161, 52.7897653062874, 118.92090207239, 393.048004150391, 2009603, 6, 78
2021.25761161, 52.7896951701954, 118.920891269161, 393.083587646484, 2009603, 6, 81
2021.25761161, 52.7896186283445, 118.92087950245, 393.045867919922, 2009603, 6, 81
2021.25761161, 52.7895484175037, 118.920868626172, 393.069610595703, 2009603, 6, 81
2021.25761161, 52.7894845810695, 118.920858781544, 393.027191162109, 2009603, 6, 59
2021.25761161, 52.7894462780716, 118.920852909818, 392.969024658203, 2009603, 6, 59
2021.25761161, 52.7894143475672, 118.920847963905, 392.978912353516, 2009603, 6, 59
2021.25761161, 52.7893696380346, 118.920841036085, 393.037719726562, 2009603, 6, 59
2021.25761161, 52.7892993752219, 118.920830147382, 393.044250488281, 2009603, 6, 59
2021.25761327, 49.445498877474, 118.40896800895, 563.138488769531, 2009588, 6, 70
2021.25761327, 49.4454479407208, 118.408960447679, 563.156188964844, 2009588, 6, 70
2021.25761327, 49.4453141830338, 118.408940805758, 563.159545898438, 2009588, 6, 70
2021.25761327, 49.4450844170724, 118.408906910149, 563.161010742188, 2009588, 6, 90
2021.25761327, 49.4448794375233, 118.4088764901, 563.168518066406, 2009588, 6, 63
2021.25761327, 49.4447321374035, 118.408854683633, 563.168334960938, 2009588, 6, 55
2021.25761327, 49.4446361158657, 118.408840459507, 563.170715332031, 2009588, 6, 55
2021.25761327, 49.444540163912, 118.408826297417, 563.155700683594, 2009588, 6, 55
2021.25761397, 48.0396994844725, 118.205443720426, 611.510437011719, 2006420, 6, 88
2021.25761397, 48.0395539512992, 118.205423342498, 611.502502441406, 2006420, 6, 88
