2019.75092936, 47.7004048692682, 130.99637873656, 60.8408851623535, 2009603, 1, 93
2019.75092936, 47.7002582619713, 130.996358973223, 60.8093719482422, 2009603, 1, 93
2019.75092936, 47.700105200073, 130.996338332638, 60.8366088867188, 2009603, 1, 94
2019.75092936, 47.6999457031277, 130.996316835012, 60.8422584533691, 2009603, 1, 95
2019.75092936, 47.699741516993, 130.996289278957, 60.822883605957, 2009603, 1, 95
2019.75092936, 47.699537359966, 130.996261678661, 60.8211441040039, 2009603, 1, 95
2019.75092936, 47.6993141244637, 130.996231332366, 60.8212776184082, 2009603, 1, 96
2019.75092936, 47.6990975269121, 130.996201194505, 60.824348449707, 2009603, 1, 95
2019.75092936, 47.6989129113087, 130.996175355243, 60.8403854370117, 2009603, 1, 96
2019.75092936, 47.6986775361421, 130.9961422423, 60.8224678039551, 2009603, 1, 96
2019.75092936, 47.6984868236657, 130.996115393221, 60.854736328125, 2009603, 1, 96
2019.75092936, 47.6982263308697, 130.996078739827, 60.8407554626465, 2009603, 1, 96
2019.75092936, 47.6979976823322, 130.996046611324, 60.8319053649902, 2009603, 1, 96
2019.75092936, 47.6977755459632, 130.996015918163, 60.8283348083496, 2009603, 1, 96
2019.75092936, 47.6975660351404, 130.995986933584, 60.8554954528809, 2009603, 1, 96
2019.75092936, 47.6973818173931, 130.995961391022, 60.8305206298828, 2009603, 1, 96
2019.75092936, 47.6972165463878, 130.995938393424, 60.8256301879883, 2009603, 1, 96
2019.75092936, 47.6970193289412, 130.995910773359, 60.8432998657227, 2009603, 1, 96
2019.75092936, 47.6967965568609, 130.99587955774, 60.8301734924316, 2009603, 1, 96
2019.75092936, 47.696605110183, 130.995851946319, 60.8404197692871, 2009603, 1, 97
2019.75092936, 47.6963433200523, 130.995813996529, 60.8195037841797, 2009603, 1, 97
2019.75092936, 47.6961326043456, 130.995783450824, 60.8268547058105, 2009603, 1, 97
2019.75092936, 47.6959283621649, 130.995753913787, 60.8451652526855, 2009603, 1, 96
2019.75092936, 47.6957051599184, 130.995721805886, 60.8675537109375, 2009603, 1, 96
2019.75092936, 47.6953804587829, 130.995675620345, 60.831371307373, 2009603, 1, 97
2019.75092936, 47.6951391350956, 130.995641971302, 60.8350982666016, 2009603, 1, 96
2019.75092936, 47.6949487844768, 130.99561533706, 60.8394508361816, 2009603, 1, 96
2019.75092936, 47.69475218891, 130.995587633163, 60.8419075012207, 2009603, 1, 96
2019.75092936, 47.6944985643727, 130.995551334285, 60.8098602294922, 2009603, 1, 97
2019.75092936, 47.6943146533171, 130.995524467242, 60.8258209228516, 2009603, 1, 97
2019.75092936, 47.6940608084597, 130.995486444295, 60.8237991333008, 2009603, 1, 96
2019.75092936, 47.6938511847506, 130.995454245049, 60.8287353515625, 2009603, 1, 96
2019.75092936, 47.6936605170079, 130.995424670854, 60.8167495727539, 2009603, 1, 96
2019.75092936, 47.693457047681, 130.995393045427, 60.8437957763672, 2009603, 1, 96
2019.75092936, 47.6932853094808, 130.995366439864, 60.8115119934082, 2009603, 1, 96
2019.75092936, 47.693119885129, 130.995340906532, 60.8376083374023, 2009603, 1, 96
2019.75092936, 47.6928780624183, 130.995304059964, 60.8420944213867, 2009603, 1, 95
2019.75092936, 47.6924580451886, 130.995241977586, 60.8077430725098, 2009603, 1, 92
2019.75092936, 47.6921079723907, 130.995191046854, 60.8637657165527, 2009603, 1, 65
2019.7509296, 47.2201513737734, 130.9273698356, 70.2056198120117, 2009603, 1, 84
2019.7509296, 47.20988906766, 130.92617586739, 70.2279205322266, 2009603, 1, 70
2019.7509296, 47.208665690577, 130.926027919488, 70.2241897583008, 2009603, 1, 59
2019.7509296, 47.2085069200417, 130.926008427065, 70.2174835205078, 2009603, 1, 59
2019.7509296, 47.2083290766297, 130.925986628247, 70.2118225097656, 2009603, 1, 55
2019.7509296, 47.2045770802648, 130.925524199365, 70.2711715698242, 2009603, 1, 94
2019.7509296, 47.2036425377293, 130.925408257633, 70.24609375, 2009603, 1, 93
2019.75092961, 47.2022107574097, 130.925229688736, 70.2902603149414, 2009603, 1, 92
2019.75092961, 47.2005818227631, 130.925018643781, 70.2881317138672, 2009603, 1, 88
2019.75092961, 47.1991458850507, 130.924831877461, 70.2809295654297, 2009603, 1, 87
2019.75092961, 47.1981331984599, 130.924697325939, 70.2889251708984, 2009603, 1, 92
2019.75092961, 47.1973292986711, 130.924589110355, 70.320556640625, 2009603, 1, 89
2019.75092961, 47.1964042062527, 130.924465653749, 70.2850646972656, 2009603, 1, 87
2019.75092961, 47.1957415570693, 130.92437904429, 70.3356781005859, 2009603, 1, 87
2019.75092937, 47.700971593232, 130.99501641875, 60.889965057373, 2009603, 2, 89
2019.75092937, 47.700927213503, 130.995009214842, 60.8660545349121, 2009603, 2, 89
2019.75092937, 47.7008765320226, 130.995000843613, 60.8578605651855, 2009603, 2, 89
2019.75092937, 47.7008383897871, 130.994994642861, 60.8454551696777, 2009603, 2, 89
2019.75092937, 47.700800459658, 130.994988434634, 60.838249206543, 2009603, 2, 89
2019.75092937, 47.7007688505194, 130.9949833008, 60.8519287109375, 2009603, 2, 89
2019.75092937, 47.7007309364369, 130.994977096847, 60.8678016662598, 2009603, 2, 95
2019.75092937, 47.700686724097, 130.994969788846, 60.8643836975098, 2009603, 2, 95
2019.75092937, 47.7006425139089, 130.994962517818, 60.866382598877, 2009603, 2, 95
2019.75092937, 47.7006046194187, 130.994956315636, 60.8819618225098, 2009603, 2, 95
2019.75092937, 47.7005667320376, 130.994950098887, 60.8561134338379, 2009603, 2, 95
2019.75092937, 47.7005288406493, 130.994943924229, 60.8598594665527, 2009603, 2, 95
2019.75092937, 47.7004909598383, 130.994937714694, 60.8743858337402, 2009603, 2, 95
2019.75092937, 47.7004404522921, 130.994929430549, 60.8803100585938, 2009603, 2, 95
2019.75092937, 47.700396259937, 130.99492217131, 60.876537322998, 2009603, 2, 95
2019.75092937, 47.7003520586993, 130.99491496037, 60.872386932373, 2009603, 2, 95
2019.75092937, 47.7002826019464, 130.994903603933, 60.9061813354492, 2009603, 2, 95
2019.75092937, 47.7002194414934, 130.994893317761, 60.8700828552246, 2009603, 2, 96
2019.75092937, 47.7001562795136, 130.994882968054, 60.871265411377, 2009603, 2, 96
2019.75092937, 47.7000615009475, 130.994867495106, 60.8785781860352, 2009603, 2, 96
2019.75092937, 47.7000109198302, 130.994859330202, 60.8641395568848, 2009603, 2, 96
2019.75092937, 47.6999666606719, 130.994852121432, 60.8698196411133, 2009603, 2, 95
2019.75092937, 47.6998907764875, 130.994839679399, 60.8692398071289, 2009603, 2, 95
2019.75092937, 47.699783190355, 130.994822210229, 60.8649635314941, 2009603, 2, 95
2019.75092937, 47.6996945396393, 130.994807780904, 60.8818283081055, 2009603, 2, 96
2019.75092937, 47.6996185193013, 130.99479538341, 60.8790092468262, 2009603, 2, 96
2019.75092937, 47.6994534940529, 130.994768610955, 60.8875541687012, 2009603, 2, 96
2019.75092937, 47.6993898161749, 130.994758393649, 60.8505058288574, 2009603, 2, 96
2019.75092937, 47.6993325027186, 130.994749164439, 60.8684883117676, 2009603, 2, 96
2019.75092937, 47.6992624585458, 130.994737833446, 60.8838806152344, 2009603, 2, 96
2019.75092937, 47.6991797027843, 130.994724352671, 60.8750991821289, 2009603, 2, 96
2019.75092937, 47.6991224109412, 130.994715073309, 60.8788604736328, 2009603, 2, 96
2019.75092937, 47.6989824668899, 130.994692157919, 60.8938865661621, 2009603, 2, 96
2019.75092937, 47.6988490387646, 130.994670081923, 60.8584861755371, 2009603, 2, 96
2019.75092937, 47.6987919033458, 130.994660615416, 60.8629760742188, 2009603, 2, 96
2019.75092937, 47.698715788061, 130.994647915711, 60.881233215332, 2009603, 2, 96
2019.75092937, 47.6986397523729, 130.994635094572, 60.8694076538086, 2009603, 2, 96
2019.75092937, 47.6985827726467, 130.994625454057, 60.878791809082, 2009603, 2, 96
2019.75092937, 47.698487895216, 130.994609376241, 60.8878974914551, 2009603, 2, 97
2019.75092937, 47.6983994660502, 130.994594196892, 60.8737907409668, 2009603, 2, 97
2019.75092937, 47.69834266953, 130.994584447806, 60.8690795898438, 2009603, 2, 97
2019.75092937, 47.6982730977085, 130.994572566064, 60.9039459228516, 2009603, 2, 97
2019.75092937, 47.6982041602736, 130.994560376021, 60.8632354736328, 2009603, 2, 97
2019.75092937, 47.6981540604421, 130.994551435119, 60.8487091064453, 2009603, 2, 97
2019.75092937, 47.6981164939065, 130.994544757058, 60.8771438598633, 2009603, 2, 97
2019.75092937, 47.6980726824373, 130.994536904682, 60.869873046875, 2009603, 2, 97
2019.75092937, 47.6980288658011, 130.994529117837, 60.9012184143066, 2009603, 2, 97
2019.75092937, 47.6979913210077, 130.994522386012, 60.8560218811035, 2009603, 2, 97
2019.75092937, 47.6979537755857, 130.994515655349, 60.8650169372559, 2009603, 2, 97
2019.75092937, 47.6979037243418, 130.994506621267, 60.8634834289551, 2009603, 2, 97
2019.75092937, 47.697853638866, 130.994497729162, 60.888069152832, 2009603, 2, 97
2019.75092937, 47.6977785004189, 130.994484295338, 60.9040870666504, 2009603, 2, 97
2019.75092937, 47.6977221194517, 130.994474211801, 60.8834381103516, 2009603, 2, 97
2019.75092937, 47.6976782468357, 130.994466373462, 60.8904647827148, 2009603, 2, 97
2019.75092937, 47.6976343529072, 130.994458525952, 60.873291015625, 2009603, 2, 97
2019.75092937, 47.6975904279559, 130.994450710936, 60.889965057373, 2009603, 2, 97
2019.75092937, 47.6975401922029, 130.994441792826, 60.8845558166504, 2009603, 2, 97
2019.75092937, 47.6974899046931, 130.994432966657, 60.8961944580078, 2009603, 2, 97
2019.75092937, 47.6974332940344, 130.994422935114, 60.8787269592285, 2009603, 2, 97
2019.75092937, 47.697382910314, 130.994414100079, 60.858829498291, 2009603, 2, 97
2019.75092937, 47.697345090177, 130.994407480103, 60.8491859436035, 2009603, 2, 97
2019.75092937, 47.6973072361693, 130.994400885292, 60.8724212646484, 2009603, 2, 97
2019.75092937, 47.6972630347708, 130.994393209861, 60.8713493347168, 2009603, 2, 97
2019.75092937, 47.6972187900154, 130.994385531023, 60.8727493286133, 2009603, 2, 96
2019.75092937, 47.6971681608167, 130.994376816946, 60.8812446594238, 2009603, 2, 96
2019.75092937, 47.6971111299231, 130.99436704012, 60.9067573547363, 2009603, 2, 96
2019.75092937, 47.6970224852949, 130.994351782908, 60.8808364868164, 2009603, 2, 96
2019.75092937, 47.6969521784668, 130.994340132033, 60.8906669616699, 2009603, 2, 96
2019.75092937, 47.6969073728062, 130.994332785432, 60.9172592163086, 2009603, 2, 96
2019.75092937, 47.6968432983266, 130.994322291818, 60.9035720825195, 2009603, 2, 96
2019.75092937, 47.696785568733, 130.994312832499, 60.9029159545898, 2009603, 2, 96
2019.75092937, 47.6967277662101, 130.994303484979, 60.8993339538574, 2009603, 2, 97
2019.75092937, 47.6966570606559, 130.994292011074, 60.8936767578125, 2009603, 2, 97
2019.75092937, 47.6965927353443, 130.994281551045, 60.9091911315918, 2009603, 2, 97
2019.75092937, 47.6965412193926, 130.994273315697, 60.8837623596191, 2009603, 2, 97
2019.75092937, 47.6964639209068, 130.994260846682, 60.9143486022949, 2009603, 2, 96
2019.75092937, 47.6963607912859, 130.99424426872, 60.878360748291, 2009603, 2, 96
2019.75092937, 47.6962963240116, 130.994233844601, 60.869255065918, 2009603, 2, 96
2019.75092937, 47.6962382853834, 130.994224539243, 60.8858833312988, 2009603, 2, 96
2019.75092937, 47.6961738102756, 130.99421414773, 60.8699684143066, 2009603, 2, 96
2019.75092937, 47.6961158005896, 130.994204717045, 60.8972473144531, 2009603, 2, 96
2019.75092937, 47.6960384716602, 130.994192158349, 60.8758697509766, 2009603, 2, 96
2019.75092937, 47.6959676129058, 130.994180679609, 60.8929443359375, 2009603, 2, 96
2019.75092937, 47.6959096734652, 130.994171225924, 60.8885688781738, 2009603, 2, 96
2019.75092937, 47.6958517597666, 130.994161790791, 60.879940032959, 2009603, 2, 96
2019.75092937, 47.695723147663, 130.994140633474, 60.8935317993164, 2009603, 2, 95
2019.75092937, 47.6956655203524, 130.99413093018, 60.8565406799316, 2009603, 2, 95
2019.75092937, 47.6956271150584, 130.994124517783, 60.8766860961914, 2009603, 2, 95
2019.75092937, 47.6955887351947, 130.994118065957, 60.8820762634277, 2009603, 2, 95
2019.75092937, 47.6955312142602, 130.994108302444, 60.8857841491699, 2009603, 2, 95
2019.75092937, 47.6954737326135, 130.994098532026, 60.893871307373, 2009603, 2, 96
2019.75092937, 47.6954226796097, 130.994089801678, 60.894962310791, 2009603, 2, 96
2019.75092937, 47.6953652936798, 130.994079914368, 60.8877792358398, 2009603, 2, 96
2019.75092937, 47.695307950887, 130.994070007778, 60.8731918334961, 2009603, 2, 96
2019.75092937, 47.6952633710894, 130.994062333266, 60.8897132873535, 2009603, 2, 96
2019.75092937, 47.6952124484879, 130.994053574183, 60.876293182373, 2009603, 2, 96
2019.75092937, 47.6951488628573, 130.9940424432, 60.8595581054688, 2009603, 2, 96
2019.75092937, 47.695091672536, 130.994032439228, 60.8719825744629, 2009603, 2, 96
2019.75092937, 47.6950218121608, 130.994020217775, 60.9002838134766, 2009603, 2, 96
2019.75092937, 47.6949583470208, 130.994009070158, 60.8825836181641, 2009603, 2, 96
2019.75092937, 47.694907597426, 130.994000161439, 60.8976821899414, 2009603, 2, 96
2019.75092937, 47.6948442090844, 130.993988906226, 60.8837814331055, 2009603, 2, 96
2019.75092937, 47.69479351133, 130.993979934437, 60.8889236450195, 2009603, 2, 96
2019.75092937, 47.694755492293, 130.993973242797, 60.8741989135742, 2009603, 2, 96
2019.75092937, 47.6947111648682, 130.993965322551, 60.853931427002, 2009603, 2, 96
2019.75092937, 47.694666831953, 130.993957496231, 60.8795776367188, 2009603, 2, 96
2019.75092937, 47.6946225195892, 130.993949607822, 60.8634262084961, 2009603, 2, 96
2019.75092937, 47.6945718917197, 130.993940540368, 60.8785629272461, 2009603, 2, 96
2019.75092937, 47.6945147838701, 130.993930577261, 60.8752212524414, 2009603, 2, 96
2019.75092937, 47.6944515990921, 130.993919213312, 60.8756370544434, 2009603, 2, 96
2019.75092937, 47.6944073658241, 130.993911305831, 60.8909721374512, 2009603, 2, 96
2019.75092937, 47.6943631456086, 130.993903311878, 60.8730545043945, 2009603, 2, 96
2019.75092937, 47.6943125845295, 130.993894297075, 60.8642196655273, 2009603, 2, 96
2019.75092937, 47.6942683416016, 130.993886399342, 60.8817405700684, 2009603, 2, 96
2019.75092937, 47.6942240921811, 130.993878518832, 60.9059600830078, 2009603, 2, 96
2019.75092937, 47.694173526369, 130.993869414801, 60.8757019042969, 2009603, 2, 96
2019.75092937, 47.694129257038, 130.993861535539, 60.864429473877, 2009603, 2, 96
2019.75092937, 47.6940912936943, 130.993854846177, 60.8610000610352, 2009603, 2, 96
2019.75092937, 47.6940533308518, 130.993848099816, 60.8513259887695, 2009603, 2, 96
2019.75092937, 47.6940090239098, 130.993840278759, 60.8795280456543, 2009603, 2, 96
2019.75092937, 47.6939457023541, 130.993829094818, 60.8943710327148, 2009603, 2, 95
2019.75092937, 47.6938823473559, 130.993817926681, 60.906421661377, 2009603, 2, 95
2019.75092937, 47.6938316257576, 130.993809072414, 60.8770065307617, 2009603, 2, 95
2019.75092937, 47.6937935636332, 130.993802487072, 60.8908309936523, 2009603, 2, 95
2019.75092937, 47.6937427944838, 130.993793678396, 60.8877487182617, 2009603, 2, 95
2019.75092937, 47.6936475326659, 130.993777198195, 60.8904495239258, 2009603, 2, 95
2019.75092937, 47.6935712391344, 130.993764158916, 60.9170036315918, 2009603, 2, 95
2019.75092937, 47.6934757785924, 130.993747932745, 60.9040489196777, 2009603, 2, 94
2019.75092937, 47.6934057062849, 130.993736120932, 60.8809280395508, 2009603, 2, 94
2019.75092937, 47.6933483461112, 130.993726449206, 60.8953247070312, 2009603, 2, 94
2019.75092937, 47.6932526430633, 130.993710547801, 60.9191932678223, 2009603, 2, 94
2019.75092937, 47.6931568981467, 130.993694747138, 60.9041481018066, 2009603, 2, 93
2019.75092937, 47.6930991094764, 130.993685442086, 60.9065704345703, 2009603, 2, 93
2019.75092937, 47.6930412979891, 130.993676210591, 60.90625, 2009603, 2, 93
2019.75092937, 47.6929449483294, 130.993660808757, 60.9068984985352, 2009603, 2, 79
2019.75092937, 47.6927908348678, 130.993636330528, 60.9188652038574, 2009603, 2, 79
2019.75092937, 47.6925984704972, 130.99360580871, 60.9011917114258, 2009603, 2, 57
2019.75092937, 47.6925024758451, 130.993590522519, 60.878978729248, 2009603, 2, 57
2019.75092961, 47.2199216469565, 130.926539652234, 70.2420654296875, 2009603, 2, 85
2019.75092961, 47.2196404137929, 130.926502004535, 70.2397537231445, 2009603, 2, 91
2019.75092961, 47.2193349976534, 130.926460158027, 70.2317199707031, 2009603, 2, 94
2019.75092961, 47.2191317862907, 130.926432050309, 70.2507171630859, 2009603, 2, 73
2019.75092961, 47.2190239300432, 130.926417038722, 70.2582015991211, 2009603, 2, 73
2019.75092961, 47.209946276935, 130.925153960469, 70.2978744506836, 2009603, 2, 66
2019.75092961, 47.2098245323476, 130.925136827652, 70.291145324707, 2009603, 2, 66
2019.75092961, 47.2097093372101, 130.925120499294, 70.2755584716797, 2009603, 2, 67
2019.75092961, 47.2096326327671, 130.925109578106, 70.2788162231445, 2009603, 2, 67
2019.75092961, 47.2095432530356, 130.925096743528, 70.3089752197266, 2009603, 2, 67
2019.75092961, 47.2092191152642, 130.925049166408, 70.2926712036133, 2009603, 2, 54
2019.75092961, 47.2091747965118, 130.925042557533, 70.3053817749023, 2009603, 2, 54
2019.75092961, 47.2091368230109, 130.925036942405, 70.3106384277344, 2009603, 2, 54
2019.75092961, 47.2090925563068, 130.925030312303, 70.2984161376953, 2009603, 2, 54
2019.75092961, 47.2090483290944, 130.925023593428, 70.2834777832031, 2009603, 2, 54
2019.75092961, 47.2090104204748, 130.925017962209, 70.3025817871094, 2009603, 2, 54
2019.75092961, 47.2089662372614, 130.92501124193, 70.2733840942383, 2009603, 2, 58
2019.75092961, 47.2089283768435, 130.925005520753, 70.2610168457031, 2009603, 2, 58
2019.75092961, 47.2088842137247, 130.924998912977, 70.2733764648438, 2009603, 2, 58
2019.75092961, 47.2088400926615, 130.92499216909, 70.2911987304688, 2009603, 2, 58
2019.75092961, 47.2087959686354, 130.924985563127, 70.2983932495117, 2009603, 2, 58
2019.75092961, 47.2087518855217, 130.924978792341, 70.2544326782227, 2009603, 2, 58
2019.75092961, 47.2067132021244, 130.92467475807, 70.3396682739258, 2009603, 2, 64
2019.75092961, 47.2065072689755, 130.924644199968, 70.3507766723633, 2009603, 2, 64
2019.75092961, 47.2049925285165, 130.924415619805, 70.2931289672852, 2009603, 2, 83
2019.75092961, 47.2047585781572, 130.924380028213, 70.2821273803711, 2009603, 2, 83
2019.75092961, 47.2044741625391, 130.924336837721, 70.28759765625, 2009603, 2, 94
2019.75092962, 47.2041829881889, 130.92429292495, 70.2879180908203, 2009603, 2, 93
2019.75092962, 47.2038911843024, 130.92424916799, 70.2692947387695, 2009603, 2, 94
2019.75092962, 47.2035229190105, 130.924193332247, 70.3047943115234, 2009603, 2, 92
2019.75092962, 47.2031353269397, 130.924133731656, 70.2388305664062, 2009603, 2, 91
2019.75092962, 47.202640046168, 130.924054773091, 70.302619934082, 2009603, 2, 92
2019.75092962, 47.2021889322012, 130.923983133264, 70.2889938354492, 2009603, 2, 91
2019.75092962, 47.2017563825313, 130.923915785096, 70.3323745727539, 2009603, 2, 91
2019.75092962, 47.2013550884458, 130.923855670314, 70.2960662841797, 2009603, 2, 91
2019.75092962, 47.2008699768466, 130.92378308474, 70.2930374145508, 2009603, 2, 89
2019.75092962, 47.2003582395874, 130.923704401599, 70.3031234741211, 2009603, 2, 84
2019.75092962, 47.1998526177629, 130.92362389672, 70.3328628540039, 2009603, 2, 85
2019.75092962, 47.1993486378507, 130.923543611584, 70.3415145874023, 2009603, 2, 90
2019.75092962, 47.1988917928837, 130.92347233741, 70.3057098388672, 2009603, 2, 92
2019.75092962, 47.1984865619247, 130.923408838581, 70.3226776123047, 2009603, 2, 93
2019.75092962, 47.1980682791045, 130.923341536348, 70.3009490966797, 2009603, 2, 93
2019.75092962, 47.1977249760495, 130.923283897134, 70.3112945556641, 2009603, 2, 89
2019.75092962, 47.1975657810902, 130.923256727087, 70.3198623657227, 2009603, 2, 89
2019.75092962, 47.1974511400908, 130.923237114256, 70.3216247558594, 2009603, 2, 70
2019.75092962, 47.1972345950984, 130.923200187783, 70.327995300293, 2009603, 2, 67
2019.75092962, 47.1969036339724, 130.923144420526, 70.3399276733398, 2009603, 2, 67
2019.75092962, 47.1965161703914, 130.923081371762, 70.3685607910156, 2009603, 2, 70
2019.75092962, 47.1961739991841, 130.923027695651, 70.3600845336914, 2009603, 2, 83
2019.75092962, 47.1958892497892, 130.922983577216, 70.3855438232422, 2009603, 2, 85
2019.75092962, 47.1955983425875, 130.922938588717, 70.3769912719727, 2009603, 2, 88
2019.75092962, 47.195313860274, 130.922894080389, 70.3283767700195, 2009603, 2, 88
2019.75092962, 47.1950798968468, 130.92285693551, 70.3431930541992, 2009603, 2, 86
2019.75092962, 47.1948708326349, 130.922823427176, 70.4475784301758, 2009603, 2, 86
2019.75092934, 47.7437335512352, 130.958473004402, 61.5400238037109, 2009603, 3, 94
2019.75092934, 47.7434789057434, 130.958443221874, 61.5354347229004, 2009603, 3, 95
2019.75092934, 47.7432368254347, 130.958415099936, 61.5286102294922, 2009603, 3, 95
2019.75092934, 47.7429625289535, 130.958383365529, 61.5503311157227, 2009603, 3, 95
2019.75092934, 47.7427004561159, 130.958353012045, 61.5683860778809, 2009603, 3, 95
2019.75092934, 47.7424126629895, 130.958319818443, 61.5306777954102, 2009603, 3, 96
2019.75092934, 47.7421568767065, 130.958290691544, 61.5545845031738, 2009603, 3, 96
2019.75092934, 47.7419523540552, 130.958267503876, 61.5538902282715, 2009603, 3, 97
2019.75092934, 47.74177350641, 130.958247277214, 61.5387954711914, 2009603, 3, 97
2019.75092934, 47.7416459169437, 130.958233138687, 61.4924736022949, 2009603, 3, 97
2019.75092934, 47.741492910842, 130.958216188186, 61.492488861084, 2009603, 3, 96
2019.75092934, 47.7413081704829, 130.958195685589, 61.5182456970215, 2009603, 3, 96
2019.75092934, 47.7410408609589, 130.958165718509, 61.5736465454102, 2009603, 3, 96
2019.75092934, 47.7407038578461, 130.958127121519, 61.4594116210938, 2009603, 3, 97
2019.75092934, 47.7405068160364, 130.958104195537, 61.4844665527344, 2009603, 3, 97
2019.75092934, 47.740367066863, 130.958087305728, 61.4969825744629, 2009603, 3, 97
2019.75092934, 47.7401828261661, 130.958064960991, 61.5635604858398, 2009603, 3, 97
2019.75092934, 47.7398903969763, 130.95802933757, 61.5813903808594, 2009603, 3, 98
2019.75092934, 47.7395402750001, 130.957987119888, 61.5694618225098, 2009603, 3, 98
2019.75092934, 47.7392979938786, 130.957958360467, 61.536994934082, 2009603, 3, 97
2019.75092934, 47.7390360706402, 130.957928356694, 61.5319137573242, 2009603, 3, 98
2019.75092934, 47.7388249870174, 130.957904744762, 61.4974937438965, 2009603, 3, 97
2019.75092934, 47.7386458392891, 130.957884889167, 61.463550567627, 2009603, 3, 97
2019.75092934, 47.7384922916759, 130.95786795368, 61.4631233215332, 2009603, 3, 98
2019.75092934, 47.7383323852437, 130.957850350275, 61.4188575744629, 2009603, 3, 98
2019.75092934, 47.738172539153, 130.957832679664, 61.4612121582031, 2009603, 3, 98
2019.75092934, 47.7379424802666, 130.957807416823, 61.4309616088867, 2009603, 3, 97
2019.75092934, 47.737725738253, 130.957783010381, 61.435791015625, 2009603, 3, 97
2019.75092934, 47.7374708488864, 130.957754194344, 61.4819755554199, 2009603, 3, 97
2019.75092934, 47.7372860413495, 130.957733193683, 61.4948844909668, 2009603, 3, 97
2019.75092934, 47.7371203062838, 130.957714389747, 61.4874458312988, 2009603, 3, 97
2019.75092934, 47.7369481201227, 130.957694923721, 61.4355545043945, 2009603, 3, 98
2019.75092934, 47.7367694431133, 130.957674654299, 61.461254119873, 2009603, 3, 98
2019.75092934, 47.736494583922, 130.957643942756, 61.4614486694336, 2009603, 3, 97
2019.75092934, 47.7361553825323, 130.95760632582, 61.4567413330078, 2009603, 3, 97
2019.75092934, 47.735637492186, 130.957548633177, 61.4590950012207, 2009603, 3, 97
2019.75092934, 47.7350832570044, 130.957486219424, 61.4312362670898, 2009603, 3, 96
2019.75092934, 47.7347972213005, 130.957453720341, 61.3883895874023, 2009603, 3, 96
2019.75092934, 47.734498386715, 130.957419749932, 61.4042930603027, 2009603, 3, 97
2019.75092934, 47.7342629177923, 130.957393138098, 61.3738098144531, 2009603, 3, 97
2019.75092934, 47.7340270777533, 130.957366670997, 61.4178771972656, 2009603, 3, 97
2019.75092934, 47.7338162738353, 130.957343189354, 61.3962249755859, 2009603, 3, 96
2019.75092934, 47.7335861749281, 130.957317589468, 61.3790893554688, 2009603, 3, 96
2019.75092934, 47.7333943937342, 130.95729613943, 61.3783264160156, 2009603, 3, 97
2019.75092934, 47.7332090357647, 130.957275208067, 61.3816947937012, 2009603, 3, 96
2019.75092934, 47.7330237659798, 130.957254340086, 61.3913078308105, 2009603, 3, 96
2019.75092934, 47.7328130776826, 130.957230311346, 61.3732452392578, 2009603, 3, 96
2019.75092934, 47.7326282528654, 130.957208760995, 61.3504638671875, 2009603, 3, 96
2019.75092934, 47.7323925950816, 130.957181340665, 61.384464263916, 2009603, 3, 96
2019.75092934, 47.7318578508286, 130.957119548094, 61.385799407959, 2009603, 3, 95
2019.75092934, 47.7312589844041, 130.957052494967, 61.3938331604004, 2009603, 3, 96
2019.75092934, 47.7306078725003, 130.956981889628, 61.3394088745117, 2009603, 3, 97
2019.75092934, 47.7301859396697, 130.956935992308, 61.3258247375488, 2009603, 3, 97
2019.75092934, 47.7297637783041, 130.956889523571, 61.2660217285156, 2009603, 3, 97
2019.75092934, 47.7292275090364, 130.956829694714, 61.3885192871094, 2009603, 3, 97
2019.75092934, 47.7282614401637, 130.956720420218, 61.3498229980469, 2009603, 3, 97
2019.75092934, 47.7269734348691, 130.956573388053, 61.330638885498, 2009603, 3, 97
2019.75092935, 47.7198949424011, 130.955773796734, 61.2553520202637, 2009603, 3, 53
2019.75092935, 47.7195379932707, 130.955732640244, 61.2719802856445, 2009603, 3, 90
2019.75092935, 47.7190278728176, 130.955673597889, 61.2543907165527, 2009603, 3, 92
2019.75092935, 47.718204728924, 130.955578142947, 61.2326622009277, 2009603, 3, 95
2019.75092935, 47.7177900212444, 130.955530402532, 61.2236404418945, 2009603, 3, 95
2019.75092935, 47.7174647935476, 130.955493145001, 61.2373657226562, 2009603, 3, 97
2019.75092935, 47.71712702135, 130.955454600072, 61.2461090087891, 2009603, 3, 96
2019.75092935, 47.7168083678259, 130.95541771163, 61.219913482666, 2009603, 3, 97
2019.75092935, 47.7165023712942, 130.955381576964, 61.2370223999023, 2009603, 3, 98
2019.75092935, 47.7161324117538, 130.955336556608, 61.2420845031738, 2009603, 3, 97
2019.75092935, 47.7158132557677, 130.955296610608, 61.2321319580078, 2009603, 3, 97
2019.75092935, 47.7154237537981, 130.95524795479, 61.2469902038574, 2009603, 3, 97
2019.75092935, 47.7149959471742, 130.955195507416, 61.2424468994141, 2009603, 3, 97
2019.75092935, 47.714600154025, 130.955149323537, 61.2464637756348, 2009603, 3, 97
2019.75092935, 47.7142047175995, 130.955103546214, 61.265941619873, 2009603, 3, 97
2019.75092935, 47.7137396278364, 130.955049107559, 61.2270584106445, 2009603, 3, 96
2019.75092935, 47.7133134302694, 130.954996928463, 61.232666015625, 2009603, 3, 97
2019.75092935, 47.712823445048, 130.954935916801, 61.233585357666, 2009603, 3, 97
2019.75092935, 47.7121156505498, 130.954848766319, 61.2717170715332, 2009603, 3, 97
2019.75092935, 47.7109022384277, 130.954699178845, 61.3387260437012, 2009603, 3, 95
2019.75092961, 47.202657130788, 130.88265673436, 70.5386199951172, 2009603, 3, 77
2019.75092961, 47.2022749395303, 130.882608303932, 70.5442657470703, 2009603, 3, 86
2019.75092961, 47.2018678958239, 130.882555580654, 70.5612640380859, 2009603, 3, 94
2019.75092961, 47.2014550611195, 130.882500366881, 70.5527954101562, 2009603, 3, 93
2019.75092961, 47.2010548310227, 130.882447040452, 70.5525588989258, 2009603, 3, 90
2019.75092961, 47.2006605048926, 130.882395390712, 70.5619506835938, 2009603, 3, 84
2019.75092961, 47.2002654075177, 130.882345265995, 70.5730285644531, 2009603, 3, 84
2019.75092961, 47.1996084598848, 130.882261177911, 70.5698013305664, 2009603, 3, 82
2019.75092961, 47.1988181656302, 130.882154915291, 70.5409317016602, 2009603, 3, 76
2019.75092961, 47.1985253515081, 130.882115053512, 70.5673370361328, 2009603, 3, 72
2019.75092961, 47.1981309425056, 130.882061754579, 70.5431518554688, 2009603, 3, 66
2019.75092961, 47.1977686379577, 130.882014047239, 70.5457534790039, 2009603, 3, 64
2019.75092961, 47.1974824991837, 130.881976621854, 70.5617904663086, 2009603, 3, 58
2019.75092961, 47.1971452097993, 130.881932440769, 70.5353240966797, 2009603, 3, 53
2019.75092961, 47.1968712976691, 130.881896172836, 70.5882873535156, 2009603, 3, 53
2019.75092961, 47.1966032623147, 130.881860159441, 70.5797882080078, 2009603, 3, 51
2019.75092961, 47.1963223988256, 130.881821970375, 70.5715637207031, 2009603, 3, 54
2019.75092961, 47.1960799029784, 130.881788613382, 70.6176071166992, 2009603, 3, 57
2019.75092961, 47.1958311922955, 130.881754221077, 70.5916748046875, 2009603, 3, 58
2019.75092961, 47.195569979821, 130.881717854172, 70.5947952270508, 2009603, 3, 62
2019.75092961, 47.1953093271474, 130.881681508371, 70.5876235961914, 2009603, 3, 64
2019.75092961, 47.1950551283713, 130.881645952721, 70.5625228881836, 2009603, 3, 66
2019.75092961, 47.1948136257677, 130.88161228729, 70.6026992797852, 2009603, 3, 71
2019.75092961, 47.1945529410707, 130.881576032989, 70.6053695678711, 2009603, 3, 73
2019.75092961, 47.1943111668513, 130.881542425896, 70.6092224121094, 2009603, 3, 73
2019.75092961, 47.1940115489103, 130.881501240244, 70.6079406738281, 2009603, 3, 76
2019.75092961, 47.1937246635118, 130.881461695949, 70.5916976928711, 2009603, 3, 78
2019.75092961, 47.1934825447088, 130.881428409362, 70.6207656860352, 2009603, 3, 78
2019.75092961, 47.1931961083963, 130.881388803421, 70.6460647583008, 2009603, 3, 78
2019.75092961, 47.1925867177428, 130.881303568644, 70.6342163085938, 2009603, 3, 81
2019.75092961, 47.1920731553935, 130.881230924174, 70.6339416503906, 2009603, 3, 87
2019.75092961, 47.1912790329919, 130.881117257154, 70.625732421875, 2009603, 3, 87
2019.75092961, 47.1900808074974, 130.880947675508, 70.6490173339844, 2009603, 3, 85
2019.75092961, 47.1888469808401, 130.880768082853, 70.6977920532227, 2009603, 3, 88
2019.75092961, 47.1878740539924, 130.880621384731, 70.7284774780273, 2009603, 3, 90
2019.75092961, 47.1869032105215, 130.880479310479, 70.7025833129883, 2009603, 3, 91
2019.75092961, 47.1858945535686, 130.880332298898, 70.7432098388672, 2009603, 3, 70
2019.75092935, 47.7473702864675, 130.958243532993, 61.6402130126953, 2009603, 4, 67
2019.75092935, 47.7473065322247, 130.958235987278, 61.6485481262207, 2009603, 4, 67
2019.75092935, 47.7472491674034, 130.958229172604, 61.6593208312988, 2009603, 4, 72
2019.75092935, 47.7471981687842, 130.958223261427, 61.6719512939453, 2009603, 4, 72
2019.75092935, 47.7471344414331, 130.958215828392, 61.657585144043, 2009603, 4, 72
2019.75092935, 47.7470770905019, 130.958209068207, 61.67919921875, 2009603, 4, 72
2019.75092935, 47.7470261373232, 130.958203212036, 61.6539611816406, 2009603, 4, 72
2019.75092935, 47.7469751841844, 130.95819743667, 61.6882553100586, 2009603, 4, 77
2019.75092935, 47.7469242310062, 130.958191758401, 61.6441383361816, 2009603, 4, 77
2019.75092935, 47.7468669182868, 130.958185383312, 61.681713104248, 2009603, 4, 77
2019.75092935, 47.7468032686524, 130.958178167409, 61.7124099731445, 2009603, 4, 77
2019.75092935, 47.7467332562685, 130.958170375592, 61.703254699707, 2009603, 4, 85
2019.75092935, 47.7466759682818, 130.958164144045, 61.6702766418457, 2009603, 4, 85
2019.75092935, 47.7466059797427, 130.95815641707, 61.7230224609375, 2009603, 4, 85
2019.75092935, 47.7465232777204, 130.958147391654, 61.6872444152832, 2009603, 4, 85
2019.75092935, 47.7464533119956, 130.958139781684, 61.670783996582, 2009603, 4, 85
2019.75092935, 47.7463769974853, 130.958131528244, 61.6894035339355, 2009603, 4, 85
2019.75092935, 47.7462816327979, 130.958121192497, 61.682788848877, 2009603, 4, 85
2019.75092935, 47.7461735732944, 130.958109524922, 61.6870498657227, 2009603, 4, 86
2019.75092935, 47.7460782347584, 130.958099354648, 61.6669692993164, 2009603, 4, 86
2019.75092935, 47.7459702061249, 130.958087786311, 61.6621704101562, 2009603, 4, 88
2019.75092935, 47.7458367865562, 130.958073501501, 61.6645469665527, 2009603, 4, 88
2019.75092935, 47.7457033601638, 130.958059231692, 61.624885559082, 2009603, 4, 90
2019.75092935, 47.7456398286786, 130.958052424564, 61.6318321228027, 2009603, 4, 90
2019.75092935, 47.7455762926937, 130.958045627584, 61.6364669799805, 2009603, 4, 90
2019.75092935, 47.7455064091242, 130.958038081427, 61.6283111572266, 2009603, 4, 90
2019.75092935, 47.7454619285955, 130.958033337687, 61.6025047302246, 2009603, 4, 94
2019.75092935, 47.7454111131528, 130.958027749201, 61.6616477966309, 2009603, 4, 94
2019.75092935, 47.7453539290325, 130.958021555397, 61.6523017883301, 2009603, 4, 94
2019.75092935, 47.7452903891053, 130.958014635225, 61.6596908569336, 2009603, 4, 94
2019.75092935, 47.7452395545583, 130.958009077955, 61.639347076416, 2009603, 4, 93
2019.75092935, 47.7451887089414, 130.958003582062, 61.6429672241211, 2009603, 4, 93
2019.75092935, 47.7451315195228, 130.957997222157, 61.6370391845703, 2009603, 4, 93
2019.75092935, 47.7450870242977, 130.957992349936, 61.6419715881348, 2009603, 4, 93
2019.75092935, 47.7450234674893, 130.957985247419, 61.6418037414551, 2009603, 4, 93
2019.75092935, 47.7449662577452, 130.957978855797, 61.6175842285156, 2009603, 4, 94
2019.75092935, 47.7449090271894, 130.957972533411, 61.6366195678711, 2009603, 4, 94
2019.75092935, 47.744845436352, 130.957965401497, 61.6143417358398, 2009603, 4, 94
2019.75092935, 47.7447754770039, 130.95795751338, 61.6326560974121, 2009603, 4, 94
2019.75092935, 47.7446991363936, 130.957948876859, 61.6560668945312, 2009603, 4, 96
2019.75092935, 47.7446227900633, 130.957940084276, 61.6205635070801, 2009603, 4, 96
2019.75092935, 47.7445654504732, 130.957933791976, 61.6536178588867, 2009603, 4, 96
2019.75092935, 47.7444954789995, 130.957925487886, 61.6241912841797, 2009603, 4, 96
2019.75092935, 47.7444191082482, 130.957916515836, 61.6169967651367, 2009603, 4, 96
2019.75092935, 47.7443618087858, 130.957909796226, 61.6137466430664, 2009603, 4, 96
2019.75092935, 47.7443108546107, 130.957903889444, 61.609619140625, 2009603, 4, 96
2019.75092935, 47.7442535293814, 130.957897096644, 61.592113494873, 2009603, 4, 96
2019.75092935, 47.7441834386312, 130.957888791226, 61.6546173095703, 2009603, 4, 95
2019.75092935, 47.7441005644884, 130.957879010455, 61.6392555236816, 2009603, 4, 95
2019.75092935, 47.7440303962252, 130.957870809514, 61.63916015625, 2009603, 4, 95
2019.75092935, 47.7439602095814, 130.957862499029, 61.6481552124023, 2009603, 4, 96
2019.75092935, 47.7438772039802, 130.95785284824, 61.6343460083008, 2009603, 4, 96
2019.75092935, 47.7437941708821, 130.957843039343, 61.6527976989746, 2009603, 4, 96
2019.75092935, 47.7437366385727, 130.957836440658, 61.6438636779785, 2009603, 4, 97
2019.75092935, 47.7436663178006, 130.957828192887, 61.6189193725586, 2009603, 4, 97
2019.75092935, 47.7435959415269, 130.957820135912, 61.6369094848633, 2009603, 4, 97
2019.75092935, 47.7435255383407, 130.957812063579, 61.6529731750488, 2009603, 4, 97
2019.75092935, 47.7434487043905, 130.957803264222, 61.6209983825684, 2009603, 4, 96
2019.75092935, 47.7433590115137, 130.957793098406, 61.6606369018555, 2009603, 4, 96
2019.75092935, 47.7432693540797, 130.957782858277, 61.64111328125, 2009603, 4, 96
2019.75092935, 47.7431794592546, 130.957772973241, 61.6381340026855, 2009603, 4, 96
2019.75092935, 47.7431023566997, 130.957764728575, 61.6440620422363, 2009603, 4, 96
2019.75092935, 47.7430381039253, 130.957757790314, 61.6226081848145, 2009603, 4, 96
2019.75092935, 47.7429674131014, 130.957750180789, 61.6194038391113, 2009603, 4, 97
2019.75092935, 47.7428838636187, 130.957741194428, 61.6203231811523, 2009603, 4, 96
2019.75092935, 47.7428003164634, 130.95773220426, 61.6221733093262, 2009603, 4, 96
2019.75092935, 47.7427232000106, 130.957723900271, 61.6244697570801, 2009603, 4, 97
2019.75092935, 47.7426653660487, 130.957717705258, 61.6255416870117, 2009603, 4, 97
2019.75092935, 47.7425947017769, 130.957710055939, 61.6410636901855, 2009603, 4, 97
2019.75092935, 47.7425176292708, 130.957701696444, 61.6432723999023, 2009603, 4, 97
2019.75092935, 47.7424341710574, 130.957692528622, 61.6059303283691, 2009603, 4, 97
2019.75092935, 47.7423699885239, 130.957685530476, 61.6126327514648, 2009603, 4, 97
2019.75092935, 47.7422994196264, 130.957677724449, 61.6326065063477, 2009603, 4, 97
2019.75092935, 47.7421840170248, 130.957664787188, 61.566162109375, 2009603, 4, 97
2019.75092935, 47.7420430925921, 130.957648797266, 61.5237236022949, 2009603, 4, 97
2019.75092935, 47.7418959505209, 130.957631936135, 61.7095642089844, 2009603, 4, 97
2019.75092935, 47.7417747337804, 130.957617242122, 61.707878112793, 2009603, 4, 97
2019.75092935, 47.7416726876104, 130.957605005379, 61.6290817260742, 2009603, 4, 96
2019.75092935, 47.7415961932892, 130.957595659478, 61.5838012695312, 2009603, 4, 96
2019.75092935, 47.7415579487147, 130.957591006757, 61.5145645141602, 2009603, 4, 96
2019.75092935, 47.741519720347, 130.957586268578, 61.5289306640625, 2009603, 4, 96
2019.75092935, 47.7414878505831, 130.957582423358, 61.5199851989746, 2009603, 4, 97
2019.75092935, 47.7414559867314, 130.957578537052, 61.5127029418945, 2009603, 4, 97
2019.75092935, 47.7414177608067, 130.957573797665, 61.522045135498, 2009603, 4, 97
2019.75092935, 47.7413795311844, 130.957569100441, 61.5494155883789, 2009603, 4, 97
2019.75092935, 47.7413349282713, 130.95756363424, 61.5670967102051, 2009603, 4, 97
2019.75092935, 47.7412775689849, 130.957556732944, 61.6633148193359, 2009603, 4, 97
2019.75092935, 47.7412074787938, 130.957548130288, 61.6477355957031, 2009603, 4, 96
2019.75092935, 47.7411310064151, 130.957538786706, 61.6627235412598, 2009603, 4, 96
2019.75092935, 47.7410481641256, 130.957528583514, 61.5828399658203, 2009603, 4, 96
2019.75092935, 47.7409907829575, 130.957521690378, 61.5298042297363, 2009603, 4, 96
2019.75092935, 47.7409334000074, 130.957514752803, 61.5324592590332, 2009603, 4, 96
2019.75092935, 47.7408823952739, 130.957508514369, 61.546989440918, 2009603, 4, 96
2019.75092935, 47.7408377450025, 130.957503209967, 61.5708236694336, 2009603, 4, 96
2019.75092935, 47.7407867104305, 130.957497118424, 61.6231536865234, 2009603, 4, 96
2019.75092935, 47.7407422610255, 130.957491404003, 61.5583763122559, 2009603, 4, 97
2019.75092935, 47.7407166734748, 130.957488522336, 61.5800552368164, 2009603, 4, 97
2019.75092935, 47.7406846963375, 130.957484834582, 61.5633926391602, 2009603, 4, 97
2019.75092935, 47.7406463268348, 130.957480390282, 61.5814781188965, 2009603, 4, 97
2019.75092935, 47.7405823739945, 130.957472934999, 61.5727386474609, 2009603, 4, 97
2019.75092935, 47.7404991988054, 130.957463493067, 61.574649810791, 2009603, 4, 97
2019.75092935, 47.7404416178589, 130.957456936457, 61.5473480224609, 2009603, 4, 97
2019.75092935, 47.7403840428367, 130.957450363953, 61.5863952636719, 2009603, 4, 97
2019.75092935, 47.7403392543099, 130.957445327704, 61.6265068054199, 2009603, 4, 97
2019.75092935, 47.7402944806357, 130.957440199909, 61.5898056030273, 2009603, 4, 97
2019.75092935, 47.7402561047834, 130.957435817333, 61.5823554992676, 2009603, 4, 97
2019.75092935, 47.7402177273152, 130.957431485101, 61.5681266784668, 2009603, 4, 97
2019.75092935, 47.7401729669776, 130.957426381761, 61.6341209411621, 2009603, 4, 97
2019.75092935, 47.740121803128, 130.957420687462, 61.6495399475098, 2009603, 4, 97
2019.75092935, 47.7400706581541, 130.957414925539, 61.6831092834473, 2009603, 4, 97
2019.75092935, 47.7400131570848, 130.957408260947, 61.6458015441895, 2009603, 4, 97
2019.75092935, 47.7399556586557, 130.957401742373, 61.6193199157715, 2009603, 4, 97
2019.75092935, 47.7398981852701, 130.957395155192, 61.5533599853516, 2009603, 4, 97
2019.75092935, 47.7398534877533, 130.957390122192, 61.5506973266602, 2009603, 4, 97
2019.75092935, 47.7397769261014, 130.957381262192, 61.5665893554688, 2009603, 4, 97
2019.75092935, 47.7396876425045, 130.957371035723, 61.6272506713867, 2009603, 4, 97
2019.75092935, 47.7396239143729, 130.957363672981, 61.6125793457031, 2009603, 4, 97
2019.75092935, 47.7395602132683, 130.957356379025, 61.5707244873047, 2009603, 4, 97
2019.75092935, 47.7395029262438, 130.957349683152, 61.5317726135254, 2009603, 4, 97
2019.75092935, 47.7394519081325, 130.957343947106, 61.5349006652832, 2009603, 4, 97
2019.75092935, 47.7393820666767, 130.957335576406, 61.5839996337891, 2009603, 4, 97
2019.75092935, 47.7393186227405, 130.957327885044, 61.5495109558105, 2009603, 4, 97
2019.75092935, 47.7392679050292, 130.957321600192, 61.553108215332, 2009603, 4, 97
2019.75092935, 47.7392108417684, 130.957314772526, 61.5381164550781, 2009603, 4, 98
2019.75092935, 47.7391601521568, 130.957308594046, 61.5870475769043, 2009603, 4, 98
2019.75092935, 47.7390461725157, 130.957294627524, 61.6074028015137, 2009603, 4, 98
2019.75092935, 47.7388753266346, 130.957273753197, 61.6350936889648, 2009603, 4, 97
2019.75092935, 47.7387425138792, 130.95725761064, 61.6238632202148, 2009603, 4, 97
2019.75092935, 47.7385591756303, 130.957235265518, 61.5682678222656, 2009603, 4, 97
2019.75092935, 47.7383315099264, 130.957208083037, 61.559383392334, 2009603, 4, 98
2019.75092935, 47.7381986715954, 130.957192173438, 61.5445823669434, 2009603, 4, 98
2019.75092935, 47.7381099808686, 130.957182155187, 61.5322875976562, 2009603, 4, 98
2019.75092935, 47.7380149136886, 130.957171428406, 61.5523529052734, 2009603, 4, 98
2019.75092935, 47.7379388308738, 130.957162768663, 61.5246391296387, 2009603, 4, 98
2019.75092935, 47.7378626894232, 130.957154295002, 61.5762672424316, 2009603, 4, 98
2019.75092935, 47.7378055640153, 130.957147910276, 61.540397644043, 2009603, 4, 98
2019.75092935, 47.7377674646892, 130.957143661824, 61.5533180236816, 2009603, 4, 98
2019.75092935, 47.7376975713101, 130.95713601264, 61.5644950866699, 2009603, 4, 97
2019.75092935, 47.7376149422664, 130.95712680986, 61.5177955627441, 2009603, 4, 97
2019.75092935, 47.7375322555585, 130.957117647069, 61.5380821228027, 2009603, 4, 97
2019.75092935, 47.7374558901002, 130.957109084991, 61.522274017334, 2009603, 4, 97
2019.75092935, 47.7373858492444, 130.957101220589, 61.5401420593262, 2009603, 4, 97
2019.75092935, 47.7373348764254, 130.957095555114, 61.5521278381348, 2009603, 4, 97
2019.75092935, 47.7372647487628, 130.957087795863, 61.52001953125, 2009603, 4, 97
2019.75092935, 47.7372009869213, 130.957080525112, 61.4955558776855, 2009603, 4, 97
2019.75092935, 47.7371626968507, 130.957076314318, 61.4784736633301, 2009603, 4, 97
2019.75092935, 47.7371116478549, 130.957070488217, 61.5257949829102, 2009603, 4, 97
2019.75092935, 47.7370541798703, 130.957064029294, 61.5290641784668, 2009603, 4, 97
2019.75092935, 47.7369903086125, 130.957056749666, 61.5125503540039, 2009603, 4, 97
2019.75092935, 47.7369264226123, 130.957049532635, 61.5178833007812, 2009603, 4, 97
2019.75092935, 47.7368624994188, 130.957042044304, 61.5219345092773, 2009603, 4, 97
2019.75092935, 47.7367985619082, 130.957034427816, 61.5192489624023, 2009603, 4, 97
2019.75092935, 47.7367473943074, 130.957028325521, 61.5154037475586, 2009603, 4, 97
2019.75092935, 47.7367026091146, 130.957022998752, 61.5156936645508, 2009603, 4, 97
2019.75092935, 47.7366450106208, 130.957016125465, 61.5272750854492, 2009603, 4, 97
2019.75092935, 47.7366002057475, 130.957010730834, 61.5139961242676, 2009603, 4, 97
2019.75092935, 47.7365617850683, 130.957006171373, 61.4932174682617, 2009603, 4, 97
2019.75092935, 47.7364913522743, 130.956997650135, 61.5483779907227, 2009603, 4, 97
2019.75092935, 47.7364209130899, 130.95698900168, 61.4863471984863, 2009603, 4, 97
2019.75092935, 47.7363760723984, 130.956983547867, 61.4674911499023, 2009603, 4, 97
2019.75092935, 47.7363184232226, 130.956976444386, 61.5040893554688, 2009603, 4, 97
2019.75092935, 47.7362479428883, 130.956967854941, 61.5115814208984, 2009603, 4, 97
2019.75092935, 47.736177466253, 130.956959153057, 61.4855194091797, 2009603, 4, 97
2019.75092935, 47.736119796382, 130.956952061928, 61.5244369506836, 2009603, 4, 97
2019.75092935, 47.7360365094465, 130.956941711774, 61.5099945068359, 2009603, 4, 97
2019.75092935, 47.7359660502016, 130.956932842035, 61.5053100585938, 2009603, 4, 96
2019.75092935, 47.73590199448, 130.956924835496, 61.5017929077148, 2009603, 4, 96
2019.75092935, 47.7358379341628, 130.956916948462, 61.5532989501953, 2009603, 4, 96
2019.75092935, 47.7357867003011, 130.956910566068, 61.5520629882812, 2009603, 4, 96
2019.75092935, 47.735722670861, 130.956902568952, 61.5600891113281, 2009603, 4, 97
2019.75092935, 47.7356523495122, 130.956893617186, 61.5639801025391, 2009603, 4, 97
2019.75092935, 47.7355947036495, 130.956886481986, 61.5204086303711, 2009603, 4, 97
2019.75092935, 47.7355306708532, 130.956878552175, 61.5481147766113, 2009603, 4, 97
2019.75092935, 47.7354666646635, 130.956870584868, 61.536865234375, 2009603, 4, 97
2019.75092935, 47.7353898999599, 130.956860980693, 61.5503196716309, 2009603, 4, 97
2019.75092935, 47.7353259524266, 130.95685303369, 61.5016136169434, 2009603, 4, 97
2019.75092935, 47.7352684182462, 130.956845953481, 61.5068397521973, 2009603, 4, 97
2019.75092935, 47.7351981458089, 130.956837232185, 61.5426864624023, 2009603, 4, 96
2019.75092935, 47.735127928564, 130.956828389723, 61.5087394714355, 2009603, 4, 96
2019.75092935, 47.735064111186, 130.956820543914, 61.5285148620605, 2009603, 4, 96
2019.75092935, 47.7349939784929, 130.956811743152, 61.5082206726074, 2009603, 4, 96
2019.75092935, 47.7349238844594, 130.956803007057, 61.511905670166, 2009603, 4, 96
2019.75092935, 47.7348474815663, 130.956793416665, 61.5040321350098, 2009603, 4, 96
2019.75092935, 47.734783851688, 130.956785461289, 61.5261878967285, 2009603, 4, 96
2019.75092935, 47.7347266235287, 130.956778285534, 61.5363311767578, 2009603, 4, 96
2019.75092935, 47.7346630573275, 130.956770436223, 61.4947319030762, 2009603, 4, 96
2019.75092935, 47.7345995470415, 130.956762443988, 61.512866973877, 2009603, 4, 96
2019.75092935, 47.734523392038, 130.956752798937, 61.522289276123, 2009603, 4, 96
2019.75092935, 47.7344599506072, 130.956744910745, 61.510555267334, 2009603, 4, 97
2019.75092935, 47.7343965511709, 130.956736942227, 61.4863967895508, 2009603, 4, 97
2019.75092935, 47.7343267341811, 130.956728258418, 61.5272636413574, 2009603, 4, 97
2019.75092935, 47.7342319764849, 130.956716067651, 61.5265426635742, 2009603, 4, 96
2019.75092935, 47.7341372313986, 130.956704115791, 61.4995574951172, 2009603, 4, 96
2019.75092935, 47.7340488471415, 130.956692756595, 61.5116767883301, 2009603, 4, 96
2019.75092935, 47.7339604332645, 130.956681639074, 61.4834594726562, 2009603, 4, 96
2019.75092935, 47.7338214871567, 130.956663972195, 61.4954833984375, 2009603, 4, 96
2019.75092935, 47.733663444261, 130.956644111877, 61.5283241271973, 2009603, 4, 96
2019.75092935, 47.7334925165239, 130.95662274371, 61.498722076416, 2009603, 4, 97
2019.75092935, 47.7333022195536, 130.956599023704, 61.4789428710938, 2009603, 4, 97
2019.75092935, 47.7331432404022, 130.956579620901, 61.4510078430176, 2009603, 4, 96
2019.75092935, 47.7329774444635, 130.956559389841, 61.4709243774414, 2009603, 4, 96
2019.75092935, 47.7328173259462, 130.956540257443, 61.4596252441406, 2009603, 4, 96
2019.75092935, 47.7326890396952, 130.956525052708, 61.4243621826172, 2009603, 4, 96
2019.75092935, 47.7325799198907, 130.956512017676, 61.4434242248535, 2009603, 4, 96
2019.75092935, 47.7324899951005, 130.956501399568, 61.4395408630371, 2009603, 4, 96
2019.75092935, 47.7324257717455, 130.956493612437, 61.4572525024414, 2009603, 4, 96
2019.75092935, 47.7323679473286, 130.956486756366, 61.4266166687012, 2009603, 4, 96
2019.75092935, 47.7322844284991, 130.956476740154, 61.4566459655762, 2009603, 4, 96
2019.75092935, 47.732207335094, 130.956467519813, 61.4126319885254, 2009603, 4, 95
2019.75092935, 47.7321366939808, 130.956458941019, 61.4395790100098, 2009603, 4, 95
2019.75092935, 47.7320468107177, 130.956447988969, 61.4924240112305, 2009603, 4, 95
2019.75092935, 47.7319633877599, 130.956437751082, 61.4358596801758, 2009603, 4, 96
2019.75092935, 47.731899227953, 130.956430000401, 61.4656829833984, 2009603, 4, 96
2019.75092935, 47.7318220855395, 130.956420680984, 61.4621543884277, 2009603, 4, 96
2019.75092935, 47.7317261962099, 130.956408569956, 61.4709510803223, 2009603, 4, 96
2019.75092935, 47.7316112299161, 130.956393875315, 61.5071983337402, 2009603, 4, 96
2019.75092935, 47.7314516777454, 130.956373613965, 61.4533653259277, 2009603, 4, 95
2019.75092935, 47.7312158617163, 130.956343013991, 61.4103622436523, 2009603, 4, 96
2019.75092935, 47.731050272179, 130.95632157769, 61.4316368103027, 2009603, 4, 96
2019.75092935, 47.7308847495065, 130.956300056405, 61.3694801330566, 2009603, 4, 96
2019.75092935, 47.7308083654156, 130.95629012479, 61.4292297363281, 2009603, 4, 96
2019.75092935, 47.7307447059373, 130.956281883915, 61.4942855834961, 2009603, 4, 96
2019.75092935, 47.7305919258921, 130.95626200531, 61.4149589538574, 2009603, 4, 96
2019.75092935, 47.7305346928389, 130.956254471812, 61.4215698242188, 2009603, 4, 96
2019.75092935, 47.7303817248072, 130.956234767084, 61.4443588256836, 2009603, 4, 97
2019.75092935, 47.730228685254, 130.956215220418, 61.4341163635254, 2009603, 4, 97
2019.75092935, 47.7301776670322, 130.956208672722, 61.4162330627441, 2009603, 4, 97
2019.75092935, 47.7300309365756, 130.95618996948, 61.4312324523926, 2009603, 4, 97
2019.75092935, 47.7297373675262, 130.956152541557, 61.4631118774414, 2009603, 4, 97
2019.75092935, 47.7294118259265, 130.956110713649, 61.4115905761719, 2009603, 4, 96
2019.75092935, 47.7290863391871, 130.956068523241, 61.4367866516113, 2009603, 4, 96
2019.75092935, 47.728563565158, 130.955999760842, 61.4624824523926, 2009603, 4, 97
2019.75092935, 47.7279722599204, 130.955920763533, 61.432243347168, 2009603, 4, 97
2019.75092936, 47.727021948019, 130.95579357036, 61.4143753051758, 2009603, 4, 97
2019.75092936, 47.7259478648468, 130.955658852232, 61.4077262878418, 2009603, 4, 97
2019.75092936, 47.7247812569462, 130.955499798062, 61.3821640014648, 2009603, 4, 83
2019.75092936, 47.7238670923759, 130.955371001309, 61.4003257751465, 2009603, 4, 89
2019.75092936, 47.7234058828421, 130.955309594319, 61.3655853271484, 2009603, 4, 74
2019.75092936, 47.7232457870456, 130.955288452129, 61.338005065918, 2009603, 4, 63
2019.75092936, 47.7230985505755, 130.955269087364, 61.3720779418945, 2009603, 4, 63
2019.75092936, 47.7206832112952, 130.954938195436, 61.3788146972656, 2009603, 4, 91
2019.75092936, 47.7205499792402, 130.954919571372, 61.382942199707, 2009603, 4, 91
2019.75092936, 47.720454728737, 130.954906233942, 61.3653259277344, 2009603, 4, 86
2019.75092936, 47.7203277646001, 130.954888315605, 61.3757629394531, 2009603, 4, 86
2019.75092936, 47.7199385853114, 130.954832990177, 61.3662528991699, 2009603, 4, 95
2019.75092936, 47.7197597762037, 130.95480748914, 61.3620643615723, 2009603, 4, 95
2019.75092936, 47.7196320516116, 130.954789282906, 61.3887176513672, 2009603, 4, 95
2019.75092936, 47.7195362740911, 130.954775670746, 61.3719863891602, 2009603, 4, 95
2019.75092936, 47.7194405390991, 130.954761938071, 61.3512802124023, 2009603, 4, 94
2019.75092936, 47.7193512059631, 130.954749246264, 61.3356590270996, 2009603, 4, 94
2019.75092936, 47.7192364154201, 130.954732889262, 61.3570098876953, 2009603, 4, 94
2019.75092936, 47.7191217052099, 130.954716523431, 61.3688888549805, 2009603, 4, 94
2019.75092936, 47.7190197263183, 130.95470204051, 61.354320526123, 2009603, 4, 94
2019.75092936, 47.7189244994617, 130.95468852199, 61.3570823669434, 2009603, 4, 94
2019.75092936, 47.718822974487, 130.954674107226, 61.3373756408691, 2009603, 4, 94
2019.75092936, 47.7187214794344, 130.954659726326, 61.345890045166, 2009603, 4, 95
2019.75092936, 47.7186136743204, 130.95464438759, 61.332950592041, 2009603, 4, 95
2019.75092936, 47.7185122099712, 130.954629982583, 61.3530387878418, 2009603, 4, 95
2019.75092936, 47.7184360926172, 130.954619307962, 61.3286361694336, 2009603, 4, 97
2019.75092936, 47.7183028869811, 130.95460036066, 61.3274230957031, 2009603, 4, 97
2019.75092936, 47.7181949910162, 130.954585194714, 61.3168182373047, 2009603, 4, 97
2019.75092936, 47.7180997526663, 130.954571723465, 61.3405570983887, 2009603, 4, 97
2019.75092936, 47.7180044687555, 130.954558253035, 61.3278732299805, 2009603, 4, 97
2019.75092936, 47.7179091380479, 130.954544702676, 61.3263397216797, 2009603, 4, 97
2019.75092936, 47.7178204355603, 130.954531877524, 61.3358840942383, 2009603, 4, 97
2019.75092936, 47.7177502184915, 130.954522064678, 61.3216361999512, 2009603, 4, 97
2019.75092936, 47.7176416628041, 130.954506762221, 61.2982177734375, 2009603, 4, 97
2019.75092936, 47.7175139066016, 130.954488661064, 61.361686706543, 2009603, 4, 98
2019.75092936, 47.7174244674857, 130.954475895468, 61.3199577331543, 2009603, 4, 98
2019.75092936, 47.7173094930206, 130.954459342061, 61.3251876831055, 2009603, 4, 98
2019.75092936, 47.7171945512485, 130.954442690271, 61.3138160705566, 2009603, 4, 98
2019.75092936, 47.7171052025201, 130.954429598871, 61.3194770812988, 2009603, 4, 98
2019.75092936, 47.7169967538257, 130.954413729824, 61.3583068847656, 2009603, 4, 99
2019.75092936, 47.7168947829187, 130.954398551288, 61.3340682983398, 2009603, 4, 99
2019.75092936, 47.7167865279902, 130.954382351446, 61.3342895507812, 2009603, 4, 99
2019.75092936, 47.7166847410542, 130.954367018034, 61.3163185119629, 2009603, 4, 96
2019.75092936, 47.7165894264562, 130.954352385975, 61.3270530700684, 2009603, 4, 96
2019.75092936, 47.7164939822851, 130.954338021337, 61.3334274291992, 2009603, 4, 97
2019.75092936, 47.7163992296986, 130.954323017054, 61.3453979492188, 2009603, 4, 97
2019.75092936, 47.7162919302303, 130.954305874066, 61.3135528564453, 2009603, 4, 97
2019.75092936, 47.7161909625878, 130.95428987414, 61.3249015808105, 2009603, 4, 97
2019.75092936, 47.7160774094407, 130.95427172672, 61.3200836181641, 2009603, 4, 97
2019.75092936, 47.7159701256607, 130.954254753665, 61.317756652832, 2009603, 4, 97
2019.75092936, 47.7158059442579, 130.95422887955, 61.3612823486328, 2009603, 4, 97
2019.75092936, 47.7156352380624, 130.954202103741, 61.3172912597656, 2009603, 4, 97
2019.75092936, 47.7154007480538, 130.954166208908, 61.3273468017578, 2009603, 4, 97
2019.75092936, 47.7152294280968, 130.954140284088, 61.321605682373, 2009603, 4, 96
2019.75092936, 47.7150886562197, 130.954120178422, 61.3409423828125, 2009603, 4, 96
2019.75092936, 47.7149092821094, 130.954094796999, 61.3482475280762, 2009603, 4, 97
2019.75092936, 47.7147554430503, 130.954073352258, 61.3374519348145, 2009603, 4, 97
2019.75092936, 47.7145888448658, 130.954050186253, 61.345027923584, 2009603, 4, 97
2019.75092936, 47.7144928058455, 130.954036859597, 61.3203811645508, 2009603, 4, 96
2019.75092936, 47.714377679489, 130.954020759275, 61.3633232116699, 2009603, 4, 96
2019.75092936, 47.7142563133577, 130.95400382148, 61.3180885314941, 2009603, 4, 96
2019.75092936, 47.7141415280614, 130.953987609327, 61.3389434814453, 2009603, 4, 97
2019.75092936, 47.7139946975149, 130.953966928402, 61.3284454345703, 2009603, 4, 98
2019.75092936, 47.7138367597819, 130.953943587829, 61.3150634765625, 2009603, 4, 98
2019.75092936, 47.713729550932, 130.953927497229, 61.3028450012207, 2009603, 4, 98
2019.75092936, 47.7136350310537, 130.953913313653, 61.3215446472168, 2009603, 4, 98
2019.75092936, 47.713515395126, 130.953895049367, 61.2812347412109, 2009603, 4, 98
2019.75092936, 47.7134083570956, 130.953878781107, 61.3257331848145, 2009603, 4, 97
2019.75092936, 47.713313910254, 130.953864200048, 61.3018341064453, 2009603, 4, 97
2019.75092936, 47.7131689805026, 130.953841897192, 61.332347869873, 2009603, 4, 97
2019.75092936, 47.7130617398327, 130.953825318214, 61.311092376709, 2009603, 4, 97
2019.75092936, 47.7129733325088, 130.953811511348, 61.2748374938965, 2009603, 4, 96
2019.75092936, 47.7128721358877, 130.953795888993, 61.310188293457, 2009603, 4, 96
2019.75092936, 47.7127834674034, 130.95378210535, 61.3268356323242, 2009603, 4, 96
2019.75092936, 47.7126247178044, 130.953757544579, 61.3268013000488, 2009603, 4, 97
2019.75092936, 47.7124650063659, 130.953733243074, 61.3246765136719, 2009603, 4, 97
2019.75092936, 47.7123049539809, 130.953708681324, 61.2970161437988, 2009603, 4, 97
2019.75092936, 47.7121702644625, 130.953688129587, 61.3246002197266, 2009603, 4, 97
2019.75092936, 47.7120418508459, 130.953668422161, 61.3677520751953, 2009603, 4, 97
2019.75092936, 47.7119197594783, 130.953649741257, 61.3237075805664, 2009603, 4, 97
2019.75092936, 47.7117654776393, 130.953626047822, 61.335636138916, 2009603, 4, 97
2019.75092936, 47.7115598170645, 130.953594113525, 61.3113479614258, 2009603, 4, 96
2019.75092936, 47.7113030836999, 130.953554051079, 61.3637466430664, 2009603, 4, 95
2019.75092962, 47.2023207495918, 130.881315674252, 70.6283493041992, 2009603, 4, 57
2019.75092962, 47.2021873476764, 130.88129521025, 70.6096420288086, 2009603, 4, 79
2019.75092962, 47.2020985883928, 130.881281792312, 70.6164398193359, 2009603, 4, 79
2019.75092962, 47.2019971813287, 130.881266358706, 70.603759765625, 2009603, 4, 89
2019.75092962, 47.2018640885917, 130.881246116821, 70.5948944091797, 2009603, 4, 89
2019.75092962, 47.201743688108, 130.881227578048, 70.6159820556641, 2009603, 4, 93
2019.75092962, 47.201616913644, 130.881208058077, 70.5935287475586, 2009603, 4, 93
2019.75092962, 47.2014266735846, 130.881178548987, 70.6353378295898, 2009603, 4, 94
2019.75092962, 47.2012997947532, 130.881158514548, 70.6000595092773, 2009603, 4, 94
2019.75092962, 47.2011982239705, 130.881142504491, 70.6629028320312, 2009603, 4, 94
2019.75092962, 47.2010711964591, 130.881122348095, 70.6632843017578, 2009603, 4, 94
2019.75092962, 47.2009123296434, 130.881096788102, 70.659309387207, 2009603, 4, 93
2019.75092962, 47.2008231176126, 130.881082243741, 70.6427688598633, 2009603, 4, 93
2019.75092962, 47.2007147733825, 130.881064462303, 70.6815414428711, 2009603, 4, 91
2019.75092962, 47.2005809287563, 130.881042358684, 70.655876159668, 2009603, 4, 91
2019.75092962, 47.2004534698376, 130.88102132131, 70.6520080566406, 2009603, 4, 91
2019.75092962, 47.2002687159667, 130.880991027659, 70.6550674438477, 2009603, 4, 91
2019.75092962, 47.2000459879113, 130.880954444894, 70.6624908447266, 2009603, 4, 87
2019.75092962, 47.1998680339357, 130.880925507189, 70.6515045166016, 2009603, 4, 83
2019.75092962, 47.1997155092432, 130.880900756989, 70.6476821899414, 2009603, 4, 82
2019.75092962, 47.1995510476198, 130.880874920478, 70.6384658813477, 2009603, 4, 82
2019.75092962, 47.1993740934587, 130.880847438582, 70.6446304321289, 2009603, 4, 81
2019.75092962, 47.1991404266191, 130.880811060588, 70.6423034667969, 2009603, 4, 77
2019.75092962, 47.1987930104022, 130.880756539678, 70.6315765380859, 2009603, 4, 73
2019.75092962, 47.1984578242116, 130.880703420331, 70.6704711914062, 2009603, 4, 62
2019.75092962, 47.1982355068615, 130.880666719909, 70.6916656494141, 2009603, 4, 55
2019.75092962, 47.1981146900673, 130.880646577163, 70.6428070068359, 2009603, 4, 55
2019.75092962, 47.198019236134, 130.88063072778, 70.6436309814453, 2009603, 4, 55
2019.75092962, 47.1978982896008, 130.880610481311, 70.6660232543945, 2009603, 4, 57
2019.75092962, 47.1977581844069, 130.88058702231, 70.6533508300781, 2009603, 4, 57
2019.75092962, 47.1975415911721, 130.880550868167, 70.6670227050781, 2009603, 4, 60
2019.75092962, 47.1973695815153, 130.880522374267, 70.7101287841797, 2009603, 4, 65
2019.75092962, 47.1972167138535, 130.880497248118, 70.6730194091797, 2009603, 4, 65
2019.75092962, 47.1970830099067, 130.880475525644, 70.6767044067383, 2009603, 4, 65
2019.75092962, 47.1969622309606, 130.880456165306, 70.6963348388672, 2009603, 4, 65
2019.75092962, 47.1968160601847, 130.880432849909, 70.6875915527344, 2009603, 4, 65
2019.75092962, 47.1966825883578, 130.880411928943, 70.6891479492188, 2009603, 4, 68
2019.75092962, 47.1965745514688, 130.880395025278, 70.683837890625, 2009603, 4, 68
2019.75092962, 47.1964792232666, 130.880380118391, 70.6885681152344, 2009603, 4, 67
2019.75092962, 47.196377529349, 130.8803643049, 70.7030639648438, 2009603, 4, 67
2019.75092962, 47.1963012389651, 130.880352543417, 70.6902542114258, 2009603, 4, 67
2019.75092962, 47.1962313046973, 130.880341711162, 70.6814193725586, 2009603, 4, 68
2019.75092962, 47.1961613690612, 130.880330829115, 70.6975326538086, 2009603, 4, 68
2019.75092962, 47.1960723270009, 130.880317115574, 70.724983215332, 2009603, 4, 68
2019.75092962, 47.1959832696698, 130.880303354062, 70.7075042724609, 2009603, 4, 69
2019.75092962, 47.1958815362847, 130.880287528639, 70.6800689697266, 2009603, 4, 69
2019.75092962, 47.1957795763487, 130.880271875188, 70.7076263427734, 2009603, 4, 69
2019.75092962, 47.1956903505167, 130.880258105922, 70.6945495605469, 2009603, 4, 69
2019.75092962, 47.1956138635833, 130.880246235406, 70.6931686401367, 2009603, 4, 70
2019.75092962, 47.1955182455269, 130.880231370761, 70.6970901489258, 2009603, 4, 70
2019.75092962, 47.1954417572788, 130.880219341742, 70.686408996582, 2009603, 4, 70
2019.75092962, 47.1953588897987, 130.880206295861, 70.6993103027344, 2009603, 4, 70
2019.75092962, 47.1952824185002, 130.880194062814, 70.6774215698242, 2009603, 4, 70
2019.75092962, 47.1951995660178, 130.880180857597, 70.701042175293, 2009603, 4, 70
2019.75092962, 47.1951039920022, 130.88016542662, 70.7064743041992, 2009603, 4, 70
2019.75092962, 47.1950020686552, 130.880148857805, 70.6672286987305, 2009603, 4, 70
2019.75092962, 47.1949192887399, 130.880135180425, 70.7051239013672, 2009603, 4, 70
2019.75092962, 47.1948365193261, 130.8801215007, 70.7028274536133, 2009603, 4, 70
2019.75092962, 47.1947537840657, 130.880107623888, 70.6895980834961, 2009603, 4, 70
2019.75092962, 47.1946583343401, 130.880091623094, 70.7104797363281, 2009603, 4, 70
2019.75092962, 47.194581973525, 130.880078822911, 70.7401428222656, 2009603, 4, 70
2019.75092962, 47.1945057523739, 130.880065431644, 70.7004241943359, 2009603, 4, 70
2019.75092962, 47.1944358763043, 130.880053281913, 70.7574462890625, 2009603, 4, 71
2019.75092962, 47.1943596758264, 130.880039890164, 70.719596862793, 2009603, 4, 71
2019.75092962, 47.1942898281177, 130.880027637406, 70.7355194091797, 2009603, 4, 71
2019.75092962, 47.1942073060174, 130.880013031482, 70.7354202270508, 2009603, 4, 72
2019.75092962, 47.1941311164854, 130.879999701877, 70.7128067016602, 2009603, 4, 70
2019.75092962, 47.1940422324359, 130.879984156975, 70.7384185791016, 2009603, 4, 70
2019.75092962, 47.1939597048198, 130.879969695978, 70.7488861083984, 2009603, 4, 71
2019.75092962, 47.193870802244, 130.879954324713, 70.7421112060547, 2009603, 4, 71
2019.75092962, 47.1937755524701, 130.879937821137, 70.7508697509766, 2009603, 4, 71
2019.75092962, 47.193686606475, 130.879922731049, 70.7759017944336, 2009603, 4, 71
2019.75092962, 47.1936103681154, 130.879909728557, 70.7405700683594, 2009603, 4, 71
2019.75092962, 47.1935341020352, 130.879896915599, 70.7833480834961, 2009603, 4, 71
2019.75092962, 47.1934387235133, 130.879881136445, 70.8207931518555, 2009603, 4, 73
2019.75092962, 47.1933496636427, 130.879866265763, 70.8038558959961, 2009603, 4, 73
2019.75092962, 47.1932605863511, 130.879852220922, 70.7833480834961, 2009603, 4, 73
2019.75092962, 47.1931650885362, 130.879837438372, 70.7976989746094, 2009603, 4, 71
2019.75092962, 47.1930823056223, 130.87982461373, 70.8068466186523, 2009603, 4, 71
2019.75092962, 47.192986731881, 130.879810010683, 70.7400283813477, 2009603, 4, 67
2019.75092962, 47.1928911144032, 130.879795512268, 70.7493896484375, 2009603, 4, 67
2019.75092962, 47.1928018482675, 130.87978189543, 70.7509918212891, 2009603, 4, 67
2019.75092962, 47.1927316652679, 130.879771401906, 70.7350387573242, 2009603, 4, 64
2019.75092962, 47.192635959513, 130.879756880135, 70.7630081176758, 2009603, 4, 64
2019.75092962, 47.1925402088261, 130.879742446791, 70.7485961914062, 2009603, 4, 64
2019.75092962, 47.1923869919931, 130.879719014859, 70.7482376098633, 2009603, 4, 64
2019.75092962, 47.1922656544291, 130.879700445772, 70.7409515380859, 2009603, 4, 64
2019.75092962, 47.1921443281027, 130.879681618875, 70.7322463989258, 2009603, 4, 65
2019.75092962, 47.1919910833285, 130.879657363694, 70.750846862793, 2009603, 4, 65
2019.75092962, 47.1918504169298, 130.879634414094, 70.7498092651367, 2009603, 4, 65
2019.75092962, 47.1916141973782, 130.879595107534, 70.7594451904297, 2009603, 4, 65
2019.75092962, 47.1914103832122, 130.879560780664, 70.7436904907227, 2009603, 4, 65
2019.75092962, 47.1911564229733, 130.879517675157, 70.7768096923828, 2009603, 4, 69
2019.75092962, 47.1907771455314, 130.879453100173, 70.7057723999023, 2009603, 4, 65
2019.75092962, 47.1903947834787, 130.879389898298, 70.74951171875, 2009603, 4, 69
2019.75092962, 47.1898489462114, 130.879299533702, 70.741325378418, 2009603, 4, 72
2019.75092962, 47.1894445374361, 130.879231884436, 70.769645690918, 2009603, 4, 78
2019.75092962, 47.1890615977225, 130.879166447553, 70.7296295166016, 2009603, 4, 85
2019.75092962, 47.1886259737389, 130.879092769106, 70.794807434082, 2009603, 4, 88
2019.75092962, 47.1882671024767, 130.879033063742, 70.7776031494141, 2009603, 4, 90
2019.75092962, 47.1878652020278, 130.878969025772, 70.8158264160156, 2009603, 4, 91
2019.75092962, 47.1875471244781, 130.878918351543, 70.7922058105469, 2009603, 4, 90
2019.75092962, 47.1871028055879, 130.878846265999, 70.8038177490234, 2009603, 4, 90
2019.75092962, 47.1866844882574, 130.878775342088, 70.8149642944336, 2009603, 4, 90
2019.75092962, 47.1861959824748, 130.878690456497, 70.8132629394531, 2009603, 4, 90
2019.75092963, 47.1856614292268, 130.878599195119, 70.8294448852539, 2009603, 4, 83
2019.75092963, 47.1851884413514, 130.878522494029, 70.8163986206055, 2009603, 4, 57
2019.75092963, 47.1847426931733, 130.878449817028, 70.7859649658203, 2009603, 4, 51
2019.75092963, 47.1755718583838, 130.876926780282, 70.8311157226562, 2009603, 4, 56
2019.75092963, 47.1753930279209, 130.876897060692, 70.8633804321289, 2009603, 4, 66
2019.75092963, 47.1752971821846, 130.876880998008, 70.8373107910156, 2009603, 4, 66
2019.75092928, 47.8595698876788, 130.931986215839, 63.3931312561035, 2009603, 5, 95
2019.75092928, 47.859168741456, 130.931939000767, 63.3864059448242, 2009603, 5, 96
2019.75092928, 47.8586279678207, 130.931880493547, 63.3823852539062, 2009603, 5, 95
2019.75092928, 47.8578101062372, 130.931791203566, 63.3347663879395, 2009603, 5, 95
2019.75092928, 47.856976729822, 130.931692501107, 63.28564453125, 2009603, 5, 97
2019.75092928, 47.8560610335868, 130.931581810023, 63.3066711425781, 2009603, 5, 97
2019.75092928, 47.855234327619, 130.931485747796, 63.2908515930176, 2009603, 5, 97
2019.75092928, 47.8545241997159, 130.931406535547, 63.2668151855469, 2009603, 5, 97
2019.75092928, 47.8538076222093, 130.931326168915, 63.2061309814453, 2009603, 5, 97
2019.75092928, 47.8532465539236, 130.931261310794, 63.2263412475586, 2009603, 5, 97
2019.75092928, 47.8527384422429, 130.931200557832, 63.2117080688477, 2009603, 5, 96
2019.75092928, 47.8523263917867, 130.931150423523, 63.2250938415527, 2009603, 5, 97
2019.75092928, 47.8519259065667, 130.931101806812, 63.1914443969727, 2009603, 5, 97
2019.75092928, 47.8514657104067, 130.93104677994, 63.2237167358398, 2009603, 5, 96
2019.75092928, 47.8509903971947, 130.93099159307, 63.1577987670898, 2009603, 5, 97
2019.75092928, 47.8505226438599, 130.930938505174, 63.1566505432129, 2009603, 5, 97
2019.75092928, 47.850147054662, 130.930896466742, 63.1319351196289, 2009603, 5, 96
2019.75092928, 47.8498177664739, 130.930859696806, 63.1656265258789, 2009603, 5, 96
2019.75092928, 47.8494634236146, 130.930819300542, 63.138988494873, 2009603, 5, 97
2019.75092928, 47.8491404757902, 130.930781727847, 63.1246452331543, 2009603, 5, 96
2019.75092928, 47.8487709749709, 130.93073658209, 63.1099166870117, 2009603, 5, 97
2019.75092928, 47.8483367514019, 130.930682866575, 63.0961036682129, 2009603, 5, 95
2019.75092929, 47.8479214640464, 130.930631966598, 63.1014404296875, 2009603, 5, 95
2019.75092929, 47.8474751180389, 130.930578945522, 63.0846939086914, 2009603, 5, 96
2019.75092929, 47.847067690875, 130.930531408742, 63.0727920532227, 2009603, 5, 97
2019.75092929, 47.8466349686993, 130.93048084545, 63.0300674438477, 2009603, 5, 96
2019.75092929, 47.8461764681335, 130.930425595087, 63.0213584899902, 2009603, 5, 97
2019.75092929, 47.8458450064749, 130.930385162402, 63.0133476257324, 2009603, 5, 97
2019.75092929, 47.8454366746875, 130.930334975455, 63.0383453369141, 2009603, 5, 97
2019.75092929, 47.8451110112004, 130.930294992863, 63.0379104614258, 2009603, 5, 96
2019.75092929, 47.8447341008328, 130.930249170651, 63.0251998901367, 2009603, 5, 97
2019.75092929, 47.8443509625868, 130.93020271791, 62.9843482971191, 2009603, 5, 97
2019.75092929, 47.8440128221944, 130.930162218088, 62.9800605773926, 2009603, 5, 97
2019.75092929, 47.8436496127815, 130.930119088097, 62.9747695922852, 2009603, 5, 97
2019.75092929, 47.8432676520171, 130.93007367214, 62.9796600341797, 2009603, 5, 97
2019.75092929, 47.8429367765651, 130.93003389617, 62.9686431884766, 2009603, 5, 96
2019.75092929, 47.8425677852619, 130.929988928227, 62.9404678344727, 2009603, 5, 96
2019.75092929, 47.8422177862028, 130.929945467761, 62.9290428161621, 2009603, 5, 96
2019.75092929, 47.8418544135081, 130.929900274615, 62.9519386291504, 2009603, 5, 95
2019.75092929, 47.8414713277429, 130.92985237593, 62.9290542602539, 2009603, 5, 87
2019.75092929, 47.8411315032165, 130.92981044521, 62.9360542297363, 2009603, 5, 75
2019.75092929, 47.8407537489488, 130.929763412877, 62.8995323181152, 2009603, 5, 64
2019.75092929, 47.8404220143209, 130.929721672781, 62.944766998291, 2009603, 5, 58
2019.75092929, 47.8400918336999, 130.929679356986, 62.9297904968262, 2009603, 5, 60
2019.75092929, 47.8397702033225, 130.929637074886, 62.9017791748047, 2009603, 5, 60
2019.75092929, 47.839404446578, 130.92958922471, 62.9562911987305, 2009603, 5, 56
2019.75092961, 47.1874340113831, 130.83783722743, 71.0600128173828, 2009603, 5, 81
2019.75092961, 47.1867331744593, 130.837733470645, 71.0272750854492, 2009603, 5, 95
2019.75092961, 47.1859926189273, 130.837620944222, 71.0861129760742, 2009603, 5, 95
2019.75092962, 47.1851278524982, 130.83749044753, 71.075927734375, 2009603, 5, 94
2019.75092962, 47.1844294707031, 130.837385480951, 71.0874557495117, 2009603, 5, 86
2019.75092962, 47.1837809089467, 130.837286915044, 71.0651779174805, 2009603, 5, 69
2019.75092962, 47.1830484658991, 130.837172840373, 71.063102722168, 2009603, 5, 72
2019.75092962, 47.1822338405106, 130.837043994641, 71.1472015380859, 2009603, 5, 86
2019.75092962, 47.1817517651292, 130.836969016049, 71.1267318725586, 2009603, 5, 93
2019.75092962, 47.1811694664629, 130.836878857849, 71.1209259033203, 2009603, 5, 91
2019.75092962, 47.1802956724449, 130.836740042479, 71.1309051513672, 2009603, 5, 89
2019.75092962, 47.1792431182991, 130.836571315344, 71.1122055053711, 2009603, 5, 88
2019.75092962, 47.1783412922558, 130.836429407498, 71.1786575317383, 2009603, 5, 90
2019.75092962, 47.1773231616173, 130.836268107814, 71.1652145385742, 2009603, 5, 87
2019.75092962, 47.1763843806669, 130.836121200158, 71.1588745117188, 2009603, 5, 80
2019.75092962, 47.1721845883373, 130.835439305089, 71.1414642333984, 2009603, 5, 86
2019.75092962, 47.1708747326563, 130.835222099026, 71.1549606323242, 2009603, 5, 90
2019.75092962, 47.1693490120121, 130.834974152143, 71.1218490600586, 2009603, 5, 90
2019.75092962, 47.1682927483074, 130.834794663175, 71.1690902709961, 2009603, 5, 89
2019.75092962, 47.1672437855356, 130.834623685261, 71.1283111572266, 2009603, 5, 76
2019.75092962, 47.166238127897, 130.834455825393, 71.1743621826172, 2009603, 5, 79
2019.75092963, 47.1648052282508, 130.834220924094, 71.2011032104492, 2009603, 5, 83
2019.75092929, 47.8604974961644, 130.931384886413, 63.3878746032715, 2009603, 6, 80
2019.75092929, 47.8603887878909, 130.931370715063, 63.3648719787598, 2009603, 6, 80
2019.75092929, 47.8602544643699, 130.931352958181, 63.3478698730469, 2009603, 6, 80
2019.75092929, 47.8601520936691, 130.931339475434, 63.3785400390625, 2009603, 6, 94
2019.75092929, 47.8600241399523, 130.931322417297, 63.356990814209, 2009603, 6, 94
2019.75092929, 47.8599025941137, 130.931306212346, 63.398983001709, 2009603, 6, 95
2019.75092929, 47.8597811066154, 130.931289803552, 63.3920593261719, 2009603, 6, 95
2019.75092929, 47.8596149337311, 130.93126750857, 63.3964576721191, 2009603, 6, 96
2019.75092929, 47.8594680207605, 130.931247873122, 63.425838470459, 2009603, 6, 96
2019.75092929, 47.8592831188724, 130.93122335134, 63.3879776000977, 2009603, 6, 96
2019.75092929, 47.8591111544274, 130.931200821517, 63.4218826293945, 2009603, 6, 96
2019.75092929, 47.8588567581463, 130.931167674389, 63.4073219299316, 2009603, 6, 97
2019.75092929, 47.8585710160152, 130.931130998845, 63.3941497802734, 2009603, 6, 96
2019.75092929, 47.8583617334622, 130.931104379249, 63.3718147277832, 2009603, 6, 95
2019.75092929, 47.8581082806442, 130.931072300709, 63.3330039978027, 2009603, 6, 96
2019.75092929, 47.8578739621529, 130.931042976099, 63.349292755127, 2009603, 6, 96
2019.75092929, 47.8575889685243, 130.93100715241, 63.3606796264648, 2009603, 6, 96
2019.75092929, 47.8574052283202, 130.930983765903, 63.302173614502, 2009603, 6, 97
2019.75092929, 47.8571896452599, 130.930956118762, 63.3006362915039, 2009603, 6, 97
2019.75092929, 47.8569611574462, 130.930926445322, 63.34912109375, 2009603, 6, 96
2019.75092929, 47.8566304942916, 130.930882458922, 63.2886123657227, 2009603, 6, 96
2019.75092929, 47.8564139523056, 130.930853112537, 63.2827644348145, 2009603, 6, 97
2019.75092929, 47.8561907457925, 130.930822766325, 63.3145446777344, 2009603, 6, 96
2019.75092929, 47.8559225598371, 130.930786116516, 63.2933158874512, 2009603, 6, 97
2019.75092929, 47.8557435854338, 130.930761755966, 63.3099250793457, 2009603, 6, 97
2019.75092929, 47.855551713218, 130.930735622828, 63.3053894042969, 2009603, 6, 96
2019.75092929, 47.8554109617591, 130.930716401825, 63.3030471801758, 2009603, 6, 97
2019.75092929, 47.8552573600237, 130.930695665496, 63.280574798584, 2009603, 6, 97
2019.75092929, 47.8550717472537, 130.930670652087, 63.2500457763672, 2009603, 6, 97
2019.75092929, 47.8549437395952, 130.930653510436, 63.3054656982422, 2009603, 6, 98
2019.75092929, 47.8547837525986, 130.930632245116, 63.2947273254395, 2009603, 6, 98
2019.75092929, 47.8545790400451, 130.930605213851, 63.2587432861328, 2009603, 6, 96
2019.75092929, 47.8544064294993, 130.930582448553, 63.2562103271484, 2009603, 6, 96
2019.75092929, 47.8542594258813, 130.930563266239, 63.2561645507812, 2009603, 6, 96
2019.75092929, 47.8540997558143, 130.930542382352, 63.2482070922852, 2009603, 6, 97
2019.75092929, 47.853927449721, 130.930519904595, 63.2255973815918, 2009603, 6, 97
2019.75092929, 47.8537616563549, 130.930498422884, 63.2324562072754, 2009603, 6, 97
2019.75092929, 47.8536087796266, 130.930478317739, 63.2436408996582, 2009603, 6, 97
2019.75092929, 47.8534178759828, 130.930453000548, 63.2143783569336, 2009603, 6, 97
2019.75092929, 47.853252593952, 130.930430824387, 63.2149429321289, 2009603, 6, 97
2019.75092929, 47.8531000960106, 130.930410352902, 63.2616806030273, 2009603, 6, 96
2019.75092929, 47.8529859090861, 130.930394732097, 63.2470054626465, 2009603, 6, 97
2019.75092929, 47.8528527437682, 130.930376361522, 63.2300491333008, 2009603, 6, 97
2019.75092929, 47.8527386455611, 130.930360346912, 63.2385559082031, 2009603, 6, 96
2019.75092929, 47.8526245414293, 130.930344428283, 63.2578201293945, 2009603, 6, 96
2019.75092929, 47.8524977481238, 130.930326691016, 63.2286911010742, 2009603, 6, 96
2019.75092929, 47.8523645815771, 130.930308088648, 63.2356834411621, 2009603, 6, 96
2019.75092929, 47.8522630948461, 130.930293831424, 63.2097015380859, 2009603, 6, 96
2019.75092929, 47.8521679255147, 130.930280416484, 63.2566223144531, 2009603, 6, 97
2019.75092929, 47.8520727087361, 130.93026709012, 63.2168998718262, 2009603, 6, 97
2019.75092929, 47.8519774646892, 130.93025365832, 63.2094383239746, 2009603, 6, 96
2019.75092929, 47.8518822476903, 130.930240304133, 63.200309753418, 2009603, 6, 97
2019.75092929, 47.8517486394835, 130.930221682392, 63.2246704101562, 2009603, 6, 96
2019.75092929, 47.8516276778017, 130.930204872032, 63.2171020507812, 2009603, 6, 96
2019.75092929, 47.851525755721, 130.930190871929, 63.2329292297363, 2009603, 6, 96
2019.75092929, 47.8514301915189, 130.930177503789, 63.2136688232422, 2009603, 6, 96
2019.75092929, 47.851328202286, 130.930163508009, 63.2032852172852, 2009603, 6, 96
2019.75092929, 47.8512325581271, 130.930150421727, 63.223762512207, 2009603, 6, 96
2019.75092929, 47.8511177897407, 130.930134464184, 63.1833419799805, 2009603, 6, 96
2019.75092929, 47.8510221128545, 130.930121389346, 63.2077407836914, 2009603, 6, 96
2019.75092929, 47.8509455725553, 130.930110862674, 63.1976089477539, 2009603, 6, 96
2019.75092929, 47.8508562787592, 130.930098561396, 63.194522857666, 2009603, 6, 96
2019.75092929, 47.8507733499379, 130.930087263933, 63.1967697143555, 2009603, 6, 96
2019.75092929, 47.8506840517545, 130.930075064993, 63.2028503417969, 2009603, 6, 96
2019.75092929, 47.8505628714021, 130.930058266012, 63.1718254089355, 2009603, 6, 96
2019.75092929, 47.8504736264669, 130.930046149408, 63.1711692810059, 2009603, 6, 97
2019.75092929, 47.850397157034, 130.930035612864, 63.1623916625977, 2009603, 6, 97
2019.75092929, 47.8503206818372, 130.93002520551, 63.1653327941895, 2009603, 6, 97
2019.75092929, 47.8502314892092, 130.930012910701, 63.1755332946777, 2009603, 6, 97
2019.75092929, 47.8501359420878, 130.929999675217, 63.153003692627, 2009603, 6, 97
2019.75092929, 47.8500595130399, 130.929989103104, 63.1640472412109, 2009603, 6, 97
2019.75092929, 47.849989460347, 130.929979422726, 63.1614952087402, 2009603, 6, 96
2019.7509293, 47.8498939636523, 130.929966006098, 63.1638870239258, 2009603, 6, 96
2019.7509293, 47.849804840486, 130.929953524363, 63.1407508850098, 2009603, 6, 96
2019.7509293, 47.8497030035827, 130.92993914792, 63.1630325317383, 2009603, 6, 97
2019.7509293, 47.8496138943351, 130.929926660093, 63.1169090270996, 2009603, 6, 97
2019.7509293, 47.8495311763604, 130.929914866462, 63.1379127502441, 2009603, 6, 97
2019.7509293, 47.8493212066265, 130.92988481298, 63.1655502319336, 2009603, 6, 96
2019.7509293, 47.849219451755, 130.929870027094, 63.1359329223633, 2009603, 6, 97
2019.7509293, 47.8491240709116, 130.929856022794, 63.1303367614746, 2009603, 6, 97
2019.7509293, 47.849035063957, 130.92984275868, 63.1514358520508, 2009603, 6, 97
2019.7509293, 47.8489333071933, 130.929827896179, 63.1325798034668, 2009603, 6, 97
2019.7509293, 47.8488315527475, 130.929812907068, 63.1387062072754, 2009603, 6, 97
2019.7509293, 47.8487361530196, 130.929798820433, 63.1065902709961, 2009603, 6, 97
2019.7509293, 47.8486280233016, 130.92978286392, 63.1130599975586, 2009603, 6, 97
2019.7509293, 47.8485325942541, 130.929768850674, 63.1457901000977, 2009603, 6, 97
2019.7509293, 47.8484307886849, 130.929753970467, 63.1262817382812, 2009603, 6, 96
2019.7509293, 47.8483417001643, 130.929740918388, 63.1034545898438, 2009603, 6, 96
2019.7509293, 47.8482525976532, 130.929727955399, 63.1304054260254, 2009603, 6, 96
2019.7509293, 47.8481443727098, 130.929712387592, 63.1138648986816, 2009603, 6, 94
2019.7509293, 47.8480489592317, 130.92969866022, 63.1131973266602, 2009603, 6, 94
2019.7509293, 47.8479660871454, 130.929686962429, 63.0950660705566, 2009603, 6, 95
2019.7509293, 47.8479087031096, 130.929678980895, 63.0979919433594, 2009603, 6, 95
2019.7509293, 47.8478258340556, 130.929667324817, 63.0927124023438, 2009603, 6, 95
2019.7509293, 47.8477110902144, 130.929651321935, 63.124568939209, 2009603, 6, 96
2019.7509293, 47.8476409675289, 130.929641698957, 63.0938949584961, 2009603, 6, 96
2019.7509293, 47.8475772312918, 130.92963292505, 63.0645332336426, 2009603, 6, 96
2019.7509293, 47.8475007673774, 130.929622358285, 63.0897636413574, 2009603, 6, 96
2019.7509293, 47.8474052185017, 130.929609142943, 63.1008186340332, 2009603, 6, 95
2019.7509293, 47.8473160625585, 130.929596874505, 63.1063499450684, 2009603, 6, 95
2019.7509293, 47.8472269469234, 130.929584537311, 63.08642578125, 2009603, 6, 96
2019.7509293, 47.8471315077832, 130.929571310045, 63.0950164794922, 2009603, 6, 96
2019.7509293, 47.847036122791, 130.929557935954, 63.0929260253906, 2009603, 6, 96
2019.7509293, 47.8469407747994, 130.929544648193, 63.114070892334, 2009603, 6, 96
2019.7509293, 47.8468391283758, 130.929530325369, 63.0922241210938, 2009603, 6, 96
2019.7509293, 47.8467437644444, 130.929516993144, 63.0979423522949, 2009603, 6, 96
2019.7509293, 47.8466297661104, 130.929500528379, 63.0446281433105, 2009603, 6, 96
2019.7509293, 47.8465411139846, 130.929487829922, 63.0517120361328, 2009603, 6, 96
2019.7509293, 47.8464524935954, 130.929474852388, 63.0322761535645, 2009603, 6, 96
2019.7509293, 47.8463765117212, 130.929463926646, 63.0477676391602, 2009603, 6, 96
2019.7509293, 47.8462942116837, 130.929451873533, 63.0457992553711, 2009603, 6, 96
2019.7509293, 47.8461928957529, 130.92943699234, 63.0509872436523, 2009603, 6, 97
2019.7509293, 47.8460788769592, 130.929420162105, 63.0608100891113, 2009603, 6, 97
2019.7509293, 47.8459838118764, 130.9294061045, 63.048942565918, 2009603, 6, 97
2019.7509293, 47.8458823449502, 130.929391156307, 63.0558929443359, 2009603, 6, 97
2019.7509293, 47.8457744616401, 130.929375219934, 63.0524559020996, 2009603, 6, 97
2019.7509293, 47.8456474478129, 130.92935630966, 63.0272483825684, 2009603, 6, 97
2019.7509293, 47.8455520970584, 130.929342198258, 63.0433807373047, 2009603, 6, 97
2019.7509293, 47.8454440289168, 130.929326049656, 63.0101852416992, 2009603, 6, 97
2019.7509293, 47.845348253759, 130.929311993767, 63.0259017944336, 2009603, 6, 97
2019.7509293, 47.8452588319588, 130.929298798395, 63.0107688903809, 2009603, 6, 97
2019.7509293, 47.8451693924692, 130.929285549023, 62.9938201904297, 2009603, 6, 97
2019.7509293, 47.8450735363415, 130.929271484796, 62.9929122924805, 2009603, 6, 97
2019.7509293, 47.8449776937073, 130.929257348684, 63.0335464477539, 2009603, 6, 97
2019.7509293, 47.8448818827127, 130.929243078673, 63.0119094848633, 2009603, 6, 97
2019.7509293, 47.8447924740334, 130.929229928376, 63.0329246520996, 2009603, 6, 97
2019.7509293, 47.8447158736471, 130.929218620631, 63.0143547058105, 2009603, 6, 96
2019.7509293, 47.8446329238918, 130.929206438455, 63.0322608947754, 2009603, 6, 96
2019.7509293, 47.8445372846656, 130.929192310783, 63.0306930541992, 2009603, 6, 96
2019.7509293, 47.8444162480348, 130.929174407263, 63.044750213623, 2009603, 6, 96
2019.7509293, 47.8443144297601, 130.929159297705, 63.0765075683594, 2009603, 6, 96
2019.7509293, 47.844225152489, 130.929146078887, 63.0463104248047, 2009603, 6, 96
2019.7509293, 47.8441428401669, 130.929133826376, 63.0336761474609, 2009603, 6, 96
2019.7509293, 47.8440479207434, 130.929119750479, 63.0209732055664, 2009603, 6, 96
2019.7509293, 47.843953078185, 130.929105467308, 63.0120887756348, 2009603, 6, 96
2019.7509293, 47.8438456130513, 130.929089420119, 62.9824409484863, 2009603, 6, 96
2019.7509293, 47.8437508106104, 130.92907520299, 63.0081367492676, 2009603, 6, 96
2019.7509293, 47.8436433614924, 130.929059060036, 63.0057029724121, 2009603, 6, 96
2019.7509293, 47.8435485080756, 130.929044945761, 63.0150566101074, 2009603, 6, 96
2019.7509293, 47.8434283256916, 130.929026733674, 62.9726219177246, 2009603, 6, 96
2019.7509293, 47.8433396797021, 130.929013505751, 62.9805603027344, 2009603, 6, 96
2019.7509293, 47.8432383084076, 130.92899814623, 62.9572105407715, 2009603, 6, 93
2019.7509293, 47.8431558527986, 130.928985769887, 62.9628372192383, 2009603, 6, 93
2019.7509293, 47.843066983275, 130.928972290481, 62.9607925415039, 2009603, 6, 93
2019.7509293, 47.8429782797182, 130.928958926756, 62.9902648925781, 2009603, 6, 96
2019.7509293, 47.8428634395903, 130.928941420132, 62.9836463928223, 2009603, 6, 96
2019.7509293, 47.8427612071703, 130.928926050879, 62.9669609069824, 2009603, 6, 96
2019.7509293, 47.8426588830499, 130.928910537835, 62.9662666320801, 2009603, 6, 93
2019.7509293, 47.8425628817572, 130.928895923406, 62.9834365844727, 2009603, 6, 93
2019.7509293, 47.8424604064129, 130.928880352028, 62.9584121704102, 2009603, 6, 88
2019.7509293, 47.8423578739369, 130.928864849535, 62.9837760925293, 2009603, 6, 88
2019.7509293, 47.8422681332511, 130.928851238473, 62.9620361328125, 2009603, 6, 88
2019.7509293, 47.8421655712326, 130.928835588797, 62.964412689209, 2009603, 6, 79
2019.7509293, 47.8420822256157, 130.928823021286, 62.9621086120605, 2009603, 6, 79
2019.7509293, 47.8420053156006, 130.928811291157, 62.941577911377, 2009603, 6, 79
2019.7509293, 47.8419284346357, 130.928799480215, 62.9381904602051, 2009603, 6, 70
2019.7509293, 47.8418451541277, 130.928786889488, 62.9518928527832, 2009603, 6, 70
2019.7509293, 47.8417619173509, 130.928774270861, 62.9578399658203, 2009603, 6, 70
2019.7509293, 47.8416786110139, 130.928761577448, 62.942684173584, 2009603, 6, 61
2019.7509293, 47.8415892324175, 130.928747817929, 62.9403114318848, 2009603, 6, 57
2019.7509293, 47.8415126580298, 130.928736182717, 62.938591003418, 2009603, 6, 57
2019.7509293, 47.8414170086836, 130.928721590663, 62.9678611755371, 2009603, 6, 55
2019.7509293, 47.8413341852268, 130.928708828795, 62.953498840332, 2009603, 6, 55
2019.7509293, 47.8412513906263, 130.928696278722, 62.989559173584, 2009603, 6, 55
2019.75092962, 47.2015159758531, 130.838505909709, 70.946662902832, 2009603, 6, 65
2019.75092962, 47.1878340062891, 130.836274786421, 71.0283813476562, 2009603, 6, 55
2019.75092963, 47.1876116753211, 130.83623728538, 71.0421981811523, 2009603, 6, 89
2019.75092963, 47.1873954248401, 130.836200820494, 71.0757446289062, 2009603, 6, 92
2019.75092963, 47.1871329644216, 130.836157090133, 71.0446624755859, 2009603, 6, 94
2019.75092963, 47.186895773537, 130.836118127934, 71.0250473022461, 2009603, 6, 94
2019.75092963, 47.1866650316732, 130.836080078008, 71.0646514892578, 2009603, 6, 94
2019.75092963, 47.1864601220193, 130.836046542229, 71.0604858398438, 2009603, 6, 95
2019.75092963, 47.186242792179, 130.836010985601, 71.0641479492188, 2009603, 6, 94
2019.75092963, 47.1860133636863, 130.835973341764, 71.0998916625977, 2009603, 6, 95
2019.75092963, 47.1857723585605, 130.835933595866, 71.1047439575195, 2009603, 6, 94
2019.75092963, 47.1855824065045, 130.835902164655, 71.0960845947266, 2009603, 6, 93
2019.75092963, 47.1852787252643, 130.835852153005, 71.1068801879883, 2009603, 6, 94
2019.75092963, 47.1850509455516, 130.83581475445, 71.0776824951172, 2009603, 6, 94
2019.75092963, 47.1848548122725, 130.83578239498, 71.1072692871094, 2009603, 6, 94
2019.75092963, 47.1846706571416, 130.835752398634, 71.0955963134766, 2009603, 6, 93
2019.75092963, 47.1844736578571, 130.835720248678, 71.0957717895508, 2009603, 6, 89
2019.75092963, 47.1843210638006, 130.835695413691, 71.1223831176758, 2009603, 6, 89
2019.75092963, 47.1841557464571, 130.835668238656, 71.0700607299805, 2009603, 6, 86
2019.75092963, 47.1840095043252, 130.835644186228, 71.0927200317383, 2009603, 6, 86
2019.75092963, 47.1838378892002, 130.835615776173, 71.0638961791992, 2009603, 6, 80
2019.75092963, 47.1837108187384, 130.83559470216, 71.0806274414062, 2009603, 6, 77
2019.75092963, 47.183615482223, 130.835578918757, 71.0958709716797, 2009603, 6, 77
2019.75092963, 47.1835013275523, 130.835559595732, 71.0828857421875, 2009603, 6, 77
2019.75092963, 47.1833682065359, 130.835537121462, 71.0968551635742, 2009603, 6, 74
2019.75092963, 47.1831781661319, 130.835504966015, 71.0648040771484, 2009603, 6, 74
2019.75092963, 47.1829376487439, 130.835464103025, 71.0767974853516, 2009603, 6, 73
2019.75092963, 47.1828047877124, 130.835441662984, 71.1032867431641, 2009603, 6, 73
2019.75092963, 47.1826972723314, 130.835423351089, 71.092041015625, 2009603, 6, 74
2019.75092963, 47.1825518048368, 130.835398868254, 71.1342926025391, 2009603, 6, 74
2019.75092963, 47.1824253136365, 130.835377614152, 71.1109466552734, 2009603, 6, 56
2019.75092963, 47.1822671661286, 130.835351080495, 71.1040344238281, 2009603, 6, 56
2019.75092963, 47.1815832009599, 130.835238589051, 71.105110168457, 2009603, 6, 52
2019.75092963, 47.18143082032, 130.835213509645, 71.1020965576172, 2009603, 6, 73
2019.75092963, 47.1812337433843, 130.835181039472, 71.0973510742188, 2009603, 6, 88
2019.75092963, 47.1810937142319, 130.835157911168, 71.1059341430664, 2009603, 6, 88
2019.75092963, 47.1809471397544, 130.835133563825, 71.1017837524414, 2009603, 6, 92
2019.75092963, 47.1808194743903, 130.835112147173, 71.1124038696289, 2009603, 6, 92
2019.75092963, 47.1806917442825, 130.835090780075, 71.0870056152344, 2009603, 6, 92
2019.75092963, 47.1805576056837, 130.835068214601, 71.1324005126953, 2009603, 6, 92
2019.75092963, 47.1803915169324, 130.835040450136, 71.117073059082, 2009603, 6, 91
2019.75092963, 47.1801871909036, 130.835006270138, 71.1425933837891, 2009603, 6, 90
2019.75092963, 47.1800085280614, 130.834976672831, 71.1314392089844, 2009603, 6, 90
2019.75092963, 47.1798044884607, 130.834942729334, 71.0980606079102, 2009603, 6, 91
2019.75092963, 47.1796073475279, 130.834910809742, 71.1326141357422, 2009603, 6, 91
2019.75092963, 47.1794231485479, 130.834881164816, 71.0885620117188, 2009603, 6, 90
2019.75092963, 47.1791567321653, 130.834838190698, 71.071418762207, 2009603, 6, 90
2019.75092963, 47.1789349408408, 130.8348022974, 71.080940246582, 2009603, 6, 90
2019.75092963, 47.1787069493394, 130.834764952762, 71.0794143676758, 2009603, 6, 91
2019.75092963, 47.1783840032549, 130.834711245376, 71.1004257202148, 2009603, 6, 91
2019.75092963, 47.1780989770023, 130.83466258252, 71.1365661621094, 2009603, 6, 91
2019.75092963, 47.1778579978859, 130.834621377686, 71.1262359619141, 2009603, 6, 89
2019.75092963, 47.1776420884188, 130.834584742938, 71.1148223876953, 2009603, 6, 90
2019.75092963, 47.1774768061186, 130.834556729238, 71.135009765625, 2009603, 6, 87
2019.75092963, 47.1773368071325, 130.834533394984, 71.1403274536133, 2009603, 6, 87
2019.75092963, 47.1771456975946, 130.834501869889, 71.1556930541992, 2009603, 6, 88
2019.75092963, 47.1769924490942, 130.834477242509, 71.1251525878906, 2009603, 6, 87
2019.75092963, 47.1768264232266, 130.834450706305, 71.1604232788086, 2009603, 6, 87
2019.75092963, 47.1766285696658, 130.834419185107, 71.0743026733398, 2009603, 6, 84
2019.75092963, 47.1764245691117, 130.83438658562, 71.1282501220703, 2009603, 6, 84
2019.75092963, 47.1762399553461, 130.834357149353, 71.1311874389648, 2009603, 6, 72
2019.75092963, 47.1760746997418, 130.83433067422, 71.0955505371094, 2009603, 6, 72
2019.75092963, 47.1698969649233, 130.833330286994, 71.131477355957, 2009603, 6, 53
2019.75092963, 47.1695348217777, 130.833272873513, 71.1551818847656, 2009603, 6, 53
2019.75092964, 47.1646560949015, 130.832502969526, 71.1496963500977, 2009603, 6, 53
2019.75092964, 47.1639396670118, 130.832390174465, 71.1260757446289, 2009603, 6, 70
2019.75092964, 47.1635254660587, 130.832325526769, 71.1866989135742, 2009603, 6, 71
2019.75092964, 47.163173741059, 130.832271252175, 71.1792831420898, 2009603, 6, 80
2019.75092964, 47.1628142209763, 130.832216408231, 71.1760101318359, 2009603, 6, 86
2019.75092964, 47.1624489306149, 130.832161391549, 71.1919479370117, 2009603, 6, 87
2019.75092964, 47.1620788736027, 130.832106585903, 71.1966781616211, 2009603, 6, 87
2019.75092964, 47.1617494011343, 130.832058465315, 71.1540069580078, 2009603, 6, 79
2019.75093077, 44.8957497726322, 130.521697326503, 264.431732177734, 1360419, 6, 61
