2020.71143073, 48.1522399387728, 133.494464494089, 48.0284957885742, 2009603, 1, 60
2020.71143073, 48.1521446992731, 133.494450327038, 48.0434989929199, 2009603, 1, 60
2020.71143073, 48.1520302252618, 133.494434035697, 48.075080871582, 2009603, 1, 60
2020.71143073, 48.1394870149557, 133.492624175152, 47.978385925293, 2009603, 1, 52
2020.71143073, 48.1394614538188, 133.492620404352, 47.9723815917969, 2009603, 1, 52
2020.71143073, 48.1394296420856, 133.492615778133, 47.9934425354004, 2009603, 1, 52
2020.71143073, 48.1394041844988, 133.492612087747, 47.9990310668945, 2009603, 1, 52
2020.71143073, 48.1393723767218, 133.492607461813, 48.000804901123, 2009603, 1, 52
2020.71143073, 48.1393405638315, 133.492602838408, 48.0100250244141, 2009603, 1, 52
2020.71143073, 48.1393087458121, 133.492598221097, 48.0115242004395, 2009603, 1, 52
2020.71143073, 48.1392832877872, 133.492594532606, 48.003604888916, 2009603, 1, 52
2020.71143073, 48.1392514690096, 133.492589915065, 47.9962196350098, 2009603, 1, 52
2020.71143074, 48.1239238087547, 133.490384242715, 48.1693229675293, 2009603, 1, 73
2020.71143074, 48.1237968521134, 133.490364737132, 48.1824188232422, 2009603, 1, 73
2020.71143074, 48.1237079388057, 133.490351064476, 48.1741600036621, 2009603, 1, 94
2020.71143074, 48.1235936003294, 133.490333469114, 48.1791648864746, 2009603, 1, 94
2020.71143074, 48.1234919188582, 133.490317872692, 48.1758003234863, 2009603, 1, 96
2020.71143074, 48.1234092790969, 133.490305242649, 48.1595802307129, 2009603, 1, 96
2020.71143074, 48.1233075301801, 133.490289787, 48.1903877258301, 2009603, 1, 96
2020.71143074, 48.1231739419422, 133.490269659685, 48.194637298584, 2009603, 1, 96
2020.71143074, 48.1230402853713, 133.490249780769, 48.1877555847168, 2009603, 1, 96
2020.71143074, 48.1229258008808, 133.490232506629, 48.1604881286621, 2009603, 1, 95
2020.71143074, 48.1228365260908, 133.490220044055, 48.1639709472656, 2009603, 1, 95
2020.71143074, 48.1227599994478, 133.490209445645, 48.1572418212891, 2009603, 1, 95
2020.71143074, 48.1226834632246, 133.490198926299, 48.1430778503418, 2009603, 1, 95
2020.71143074, 48.1225941804715, 133.490186711494, 48.1555137634277, 2009603, 1, 95
2020.71143074, 48.1224921745518, 133.490172796333, 48.1617736816406, 2009603, 1, 95
2020.71143074, 48.122377441881, 133.49015718873, 48.1730651855469, 2009603, 1, 95
2020.71143074, 48.1222691433987, 133.490142427917, 48.1694831848145, 2009603, 1, 95
2020.71143074, 48.1221609134452, 133.490127606471, 48.1571083068848, 2009603, 1, 94
2020.71143074, 48.1220718287693, 133.490115347972, 48.1695671081543, 2009603, 1, 94
2020.71143074, 48.1219891538531, 133.490103892305, 48.1601104736328, 2009603, 1, 81
2020.71143074, 48.121912879144, 133.490093250006, 48.1848907470703, 2009603, 1, 81
2020.71143074, 48.1218557037783, 133.490085216547, 48.1718902587891, 2009603, 1, 81
2020.71143074, 48.121811255767, 133.490078926596, 48.1575126647949, 2009603, 1, 81
2020.71143074, 48.1217731551548, 133.490073528272, 48.151538848877, 2009603, 1, 81
2020.71143074, 48.1206784127458, 133.489906984392, 48.1598281860352, 2009603, 1, 58
2020.71143074, 48.1205261349916, 133.489883813597, 48.2093276977539, 2009603, 1, 58
2020.71143074, 48.1203865421757, 133.48986256359, 48.1877822875977, 2009603, 1, 90
2020.71143074, 48.1202397574732, 133.489841336498, 48.2005348205566, 2009603, 1, 97
2020.71143074, 48.1200799848624, 133.489818566653, 48.2111892700195, 2009603, 1, 97
2020.71143074, 48.1198944369511, 133.48979249457, 48.2279586791992, 2009603, 1, 97
2020.71143074, 48.1197471805485, 133.489772022155, 48.2067565917969, 2009603, 1, 97
2020.71143074, 48.1195870939986, 133.489749910803, 48.2171401977539, 2009603, 1, 96
2020.71143074, 48.1193758386953, 133.489720840477, 48.2012786865234, 2009603, 1, 97
2020.71143074, 48.1192159195521, 133.48969881227, 48.2032661437988, 2009603, 1, 97
2020.71143074, 48.1190688300301, 133.489678518799, 48.1852264404297, 2009603, 1, 97
2020.71143074, 48.1189223153791, 133.489657965386, 48.1962585449219, 2009603, 1, 97
2020.71143074, 48.1187441066566, 133.489632786509, 48.1963310241699, 2009603, 1, 98
2020.71143074, 48.1185914604344, 133.489611046653, 48.2058143615723, 2009603, 1, 98
2020.71143074, 48.1184515946515, 133.489590971219, 48.1863632202148, 2009603, 1, 98
2020.71143074, 48.1182863321116, 133.489567076057, 48.1982727050781, 2009603, 1, 98
2020.71143074, 48.1181274264522, 133.489543932818, 48.1969871520996, 2009603, 1, 97
2020.71143074, 48.1179112438065, 133.489512244965, 48.1949119567871, 2009603, 1, 98
2020.71143074, 48.1177713407965, 133.489491643333, 48.202522277832, 2009603, 1, 98
2020.71143074, 48.1176247159163, 133.489469839924, 48.1971588134766, 2009603, 1, 98
2020.71143074, 48.1174972100921, 133.48945085186, 48.2171173095703, 2009603, 1, 98
2020.71143074, 48.1173633150297, 133.489430948751, 48.2220077514648, 2009603, 1, 98
2020.71143074, 48.1172166973043, 133.48940920818, 48.2252426147461, 2009603, 1, 98
2020.71143074, 48.1170828806226, 133.489389431645, 48.2118072509766, 2009603, 1, 98
2020.71143074, 48.1169491253752, 133.489369753509, 48.2273254394531, 2009603, 1, 99
2020.71143074, 48.1168408984202, 133.489353916087, 48.2295875549316, 2009603, 1, 99
2020.71143074, 48.1167327408203, 133.489338141246, 48.2326736450195, 2009603, 1, 98
2020.71143074, 48.1166500698638, 133.489326139007, 48.2220039367676, 2009603, 1, 98
2020.71143074, 48.1165419306909, 133.489310325493, 48.2249374389648, 2009603, 1, 98
2020.71143074, 48.1164404337554, 133.489296003833, 48.2262840270996, 2009603, 1, 98
2020.71143074, 48.1163516666751, 133.489283501918, 48.2040748596191, 2009603, 1, 98
2020.71143074, 48.1162312571202, 133.48926654989, 48.2145118713379, 2009603, 1, 98
2020.71143074, 48.1161362223981, 133.48925316781, 48.2194213867188, 2009603, 1, 98
2020.71143074, 48.1160348778618, 133.489238862364, 48.2219314575195, 2009603, 1, 98
2020.71143074, 48.1159462111512, 133.489226302146, 48.2262382507324, 2009603, 1, 98
2020.71143074, 48.1158385438551, 133.489210987055, 48.1945457458496, 2009603, 1, 98
2020.71143074, 48.1157435425735, 133.489197389184, 48.2222671508789, 2009603, 1, 98
2020.71143074, 48.115623182652, 133.489180039574, 48.2012405395508, 2009603, 1, 98
2020.71143074, 48.1155027869324, 133.489162535472, 48.235912322998, 2009603, 1, 98
2020.71143074, 48.1153950203397, 133.489146735129, 48.1900444030762, 2009603, 1, 98
2020.71143074, 48.1152936084574, 133.489132063422, 48.2038383483887, 2009603, 1, 98
2020.71143074, 48.1152047183836, 133.489118482051, 48.2053070068359, 2009603, 1, 98
2020.71143074, 48.1151158004807, 133.489104818819, 48.2452659606934, 2009603, 1, 98
2020.71143075, 48.1149823502602, 133.489084231326, 48.2228584289551, 2009603, 1, 98
2020.71143075, 48.1148806142212, 133.48906851882, 48.2174453735352, 2009603, 1, 98
2020.71143075, 48.1147470209507, 133.489047902267, 48.2311210632324, 2009603, 1, 98
2020.71143075, 48.1146451833995, 133.489032244805, 48.228401184082, 2009603, 1, 98
2020.71143075, 48.1145560545278, 133.48901859381, 48.1758766174316, 2009603, 1, 98
2020.71143075, 48.1144477765652, 133.489002142344, 48.2080268859863, 2009603, 1, 98
2020.71143075, 48.1143203639241, 133.48898294823, 48.2070236206055, 2009603, 1, 98
2020.71143075, 48.1142120296627, 133.488966817436, 48.218090057373, 2009603, 1, 97
2020.71143075, 48.1141164259234, 133.488952737741, 48.2348327636719, 2009603, 1, 97
2020.71143075, 48.1139825816808, 133.48893311899, 48.2469635009766, 2009603, 1, 97
2020.71143075, 48.1138486551841, 133.488914502272, 48.2069091796875, 2009603, 1, 97
2020.71143075, 48.1137083656496, 133.488895262777, 48.2357330322266, 2009603, 1, 98
2020.71143075, 48.1135617331103, 133.488875371722, 48.2339782714844, 2009603, 1, 98
2020.71143075, 48.113408790069, 133.488854759836, 48.2307510375977, 2009603, 1, 98
2020.71143075, 48.1132941283156, 133.488839349084, 48.1981430053711, 2009603, 1, 98
2020.71143075, 48.1131986132402, 133.488826507324, 48.2327537536621, 2009603, 1, 97
2020.71143075, 48.1131095012899, 133.488814492695, 48.22265625, 2009603, 1, 97
2020.71143075, 48.1129949749341, 133.4887989891, 48.2278251647949, 2009603, 1, 97
2020.71143075, 48.1128995733819, 133.488785999588, 48.2324600219727, 2009603, 1, 97
2020.71143075, 48.1127914856299, 133.488771191216, 48.2285003662109, 2009603, 1, 97
2020.71143075, 48.1126580387625, 133.488752696952, 48.2397422790527, 2009603, 1, 97
2020.71143075, 48.1124994817053, 133.488730008055, 48.2445793151855, 2009603, 1, 97
2020.71143075, 48.1123536076461, 133.488708930545, 48.2254028320312, 2009603, 1, 97
2020.71143075, 48.1121950009165, 133.488685829998, 48.23779296875, 2009603, 1, 97
2020.71143075, 48.1120299466476, 133.488661657227, 48.2269859313965, 2009603, 1, 97
2020.71143075, 48.1118774697835, 133.488639248312, 48.2170219421387, 2009603, 1, 94
2020.71143075, 48.1117502997461, 133.488620535461, 48.225212097168, 2009603, 1, 94
2020.71143075, 48.1116612105234, 133.488607446932, 48.2519073486328, 2009603, 1, 86
2020.71143075, 48.1114958807466, 133.488583044992, 48.2453651428223, 2009603, 1, 79
2020.71143075, 48.1113424797122, 133.488560864095, 48.255054473877, 2009603, 1, 79
2020.71143075, 48.1111953667162, 133.488539700216, 48.246467590332, 2009603, 1, 65
2020.71143075, 48.1110482329549, 133.488518600939, 48.2426986694336, 2009603, 1, 65
2020.71143075, 48.1108819432205, 133.488494842143, 48.2974853515625, 2009603, 1, 53
2020.71143075, 48.110180271064, 133.488395170707, 48.2743339538574, 2009603, 1, 76
2020.71143075, 48.1099966624181, 133.488369033817, 48.2774429321289, 2009603, 1, 89
2020.71143075, 48.1099144468657, 133.488357313482, 48.2660789489746, 2009603, 1, 89
2020.71143075, 48.1098449143151, 133.488347392688, 48.2718620300293, 2009603, 1, 89
2020.71143075, 48.1097880348279, 133.488339279878, 48.2709922790527, 2009603, 1, 89
2020.71143075, 48.1097438140165, 133.488332958713, 48.2454795837402, 2009603, 1, 84
2020.71143075, 48.1097059246186, 133.488327523495, 48.2244453430176, 2009603, 1, 84
2020.71143075, 48.1096680261677, 133.4883221007, 48.2747039794922, 2009603, 1, 84
2020.71143075, 48.1096048728622, 133.48831305044, 48.2840003967285, 2009603, 1, 84
2020.71143075, 48.1095480403767, 133.488304895748, 48.2534675598145, 2009603, 1, 84
2020.71143075, 48.1095038374069, 133.488298543376, 48.2533264160156, 2009603, 1, 84
2020.71143075, 48.109459627489, 133.488292191059, 48.2304344177246, 2009603, 1, 84
2020.71143075, 48.1094027926211, 133.488284000591, 48.2640380859375, 2009603, 1, 84
2020.71143075, 48.1093333072841, 133.488273990719, 48.2777061462402, 2009603, 1, 84
2020.71143075, 48.1092701230387, 133.488264871687, 48.2564697265625, 2009603, 1, 84
2020.71143075, 48.1092006012798, 133.488254822523, 48.258861541748, 2009603, 1, 79
2020.71143075, 48.1091310568986, 133.488244751689, 48.2554702758789, 2009603, 1, 78
2020.71143075, 48.1090614710721, 133.488234674817, 48.259838104248, 2009603, 1, 78
2020.71143075, 48.1089918605184, 133.488224567495, 48.2698402404785, 2009603, 1, 73
2020.71143075, 48.1089414160353, 133.488217305542, 48.2486534118652, 2009603, 1, 73
2020.71143075, 48.108890621981, 133.488209886826, 48.2548217773438, 2009603, 1, 73
2020.71143075, 48.1088461530026, 133.488203394793, 48.2586212158203, 2009603, 1, 73
2020.71143075, 48.1088016830825, 133.488196880613, 48.2465553283691, 2009603, 1, 73
2020.71143075, 48.1087698997751, 133.488192237336, 48.227855682373, 2009603, 1, 73
2020.71143075, 48.1087317631755, 133.488186647674, 48.2267036437988, 2009603, 1, 53
2020.71143075, 48.1087063238257, 133.488182935433, 48.2156791687012, 2009603, 1, 53
2020.71143075, 48.1086745260083, 133.488178280408, 48.2117576599121, 2009603, 1, 53
2020.71143075, 48.1086490832207, 133.488174555725, 48.2144546508789, 2009603, 1, 53
2020.71143075, 48.1086172804821, 133.488169893107, 48.2237243652344, 2009603, 1, 53
2020.71143075, 48.1085918246933, 133.488166171818, 48.2334251403809, 2009603, 1, 53
2020.71143075, 48.1085663714178, 133.488162445822, 48.22265625, 2009603, 1, 53
2020.71143075, 48.1085409128974, 133.48815872093, 48.2191276550293, 2009603, 1, 53
2020.71143075, 48.1085090911661, 133.488154058044, 48.2266998291016, 2009603, 1, 53
2020.71143076, 48.0776736375827, 133.483701168534, 48.297981262207, 2009603, 1, 62
2020.71143076, 48.0775398076651, 133.483681820783, 48.2918663024902, 2009603, 1, 62
2020.71143076, 48.0774378995761, 133.483667079716, 48.3040237426758, 2009603, 1, 85
2020.71143076, 48.0773424058169, 133.483653260035, 48.300048828125, 2009603, 1, 85
2020.71143076, 48.0772215089434, 133.483635745698, 48.2875595092773, 2009603, 1, 90
2020.71143076, 48.0770816147106, 133.483615501684, 48.3316802978516, 2009603, 1, 90
2020.71143076, 48.0768273232354, 133.483578426601, 48.2810935974121, 2009603, 1, 96
2020.71143076, 48.0766875693684, 133.483558040011, 48.301570892334, 2009603, 1, 95
2020.71143076, 48.0765288363952, 133.483534893369, 48.2895889282227, 2009603, 1, 95
2020.71143076, 48.0763638428562, 133.483510843027, 48.310432434082, 2009603, 1, 98
2020.71143076, 48.0761798719808, 133.48348408061, 48.2856407165527, 2009603, 1, 98
2020.71143076, 48.0760593764542, 133.483466568857, 48.2936897277832, 2009603, 1, 98
2020.71143076, 48.0759388822419, 133.483449092477, 48.3005142211914, 2009603, 1, 97
2020.71143076, 48.0757993113809, 133.483428860381, 48.3027076721191, 2009603, 1, 97
2020.71143076, 48.075691634528, 133.483413368472, 48.3111457824707, 2009603, 1, 98
2020.71143076, 48.0755522410504, 133.483393332942, 48.2937202453613, 2009603, 1, 98
2020.71143076, 48.0754254462638, 133.483375116943, 48.2752494812012, 2009603, 1, 97
2020.71143076, 48.0752604646422, 133.48335142493, 48.2992897033691, 2009603, 1, 97
2020.71143076, 48.0751143488764, 133.483330439669, 48.2926216125488, 2009603, 1, 97
2020.71143076, 48.0749807781442, 133.483311246887, 48.2866897583008, 2009603, 1, 97
2020.71143076, 48.0748470518913, 133.483292005977, 48.2989921569824, 2009603, 1, 97
2020.71143077, 48.0747131672286, 133.483272719612, 48.3103332519531, 2009603, 1, 97
2020.71143077, 48.0745921667865, 133.483255357636, 48.2619094848633, 2009603, 1, 97
2020.71143077, 48.074464055211, 133.483236737096, 48.2907218933105, 2009603, 1, 97
2020.71143077, 48.0743230385913, 133.483216212345, 48.298225402832, 2009603, 1, 97
2020.71143077, 48.0742140318305, 133.483200347743, 48.2889862060547, 2009603, 1, 97
2020.71143077, 48.0740986361523, 133.483183532323, 48.2850112915039, 2009603, 1, 97
2020.71143077, 48.0740088966211, 133.483170475772, 48.3146667480469, 2009603, 1, 97
2020.71143077, 48.073887188856, 133.483152759765, 48.3258094787598, 2009603, 1, 96
2020.71143077, 48.0737719772402, 133.483136014789, 48.321231842041, 2009603, 1, 96
2020.71143077, 48.073663287187, 133.483120227112, 48.3212127685547, 2009603, 1, 97
2020.71143077, 48.0735355818531, 133.483101699236, 48.3233604431152, 2009603, 1, 97
2020.71143077, 48.0734144445458, 133.483084156485, 48.3015365600586, 2009603, 1, 97
2020.71143077, 48.0732995867367, 133.483067430662, 48.3155555725098, 2009603, 1, 97
2020.71143077, 48.0731792031649, 133.483050207064, 48.3193473815918, 2009603, 1, 96
2020.71143077, 48.0730716269426, 133.483034834525, 48.3319129943848, 2009603, 1, 96
2020.71143077, 48.0729768042345, 133.483021279128, 48.3264961242676, 2009603, 1, 95
2020.71143077, 48.0728694139912, 133.483005917963, 48.322998046875, 2009603, 1, 95
2020.71143077, 48.0727494645752, 133.482988729082, 48.3263931274414, 2009603, 1, 93
2020.71143077, 48.0726169175229, 133.482969693423, 48.3248405456543, 2009603, 1, 93
2020.71143077, 48.0724906802286, 133.482951494177, 48.313533782959, 2009603, 1, 93
2020.71143077, 48.07238964365, 133.482936892402, 48.311408996582, 2009603, 1, 93
2020.71143077, 48.0722822471092, 133.482921293628, 48.3123016357422, 2009603, 1, 93
2020.71143077, 48.072181084894, 133.482906563371, 48.3259086608887, 2009603, 1, 94
2020.71143077, 48.0720483836893, 133.482887376579, 48.3136138916016, 2009603, 1, 94
2020.71143077, 48.0719277164121, 133.482869399408, 48.3455467224121, 2009603, 1, 94
2020.71143077, 48.0718196164733, 133.482853267284, 48.3436889648438, 2009603, 1, 94
2020.71143077, 48.0717114057182, 133.482837100101, 48.3245697021484, 2009603, 1, 94
2020.71143077, 48.0716030965029, 133.482820914616, 48.3242263793945, 2009603, 1, 94
2020.71143077, 48.0714883221526, 133.482803778993, 48.3097114562988, 2009603, 1, 94
2020.71143077, 48.071360685574, 133.482784785498, 48.3178825378418, 2009603, 1, 94
2020.71143077, 48.0712201962343, 133.482763967006, 48.305850982666, 2009603, 1, 95
2020.71143077, 48.0711051902304, 133.482747023562, 48.3108558654785, 2009603, 1, 95
2020.71143077, 48.0709837694273, 133.482729234934, 48.3422050476074, 2009603, 1, 94
2020.71143077, 48.0708623346939, 133.48271156397, 48.3379936218262, 2009603, 1, 94
2020.71143077, 48.0707408494931, 133.48269381946, 48.3378982543945, 2009603, 1, 95
2020.71143077, 48.0706323194853, 133.482678525092, 48.3404006958008, 2009603, 1, 95
2020.71143077, 48.0705174403852, 133.482662407285, 48.3252906799316, 2009603, 1, 95
2020.71143077, 48.0704281100967, 133.48264992125, 48.3369903564453, 2009603, 1, 95
2020.71143077, 48.0703387971528, 133.482637462524, 48.3381805419922, 2009603, 1, 95
2020.71143077, 48.0702367577471, 133.482623235943, 48.3407402038574, 2009603, 1, 97
2020.71143077, 48.0701347431608, 133.482609018931, 48.3327445983887, 2009603, 1, 97
2020.71143077, 48.0700455049727, 133.482596564476, 48.3233108520508, 2009603, 1, 97
2020.71143077, 48.0699562914846, 133.482584085782, 48.3506088256836, 2009603, 1, 97
2020.71143077, 48.0698479938391, 133.482568882252, 48.3454437255859, 2009603, 1, 97
2020.71143077, 48.0697142577603, 133.482550014943, 48.3428421020508, 2009603, 1, 96
2020.71143077, 48.0696060203482, 133.482534658531, 48.3484115600586, 2009603, 1, 96
2020.71143077, 48.0695232807751, 133.482522845507, 48.3223114013672, 2009603, 1, 96
2020.71143077, 48.0694405700848, 133.482511087165, 48.3122406005859, 2009603, 1, 95
2020.71143077, 48.0693641865891, 133.482499894644, 48.3030662536621, 2009603, 1, 97
2020.71143077, 48.0692750907785, 133.482486779534, 48.3256340026855, 2009603, 1, 97
2020.71143077, 48.0691732852439, 133.482471736825, 48.3127708435059, 2009603, 1, 97
2020.71143077, 48.069058783438, 133.482454760312, 48.2996101379395, 2009603, 1, 97
2020.71143077, 48.0689506695162, 133.48243868951, 48.2994422912598, 2009603, 1, 96
2020.71143077, 48.0688616510197, 133.482425448235, 48.3296585083008, 2009603, 1, 96
2020.71143077, 48.0687917160343, 133.482415046094, 48.3143310546875, 2009603, 1, 96
2020.71143077, 48.0687281496801, 133.482405589232, 48.2975692749023, 2009603, 1, 91
2020.71143077, 48.0686582283173, 133.482395207862, 48.345630645752, 2009603, 1, 91
2020.71143077, 48.0686010246512, 133.482386722472, 48.3146133422852, 2009603, 1, 91
2020.71143077, 48.0685438266127, 133.482378247974, 48.315486907959, 2009603, 1, 91
2020.71143077, 48.0684866322452, 133.482369792114, 48.3234481811523, 2009603, 1, 88
2020.71143077, 48.0684294331068, 133.482361360075, 48.3344116210938, 2009603, 1, 88
2020.71143077, 48.0683722456701, 133.482352934279, 48.3230895996094, 2009603, 1, 88
2020.71143077, 48.0683150577048, 133.482344531939, 48.3246421813965, 2009603, 1, 88
2020.71143077, 48.068257865255, 133.482336162301, 48.3159866333008, 2009603, 1, 88
2020.71143077, 48.0682006195797, 133.482327684533, 48.3101577758789, 2009603, 1, 84
2020.71143077, 48.0681625195242, 133.482322196986, 48.3058166503906, 2009603, 1, 84
2020.71143077, 48.0681117346219, 133.482314877162, 48.3310050964355, 2009603, 1, 84
2020.71143077, 48.0680609426005, 133.482307585423, 48.3035049438477, 2009603, 1, 84
2020.71143077, 48.0680164916653, 133.48230122279, 48.319221496582, 2009603, 1, 84
2020.71143077, 48.0679720408135, 133.482294870481, 48.3096160888672, 2009603, 1, 84
2020.71143077, 48.0679212362022, 133.482287623026, 48.3034172058105, 2009603, 1, 84
2020.71143077, 48.0678577256528, 133.482278584175, 48.3328895568848, 2009603, 1, 84
2020.71143077, 48.0678005500605, 133.482270472437, 48.3172302246094, 2009603, 1, 84
2020.71143077, 48.0677497147422, 133.482263281531, 48.3073081970215, 2009603, 1, 83
2020.71143077, 48.0676988763918, 133.48225609349, 48.3244743347168, 2009603, 1, 83
2020.71143077, 48.0676480186455, 133.482248927424, 48.2966651916504, 2009603, 1, 85
2020.71143077, 48.067578091693, 133.482239068423, 48.3325462341309, 2009603, 1, 85
2020.71143077, 48.0675272120022, 133.482231916547, 48.3465347290039, 2009603, 1, 85
2020.71143077, 48.0674763226868, 133.482224769095, 48.3371315002441, 2009603, 1, 85
2020.71143077, 48.0674317792642, 133.48221852387, 48.3176574707031, 2009603, 1, 85
2020.71143077, 48.0673872333771, 133.482212274892, 48.318302154541, 2009603, 1, 85
2020.71143077, 48.0673490352141, 133.482206928758, 48.3221054077148, 2009603, 1, 85
2020.71143077, 48.0673108324736, 133.48220157839, 48.3266410827637, 2009603, 1, 85
2020.71143077, 48.0672726250236, 133.48219622603, 48.3168563842773, 2009603, 1, 85
2020.71143077, 48.0672344056487, 133.482190877131, 48.3341484069824, 2009603, 1, 85
2020.71143077, 48.0671834383472, 133.48218374287, 48.3300094604492, 2009603, 1, 85
2020.71143077, 48.0671197135242, 133.482174811515, 48.3377532958984, 2009603, 1, 85
2020.71143077, 48.0670623441899, 133.482166766048, 48.3236083984375, 2009603, 1, 85
2020.71143077, 48.0670113338849, 133.482159611061, 48.3315467834473, 2009603, 1, 85
2020.71143077, 48.0669603076036, 133.482152455151, 48.3258056640625, 2009603, 1, 83
2020.71143077, 48.066909364775, 133.482145278033, 48.3104248046875, 2009603, 1, 83
2020.71143077, 48.0668582297186, 133.482138104546, 48.319896697998, 2009603, 1, 83
2020.71143077, 48.0668070745071, 133.482130933159, 48.3256759643555, 2009603, 1, 83
2020.71143077, 48.0667623201251, 133.482124637034, 48.2988548278809, 2009603, 1, 83
2020.71143077, 48.0667175660994, 133.482118321333, 48.304443359375, 2009603, 1, 71
2020.71143077, 48.0666791942545, 133.482112911308, 48.3105583190918, 2009603, 1, 71
2020.71143077, 48.0666408220394, 133.482107490481, 48.3229942321777, 2009603, 1, 71
2020.71143077, 48.0666024531345, 133.482102056223, 48.3442993164062, 2009603, 1, 71
2020.71143077, 48.0665640737363, 133.482096627364, 48.3361854553223, 2009603, 1, 71
2020.71143077, 48.0665193152851, 133.48209026349, 48.3350219726562, 2009603, 1, 71
2020.71143118, 47.2311135150243, 133.362589233998, 52.2128448486328, 2009603, 1, 64
2020.71143075, 48.1234561377179, 133.489128992116, 48.1773414611816, 2009603, 2, 96
2020.71143075, 48.1229845178911, 133.489060451551, 48.1895713806152, 2009603, 2, 95
2020.71143075, 48.122634049781, 133.489008978012, 48.1866989135742, 2009603, 2, 96
2020.71143075, 48.1223410599465, 133.488965910575, 48.1909828186035, 2009603, 2, 96
2020.71143075, 48.1219082326824, 133.488902510187, 48.1930541992188, 2009603, 2, 95
2020.71143075, 48.1202922177397, 133.488670038207, 48.1680870056152, 2009603, 2, 67
2020.71143075, 48.1197821752783, 133.488597026047, 48.1750907897949, 2009603, 2, 97
2020.71143075, 48.1191764620261, 133.488510858369, 48.1809768676758, 2009603, 2, 96
2020.71143075, 48.1185968186758, 133.48842897848, 48.187915802002, 2009603, 2, 97
2020.71143075, 48.1179544039845, 133.488337894012, 48.2228012084961, 2009603, 2, 98
2020.71143075, 48.1173509363219, 133.488251323137, 48.2124633789062, 2009603, 2, 98
2020.71143075, 48.1168108386201, 133.488172959014, 48.193302154541, 2009603, 2, 98
2020.71143076, 48.1162891878569, 133.488096636636, 48.2188301086426, 2009603, 2, 98
2020.71143076, 48.1157736965843, 133.488020823789, 48.1931419372559, 2009603, 2, 99
2020.71143076, 48.1153411114116, 133.487957096819, 48.1885871887207, 2009603, 2, 98
2020.71143076, 48.1149596945199, 133.487900946777, 48.2025566101074, 2009603, 2, 98
2020.71143076, 48.1145082030081, 133.487834629988, 48.2207679748535, 2009603, 2, 97
2020.71143076, 48.114081792121, 133.487772212778, 48.2441139221191, 2009603, 2, 98
2020.71143076, 48.1136294387837, 133.487706275527, 48.2265090942383, 2009603, 2, 98
2020.71143076, 48.1131837038733, 133.487641524417, 48.2506103515625, 2009603, 2, 98
2020.71143076, 48.1125798160458, 133.487554040117, 48.2271842956543, 2009603, 2, 97
2020.71143076, 48.1119764684115, 133.487467146273, 48.2380180358887, 2009603, 2, 97
2020.71143076, 48.1113658587121, 133.487380074025, 48.270809173584, 2009603, 2, 83
2020.71143076, 48.1107348098659, 133.487290039969, 48.2611656188965, 2009603, 2, 68
2020.71143076, 48.1101222464025, 133.48720093805, 48.2563323974609, 2009603, 2, 76
2020.71143076, 48.1097460107061, 133.48714557119, 48.2588958740234, 2009603, 2, 88
2020.71143076, 48.1094786306997, 133.487106476839, 48.2534599304199, 2009603, 2, 88
2020.71143076, 48.1093006208714, 133.487080661196, 48.2429656982422, 2009603, 2, 88
2020.71143076, 48.1091735867015, 133.487062358546, 48.2234878540039, 2009603, 2, 79
2020.71143076, 48.1090339930737, 133.487042409145, 48.2629737854004, 2009603, 2, 79
2020.71143076, 48.1088123627718, 133.487011254053, 48.2718963623047, 2009603, 2, 72
2020.71143076, 48.1086667679163, 133.486990905797, 48.2563514709473, 2009603, 2, 55
2020.71143077, 48.077456413492, 133.482483693781, 48.2934150695801, 2009603, 2, 59
2020.71143078, 48.0763510081062, 133.482321808491, 48.2829971313477, 2009603, 2, 93
2020.71143078, 48.0756547647244, 133.482220885079, 48.2899742126465, 2009603, 2, 97
2020.71143078, 48.0750655917606, 133.482136292087, 48.2934150695801, 2009603, 2, 96
2020.71143078, 48.0744798163352, 133.482050677801, 48.2886238098145, 2009603, 2, 97
2020.71143078, 48.0739732812552, 133.481975802373, 48.3224601745605, 2009603, 2, 96
2020.71143078, 48.0734472392285, 133.481899436093, 48.2974395751953, 2009603, 2, 95
2020.71143078, 48.0729309523833, 133.481827233175, 48.321704864502, 2009603, 2, 96
2020.71143078, 48.0724070614023, 133.481754012809, 48.3083534240723, 2009603, 2, 97
2020.71143078, 48.0719025262122, 133.481681704339, 48.3264541625977, 2009603, 2, 95
2020.71143078, 48.0713671371491, 133.481602879663, 48.3098068237305, 2009603, 2, 96
2020.71143078, 48.0707883390206, 133.481516810782, 48.3317260742188, 2009603, 2, 96
2020.71143078, 48.0702547917128, 133.481438041406, 48.3179664611816, 2009603, 2, 98
2020.71143078, 48.0697783696117, 133.481368925986, 48.3140144348145, 2009603, 2, 98
2020.71143078, 48.0693714545283, 133.481311066405, 48.3144111633301, 2009603, 2, 97
2020.71143078, 48.0689576889987, 133.481252743073, 48.3133201599121, 2009603, 2, 96
2020.71143078, 48.0685625872912, 133.481196703701, 48.2801513671875, 2009603, 2, 94
2020.71143078, 48.0682819968096, 133.481156429274, 48.2987327575684, 2009603, 2, 89
2020.71143078, 48.0680139922247, 133.481117314858, 48.3216094970703, 2009603, 2, 86
2020.71143078, 48.0677333437899, 133.481076199635, 48.3106803894043, 2009603, 2, 84
2020.71143078, 48.0675166282997, 133.481044448092, 48.3214454650879, 2009603, 2, 84
2020.71143078, 48.0672682693221, 133.481008189316, 48.3056144714355, 2009603, 2, 86
2020.71143078, 48.0670773607856, 133.480980421223, 48.3319892883301, 2009603, 2, 91
2020.71143078, 48.0668614223422, 133.480949461875, 48.3049964904785, 2009603, 2, 90
2020.71143078, 48.066696358455, 133.480925886177, 48.3416137695312, 2009603, 2, 85
2020.71143078, 48.06655035263, 133.480905073705, 48.3455581665039, 2009603, 2, 85
2020.71143216, 45.2921952946878, 133.091534491654, 67.5932693481445, 2009603, 2, 67
2020.71143216, 45.2885412557128, 133.091034769871, 67.5980911254883, 2009603, 2, 63
2020.71143073, 48.1555441084069, 133.4515085503, 48.1950073242188, 1346993, 3, 81
2020.71143073, 48.1552700113609, 133.451470117279, 48.2226066589355, 1346993, 3, 84
2020.71143073, 48.154970711969, 133.451427363211, 48.2077484130859, 1346993, 3, 86
2020.71143073, 48.15465913949, 133.451381740165, 48.1787605285645, 1346993, 3, 87
2020.71143073, 48.1543732629514, 133.451339712018, 48.1838417053223, 1346993, 3, 87
2020.71143073, 48.154157393228, 133.451308079902, 48.2079086303711, 1346993, 3, 85
2020.71143073, 48.1539987031641, 133.451284952632, 48.2124328613281, 1346993, 3, 85
2020.71143073, 48.1538146219556, 133.451258287836, 48.2116394042969, 1346993, 3, 85
2020.71143073, 48.1536115660005, 133.451229374236, 48.197566986084, 1346993, 3, 81
2020.71143074, 48.1339960132413, 133.448416787434, 48.3043060302734, 2009603, 3, 89
2020.71143074, 48.13397063154, 133.448413101972, 48.2994613647461, 2009603, 3, 89
2020.71143074, 48.1339389158409, 133.448408521359, 48.288215637207, 2009603, 3, 89
2020.71143074, 48.1339071983483, 133.448403948855, 48.3037872314453, 2009603, 3, 89
2020.71143074, 48.1338818209149, 133.448400280274, 48.308292388916, 2009603, 3, 89
2020.71143074, 48.1338564412834, 133.448396611146, 48.3210601806641, 2009603, 3, 89
2020.71143074, 48.1338247185619, 133.448392034192, 48.333984375, 2009603, 3, 89
2020.71143074, 48.1337930018197, 133.448387476467, 48.3245964050293, 2009603, 3, 89
2020.71143074, 48.1337612733034, 133.448382895944, 48.3549346923828, 2009603, 3, 89
2020.71143074, 48.1337295440506, 133.448378319917, 48.3241691589355, 2009603, 3, 89
2020.71143074, 48.1336978215349, 133.44837376187, 48.3150520324707, 2009603, 3, 89
2020.71143074, 48.1336660872967, 133.448369187205, 48.3680267333984, 2009603, 3, 89
2020.71143074, 48.1336153216655, 133.448361909046, 48.3865242004395, 2009603, 3, 89
2020.71143074, 48.1335581935612, 133.44835370042, 48.3744239807129, 2009603, 3, 89
2020.71143074, 48.1335073982858, 133.448346284961, 48.3548965454102, 2009603, 3, 89
2020.71143074, 48.1334756610448, 133.448341800784, 48.3265342712402, 2009603, 3, 92
2020.71143074, 48.1333995007957, 133.448331108119, 48.3759689331055, 2009603, 3, 92
2020.71143074, 48.1333233184599, 133.448320407979, 48.3448371887207, 2009603, 3, 92
2020.71143074, 48.1332788789178, 133.448314187626, 48.3358764648438, 2009603, 3, 92
2020.71143074, 48.1332344283263, 133.448307960058, 48.352294921875, 2009603, 3, 91
2020.71143074, 48.1331899721502, 133.448301731771, 48.3740425109863, 2009603, 3, 91
2020.71143074, 48.1331200928421, 133.448291928084, 48.3652992248535, 2009603, 3, 91
2020.71143074, 48.1330502009015, 133.448282120366, 48.3679695129395, 2009603, 3, 91
2020.71143074, 48.1329802945692, 133.448272314481, 48.3811149597168, 2009603, 3, 89
2020.71143074, 48.1329230901427, 133.448264288817, 48.3643379211426, 2009603, 3, 89
2020.71143074, 48.1328658673701, 133.448256231535, 48.3757591247559, 2009603, 3, 89
2020.71143074, 48.1328086445787, 133.448248186461, 48.3727912902832, 2009603, 3, 90
2020.71143074, 48.132738681832, 133.448238309673, 48.3653564453125, 2009603, 3, 88
2020.71143074, 48.1326877889045, 133.448231107764, 48.3375015258789, 2009603, 3, 88
2020.71143074, 48.1326559766122, 133.448226597827, 48.3025588989258, 2009603, 3, 88
2020.71143074, 48.1326241617039, 133.448222075106, 48.3651084899902, 2009603, 3, 88
2020.71143074, 48.1325923448763, 133.448217555384, 48.3134422302246, 2009603, 3, 88
2020.71143074, 48.1325605249738, 133.448213027843, 48.3283653259277, 2009603, 3, 88
2020.71143074, 48.1325287007195, 133.448208488724, 48.3093528747559, 2009603, 3, 88
2020.71143074, 48.1324968762555, 133.448203945847, 48.3426895141602, 2009603, 3, 82
2020.71143074, 48.1324586896291, 133.448198503045, 48.3648376464844, 2009603, 3, 82
2020.71143074, 48.1324204890215, 133.448193013065, 48.3767776489258, 2009603, 3, 82
2020.71143074, 48.1323695543768, 133.448185695886, 48.3477210998535, 2009603, 3, 82
2020.71143074, 48.1323249845935, 133.448179281608, 48.345272064209, 2009603, 3, 82
2020.71143074, 48.1322867870621, 133.448173788827, 48.3228302001953, 2009603, 3, 82
2020.71143074, 48.1322614908401, 133.448170272276, 48.3164100646973, 2009603, 3, 82
2020.71143074, 48.1322295898042, 133.448165603748, 48.3210182189941, 2009603, 3, 73
2020.71143074, 48.1321976901492, 133.448160928481, 48.3253517150879, 2009603, 3, 73
2020.71143074, 48.1321721642155, 133.448157175256, 48.305233001709, 2009603, 3, 73
2020.71143074, 48.132146636405, 133.448153407266, 48.3208885192871, 2009603, 3, 73
2020.71143074, 48.1321147377216, 133.448148722493, 48.3166160583496, 2009603, 3, 73
2020.71143074, 48.1320892077591, 133.448144938619, 48.3334884643555, 2009603, 3, 73
2020.71143074, 48.1320509292681, 133.448139294814, 48.3213958740234, 2009603, 3, 73
2020.71143074, 48.1320254042369, 133.448135505011, 48.3116836547852, 2009603, 3, 73
2020.71143074, 48.1319935055867, 133.448130776015, 48.3310432434082, 2009603, 3, 56
2020.71143074, 48.1319552363493, 133.448125114695, 48.3499145507812, 2009603, 3, 56
2020.71143074, 48.1319169657222, 133.448119427901, 48.3208694458008, 2009603, 3, 56
2020.71143074, 48.1318850716396, 133.448114670145, 48.2979354858398, 2009603, 3, 56
2020.71143074, 48.1318531878142, 133.448109924857, 48.3010177612305, 2009603, 3, 56
2020.71143074, 48.131821311239, 133.448105183354, 48.2870712280273, 2009603, 3, 56
2020.71143074, 48.1317894391185, 133.448100435339, 48.3174057006836, 2009603, 3, 56
2020.71143074, 48.1317639414239, 133.448096621886, 48.2983589172363, 2009603, 3, 56
2020.71143074, 48.1304644785669, 133.447904518265, 48.3315124511719, 2009603, 3, 52
2020.71143074, 48.1304265622072, 133.44789905551, 48.3364677429199, 2009603, 3, 52
2020.71143074, 48.1303506733457, 133.44788814575, 48.2880363464355, 2009603, 3, 52
2020.71143074, 48.1302937168429, 133.447880006095, 48.2889175415039, 2009603, 3, 52
2020.71143074, 48.1302620506206, 133.447875480855, 48.2522354125977, 2009603, 3, 52
2020.71143074, 48.1302303671052, 133.44787096067, 48.2702560424805, 2009603, 3, 52
2020.71143074, 48.1302050095142, 133.447867347793, 48.2592163085938, 2009603, 3, 52
2020.71143074, 48.1301796369028, 133.447863731105, 48.2721786499023, 2009603, 3, 52
2020.71143074, 48.1301542574582, 133.447860123236, 48.2680435180664, 2009603, 3, 52
2020.71143074, 48.1301352115251, 133.447857412734, 48.2997360229492, 2009603, 3, 52
2020.71143074, 48.1301098105421, 133.447853804692, 48.3075866699219, 2009603, 3, 52
2020.71143074, 48.1300843979363, 133.447850201278, 48.304931640625, 2009603, 3, 52
2020.71143074, 48.1300589730192, 133.447846594432, 48.3148727416992, 2009603, 3, 52
2020.71143074, 48.1300271772737, 133.447842098264, 48.3004531860352, 2009603, 3, 52
2020.71143074, 48.1300017232751, 133.447838495975, 48.2835578918457, 2009603, 3, 52
2020.71143075, 48.113174296053, 133.445422513927, 48.4042510986328, 2009603, 3, 93
2020.71143075, 48.1129709552063, 133.445393502139, 48.3862380981445, 2009603, 3, 93
2020.71143075, 48.1127675394037, 133.445364694701, 48.3898315429688, 2009603, 3, 93
2020.71143075, 48.1125639932601, 133.445335999503, 48.4144439697266, 2009603, 3, 95
2020.71143075, 48.1123793775209, 133.445310004316, 48.4181594848633, 2009603, 3, 95
2020.71143075, 48.1121818362847, 133.445282133001, 48.4281005859375, 2009603, 3, 94
2020.71143075, 48.11195855891, 133.445250498217, 48.4233055114746, 2009603, 3, 94
2020.71143075, 48.1118052935284, 133.445228643289, 48.4288139343262, 2009603, 3, 95
2020.71143075, 48.111594108544, 133.445198104851, 48.4130897521973, 2009603, 3, 95
2020.71143075, 48.1114404897568, 133.445175805868, 48.4349975585938, 2009603, 3, 95
2020.71143075, 48.1112676957228, 133.445150656539, 48.4286727905273, 2009603, 3, 95
2020.71143075, 48.1111077904664, 133.445127359674, 48.4606742858887, 2009603, 3, 94
2020.71143075, 48.1109863509378, 133.445109675433, 48.4068031311035, 2009603, 3, 96
2020.71143075, 48.1108458609542, 133.445089260514, 48.4334030151367, 2009603, 3, 96
2020.71143075, 48.1106481532735, 133.445060602977, 48.4016532897949, 2009603, 3, 95
2020.71143075, 48.110482657584, 133.445036760341, 48.4423141479492, 2009603, 3, 96
2020.71143075, 48.1103175233667, 133.445013148378, 48.4339637756348, 2009603, 3, 96
2020.71143075, 48.1101398851155, 133.444987827194, 48.4541053771973, 2009603, 3, 95
2020.71143075, 48.1099370555708, 133.444958992523, 48.4542045593262, 2009603, 3, 95
2020.71143075, 48.109734327295, 133.444930193935, 48.4615287780762, 2009603, 3, 96
2020.71143075, 48.1094999397285, 133.444896898407, 48.4425773620605, 2009603, 3, 96
2020.71143075, 48.1093288726669, 133.444872628456, 48.450023651123, 2009603, 3, 96
2020.71143075, 48.1091449025626, 133.444846295942, 48.4754028320312, 2009603, 3, 95
2020.71143075, 48.1089861904086, 133.444823544091, 48.4490699768066, 2009603, 3, 95
2020.71143075, 48.1087828869913, 133.444794424122, 48.4592514038086, 2009603, 3, 95
2020.71143075, 48.1085793972066, 133.444765299371, 48.466495513916, 2009603, 3, 96
2020.71143075, 48.1084011957565, 133.444739828249, 48.4630699157715, 2009603, 3, 94
2020.71143075, 48.1082165223873, 133.4447135221, 48.4685592651367, 2009603, 3, 94
2020.71143075, 48.1080444819486, 133.444688998552, 48.475154876709, 2009603, 3, 94
2020.71143075, 48.1078532419991, 133.444662047017, 48.4548454284668, 2009603, 3, 93
2020.71143075, 48.1076491990061, 133.444633289389, 48.4799613952637, 2009603, 3, 91
2020.71143075, 48.1073877668567, 133.444596364853, 48.4883193969727, 2009603, 3, 70
2020.71143076, 48.0792491126163, 133.440553057138, 48.4633102416992, 2009603, 3, 70
2020.71143076, 48.0792105888262, 133.440547430449, 48.4228134155273, 2009603, 3, 70
2020.71143076, 48.0791720879692, 133.440541858571, 48.4240112304688, 2009603, 3, 70
2020.71143076, 48.0791271798079, 133.440535368666, 48.4352264404297, 2009603, 3, 70
2020.71143076, 48.079056641992, 133.440525215631, 48.4493713378906, 2009603, 3, 70
2020.71143076, 48.0789221217628, 133.440506047589, 48.4376487731934, 2009603, 3, 79
2020.71143076, 48.078736655212, 133.44047995915, 48.4307136535645, 2009603, 3, 83
2020.71143076, 48.0785209397572, 133.440450796365, 48.4550514221191, 2009603, 3, 83
2020.71143076, 48.0782801597589, 133.440418507717, 48.4472236633301, 2009603, 3, 83
2020.71143076, 48.0780710312718, 133.440390399313, 48.4634323120117, 2009603, 3, 85
2020.71143076, 48.0778298617218, 133.440357621899, 48.4420585632324, 2009603, 3, 87
2020.71143076, 48.0776198965387, 133.440328543827, 48.4364433288574, 2009603, 3, 86
2020.71143076, 48.0774219611494, 133.440300504425, 48.4337921142578, 2009603, 3, 84
2020.71143076, 48.0771906307018, 133.440266501211, 48.4222183227539, 2009603, 3, 85
2020.71143076, 48.0769525822457, 133.440231020769, 48.4479637145996, 2009603, 3, 86
2020.71143076, 48.0766760633805, 133.440189553985, 48.4439544677734, 2009603, 3, 86
2020.71143077, 48.0764386215907, 133.440153996371, 48.4252471923828, 2009603, 3, 84
2020.71143077, 48.0761827094409, 133.440115980853, 48.4369850158691, 2009603, 3, 77
2020.71143077, 48.0759731157315, 133.44008567322, 48.4178733825684, 2009603, 3, 54
2020.71143077, 48.0758336584181, 133.440065650311, 48.4237174987793, 2009603, 3, 54
2020.71143077, 48.0757639987054, 133.440055696254, 48.4270401000977, 2009603, 3, 54
2020.71143077, 48.0747254038819, 133.439908538896, 48.436637878418, 2009603, 3, 60
2020.71143077, 48.0745726958915, 133.439886722502, 48.4156303405762, 2009603, 3, 60
2020.71143077, 48.0743689275316, 133.439857557328, 48.4487915039062, 2009603, 3, 74
2020.71143077, 48.0741459172807, 133.439825540466, 48.4344673156738, 2009603, 3, 71
2020.71143077, 48.073948369445, 133.439797131439, 48.4377326965332, 2009603, 3, 71
2020.71143077, 48.0737827161248, 133.439773259741, 48.4345359802246, 2009603, 3, 71
2020.71143077, 48.0735407956853, 133.439738357594, 48.4348335266113, 2009603, 3, 69
2020.71143077, 48.0733246066171, 133.439707150331, 48.4286804199219, 2009603, 3, 72
2020.71143077, 48.073146721752, 133.439681467631, 48.3984603881836, 2009603, 3, 78
2020.71143077, 48.0729182237419, 133.439648504936, 48.4439353942871, 2009603, 3, 82
2020.71143077, 48.072677246238, 133.439613748839, 48.4160194396973, 2009603, 3, 86
2020.71143077, 48.0724934604572, 133.439587259668, 48.4558067321777, 2009603, 3, 87
2020.71143077, 48.072297123881, 133.439559016014, 48.4280014038086, 2009603, 3, 87
2020.71143077, 48.0720755708289, 133.439527218985, 48.4628486633301, 2009603, 3, 91
2020.71143077, 48.0718728734879, 133.439498031089, 48.4316482543945, 2009603, 3, 94
2020.71143077, 48.0716763060675, 133.439469606469, 48.4344329833984, 2009603, 3, 95
2020.71143077, 48.0714222651466, 133.439432643753, 48.4351654052734, 2009603, 3, 95
2020.71143077, 48.0711933612346, 133.439399254071, 48.4310417175293, 2009603, 3, 86
2020.71143077, 48.0710018201732, 133.43937083813, 48.4662017822266, 2009603, 3, 86
2020.71143077, 48.070758889802, 133.439334708956, 48.4383735656738, 2009603, 3, 63
2020.71143077, 48.0705285886629, 133.439300506128, 48.4454193115234, 2009603, 3, 56
2020.71143077, 48.0702854878171, 133.439264543776, 48.4489707946777, 2009603, 3, 62
2020.71143077, 48.0700233926731, 133.439226119958, 48.4374771118164, 2009603, 3, 66
2020.71143077, 48.0697935724487, 133.43919280721, 48.4741668701172, 2009603, 3, 69
2020.71143077, 48.0695961860736, 133.439164642402, 48.4490509033203, 2009603, 3, 73
2020.71143077, 48.0694053116085, 133.439137610184, 48.4564895629883, 2009603, 3, 78
2020.71143077, 48.0692208688434, 133.439111594864, 48.4374198913574, 2009603, 3, 84
2020.71143077, 48.0690110247801, 133.439082122288, 48.4447784423828, 2009603, 3, 84
2020.71143077, 48.0688138552402, 133.439054431114, 48.4326515197754, 2009603, 3, 87
2020.71143077, 48.0685784726832, 133.439021373702, 48.4611740112305, 2009603, 3, 93
2020.71143077, 48.068374486143, 133.438992506052, 48.4661445617676, 2009603, 3, 96
2020.71143077, 48.0682214523503, 133.438970785413, 48.452766418457, 2009603, 3, 95
2020.71143077, 48.0680556514002, 133.438947202401, 48.4394302368164, 2009603, 3, 95
2020.71143077, 48.0678707474133, 133.438920853957, 48.4376983642578, 2009603, 3, 95
2020.71143077, 48.0676795296074, 133.438893548901, 48.4574508666992, 2009603, 3, 95
2020.71143077, 48.0674947809285, 133.438867121538, 48.5044898986816, 2009603, 3, 95
2020.71143077, 48.0673292244615, 133.438843440976, 48.4674797058105, 2009603, 3, 95
2020.71143077, 48.0671829612815, 133.438822493235, 48.4832954406738, 2009603, 3, 94
2020.71143077, 48.0670050238568, 133.438797037306, 48.4943618774414, 2009603, 3, 94
2020.71143077, 48.0668462388259, 133.438774330524, 48.4878540039062, 2009603, 3, 93
2020.71143077, 48.0666748348701, 133.438749859197, 48.4960670471191, 2009603, 3, 85
2020.71143077, 48.0665098359385, 133.438726342749, 48.4938507080078, 2009603, 3, 85
2020.71143077, 48.066363897887, 133.438705568436, 48.4798812866211, 2009603, 3, 71
2020.71143077, 48.0662687333297, 133.43869205819, 48.4892120361328, 2009603, 3, 71
2020.71143074, 48.1551222740786, 133.450180857652, 48.2337608337402, 2009603, 4, 72
2020.71143074, 48.1547113193878, 133.450123522087, 48.2051391601562, 2009603, 4, 87
2020.71143074, 48.1540147617887, 133.450025786253, 48.2392845153809, 1346993, 4, 87
2020.71143075, 48.1341650874479, 133.447169881415, 48.3432502746582, 2009603, 4, 54
2020.71143075, 48.1340507214158, 133.447153730413, 48.3393630981445, 2009603, 4, 54
2020.71143075, 48.1338283255066, 133.447122287576, 48.3986396789551, 2009603, 4, 91
2020.71143075, 48.1335675986104, 133.447085536647, 48.371883392334, 2009603, 4, 91
2020.71143075, 48.1334085172373, 133.447063099235, 48.3208656311035, 2009603, 4, 91
2020.71143075, 48.1332748626353, 133.44704417812, 48.3407897949219, 2009603, 4, 91
2020.71143075, 48.1331411916226, 133.447025165531, 48.3518371582031, 2009603, 4, 90
2020.71143075, 48.1329629245637, 133.446999707226, 48.3698654174805, 2009603, 4, 89
2020.71143075, 48.1328355891393, 133.446981406397, 48.3276443481445, 2009603, 4, 89
2020.71143075, 48.132682778634, 133.446959346364, 48.3533554077148, 2009603, 4, 85
2020.71143075, 48.1325618045976, 133.446941805257, 48.3354835510254, 2009603, 4, 85
2020.71143075, 48.1324281130425, 133.446922300997, 48.3409385681152, 2009603, 4, 80
2020.71143075, 48.1323135421872, 133.446905352135, 48.3552131652832, 2009603, 4, 80
2020.71143075, 48.1321989886208, 133.446888391661, 48.3291206359863, 2009603, 4, 64
2020.71143075, 48.1320653527486, 133.446868639466, 48.3548126220703, 2009603, 4, 64
2020.71143076, 48.1132206995113, 133.444162593078, 48.4335021972656, 2009603, 4, 91
2020.71143076, 48.1124830386297, 133.44405537316, 48.4722061157227, 2009603, 4, 94
2020.71143076, 48.1117888205228, 133.443956573143, 48.4776954650879, 2009603, 4, 94
2020.71143076, 48.111126705808, 133.443862476896, 48.469554901123, 2009603, 4, 95
2020.71143076, 48.1105291900946, 133.443776624114, 48.4990997314453, 2009603, 4, 96
2020.71143076, 48.1099574092802, 133.443694067778, 48.5023574829102, 2009603, 4, 95
2020.71143076, 48.1093530316744, 133.443607527485, 48.4853935241699, 2009603, 4, 95
2020.71143076, 48.1087542544129, 133.443522373425, 48.531078338623, 2009603, 4, 95
2020.71143076, 48.1081879264231, 133.443440853799, 48.5233116149902, 2009603, 4, 95
2020.71143076, 48.1076478968591, 133.443361879729, 48.5175857543945, 2009603, 4, 79
2020.71143077, 48.0801152305172, 133.439406543285, 48.4979362487793, 2009603, 4, 62
2020.71143077, 48.0792913565217, 133.439287808805, 48.4643363952637, 2009603, 4, 70
2020.71143077, 48.078495285598, 133.439173340465, 48.479434967041, 2009603, 4, 83
2020.71143078, 48.0777467246944, 133.439066592329, 48.4734420776367, 2009603, 4, 86
2020.71143078, 48.0750074063434, 133.438670133536, 48.4600677490234, 2009603, 4, 64
2020.71143078, 48.0744282759542, 133.43858887854, 48.4744873046875, 2009603, 4, 70
2020.71143078, 48.0736013150522, 133.438471078371, 48.4475364685059, 2009603, 4, 77
2020.71143078, 48.0728248637735, 133.438358669943, 48.4824180603027, 2009603, 4, 89
2020.71143078, 48.0721191510601, 133.43825858753, 48.4732093811035, 2009603, 4, 93
2020.71143078, 48.07142584808, 133.438160333705, 48.4803314208984, 2009603, 4, 82
2020.71143078, 48.0707248261059, 133.438058291635, 48.4718246459961, 2009603, 4, 61
2020.71143078, 48.0701194761125, 133.437969085959, 48.5024909973145, 2009603, 4, 74
2020.71143078, 48.0694196580207, 133.437866384494, 48.4931755065918, 2009603, 4, 83
2020.71143078, 48.0687008426612, 133.437762278122, 48.5317459106445, 2009603, 4, 94
2020.71143078, 48.0680643524795, 133.437671400237, 48.4871025085449, 2009603, 4, 96
2020.71143078, 48.0675044477519, 133.437592444256, 48.5315132141113, 2009603, 4, 96
2020.71143078, 48.0670148674566, 133.437523863107, 48.5365676879883, 2009603, 4, 96
2020.71143078, 48.0665187586662, 133.437452841229, 48.5406455993652, 2009603, 4, 82
2020.71143072, 48.1674975304872, 133.409703525186, 48.4714012145996, 2009603, 5, 62
2020.71143072, 48.1674340411974, 133.409694459265, 48.4866523742676, 2009603, 5, 62
2020.71143072, 48.1673959157036, 133.409688968078, 48.4464988708496, 2009603, 5, 62
2020.71143072, 48.1673577799934, 133.409683539555, 48.4536666870117, 2009603, 5, 62
2020.71143072, 48.1673259741831, 133.409678929129, 48.4651184082031, 2009603, 5, 62
2020.71143072, 48.1672941631835, 133.409674385579, 48.4584884643555, 2009603, 5, 62
2020.71143072, 48.1672623372658, 133.40966983112, 48.4661026000977, 2009603, 5, 62
2020.71143072, 48.1672241352552, 133.409664400651, 48.4506874084473, 2009603, 5, 54
2020.71143072, 48.1671858995374, 133.4096588801, 48.4725494384766, 2009603, 5, 54
2020.71143072, 48.1671412803774, 133.409652545092, 48.4839057922363, 2009603, 5, 54
2020.71143072, 48.1671093844156, 133.409647954249, 48.4438323974609, 2009603, 5, 54
2020.71143072, 48.1670714137384, 133.409642374148, 48.4649658203125, 2009603, 5, 54
2020.71143072, 48.167020131087, 133.409635138873, 48.487060546875, 2009603, 5, 54
2020.71143073, 48.1469774897559, 133.406769170679, 48.578914642334, 2009603, 5, 63
2020.71143073, 48.1469072507174, 133.406758794024, 48.576717376709, 2009603, 5, 63
2020.71143073, 48.1468561776201, 133.40675127036, 48.535026550293, 2009603, 5, 63
2020.71143073, 48.1468178841671, 133.40674567338, 48.525447845459, 2009603, 5, 61
2020.71143073, 48.1467923536806, 133.406741898396, 48.5333061218262, 2009603, 5, 61
2020.71143073, 48.1467604461107, 133.40673720603, 48.5363845825195, 2009603, 5, 61
2020.71143073, 48.1467282725968, 133.406732455237, 48.5698318481445, 2009603, 5, 66
2020.71143073, 48.1467028228888, 133.406728716449, 48.5609664916992, 2009603, 5, 66
2020.71143073, 48.1466646681482, 133.406723223017, 48.5500259399414, 2009603, 5, 66
2020.71143073, 48.146632868575, 133.40671859016, 48.5662269592285, 2009603, 5, 66
2020.71143073, 48.1466010757617, 133.406713974929, 48.5406227111816, 2009603, 5, 66
2020.71143073, 48.1465629377051, 133.406708518854, 48.5648002624512, 2009603, 5, 66
2020.71143073, 48.1465184414461, 133.406702095529, 48.5740280151367, 2009603, 5, 66
2020.71143073, 48.1464739530984, 133.406695675826, 48.5784492492676, 2009603, 5, 63
2020.71143073, 48.1464104162176, 133.406686632742, 48.5908317565918, 2009603, 5, 63
2020.71143073, 48.1463087568322, 133.406672090449, 48.6188011169434, 2009603, 5, 63
2020.71143073, 48.1462071133298, 133.406657673853, 48.6034469604492, 2009603, 5, 60
2020.71143073, 48.1461118129923, 133.406644196142, 48.5689697265625, 2009603, 5, 60
2020.71143073, 48.146022852621, 133.406631663393, 48.5626640319824, 2009603, 5, 60
2020.71143073, 48.1459656453296, 133.40662357138, 48.5610198974609, 2009603, 5, 68
2020.71143073, 48.1459338612933, 133.406619107088, 48.531379699707, 2009603, 5, 68
2020.71143073, 48.1459020763912, 133.406614663515, 48.514087677002, 2009603, 5, 68
2020.71143073, 48.1458766403688, 133.406611083655, 48.5442314147949, 2009603, 5, 68
2020.71143073, 48.1458448440193, 133.406606617345, 48.5701484680176, 2009603, 5, 68
2020.71143073, 48.1458130456052, 133.406602167775, 48.5495185852051, 2009603, 5, 68
2020.71143073, 48.1457748838801, 133.406596874649, 48.5951156616211, 2009603, 5, 68
2020.71143073, 48.1457176146773, 133.406588836565, 48.6054306030273, 2009603, 5, 72
2020.71143073, 48.1456666958906, 133.406581727127, 48.6034889221191, 2009603, 5, 72
2020.71143073, 48.1456094031011, 133.406573787554, 48.6030044555664, 2009603, 5, 72
2020.71143073, 48.145539340627, 133.406564029539, 48.581428527832, 2009603, 5, 72
2020.71143073, 48.1454756191826, 133.406555165659, 48.6103057861328, 2009603, 5, 75
2020.71143073, 48.1454311371872, 133.406548946269, 48.5516319274902, 2009603, 5, 75
2020.71143073, 48.145386423676, 133.40654276516, 48.5771789550781, 2009603, 5, 75
2020.71143073, 48.1453544679236, 133.40653828666, 48.5515289306641, 2009603, 5, 75
2020.71143073, 48.1453225111786, 133.406533841592, 48.544261932373, 2009603, 5, 75
2020.71143073, 48.145284154802, 133.406528508825, 48.5726432800293, 2009603, 5, 75
2020.71143073, 48.1452393942036, 133.406522269925, 48.6138610839844, 2009603, 5, 73
2020.71143073, 48.1451690435315, 133.406512485052, 48.6003379821777, 2009603, 5, 73
2020.71143073, 48.1451242633834, 133.406506256971, 48.563850402832, 2009603, 5, 73
2020.71143073, 48.1450922717207, 133.406501783324, 48.5679130554199, 2009603, 5, 73
2020.71143073, 48.1450474901289, 133.406495619781, 48.5985679626465, 2009603, 5, 73
2020.71143073, 48.1449834967387, 133.406486706827, 48.6197052001953, 2009603, 5, 66
2020.71143073, 48.1449194952761, 133.406477739637, 48.6031761169434, 2009603, 5, 66
2020.71143073, 48.1448746968729, 133.406471502888, 48.6069869995117, 2009603, 5, 66
2020.71143073, 48.1448234999117, 133.406464365716, 48.5904312133789, 2009603, 5, 66
2020.71143073, 48.1447531174828, 133.406454608249, 48.5600738525391, 2009603, 5, 66
2020.71143073, 48.1447083239093, 133.406448324534, 48.5456962585449, 2009603, 5, 63
2020.71143073, 48.1446635371398, 133.40644204091, 48.5345840454102, 2009603, 5, 63
2020.71143073, 48.1445931841648, 133.406432264027, 48.5694465637207, 2009603, 5, 63
2020.71143073, 48.1445292426153, 133.406423339839, 48.5759201049805, 2009603, 5, 63
2020.71143073, 48.1444461431155, 133.406411683452, 48.5878791809082, 2009603, 5, 59
2020.71143073, 48.1443375396582, 133.406396432244, 48.6038360595703, 2009603, 5, 59
2020.71143073, 48.1442290319465, 133.406381228464, 48.5706825256348, 2009603, 5, 58
2020.71143073, 48.1441460676537, 133.406369501579, 48.567512512207, 2009603, 5, 58
2020.71143073, 48.1440632681379, 133.406357852361, 48.5548820495605, 2009603, 5, 58
2020.71143073, 48.1440059717984, 133.406349724101, 48.5726356506348, 2009603, 5, 58
2020.71143073, 48.1439614386733, 133.406343461786, 48.557430267334, 2009603, 5, 58
2020.71143073, 48.1439169153172, 133.406337131752, 48.5564842224121, 2009603, 5, 58
2020.71143073, 48.1438787728812, 133.406331726131, 48.5480194091797, 2009603, 5, 58
2020.71143073, 48.1438469960429, 133.406327221959, 48.5540657043457, 2009603, 5, 58
2020.71143073, 48.1438152330453, 133.406322750963, 48.5193672180176, 2009603, 5, 58
2020.71143073, 48.1437898236224, 133.406319118086, 48.5439071655273, 2009603, 5, 58
2020.71143073, 48.1437580786196, 133.40631465177, 48.5375900268555, 2009603, 5, 58
2020.71143074, 48.1269962995997, 133.403922310249, 48.8224105834961, 2009603, 5, 79
2020.71143074, 48.1268950416676, 133.403908317681, 48.8013153076172, 2009603, 5, 79
2020.71143074, 48.1267937824787, 133.403894254931, 48.7852172851562, 2009603, 5, 79
2020.71143074, 48.1266988465252, 133.403881047484, 48.7878913879395, 2009603, 5, 79
2020.71143074, 48.1265785837667, 133.403864293659, 48.8012771606445, 2009603, 5, 79
2020.71143074, 48.1264772762905, 133.403850067067, 48.8167533874512, 2009603, 5, 94
2020.71143074, 48.1263506889639, 133.403832381762, 48.7897186279297, 2009603, 5, 94
2020.71143074, 48.1262174767771, 133.403813221043, 48.7946586608887, 2009603, 5, 95
2020.71143074, 48.1261222808995, 133.403799390901, 48.7874984741211, 2009603, 5, 95
2020.71143074, 48.1260016534532, 133.403781793977, 48.7860298156738, 2009603, 5, 95
2020.71143074, 48.1258619173107, 133.403761273291, 48.8000907897949, 2009603, 5, 94
2020.71143074, 48.1257030583709, 133.403737875323, 48.8045616149902, 2009603, 5, 96
2020.71143074, 48.1255504771755, 133.403715250377, 48.8104476928711, 2009603, 5, 96
2020.71143074, 48.1254232910848, 133.40369643079, 48.8054695129395, 2009603, 5, 97
2020.71143074, 48.1252578861525, 133.403671904803, 48.7672729492188, 2009603, 5, 97
2020.71143074, 48.1250668931269, 133.403643612934, 48.8161392211914, 2009603, 5, 96
2020.71143074, 48.1248951914169, 133.403618451314, 48.789134979248, 2009603, 5, 97
2020.71143074, 48.1247170228986, 133.403592385406, 48.786735534668, 2009603, 5, 97
2020.71143074, 48.1245514744801, 133.403568375145, 48.8096122741699, 2009603, 5, 97
2020.71143074, 48.1244304052837, 133.403550816538, 48.797550201416, 2009603, 5, 96
2020.71143074, 48.1243283924422, 133.403536095947, 48.7751235961914, 2009603, 5, 96
2020.71143074, 48.1242071724065, 133.403518584532, 48.7888221740723, 2009603, 5, 97
2020.71143074, 48.1240730967473, 133.403499304576, 48.8105964660645, 2009603, 5, 97
2020.71143074, 48.1239517086968, 133.403481911184, 48.7924652099609, 2009603, 5, 96
2020.71143074, 48.123855817785, 133.403468178421, 48.7777519226074, 2009603, 5, 96
2020.71143074, 48.123798373063, 133.403459941803, 48.7898063659668, 2009603, 5, 96
2020.71143074, 48.123715080218, 133.403448091113, 48.8058090209961, 2009603, 5, 97
2020.71143074, 48.1235740694704, 133.403427998223, 48.791633605957, 2009603, 5, 97
2020.71143074, 48.1234522688767, 133.403410696948, 48.7705307006836, 2009603, 5, 97
2020.71143074, 48.1233048431262, 133.403389790634, 48.8045616149902, 2009603, 5, 97
2020.71143074, 48.1231382578379, 133.403366166974, 48.8018989562988, 2009603, 5, 97
2020.71143074, 48.1230038109397, 133.403347189157, 48.7872734069824, 2009603, 5, 97
2020.71143074, 48.1229078471931, 133.403333637751, 48.7971420288086, 2009603, 5, 96
2020.71143074, 48.1228183352245, 133.403320971798, 48.8103141784668, 2009603, 5, 96
2020.71143074, 48.1227352827063, 133.403309281098, 48.7927932739258, 2009603, 5, 97
2020.71143074, 48.1226203902545, 133.403293142751, 48.782470703125, 2009603, 5, 97
2020.71143074, 48.1225182472069, 133.403278924538, 48.7859115600586, 2009603, 5, 97
2020.71143074, 48.1224419274514, 133.403268126964, 48.7953300476074, 2009603, 5, 97
2020.71143074, 48.1223656544668, 133.403257321301, 48.7841262817383, 2009603, 5, 97
2020.71143074, 48.1223084798113, 133.403249229115, 48.7865943908691, 2009603, 5, 97
2020.71143074, 48.1222513330123, 133.403241148138, 48.7730369567871, 2009603, 5, 97
2020.71143074, 48.1221751796084, 133.403230500818, 48.7823524475098, 2009603, 5, 97
2020.71143074, 48.1220800236153, 133.403217122988, 48.7925491333008, 2009603, 5, 97
2020.71143074, 48.1219976002126, 133.403205634065, 48.7886238098145, 2009603, 5, 96
2020.71143074, 48.1219025372634, 133.403192505702, 48.7948226928711, 2009603, 5, 96
2020.71143074, 48.1218138273856, 133.403180230574, 48.8007926940918, 2009603, 5, 96
2020.71143074, 48.1216997988482, 133.403164610326, 48.7703475952148, 2009603, 5, 97
2020.71143074, 48.1215857838095, 133.403149122375, 48.7726135253906, 2009603, 5, 97
2020.71143074, 48.1214970971643, 133.403137122916, 48.7528305053711, 2009603, 5, 97
2020.71143074, 48.1214210778288, 133.403126941618, 48.7808570861816, 2009603, 5, 97
2020.71143074, 48.1213450395219, 133.403116718908, 48.8180274963379, 2009603, 5, 97
2020.71143074, 48.1212437064934, 133.403102936214, 48.7781143188477, 2009603, 5, 97
2020.71143074, 48.1211484990875, 133.403090693824, 48.7794036865234, 2009603, 5, 97
2020.71143074, 48.1210786499281, 133.403081642438, 48.7859420776367, 2009603, 5, 97
2020.71143074, 48.1210024499544, 133.403071881295, 48.7543182373047, 2009603, 5, 97
2020.71143074, 48.1209452755557, 133.403064427932, 48.7690887451172, 2009603, 5, 98
2020.71143074, 48.1208690469123, 133.403054614111, 48.7881889343262, 2009603, 5, 98
2020.71143074, 48.1207800797967, 133.403042975843, 48.757251739502, 2009603, 5, 98
2020.71143074, 48.1207165280529, 133.403034655746, 48.7985763549805, 2009603, 5, 97
2020.71143074, 48.1206275345511, 133.403022863566, 48.791202545166, 2009603, 5, 97
2020.71143074, 48.1205067436657, 133.40300669275, 48.7878646850586, 2009603, 5, 97
2020.71143074, 48.1203986429101, 133.402991923292, 48.7557830810547, 2009603, 5, 98
2020.71143074, 48.1203032608006, 133.402978739961, 48.7668418884277, 2009603, 5, 98
2020.71143074, 48.1202269488479, 133.402968037292, 48.7886390686035, 2009603, 5, 97
2020.71143074, 48.1201315621582, 133.402954496395, 48.7715950012207, 2009603, 5, 97
2020.71143074, 48.1200361795309, 133.402940746629, 48.7624320983887, 2009603, 5, 97
2020.71143074, 48.1199344220589, 133.402925944603, 48.7734107971191, 2009603, 5, 97
2020.71143074, 48.1198390933559, 133.402911117782, 48.7788467407227, 2009603, 5, 97
2020.71143074, 48.1197120088726, 133.402891249754, 48.7702484130859, 2009603, 5, 97
2020.71143074, 48.1196166959216, 133.402876182107, 48.7745475769043, 2009603, 5, 97
2020.71143074, 48.1195086758317, 133.402859043181, 48.7976875305176, 2009603, 5, 97
2020.71143074, 48.1194133636921, 133.402843880095, 48.778133392334, 2009603, 5, 97
2020.71143074, 48.1193180545823, 133.402828787671, 48.7893981933594, 2009603, 5, 97
2020.71143074, 48.1191909754146, 133.402808780285, 48.8125267028809, 2009603, 5, 98
2020.71143074, 48.1190829486655, 133.402791908613, 48.804271697998, 2009603, 5, 98
2020.71143074, 48.1189685649416, 133.402774254764, 48.7901268005371, 2009603, 5, 96
2020.71143074, 48.1188795923207, 133.402760710295, 48.8119125366211, 2009603, 5, 96
2020.71143074, 48.1187461230209, 133.402740706483, 48.8260612487793, 2009603, 5, 97
2020.71143074, 48.118606266839, 133.402720327972, 48.7919006347656, 2009603, 5, 97
2020.71143075, 48.1184981749325, 133.402705426287, 48.8155784606934, 2009603, 5, 98
2020.71143075, 48.1183582724283, 133.402686397028, 48.7857513427734, 2009603, 5, 98
2020.71143075, 48.1182501471094, 133.402671814982, 48.7701797485352, 2009603, 5, 98
2020.71143075, 48.1181610894345, 133.402659827667, 48.7734336853027, 2009603, 5, 96
2020.71143075, 48.1180402051622, 133.402643569142, 48.8058090209961, 2009603, 5, 96
2020.71143075, 48.1179129307563, 133.402626309923, 48.8070373535156, 2009603, 5, 95
2020.71143075, 48.1177729086619, 133.402607200947, 48.8012657165527, 2009603, 5, 95
2020.71143075, 48.1176583301791, 133.402591366816, 48.8119583129883, 2009603, 5, 94
2020.71143075, 48.1175628392937, 133.402578046459, 48.7839469909668, 2009603, 5, 94
2020.71143075, 48.1174546613825, 133.40256338488, 48.8018264770508, 2009603, 5, 87
2020.71143075, 48.1173399774517, 133.402546038256, 48.7728614807129, 2009603, 5, 87
2020.71143075, 48.1172316714358, 133.402529508577, 48.8070068359375, 2009603, 5, 84
2020.71143075, 48.1170978863089, 133.402508884871, 48.778881072998, 2009603, 5, 84
2020.71143075, 48.1169959748705, 133.402493182448, 48.770866394043, 2009603, 5, 80
2020.71143075, 48.1168813447565, 133.402475490266, 48.7720489501953, 2009603, 5, 80
2020.71143075, 48.1167476479685, 133.402454976302, 48.8040313720703, 2009603, 5, 77
2020.71143075, 48.1166203612112, 133.402435607195, 48.7955017089844, 2009603, 5, 77
2020.71143075, 48.1165122088845, 133.402419383371, 48.793384552002, 2009603, 5, 77
2020.71143075, 48.1164168138332, 133.402405277953, 48.8169403076172, 2009603, 5, 77
2020.71143075, 48.1163277903106, 133.402392205908, 48.791374206543, 2009603, 5, 77
2020.71143075, 48.1162324486584, 133.402378500828, 48.820930480957, 2009603, 5, 75
2020.71143075, 48.1161116866402, 133.402361308778, 48.7788238525391, 2009603, 5, 75
2020.71143075, 48.1160292141442, 133.402350345763, 48.8293037414551, 2009603, 5, 75
2020.71143075, 48.1159277273934, 133.402337085284, 48.7946510314941, 2009603, 5, 76
2020.71143075, 48.1158452715706, 133.402326454187, 48.8195724487305, 2009603, 5, 76
2020.71143075, 48.1157437781027, 133.402313459877, 48.8013648986816, 2009603, 5, 75
2020.71143075, 48.115629571726, 133.402298928659, 48.7739219665527, 2009603, 5, 75
2020.71143075, 48.1155089760002, 133.402283583624, 48.7927780151367, 2009603, 5, 75
2020.71143075, 48.1154010258748, 133.402269820695, 48.8005561828613, 2009603, 5, 76
2020.71143075, 48.1153248021178, 133.40226010294, 48.7924385070801, 2009603, 5, 76
2020.71143075, 48.1152612460875, 133.402251868629, 48.7712097167969, 2009603, 5, 76
2020.71143075, 48.1151976839388, 133.402243686129, 48.7696647644043, 2009603, 5, 76
2020.71143075, 48.1151468127848, 133.402237032293, 48.7807502746582, 2009603, 5, 76
2020.71143075, 48.1150832024822, 133.402228661755, 48.7723159790039, 2009603, 5, 76
2020.71143075, 48.1150132064596, 133.402219383238, 48.7996559143066, 2009603, 5, 76
2020.71143075, 48.1149051726134, 133.402205151786, 48.7773818969727, 2009603, 5, 76
2020.71143075, 48.1148349490791, 133.402195370701, 48.7990341186523, 2009603, 5, 76
2020.71143075, 48.1147583078667, 133.402184489025, 48.7721481323242, 2009603, 5, 76
2020.71143075, 48.11469443196, 133.402175342166, 48.7540130615234, 2009603, 5, 76
2020.71143075, 48.1146177677263, 133.402164251888, 48.7794456481934, 2009603, 5, 76
2020.71143075, 48.1145602724828, 133.402155893735, 48.7715682983398, 2009603, 5, 76
2020.71143075, 48.1145027757837, 133.402147435565, 48.7758255004883, 2009603, 5, 76
2020.71143075, 48.1144261114928, 133.402136021407, 48.8080520629883, 2009603, 5, 78
2020.71143075, 48.1143366941997, 133.402122616703, 48.8003578186035, 2009603, 5, 78
2020.71143075, 48.1142536950891, 133.402110081103, 48.8083038330078, 2009603, 5, 78
2020.71143075, 48.114177113182, 133.402098471166, 48.8028602600098, 2009603, 5, 81
2020.71143075, 48.114132450527, 133.402091615503, 48.7460670471191, 2009603, 5, 81
2020.71143075, 48.1140814252673, 133.402083781853, 48.8031768798828, 2009603, 5, 81
2020.71143075, 48.1140240395044, 133.402074886258, 48.7815704345703, 2009603, 5, 81
2020.71143075, 48.1139730565856, 133.402067020308, 48.8002090454102, 2009603, 5, 84
2020.71143075, 48.1139220961632, 133.402059163247, 48.7797927856445, 2009603, 5, 84
2020.71143075, 48.1138520573597, 133.402048298676, 48.7862396240234, 2009603, 5, 84
2020.71143075, 48.1137820596098, 133.402037418972, 48.8000183105469, 2009603, 5, 84
2020.71143075, 48.1136993943582, 133.402024585465, 48.7665214538574, 2009603, 5, 88
2020.71143075, 48.1136355903843, 133.402014681663, 48.782642364502, 2009603, 5, 88
2020.71143075, 48.1135849282382, 133.402006806401, 48.758430480957, 2009603, 5, 88
2020.71143075, 48.1135342825289, 133.401998893857, 48.7610931396484, 2009603, 5, 88
2020.71143075, 48.1134836664941, 133.401991089063, 48.7535362243652, 2009603, 5, 86
2020.71143075, 48.1134457072518, 133.401985172614, 48.7711944580078, 2009603, 5, 86
2020.71143075, 48.1133887992509, 133.401976435616, 48.7860488891602, 2009603, 5, 86
2020.71143075, 48.1133382206261, 133.401968661661, 48.7687950134277, 2009603, 5, 86
2020.71143075, 48.1132939686096, 133.401961853707, 48.7752494812012, 2009603, 5, 86
2020.71143075, 48.113249725395, 133.401955096201, 48.781681060791, 2009603, 5, 85
2020.71143075, 48.1132118090607, 133.401949329843, 48.7792816162109, 2009603, 5, 85
2020.71143075, 48.1131802024034, 133.401944468741, 48.7344436645508, 2009603, 5, 85
2020.71143075, 48.1131486051812, 133.40193969432, 48.7744140625, 2009603, 5, 85
2020.71143075, 48.1131106876206, 133.401933971924, 48.7824401855469, 2009603, 5, 85
2020.71143075, 48.1130538064148, 133.401925424443, 48.7964248657227, 2009603, 5, 85
2020.71143075, 48.1129969181453, 133.401916903116, 48.7795524597168, 2009603, 5, 85
2020.71143075, 48.112940025587, 133.401908504507, 48.7751731872559, 2009603, 5, 85
2020.71143075, 48.112895756175, 133.401901918015, 48.780834197998, 2009603, 5, 85
2020.71143075, 48.1128388371025, 133.401893616543, 48.8030700683594, 2009603, 5, 85
2020.71143075, 48.1127692371875, 133.401883476112, 48.7891807556152, 2009603, 5, 85
2020.71143075, 48.1127059300469, 133.401874308437, 48.8105583190918, 2009603, 5, 85
2020.71143075, 48.1126552674538, 133.401867070438, 48.7724876403809, 2009603, 5, 85
2020.71143075, 48.1125919074625, 133.401858068921, 48.8249893188477, 2009603, 5, 85
2020.71143075, 48.1125411936172, 133.401850904217, 48.7538833618164, 2009603, 5, 85
2020.71143075, 48.11249679602, 133.401844668494, 48.771671295166, 2009603, 5, 82
2020.71143075, 48.1124460342657, 133.401837600433, 48.7841300964355, 2009603, 5, 82
2020.71143075, 48.1124079453927, 133.401832324634, 48.7586784362793, 2009603, 5, 82
2020.71143075, 48.1123637262394, 133.401826037909, 48.7985763549805, 2009603, 5, 82
2020.71143075, 48.1123127447179, 133.401819163186, 48.7915534973145, 2009603, 5, 82
2020.71143075, 48.1122744844453, 133.401813977709, 48.7740135192871, 2009603, 5, 82
2020.71143075, 48.1122170872713, 133.401806399531, 48.7958908081055, 2009603, 5, 74
2020.71143075, 48.1121660361034, 133.401799627322, 48.7678985595703, 2009603, 5, 74
2020.71143075, 48.1121085852877, 133.401792076153, 48.7371292114258, 2009603, 5, 74
2020.71143075, 48.1120574895834, 133.401785335413, 48.7530555725098, 2009603, 5, 74
2020.71143075, 48.1120127721813, 133.401779489472, 48.7517776489258, 2009603, 5, 74
2020.71143075, 48.1119680464328, 133.401773675445, 48.7488784790039, 2009603, 5, 69
2020.71143075, 48.1119233096892, 133.401767848687, 48.7661437988281, 2009603, 5, 69
2020.71143075, 48.1118785686322, 133.401762048979, 48.7502555847168, 2009603, 5, 69
2020.71143075, 48.1118402182809, 133.401757120271, 48.7164115905762, 2009603, 5, 69
2020.71143075, 48.1118082512006, 133.401752974905, 48.7388114929199, 2009603, 5, 69
2020.71143075, 48.1117762841122, 133.401748846063, 48.7462959289551, 2009603, 5, 68
2020.71143075, 48.1117443141571, 133.401744704309, 48.7411766052246, 2009603, 5, 62
2020.71143075, 48.1117123381313, 133.401740511343, 48.7544479370117, 2009603, 5, 62
2020.71143075, 48.1116739808665, 133.401735586714, 48.7323226928711, 2009603, 5, 62
2020.71143075, 48.1116420075655, 133.401731417322, 48.7382202148438, 2009603, 5, 62
2020.71143075, 48.1116100390931, 133.401727269088, 48.7337074279785, 2009603, 5, 62
2020.71143075, 48.1115716791177, 133.401722296227, 48.7234802246094, 2009603, 5, 62
2020.71143075, 48.1115333287609, 133.401717370269, 48.7473754882812, 2009603, 5, 62
2020.71143075, 48.1115013626376, 133.401713175254, 48.7451667785645, 2009603, 5, 62
2020.71143075, 48.1114694128048, 133.401709057806, 48.729866027832, 2009603, 5, 52
2020.71143075, 48.1114374587767, 133.401704893313, 48.7413787841797, 2009603, 5, 52
2020.71143075, 48.1114055090534, 133.401700724141, 48.7510185241699, 2009603, 5, 52
2020.71143075, 48.1113671676443, 133.40169564803, 48.7675132751465, 2009603, 5, 52
2020.71143075, 48.1113288430286, 133.40169063031, 48.7410583496094, 2009603, 5, 52
2020.71143075, 48.1112905238734, 133.40168558825, 48.755802154541, 2009603, 5, 52
2020.71143075, 48.1112522147673, 133.401680523406, 48.7235374450684, 2009603, 5, 52
2020.71143076, 48.0917179922571, 133.398886798923, 48.7223739624023, 2009603, 5, 92
2020.71143076, 48.0916482183833, 133.3988769422, 48.6970520019531, 2009603, 5, 92
2020.71143076, 48.0915720942396, 133.39886621388, 48.7024269104004, 2009603, 5, 92
2020.71143076, 48.091483265011, 133.398853740605, 48.6826667785645, 2009603, 5, 93
2020.71143076, 48.0913944023528, 133.398841253896, 48.6980514526367, 2009603, 5, 93
2020.71143076, 48.0913182066325, 133.398830546128, 48.6992988586426, 2009603, 5, 93
2020.71143076, 48.0912610389092, 133.398822527957, 48.6839370727539, 2009603, 5, 93
2020.71143076, 48.0912229206958, 133.398817207985, 48.6760177612305, 2009603, 5, 92
2020.71143076, 48.091178438291, 133.398811009675, 48.681224822998, 2009603, 5, 92
2020.71143076, 48.0911212301936, 133.398803032757, 48.6689720153809, 2009603, 5, 92
2020.71143076, 48.0910639972197, 133.398795039966, 48.7144546508789, 2009603, 5, 92
2020.71143076, 48.0909812858242, 133.398783478478, 48.7091255187988, 2009603, 5, 92
2020.71143076, 48.0909049007512, 133.398772816313, 48.7113227844238, 2009603, 5, 92
2020.71143076, 48.0908412172646, 133.398763948297, 48.7179832458496, 2009603, 5, 92
2020.71143076, 48.0907647664737, 133.398753324118, 48.681324005127, 2009603, 5, 92
2020.71143076, 48.0907204197462, 133.398746997393, 48.6607704162598, 2009603, 5, 94
2020.71143076, 48.0906820288429, 133.398741701323, 48.6801643371582, 2009603, 5, 94
2020.71143076, 48.0906372318933, 133.398735521502, 48.6641426086426, 2009603, 5, 94
2020.71143076, 48.0905796333783, 133.398727635893, 48.6900367736816, 2009603, 5, 94
2020.71143076, 48.0905220201881, 133.39871968614, 48.699047088623, 2009603, 5, 94
2020.71143076, 48.0904708041448, 133.398712575154, 48.6943511962891, 2009603, 5, 94
2020.71143076, 48.0903939964294, 133.398701999167, 48.7000846862793, 2009603, 5, 94
2020.71143076, 48.0903043957723, 133.398689523937, 48.693244934082, 2009603, 5, 94
2020.71143076, 48.0902212371666, 133.39867794109, 48.7148323059082, 2009603, 5, 93
2020.71143076, 48.0901317353017, 133.398665441721, 48.7156944274902, 2009603, 5, 93
2020.71143076, 48.0900423031156, 133.398652854928, 48.6897392272949, 2009603, 5, 93
2020.71143076, 48.0899720882469, 133.398642895572, 48.6704025268555, 2009603, 5, 92
2020.71143076, 48.0899083177475, 133.398633887607, 48.669002532959, 2009603, 5, 92
2020.71143076, 48.0898573314221, 133.39862658166, 48.6845970153809, 2009603, 5, 92
2020.71143076, 48.0898063818748, 133.398619290664, 48.6834754943848, 2009603, 5, 92
2020.71143076, 48.0897554764526, 133.398612039398, 48.6871643066406, 2009603, 5, 92
2020.71143076, 48.0897109533479, 133.398605574524, 48.6738014221191, 2009603, 5, 91
2020.71143076, 48.0896537612354, 133.398597300415, 48.685131072998, 2009603, 5, 91
2020.71143076, 48.0895775874064, 133.398586278452, 48.7083549499512, 2009603, 5, 91
2020.71143073, 48.1676274947477, 133.408486606544, 48.5085067749023, 2009603, 6, 73
2020.71143073, 48.1674872139877, 133.408466138852, 48.5243835449219, 2009603, 6, 77
2020.71143073, 48.1672960132509, 133.408438273721, 48.4950981140137, 2009603, 6, 77
2020.71143074, 48.146581271882, 133.40548534806, 48.6065864562988, 2009603, 6, 62
2020.71143074, 48.1463078752883, 133.405446827553, 48.5891189575195, 2009603, 6, 57
2020.71143074, 48.1460789688821, 133.405414517677, 48.6170959472656, 2009603, 6, 58
2020.71143074, 48.1459263406165, 133.405392869152, 48.5902290344238, 2009603, 6, 62
2020.71143074, 48.1457991262953, 133.405374779007, 48.5900955200195, 2009603, 6, 62
2020.71143074, 48.1456783356308, 133.405357657894, 48.5738525390625, 2009603, 6, 72
2020.71143074, 48.1455509007174, 133.405339288548, 48.5879325866699, 2009603, 6, 72
2020.71143074, 48.1453916052447, 133.405316231184, 48.5866928100586, 2009603, 6, 77
2020.71143074, 48.1451813645593, 133.405285731806, 48.6007080078125, 2009603, 6, 74
2020.71143074, 48.1449393850725, 133.405250643378, 48.6289443969727, 2009603, 6, 68
2020.71143074, 48.1446785266168, 133.405212886706, 48.6327667236328, 2009603, 6, 62
2020.71143074, 48.1443797393412, 133.405169866829, 48.6222763061523, 2009603, 6, 57
2020.71143074, 48.1442276122317, 133.405148300875, 48.5760307312012, 2009603, 6, 52
2020.71143074, 48.144069180751, 133.405125886566, 48.6005363464355, 2009603, 6, 52
2020.71143074, 48.1439424262508, 133.405107958391, 48.5736541748047, 2009603, 6, 52
2020.71143074, 48.1437775664817, 133.405084706058, 48.631031036377, 2009603, 6, 52
2020.71143075, 48.1268332898082, 133.402668790257, 48.8330421447754, 2009603, 6, 94
2020.71143075, 48.1262784041805, 133.402589837958, 48.8133659362793, 2009603, 6, 95
2020.71143075, 48.1257298113761, 133.402510969035, 48.8690986633301, 2009603, 6, 96
2020.71143075, 48.1251832337755, 133.402431509192, 48.8226165771484, 2009603, 6, 97
2020.71143075, 48.1247782215371, 133.402372290493, 48.810863494873, 2009603, 6, 97
2020.71143075, 48.1245059464547, 133.40233255968, 48.8300743103027, 2009603, 6, 97
2020.71143075, 48.1241632635551, 133.402283005211, 48.8161735534668, 2009603, 6, 95
2020.71143075, 48.1238127059794, 133.402232831671, 48.8035888671875, 2009603, 6, 96
2020.71143075, 48.1234096643339, 133.402175926908, 48.8177757263184, 2009603, 6, 97
2020.71143075, 48.1230832376313, 133.402130203849, 48.8157730102539, 2009603, 6, 97
2020.71143075, 48.1227443489907, 133.40208295289, 48.818172454834, 2009603, 6, 96
2020.71143075, 48.1223685984953, 133.402030708833, 48.8200645446777, 2009603, 6, 96
2020.71143075, 48.1220507223431, 133.401986268134, 48.8273315429688, 2009603, 6, 96
2020.71143075, 48.121593452978, 133.401921537229, 48.8059883117676, 2009603, 6, 96
2020.71143075, 48.1212503346715, 133.401872246072, 48.7942657470703, 2009603, 6, 97
2020.71143075, 48.1208371074239, 133.401812365389, 48.8297157287598, 2009603, 6, 96
2020.71143075, 48.1204557643998, 133.401757149311, 48.827465057373, 2009603, 6, 97
2020.71143076, 48.1199731000495, 133.401687950435, 48.8271369934082, 2009603, 6, 96
2020.71143076, 48.1195539525593, 133.401628647874, 48.8162803649902, 2009603, 6, 96
2020.71143076, 48.1193122978688, 133.401594543369, 48.823600769043, 2009603, 6, 96
2020.71143076, 48.1189237442657, 133.401539801856, 48.783878326416, 2009603, 6, 96
2020.71143076, 48.1184124221039, 133.40146735676, 48.8071556091309, 2009603, 6, 98
2020.71143076, 48.1179334381869, 133.401398832023, 48.8076171875, 2009603, 6, 96
2020.71143076, 48.1174878443167, 133.4013344296, 48.8205146789551, 2009603, 6, 89
2020.71143076, 48.1170945750279, 133.401277172182, 48.8111686706543, 2009603, 6, 87
2020.71143076, 48.1166508128767, 133.401212754606, 48.8193130493164, 2009603, 6, 83
2020.71143076, 48.1162763273425, 133.401158826049, 48.8042106628418, 2009603, 6, 83
2020.71143076, 48.1158945808743, 133.401104480973, 48.8096580505371, 2009603, 6, 79
2020.71143076, 48.1155316747707, 133.401052897175, 48.8386116027832, 2009603, 6, 78
2020.71143076, 48.115194242789, 133.401004825463, 48.8191375732422, 2009603, 6, 77
2020.71143076, 48.1148762498995, 133.400959124226, 48.8007965087891, 2009603, 6, 78
2020.71143076, 48.114615665784, 133.400921497837, 48.8500480651855, 2009603, 6, 79
2020.71143076, 48.1143995755684, 133.400890311311, 48.7764778137207, 2009603, 6, 82
2020.71143076, 48.1142025184504, 133.400861991066, 48.803840637207, 2009603, 6, 82
2020.71143076, 48.1139927174177, 133.400831840008, 48.813362121582, 2009603, 6, 87
2020.71143076, 48.1137701031209, 133.400800011567, 48.81396484375, 2009603, 6, 87
2020.71143076, 48.1135472630922, 133.400768373771, 48.802921295166, 2009603, 6, 85
2020.71143076, 48.1133308086771, 133.400737768859, 48.8144149780273, 2009603, 6, 83
2020.71143076, 48.1131526105477, 133.400712596828, 48.7990493774414, 2009603, 6, 81
2020.71143076, 48.1129935699719, 133.400690136211, 48.7887725830078, 2009603, 6, 81
2020.71143076, 48.1127900873556, 133.400661457953, 48.7863655090332, 2009603, 6, 81
2020.71143076, 48.1126056942269, 133.400635422022, 48.7629623413086, 2009603, 6, 79
2020.71143076, 48.112421700429, 133.400609469995, 48.7934722900391, 2009603, 6, 74
2020.71143076, 48.1122440952729, 133.400584306877, 48.7850074768066, 2009603, 6, 66
2020.71143076, 48.1120981870293, 133.400563609138, 48.7873077392578, 2009603, 6, 66
2020.71143076, 48.111964926638, 133.400544679809, 48.7788162231445, 2009603, 6, 58
2020.71143076, 48.1118316029153, 133.40052571717, 48.7807197570801, 2009603, 6, 58
2020.71143076, 48.1116854956612, 133.400504895056, 48.7939910888672, 2009603, 6, 53
2020.71143076, 48.1115201991775, 133.400481285641, 48.7955284118652, 2009603, 6, 53
2020.71143076, 48.1106525015426, 133.400356669053, 48.8145599365234, 2009603, 6, 60
2020.71143077, 48.0914827008485, 133.397617955379, 48.7195053100586, 2009603, 6, 90
2020.71143077, 48.0910941312932, 133.397561464817, 48.7133712768555, 2009603, 6, 94
2020.71143077, 48.0907883577348, 133.397517643813, 48.760555267334, 2009603, 6, 94
2020.71143077, 48.0904634658176, 133.397471869601, 48.7201271057129, 2009603, 6, 95
2020.71143077, 48.0901896792551, 133.397433576822, 48.7286605834961, 2009603, 6, 94
2020.71143077, 48.0898969854265, 133.397392731615, 48.719799041748, 2009603, 6, 94
2020.71143077, 48.0896489636014, 133.397358176686, 48.7323989868164, 2009603, 6, 94
2020.71143077, 48.0893949285789, 133.397322400343, 48.7295341491699, 2009603, 6, 92
2020.71143077, 48.0891282479392, 133.397284730074, 48.72998046875, 2009603, 6, 71
