2022.35797949, 50.6867510155847, 137.756293778035, 14.4466991424561, 2009603, 1, 82
2022.35797949, 50.6869291061769, 137.756265544411, 14.4666557312012, 2009603, 1, 82
2022.35797949, 50.6870691113808, 137.75624320127, 14.4304695129395, 2009603, 1, 93
2022.35797949, 50.6872221461742, 137.756218281382, 14.4280681610107, 2009603, 1, 93
2022.35797949, 50.6873560635307, 137.756196093767, 14.4700450897217, 2009603, 1, 93
2022.35797949, 50.6875027086916, 137.756171629557, 14.428882598877, 2009603, 1, 94
2022.35797949, 50.6875983115718, 137.7561556264, 14.4166898727417, 2009603, 1, 94
2022.35797949, 50.6876938755962, 137.756139713461, 14.3905849456787, 2009603, 1, 94
2022.35797949, 50.6878021308958, 137.75612146624, 14.4317531585693, 2009603, 1, 94
2022.35797949, 50.6879039611323, 137.756104190834, 14.4138813018799, 2009603, 1, 94
2022.35797949, 50.688132812894, 137.756065444835, 14.4306402206421, 2009603, 1, 94
2022.35797949, 50.6882472459133, 137.756046142907, 14.473744392395, 2009603, 1, 94
2022.35797949, 50.6883232399078, 137.756033148606, 14.4374189376831, 2009603, 1, 93
2022.35797949, 50.6883738713601, 137.756024610315, 14.4393701553345, 2009603, 1, 93
2022.35797949, 50.6885067087372, 137.756002240573, 14.4601192474365, 2009603, 1, 90
2022.3579795, 50.6967468428974, 137.754688093376, 14.3971815109253, 2009603, 1, 93
2022.3579795, 50.6969892017022, 137.754650942, 14.37428855896, 2009603, 1, 94
2022.3579795, 50.6972759828847, 137.754605176724, 14.3644695281982, 2009603, 1, 95
2022.3579795, 50.6973587453692, 137.754591158468, 14.3799657821655, 2009603, 1, 95
2022.3579795, 50.6974733077065, 137.754571557439, 14.3920707702637, 2009603, 1, 95
2022.3579795, 50.6976259930836, 137.754545281223, 14.4020614624023, 2009603, 1, 95
2022.3579795, 50.6977341033046, 137.754526728577, 14.4076509475708, 2009603, 1, 95
2022.3579795, 50.6978549012666, 137.754505997635, 14.4228649139404, 2009603, 1, 95
2022.3579795, 50.6979629578853, 137.754487408401, 14.4272708892822, 2009603, 1, 95
2022.3579795, 50.6981091179883, 137.754462479694, 14.3462352752686, 2009603, 1, 95
2022.3579795, 50.6982234741474, 137.754443294248, 14.3861618041992, 2009603, 1, 95
2022.3579795, 50.6987951513624, 137.754352664052, 14.3824796676636, 2009603, 1, 96
2022.3579795, 50.6995629936273, 137.754235620846, 14.4036712646484, 2009603, 1, 96
2022.3579795, 50.7002789125158, 137.754115780349, 14.3566236495972, 2009603, 1, 97
2022.3579795, 50.701229384157, 137.75395598338, 14.4106760025024, 2009603, 1, 96
2022.3579795, 50.7015594421432, 137.75390377574, 14.4419717788696, 2009603, 1, 95
2022.3579795, 50.7017819278618, 137.753868709521, 14.3801317214966, 2009603, 1, 96
2022.3579795, 50.7018900960144, 137.753851528137, 14.4153633117676, 2009603, 1, 96
2022.3579795, 50.7020174279914, 137.753831278503, 14.3867597579956, 2009603, 1, 95
2022.3579795, 50.7021512163254, 137.753809785646, 14.3986301422119, 2009603, 1, 95
2022.3579795, 50.7023106118189, 137.753783773789, 14.4288768768311, 2009603, 1, 95
2022.3579795, 50.7024895291463, 137.753753875913, 14.3744525909424, 2009603, 1, 95
2022.3579795, 50.7025662065408, 137.753741037242, 14.3750324249268, 2009603, 1, 95
2022.3579795, 50.7026428806886, 137.753727973043, 14.4228324890137, 2009603, 1, 95
2022.3579795, 50.702789780298, 137.753703157995, 14.4219560623169, 2009603, 1, 95
2022.3579795, 50.7029238211638, 137.753680443954, 14.4047842025757, 2009603, 1, 95
2022.3579795, 50.7030131144017, 137.753665435159, 14.4011945724487, 2009603, 1, 95
2022.3579795, 50.7031087306603, 137.753649325718, 14.40260887146, 2009603, 1, 95
2022.3579795, 50.7032170050537, 137.753631145375, 14.3947811126709, 2009603, 1, 95
2022.3579795, 50.7033188275244, 137.753614139061, 14.4007272720337, 2009603, 1, 95
2022.3579795, 50.7034205651584, 137.75359721372, 14.4079418182373, 2009603, 1, 95
2022.3579795, 50.7035350529722, 137.753578316318, 14.3837261199951, 2009603, 1, 93
2022.3579795, 50.7036742259246, 137.753555701841, 14.3850908279419, 2009603, 1, 93
2022.3579795, 50.703781715036, 137.753538486181, 14.4081201553345, 2009603, 1, 93
2022.3579795, 50.7039777013549, 137.753507506388, 14.4273061752319, 2009603, 1, 93
2022.3579795, 50.7041485105567, 137.753480589164, 14.3778829574585, 2009603, 1, 92
2022.3579795, 50.7042434824218, 137.753465919137, 14.3985366821289, 2009603, 1, 92
2022.3579795, 50.7043321984185, 137.753452114583, 14.3570861816406, 2009603, 1, 91
2022.3579795, 50.7044146465379, 137.753439428659, 14.3685522079468, 2009603, 1, 91
2022.3579795, 50.7046370145196, 137.753405276054, 14.3855600357056, 2009603, 1, 91
2022.3579795, 50.7047197658489, 137.753392533232, 14.3706274032593, 2009603, 1, 91
2022.3579795, 50.7048152530004, 137.753377854691, 14.3819208145142, 2009603, 1, 91
2022.3579795, 50.7049112943261, 137.753363159781, 14.3887186050415, 2009603, 1, 91
2022.3579795, 50.7050587158455, 137.753340580029, 14.3853607177734, 2009603, 1, 91
2022.3579795, 50.7051485082972, 137.753326793394, 14.4002895355225, 2009603, 1, 91
2022.3579795, 50.7052704064293, 137.753307969805, 14.3756494522095, 2009603, 1, 91
2022.3579795, 50.7055718094237, 137.75326047772, 14.3769540786743, 2009603, 1, 90
2022.3579795, 50.7057318605537, 137.753234940574, 14.3336839675903, 2009603, 1, 90
2022.3579795, 50.705795799993, 137.753224480337, 14.3539562225342, 2009603, 1, 91
2022.3579795, 50.7058660647329, 137.753213182187, 14.39626121521, 2009603, 1, 91
2022.3579795, 50.7059362635581, 137.753201686113, 14.3886032104492, 2009603, 1, 91
2022.3579795, 50.7060127525758, 137.753189023655, 14.4077157974243, 2009603, 1, 90
2022.3579795, 50.7060955644707, 137.753175440199, 14.3713655471802, 2009603, 1, 90
2022.3579795, 50.7061780284238, 137.753161535599, 14.3925590515137, 2009603, 1, 90
2022.3579795, 50.7064689286525, 137.7531117181, 14.3892364501953, 2009603, 1, 90
2022.3579795, 50.7065698189905, 137.753094285052, 14.3936405181885, 2009603, 1, 90
2022.3579795, 50.7066390999646, 137.753082351686, 14.3723182678223, 2009603, 1, 90
2022.3579795, 50.7067020349903, 137.753071544392, 14.4228887557983, 2009603, 1, 90
2022.3579795, 50.7067775000075, 137.753058589041, 14.4172563552856, 2009603, 1, 93
2022.3579795, 50.7068340654278, 137.753048847438, 14.3956775665283, 2009603, 1, 93
2022.3579795, 50.7068968827718, 137.753038099382, 14.4191370010376, 2009603, 1, 93
2022.3579795, 50.7069533963449, 137.753028487179, 14.4154958724976, 2009603, 1, 93
2022.3579795, 50.7070349886131, 137.753014733187, 14.4600696563721, 2009603, 1, 94
2022.3579795, 50.7071353845805, 137.752997679179, 14.4516763687134, 2009603, 1, 95
2022.3579795, 50.7072232084461, 137.752982982728, 14.4476003646851, 2009603, 1, 95
2022.3579795, 50.7073298669715, 137.752965003088, 14.460825920105, 2009603, 1, 95
2022.3579795, 50.7074239692001, 137.752949734264, 14.4234418869019, 2009603, 1, 95
2022.3579795, 50.7075055590743, 137.752936401478, 14.3793315887451, 2009603, 1, 89
2022.3579795, 50.7075809037589, 137.752924379521, 14.4045209884644, 2009603, 1, 89
2022.3579795, 50.7076500132327, 137.752913195356, 14.4358539581299, 2009603, 1, 89
2022.3579795, 50.7077191558432, 137.752902335386, 14.4144945144653, 2009603, 1, 89
2022.3579795, 50.7077757699514, 137.752893244823, 14.3844146728516, 2009603, 1, 75
2022.3579795, 50.7078387096039, 137.752883401942, 14.4151134490967, 2009603, 1, 75
2022.3579795, 50.7079016964675, 137.752873466626, 14.4456300735474, 2009603, 1, 75
2022.3579795, 50.7079647389423, 137.752863516667, 14.4240713119507, 2009603, 1, 75
2022.3579795, 50.7080404577853, 137.75285165125, 14.3943786621094, 2009603, 1, 62
2022.3579795, 50.708141547245, 137.752835800842, 14.4048748016357, 2009603, 1, 62
2022.3579795, 50.7082554561209, 137.752818075948, 14.3969345092773, 2009603, 1, 61
2022.3579795, 50.7083568807169, 137.752802302596, 14.3927268981934, 2009603, 1, 61
2022.3579795, 50.7084330540646, 137.752790561356, 14.4195251464844, 2009603, 1, 61
2022.3579795, 50.7085284079877, 137.752775664816, 14.3786725997925, 2009603, 1, 61
2022.3579795, 50.7086493947553, 137.752756975347, 14.3641920089722, 2009603, 1, 61
2022.3579795, 50.7087898958067, 137.752734917375, 14.3659200668335, 2009603, 1, 66
2022.3579795, 50.7088986448262, 137.7527178561, 14.375825881958, 2009603, 1, 66
2022.3579795, 50.7090011198987, 137.752701839603, 14.355936050415, 2009603, 1, 78
2022.3579795, 50.709103703265, 137.752685718152, 14.3553895950317, 2009603, 1, 78
2022.3579795, 50.7092256323791, 137.752666577196, 14.3573589324951, 2009603, 1, 78
2022.3579795, 50.7093476537335, 137.752647507899, 14.3789939880371, 2009603, 1, 85
2022.35797951, 50.7094568807249, 137.752630463895, 14.3794345855713, 2009603, 1, 85
2022.35797951, 50.7095340057083, 137.752618287356, 14.3371677398682, 2009603, 1, 95
2022.35797951, 50.7096175531982, 137.752605314739, 14.3688917160034, 2009603, 1, 95
2022.35797951, 50.7096882479846, 137.752594267294, 14.3519420623779, 2009603, 1, 95
2022.35797951, 50.7097589351729, 137.752583236587, 14.3565711975098, 2009603, 1, 96
2022.35797951, 50.7098295803215, 137.752572268061, 14.3826770782471, 2009603, 1, 96
2022.35797951, 50.7098938230815, 137.752562219565, 14.3305768966675, 2009603, 1, 96
2022.35797951, 50.7099644602642, 137.752551370542, 14.3488521575928, 2009603, 1, 96
2022.35797951, 50.7100286499524, 137.752541350871, 14.4098463058472, 2009603, 1, 95
2022.35797951, 50.7102082189169, 137.752513521065, 14.3903579711914, 2009603, 1, 95
2022.35797951, 50.7109611142822, 137.752398713887, 14.351505279541, 2009603, 1, 87
2022.35797951, 50.7110626739347, 137.752383306139, 14.3466739654541, 2009603, 1, 91
2022.35797951, 50.711157846389, 137.752368919309, 14.3468017578125, 2009603, 1, 91
2022.35797951, 50.7113474757787, 137.752340718749, 14.3553562164307, 2009603, 1, 96
2022.35797951, 50.7115620933301, 137.752308490274, 14.3072490692139, 2009603, 1, 99
2022.35797951, 50.7116504115108, 137.752295303401, 14.3487377166748, 2009603, 1, 99
2022.35797951, 50.7117324141715, 137.752282862946, 14.3426094055176, 2009603, 1, 99
2022.35797951, 50.7119847879448, 137.752244289727, 14.3451128005981, 2009603, 1, 98
2022.35797951, 50.7125096775647, 137.752161360748, 14.3006553649902, 2009603, 1, 97
2022.35797951, 50.7126620982921, 137.752136278382, 14.298415184021, 2009603, 1, 97
2022.35797951, 50.7130566085198, 137.75207054655, 14.3220357894897, 2009603, 1, 98
2022.35797951, 50.7140886746393, 137.751901092705, 14.2830533981323, 2009603, 1, 97
2022.35797951, 50.7142794450315, 137.751870872216, 14.2772827148438, 2009603, 1, 97
2022.35797951, 50.7145462871547, 137.751829019391, 14.3475475311279, 2009603, 1, 98
2022.35797951, 50.7147049777634, 137.751804420987, 14.3617496490479, 2009603, 1, 98
2022.35797951, 50.7148318634458, 137.751784699631, 14.3596315383911, 2009603, 1, 97
2022.35797951, 50.7149016150877, 137.751774023466, 14.320237159729, 2009603, 1, 97
2022.35797951, 50.7150220712535, 137.751755229624, 14.3396320343018, 2009603, 1, 97
2022.35797951, 50.7151742103958, 137.751732023952, 14.3717794418335, 2009603, 1, 97
2022.35797951, 50.7152819220786, 137.751715396648, 14.3610773086548, 2009603, 1, 97
2022.35797951, 50.7155731253836, 137.751670206752, 14.3517265319824, 2009603, 1, 97
2022.35797951, 50.7157249304784, 137.751646340048, 14.343825340271, 2009603, 1, 97
2022.35797951, 50.7159208897, 137.751615419891, 14.39830493927, 2009603, 1, 97
2022.35797951, 50.7164324239236, 137.751532694202, 14.326865196228, 2009603, 1, 97
2022.35797951, 50.7165081621318, 137.751520157757, 14.3137130737305, 2009603, 1, 97
2022.35797951, 50.716583918382, 137.751507658536, 14.3392753601074, 2009603, 1, 97
2022.35797951, 50.7166723364028, 137.751493031457, 14.3190393447876, 2009603, 1, 97
2022.35797951, 50.7169125476608, 137.751453806794, 14.2989387512207, 2009603, 1, 98
2022.35797951, 50.7170454777307, 137.751432358627, 14.3306894302368, 2009603, 1, 98
2022.35797951, 50.7171532028815, 137.751415076879, 14.3170013427734, 2009603, 1, 98
2022.35797951, 50.717261031808, 137.751397988364, 14.3194351196289, 2009603, 1, 97
2022.35797951, 50.7173753296155, 137.751379962424, 14.3009767532349, 2009603, 1, 97
2022.35797951, 50.7175151653565, 137.751358139154, 14.2961645126343, 2009603, 1, 97
2022.35797951, 50.7176362378953, 137.751340070592, 14.323221206665, 2009603, 1, 97
2022.35797951, 50.7178148752014, 137.751313545119, 14.3484039306641, 2009603, 1, 97
2022.35797951, 50.7179298163876, 137.751296726836, 14.3034753799438, 2009603, 1, 97
2022.35797951, 50.7180895603502, 137.751273424946, 14.3069458007812, 2009603, 1, 97
2022.35797951, 50.7182046288477, 137.751256508313, 14.2924613952637, 2009603, 1, 97
2022.35797951, 50.7182813421765, 137.751245386535, 14.2985830307007, 2009603, 1, 97
2022.35797951, 50.718377246652, 137.751231264683, 14.3403511047363, 2009603, 1, 97
2022.35797951, 50.7184923095423, 137.751214391261, 14.3087482452393, 2009603, 1, 97
2022.35797951, 50.7185753917825, 137.751202198632, 14.3039903640747, 2009603, 1, 97
2022.35797951, 50.7187031706128, 137.751183131935, 14.2958526611328, 2009603, 1, 97
2022.35797951, 50.7188181026082, 137.751165847965, 14.2843313217163, 2009603, 1, 97
2022.35797951, 50.7189265619811, 137.751149267341, 14.3286571502686, 2009603, 1, 97
2022.35797951, 50.7190349450555, 137.751132595855, 14.3288764953613, 2009603, 1, 97
2022.35797951, 50.7191750826125, 137.751110705024, 14.3182077407837, 2009603, 1, 97
2022.35797951, 50.7192896226614, 137.751092772459, 14.3379907608032, 2009603, 1, 97
2022.35797951, 50.7194231193942, 137.751071648428, 14.2874536514282, 2009603, 1, 97
2022.35797951, 50.7195120413042, 137.751057379903, 14.3206768035889, 2009603, 1, 97
2022.35797951, 50.7197023549366, 137.751027100617, 14.2988548278809, 2009603, 1, 97
2022.35797951, 50.7198417472449, 137.751004619276, 14.3119344711304, 2009603, 1, 97
2022.35797951, 50.7199556957633, 137.750986286412, 14.3296251296997, 2009603, 1, 97
2022.35797951, 50.7200632604801, 137.750968944245, 14.2782287597656, 2009603, 1, 97
2022.35797951, 50.7201517200959, 137.750954630677, 14.3573637008667, 2009603, 1, 97
2022.35797951, 50.7202590900411, 137.750937362855, 14.3068590164185, 2009603, 1, 97
2022.35797951, 50.720379060729, 137.750918154278, 14.2868795394897, 2009603, 1, 97
2022.35797951, 50.7204611393972, 137.750904954877, 14.3209199905396, 2009603, 1, 97
2022.35797951, 50.7205621658267, 137.75088876207, 14.3162498474121, 2009603, 1, 97
2022.35797951, 50.72080852131, 137.750849712672, 14.2976894378662, 2009603, 1, 98
2022.35797951, 50.7209096651437, 137.750833820674, 14.2693643569946, 2009603, 1, 98
2022.35797951, 50.7209602630679, 137.750825865323, 14.2921524047852, 2009603, 1, 98
2022.35797951, 50.7211754976623, 137.750792548124, 14.3102254867554, 2009603, 1, 98
2022.35797951, 50.7219578958496, 137.750674495892, 14.3227910995483, 2009603, 1, 97
2022.35797951, 50.7224695350257, 137.750597343186, 14.3030910491943, 2009603, 1, 97
2022.35797951, 50.7226553339366, 137.750568900918, 14.2799844741821, 2009603, 1, 96
2022.35797951, 50.7233410572943, 137.750461644517, 14.3115530014038, 2009603, 1, 97
2022.35797951, 50.7243100588731, 137.750312696884, 14.25963306427, 2009603, 1, 78
2022.35797951, 50.7246080560021, 137.75026795624, 14.3291006088257, 2009603, 1, 54
2022.35797951, 50.7246840522223, 137.750256411593, 14.3106307983398, 2009603, 1, 54
2022.35797951, 50.7291182637179, 137.74957529574, 14.2580795288086, 2009603, 1, 80
2022.35797951, 50.7291940081827, 137.74956383068, 14.2743539810181, 2009603, 1, 80
2022.35797951, 50.7292760881258, 137.749551405155, 14.2607278823853, 2009603, 1, 80
2022.35797951, 50.7293771516333, 137.749536253509, 14.315239906311, 2009603, 1, 80
2022.35797952, 50.7294972803804, 137.74951813175, 14.2443857192993, 2009603, 1, 80
2022.35797952, 50.7295732216431, 137.749506866616, 14.2854633331299, 2009603, 1, 79
2022.35797952, 50.729630230552, 137.749498205925, 14.2536640167236, 2009603, 1, 80
2022.35797952, 50.7296936154516, 137.749488881953, 14.2582521438599, 2009603, 1, 80
2022.35797952, 50.729744370896, 137.749481198739, 14.2472906112671, 2009603, 1, 80
2022.35797952, 50.7298015084648, 137.74947269286, 14.2400712966919, 2009603, 1, 85
2022.35797952, 50.7298650571768, 137.749463192039, 14.2471609115601, 2009603, 1, 85
2022.35797952, 50.730024200359, 137.749439387325, 14.2763938903809, 2009603, 1, 90
2022.35797952, 50.7319108072603, 137.749154984226, 14.2156944274902, 2009603, 1, 94
2022.35797953, 50.7528533840324, 137.746086704769, 14.1163091659546, 2009603, 1, 64
2022.35797953, 50.7529799373727, 137.74606975377, 14.1952896118164, 2009603, 1, 64
2022.35797953, 50.7556389491555, 137.745688778772, 14.2485036849976, 2009603, 1, 77
2022.35797953, 50.7557151355761, 137.74567738456, 14.2393503189087, 2009603, 1, 77
2022.35797953, 50.7557849610372, 137.745666828998, 14.2539472579956, 2009603, 1, 80
2022.35797953, 50.7558991874061, 137.745649804782, 14.2950849533081, 2009603, 1, 80
2022.35797953, 50.7560007127201, 137.745634698793, 14.2666969299316, 2009603, 1, 62
2022.35798047, 52.6487624665472, 137.44757223954, 48.4835090637207, 2007706, 1, 94
2022.35798047, 52.6495381188048, 137.447440974171, 48.5892181396484, 2007706, 1, 95
2022.35798047, 52.6502724365139, 137.447320991915, 48.5700492858887, 2007706, 1, 94
2022.35798047, 52.6508181206807, 137.447230816698, 48.5749092102051, 2007706, 1, 84
2022.3579795, 50.6871058919625, 137.757445967741, 14.2973957061768, 2009603, 2, 92
2022.3579795, 50.6874802839579, 137.757387986862, 14.2982778549194, 2009603, 2, 94
2022.35797951, 50.6878358521235, 137.757332808839, 14.2879133224487, 2009603, 2, 94
2022.35797951, 50.6884587543794, 137.757234045684, 14.3003177642822, 2009603, 2, 91
2022.35797951, 50.6974131644866, 137.755824952345, 14.2586650848389, 2009603, 2, 93
2022.35797951, 50.6982762034828, 137.755692406532, 14.2854089736938, 2009603, 2, 95
2022.35797951, 50.6990508858996, 137.755569157421, 14.27370262146, 2009603, 2, 96
2022.35797951, 50.7015439205634, 137.755181063299, 14.2827377319336, 2009603, 2, 98
2022.35797951, 50.7022618228253, 137.755069604282, 14.2455434799194, 2009603, 2, 96
2022.35797951, 50.7028350574016, 137.754980071, 14.2378177642822, 2009603, 2, 95
2022.35797951, 50.7035812338808, 137.754866096616, 14.3004941940308, 2009603, 2, 93
2022.35797951, 50.7041037049121, 137.754788228213, 14.2388877868652, 2009603, 2, 93
2022.35797951, 50.7044914362653, 137.754730458646, 14.2469692230225, 2009603, 2, 91
2022.35797951, 50.7048463399477, 137.754677038741, 14.2158508300781, 2009603, 2, 92
2022.35797951, 50.7055239634827, 137.75457337668, 14.2728910446167, 2009603, 2, 91
2022.35797951, 50.7059429899623, 137.75450811324, 14.1948871612549, 2009603, 2, 92
2022.35797951, 50.7063506917483, 137.754444226241, 14.2349052429199, 2009603, 2, 91
2022.35797951, 50.7067010480494, 137.754389766381, 14.2474002838135, 2009603, 2, 91
2022.35797951, 50.7069746694753, 137.754347919772, 14.2435102462769, 2009603, 2, 91
2022.35797951, 50.7073871460682, 137.754286192116, 14.2015800476074, 2009603, 2, 91
2022.35797952, 50.7076721244568, 137.754244352794, 14.192774772644, 2009603, 2, 92
2022.35797952, 50.7079126920686, 137.754209069103, 14.2040185928345, 2009603, 2, 92
2022.35797952, 50.7081786871773, 137.754169994167, 14.2056493759155, 2009603, 2, 91
2022.35797952, 50.7084195597314, 137.754134367217, 14.1993112564087, 2009603, 2, 84
2022.35797952, 50.708641820866, 137.754101096927, 14.1887607574463, 2009603, 2, 84
2022.35797952, 50.7089024711102, 137.754061732269, 14.1788682937622, 2009603, 2, 72
2022.35797952, 50.7091888658984, 137.754018159694, 14.1986837387085, 2009603, 2, 72
2022.35797952, 50.7095264799934, 137.753966577359, 14.2115774154663, 2009603, 2, 83
2022.35797952, 50.709998077926, 137.753894507062, 14.1792469024658, 2009603, 2, 89
2022.35797952, 50.7107174164099, 137.753786337932, 14.2114925384521, 2009603, 2, 97
2022.35797952, 50.7114916660845, 137.753673215226, 14.1851139068604, 2009603, 2, 96
2022.35797952, 50.7125695509362, 137.753512539248, 14.1957159042358, 2009603, 2, 98
2022.35797952, 50.7149450346962, 137.753156643101, 14.2013788223267, 2009603, 2, 97
2022.35797952, 50.7158435739942, 137.753024773127, 14.2000846862793, 2009603, 2, 97
2022.35797952, 50.7165284757723, 137.752925357749, 14.1856441497803, 2009603, 2, 97
2022.35797952, 50.7172256190462, 137.752823806952, 14.2026443481445, 2009603, 2, 97
2022.35797952, 50.7178874840792, 137.752725734015, 14.2219152450562, 2009603, 2, 97
2022.35797952, 50.7184734446375, 137.752639170082, 14.1593217849731, 2009603, 2, 97
2022.35797952, 50.7190392969092, 137.752556731387, 14.1787919998169, 2009603, 2, 97
2022.35797952, 50.7194521372412, 137.752497185931, 14.1765460968018, 2009603, 2, 97
2022.35797952, 50.7200364627597, 137.752413298747, 14.1703548431396, 2009603, 2, 97
2022.35797952, 50.7206402831436, 137.752326147525, 14.1686296463013, 2009603, 2, 97
2022.35797952, 50.7213907806783, 137.752214347354, 14.1547822952271, 2009603, 2, 98
2022.35797952, 50.7224259873433, 137.752061406065, 14.1421337127686, 2009603, 2, 97
2022.35797952, 50.7239312143374, 137.751849398421, 14.1420469284058, 2009603, 2, 97
2022.35797952, 50.7244748492325, 137.751767216729, 14.1277017593384, 2009603, 2, 93
2022.35797952, 50.7248583227433, 137.751709267934, 14.136999130249, 2009603, 2, 84
2022.35797953, 50.7295112787881, 137.751041135657, 14.1425476074219, 2009603, 2, 83
2022.35797953, 50.7297407795225, 137.751008979444, 14.1292943954468, 2009603, 2, 83
2022.35797953, 50.7310479302682, 137.750820691334, 14.1558799743652, 2009603, 2, 94
2022.35797875, 49.2020877438124, 138.024605211787, 291.61474609375, 2006423, 3, 68
2022.35797949, 50.689744280816, 137.801889539937, 14.2223110198975, 2009603, 3, 89
2022.3579795, 50.703760780686, 137.799639111589, 14.1378087997437, 2009603, 3, 56
2022.3579795, 50.7038496007176, 137.799625085862, 14.1300086975098, 2009603, 3, 56
2022.3579795, 50.7039637611891, 137.79960716608, 14.1437225341797, 2009603, 3, 56
2022.3579795, 50.7040398656054, 137.799595199731, 14.1588716506958, 2009603, 3, 54
2022.3579795, 50.7041223172648, 137.799582175753, 14.1485319137573, 2009603, 3, 54
2022.3579795, 50.7060643585085, 137.799268501613, 14.147744178772, 2009603, 3, 57
2022.3579795, 50.7061278654351, 137.799258498983, 14.1579885482788, 2009603, 3, 57
2022.3579795, 50.7061849976629, 137.799249484812, 14.1574230194092, 2009603, 3, 56
2022.3579795, 50.7062294120193, 137.799242522354, 14.1415138244629, 2009603, 3, 56
2022.3579795, 50.7062801599408, 137.799234547174, 14.1614971160889, 2009603, 3, 70
2022.3579795, 50.7064069381483, 137.799214835299, 14.2086973190308, 2009603, 3, 70
2022.3579795, 50.7068753012913, 137.799142036962, 14.1745634078979, 2009603, 3, 86
2022.3579795, 50.7070397006537, 137.799116526267, 14.139232635498, 2009603, 3, 89
2022.3579795, 50.707090286153, 137.799108589817, 14.1167573928833, 2009603, 3, 89
2022.3579795, 50.7071408619674, 137.799100776519, 14.1415920257568, 2009603, 3, 89
2022.3579795, 50.7071914462517, 137.79909287562, 14.1648693084717, 2009603, 3, 89
2022.3579795, 50.7072420343551, 137.799084931628, 14.1358451843262, 2009603, 3, 89
2022.3579795, 50.7072926229373, 137.799077015489, 14.1400012969971, 2009603, 3, 85
2022.3579795, 50.7073558763885, 137.799067151438, 14.1628141403198, 2009603, 3, 85
2022.3579795, 50.707444435693, 137.799053034425, 14.1556310653687, 2009603, 3, 85
2022.3579795, 50.7075519997911, 137.799035879513, 14.1359844207764, 2009603, 3, 79
2022.3579795, 50.7076152900252, 137.799025847299, 14.1293144226074, 2009603, 3, 79
2022.3579795, 50.7076659451999, 137.799017702591, 14.1177387237549, 2009603, 3, 79
2022.3579795, 50.7077039466954, 137.799011546091, 14.1181745529175, 2009603, 3, 79
2022.3579795, 50.7077482773805, 137.799004524368, 14.1347169876099, 2009603, 3, 79
2022.3579795, 50.7077862962233, 137.798998368704, 14.1582317352295, 2009603, 3, 77
2022.3579795, 50.7078369940862, 137.798990227427, 14.1447381973267, 2009603, 3, 77
2022.3579795, 50.7078877053971, 137.798982094409, 14.1391878128052, 2009603, 3, 77
2022.3579795, 50.7079447763973, 137.798972879935, 14.1398220062256, 2009603, 3, 77
2022.3579795, 50.7079955232943, 137.798964686696, 14.1320571899414, 2009603, 3, 77
2022.3579795, 50.7080462917147, 137.798956450195, 14.1615743637085, 2009603, 3, 71
2022.3579795, 50.7080970727199, 137.798948250439, 14.1345872879028, 2009603, 3, 71
2022.3579795, 50.7081669167713, 137.798937013778, 14.1465616226196, 2009603, 3, 71
2022.3579795, 50.7082368007731, 137.798925716716, 14.1266317367554, 2009603, 3, 71
2022.3579795, 50.7083067152637, 137.798914399086, 14.1619081497192, 2009603, 3, 62
2022.3579795, 50.7083957376873, 137.798900001511, 14.1337985992432, 2009603, 3, 62
2022.3579795, 50.7085293623509, 137.798878414515, 14.159291267395, 2009603, 3, 62
2022.3579795, 50.7086311783298, 137.798861913451, 14.1526699066162, 2009603, 3, 62
2022.3579795, 50.7118458456166, 137.79834317463, 14.1716394424438, 2009603, 3, 51
2022.3579795, 50.71197323177, 137.798322467888, 14.1689186096191, 2009603, 3, 51
2022.3579795, 50.7120560807511, 137.798309094244, 14.1507368087769, 2009603, 3, 51
2022.3579795, 50.7121708358236, 137.798290758807, 14.1921615600586, 2009603, 3, 51
2022.3579795, 50.7125089742353, 137.798237966885, 14.172477722168, 2009603, 3, 66
2022.3579795, 50.7129686714444, 137.798169819069, 14.1770610809326, 2009603, 3, 78
2022.35797951, 50.7133383565446, 137.798115156917, 14.1806154251099, 2009603, 3, 91
2022.35797951, 50.7136181995248, 137.798072844834, 14.1701278686523, 2009603, 3, 94
2022.35797951, 50.7137579038293, 137.798051398568, 14.1581983566284, 2009603, 3, 96
2022.35797951, 50.7139416370213, 137.798022034284, 14.1899156570435, 2009603, 3, 96
2022.35797951, 50.7141568313072, 137.797987114178, 14.186803817749, 2009603, 3, 98
2022.35797951, 50.7142643690451, 137.797969530919, 14.1647958755493, 2009603, 3, 96
2022.35797951, 50.7143718855139, 137.797951888792, 14.166579246521, 2009603, 3, 96
2022.35797951, 50.7145805781323, 137.79791773659, 14.1885175704956, 2009603, 3, 95
2022.35797951, 50.7146817915313, 137.797901152497, 14.2000160217285, 2009603, 3, 95
2022.35797951, 50.7147513819832, 137.797889854935, 14.1976184844971, 2009603, 3, 93
2022.35797951, 50.7148463202768, 137.797874366915, 14.1605377197266, 2009603, 3, 93
2022.35797951, 50.714909635037, 137.797864046312, 14.1776685714722, 2009603, 3, 93
2022.35797951, 50.7150109632646, 137.797847660859, 14.2154035568237, 2009603, 3, 77
2022.35797951, 50.715156797134, 137.7978245853, 14.2214889526367, 2009603, 3, 77
2022.35797951, 50.7152329300431, 137.797812646954, 14.1689615249634, 2009603, 3, 77
2022.35797951, 50.7153027486726, 137.797801755855, 14.1582708358765, 2009603, 3, 77
2022.35797951, 50.7153789624976, 137.797789749195, 14.1967554092407, 2009603, 3, 77
2022.35797951, 50.7155887219173, 137.797757071064, 14.1637716293335, 2009603, 3, 51
2022.35797951, 50.717508367023, 137.797451748174, 14.2159328460693, 2009603, 3, 63
2022.35797951, 50.7177117549436, 137.797419173117, 14.212082862854, 2009603, 3, 63
2022.35797951, 50.7180924330551, 137.797358470736, 14.1564302444458, 2009603, 3, 80
2022.35797951, 50.7186496978541, 137.797270265552, 14.1952304840088, 2009603, 3, 75
2022.35797951, 50.7191495973128, 137.797191577609, 14.1379642486572, 2009603, 3, 63
2022.35797951, 50.7217788365901, 137.796784492796, 14.1250219345093, 2009603, 3, 51
2022.35797951, 50.7218290710229, 137.796776925683, 14.1459674835205, 2009603, 3, 51
2022.35797951, 50.7218730405288, 137.796770168493, 14.1592206954956, 2009603, 3, 51
2022.35797951, 50.7219295632027, 137.796761609802, 14.1612558364868, 2009603, 3, 51
2022.35797951, 50.7219798343516, 137.796753817514, 14.195068359375, 2009603, 3, 51
2022.35797951, 50.7220363926457, 137.796745175818, 14.1991395950317, 2009603, 3, 55
2022.35797951, 50.7221118481322, 137.7967335475, 14.2060346603394, 2009603, 3, 55
2022.35797951, 50.7221936476258, 137.796720908527, 14.2035522460938, 2009603, 3, 55
2022.35797951, 50.7222818285724, 137.796707206855, 14.1682357788086, 2009603, 3, 55
2022.35797951, 50.7223511871827, 137.796696304037, 14.1668977737427, 2009603, 3, 55
2022.35797951, 50.7224521926675, 137.796680475412, 14.1760902404785, 2009603, 3, 55
2022.35797951, 50.7225470296623, 137.796665520861, 14.1525220870972, 2009603, 3, 58
2022.35797951, 50.7226547082108, 137.796648410931, 14.1622734069824, 2009603, 3, 58
2022.35797951, 50.7227502381778, 137.796632820763, 14.1769399642944, 2009603, 3, 67
2022.35797951, 50.7228203727331, 137.796621402914, 14.1605129241943, 2009603, 3, 67
2022.35797951, 50.7228841767442, 137.796611061719, 14.1775465011597, 2009603, 3, 67
2022.35797951, 50.7229671966079, 137.796597507678, 14.1529264450073, 2009603, 3, 67
2022.35797951, 50.7230502863637, 137.796583923558, 14.1351041793823, 2009603, 3, 73
2022.35797951, 50.7231718074041, 137.796564133485, 14.2065839767456, 2009603, 3, 73
2022.35797951, 50.7233574052462, 137.796534047478, 14.1492710113525, 2009603, 3, 78
2022.35797951, 50.7235942020457, 137.796496204153, 14.1582679748535, 2009603, 3, 90
2022.35797951, 50.7237157209749, 137.796477096746, 14.1737899780273, 2009603, 3, 90
2022.35797951, 50.723913840005, 137.796446248282, 14.1809930801392, 2009603, 3, 94
2022.35797951, 50.7241683056826, 137.796408176745, 14.183310508728, 2009603, 3, 94
2022.35797951, 50.7242445628638, 137.796396935567, 14.1541080474854, 2009603, 3, 94
2022.35797951, 50.7243207892748, 137.796385785437, 14.1707363128662, 2009603, 3, 96
2022.35797951, 50.7244033464928, 137.796373673172, 14.1798439025879, 2009603, 3, 96
2022.35797951, 50.7245303024728, 137.796355224689, 14.1589040756226, 2009603, 3, 96
2022.35797951, 50.7246255097383, 137.796341326352, 14.1401138305664, 2009603, 3, 96
2022.35797951, 50.7246953055035, 137.796331292601, 14.165189743042, 2009603, 3, 96
2022.35797951, 50.7247714571541, 137.796320226867, 14.143030166626, 2009603, 3, 97
2022.35797951, 50.724853956831, 137.796308282576, 14.1428775787354, 2009603, 3, 97
2022.35797951, 50.724961859241, 137.796292546637, 14.1253290176392, 2009603, 3, 97
2022.35797951, 50.725063436481, 137.796277718656, 14.1016540527344, 2009603, 3, 97
2022.35797951, 50.7251395409445, 137.796266704067, 14.1476640701294, 2009603, 3, 97
2022.35797951, 50.7252540540248, 137.796249766623, 14.1930522918701, 2009603, 3, 97
2022.35797951, 50.7260181922641, 137.796133898681, 14.1640872955322, 2009603, 3, 97
2022.35797951, 50.7270169726988, 137.795977281172, 14.1491279602051, 2009603, 3, 98
2022.35797951, 50.7272076081789, 137.795947324263, 14.1178865432739, 2009603, 3, 98
2022.35797951, 50.7275634617148, 137.795891721873, 14.1764688491821, 2009603, 3, 98
2022.35797951, 50.7282185196241, 137.795791244225, 14.1368846893311, 2009603, 3, 97
2022.35797951, 50.728396604425, 137.795764291282, 14.1433773040771, 2009603, 3, 97
2022.35797951, 50.7284665632444, 137.795753662676, 14.1033363342285, 2009603, 3, 97
2022.35797951, 50.7285237876774, 137.795745084837, 14.1301441192627, 2009603, 3, 97
2022.35797951, 50.7285937354709, 137.795734472305, 14.1263227462769, 2009603, 3, 97
2022.35797951, 50.7286636668805, 137.795723978686, 14.0914649963379, 2009603, 3, 97
2022.35797951, 50.7287145328935, 137.795716216317, 14.1001510620117, 2009603, 3, 97
2022.35797951, 50.7287717402973, 137.795707642174, 14.139217376709, 2009603, 3, 97
2022.35797951, 50.728816241487, 137.795700889623, 14.1140565872192, 2009603, 3, 97
2022.35797951, 50.7288607343335, 137.795694182356, 14.1003112792969, 2009603, 3, 97
2022.35797951, 50.7288988752817, 137.795688375288, 14.0883121490479, 2009603, 3, 97
2022.35797951, 50.7289371386987, 137.795682620526, 14.1280679702759, 2009603, 3, 97
2022.35797951, 50.7289815512042, 137.795675942193, 14.1090898513794, 2009603, 3, 97
2022.35797951, 50.7290259653536, 137.795669210447, 14.103048324585, 2009603, 3, 97
2022.35797951, 50.7290640432931, 137.79566334968, 14.0763940811157, 2009603, 3, 97
2022.35797951, 50.7291084513073, 137.795656687373, 14.0998487472534, 2009603, 3, 97
2022.35797951, 50.729146520111, 137.795650924006, 14.1070795059204, 2009603, 3, 97
2022.35797951, 50.7291782533799, 137.795646037369, 14.1138801574707, 2009603, 3, 97
2022.35797951, 50.7292163238106, 137.795640311988, 14.1264009475708, 2009603, 3, 97
2022.35797951, 50.729254402672, 137.795634521096, 14.1513595581055, 2009603, 3, 97
2022.35797951, 50.7293242263758, 137.795623847903, 14.1726350784302, 2009603, 3, 97
2022.35797951, 50.7298007645527, 137.795551204257, 14.1135683059692, 2009603, 3, 96
2022.35797951, 50.7299598629234, 137.795526941053, 14.1465072631836, 2009603, 3, 96
2022.35797951, 50.7300235413559, 137.795517179205, 14.1402730941772, 2009603, 3, 97
2022.35797951, 50.7300999848173, 137.795505492143, 14.1504306793213, 2009603, 3, 97
2022.35797951, 50.7301828310967, 137.795492811173, 14.1485004425049, 2009603, 3, 96
2022.35797951, 50.7302464497124, 137.795482972544, 14.136025428772, 2009603, 3, 96
2022.35797951, 50.7303552032535, 137.795466409159, 14.1817874908447, 2009603, 3, 97
2022.35797951, 50.7305087597575, 137.795442863145, 14.1575717926025, 2009603, 3, 97
2022.35797951, 50.7306686360384, 137.795418444666, 14.1633396148682, 2009603, 3, 97
2022.35797951, 50.7313693056641, 137.795311396774, 14.1601667404175, 2009603, 3, 98
2022.35797951, 50.7315026543586, 137.795291207785, 14.1356067657471, 2009603, 3, 98
2022.35797951, 50.7315844804415, 137.795278688646, 14.1528339385986, 2009603, 3, 98
2022.35797951, 50.7317165323891, 137.795258470615, 14.1381711959839, 2009603, 3, 98
2022.35797951, 50.7318799075628, 137.795233665346, 14.145055770874, 2009603, 3, 98
2022.35797951, 50.7319867323695, 137.79521752444, 14.1268396377563, 2009603, 3, 98
2022.35797951, 50.7320621747033, 137.79520616381, 14.1242341995239, 2009603, 3, 98
2022.35797951, 50.7321502399875, 137.795193012104, 14.1081342697144, 2009603, 3, 98
2022.35797951, 50.7322509948711, 137.79517795526, 14.1488380432129, 2009603, 3, 98
2022.35797951, 50.7323581917771, 137.795162078335, 14.1671857833862, 2009603, 3, 98
2022.35797951, 50.7324466162211, 137.795148938068, 14.1138114929199, 2009603, 3, 98
2022.35797951, 50.732560498826, 137.795132195482, 14.1178102493286, 2009603, 3, 98
2022.35797951, 50.732756809298, 137.795103404909, 14.1530265808105, 2009603, 3, 98
2022.35797951, 50.7330195960618, 137.795065803348, 14.1500463485718, 2009603, 3, 98
2022.35797951, 50.7332380529495, 137.795034550061, 14.1161270141602, 2009603, 3, 98
2022.35797952, 50.7333537539726, 137.795017958261, 14.1450729370117, 2009603, 3, 98
2022.35797952, 50.7334886861337, 137.794998457079, 14.1281690597534, 2009603, 3, 98
2022.35797952, 50.7337132276479, 137.794965605317, 14.1380710601807, 2009603, 3, 97
2022.35797952, 50.7338923603807, 137.794938968038, 14.1242351531982, 2009603, 3, 97
2022.35797952, 50.7341090956647, 137.794906114837, 14.1083917617798, 2009603, 3, 97
2022.35797952, 50.7342039572382, 137.794891311243, 14.1187295913696, 2009603, 3, 97
2022.35797952, 50.7343175902977, 137.794873566028, 14.1745491027832, 2009603, 3, 98
2022.35797952, 50.7344625558527, 137.794850672581, 14.1107339859009, 2009603, 3, 98
2022.35797952, 50.7346262238458, 137.794824668187, 14.1258678436279, 2009603, 3, 98
2022.35797952, 50.7348464226513, 137.794789649445, 14.1516761779785, 2009603, 3, 98
2022.35797952, 50.7351487584061, 137.79474161932, 14.0785093307495, 2009603, 3, 98
2022.35797952, 50.7353507933809, 137.79470999211, 14.1186714172363, 2009603, 3, 98
2022.35797952, 50.7354840879357, 137.794689324057, 14.081880569458, 2009603, 3, 98
2022.35797952, 50.7355476372889, 137.794679608181, 14.1112985610962, 2009603, 3, 98
2022.35797952, 50.7356176054088, 137.794668933167, 14.1138124465942, 2009603, 3, 98
2022.35797952, 50.735694006075, 137.79465731327, 14.0993757247925, 2009603, 3, 98
2022.35797952, 50.7357640961941, 137.79464671233, 14.0887136459351, 2009603, 3, 98
2022.35797952, 50.7358342306819, 137.794636271319, 14.1196041107178, 2009603, 3, 98
2022.35797952, 50.7358980335833, 137.794626803614, 14.1270084381104, 2009603, 3, 98
2022.35797952, 50.7359554964921, 137.794618182693, 14.1455411911011, 2009603, 3, 98
2022.35797952, 50.7360257489808, 137.79460791358, 14.1648139953613, 2009603, 3, 98
2022.35797952, 50.7361024351791, 137.794596640655, 14.1451845169067, 2009603, 3, 98
2022.35797952, 50.7362047235633, 137.794581822693, 14.1313695907593, 2009603, 3, 98
2022.35797952, 50.7364030036718, 137.794553430638, 14.1797008514404, 2009603, 3, 98
2022.35797952, 50.7366013075564, 137.794525181699, 14.1087779998779, 2009603, 3, 98
2022.35797952, 50.7366908505146, 137.794512857865, 14.1159381866455, 2009603, 3, 98
2022.35797952, 50.7367483993816, 137.794504916172, 14.1344575881958, 2009603, 3, 98
2022.35797952, 50.7368123259377, 137.794496059921, 14.1155843734741, 2009603, 3, 98
2022.35797952, 50.7368826077432, 137.794486439863, 14.1273803710938, 2009603, 3, 98
2022.35797952, 50.7369784071156, 137.794473142312, 14.0976104736328, 2009603, 3, 98
2022.35797952, 50.7370868732256, 137.794458218637, 14.1163530349731, 2009603, 3, 98
2022.35797952, 50.7371697551101, 137.794446689303, 14.1489019393921, 2009603, 3, 98
2022.35797952, 50.7373162261124, 137.79442617633, 14.1388549804688, 2009603, 3, 98
2022.35797952, 50.7375767642171, 137.794389192082, 14.1071863174438, 2009603, 3, 98
2022.35797952, 50.7377732927347, 137.794360589248, 14.1053075790405, 2009603, 3, 98
2022.35797952, 50.7378873193948, 137.794343806658, 14.1184196472168, 2009603, 3, 98
2022.35797952, 50.7379630108766, 137.794332299542, 14.1218023300171, 2009603, 3, 98
2022.35797952, 50.7380638908894, 137.79431676967, 14.1059436798096, 2009603, 3, 98
2022.35797952, 50.7381836430296, 137.794298240591, 14.1110553741455, 2009603, 3, 98
2022.35797952, 50.7382718713469, 137.79428455249, 14.120997428894, 2009603, 3, 98
2022.35797952, 50.7383853368493, 137.794266906812, 14.1370964050293, 2009603, 3, 98
2022.35797952, 50.7385051829353, 137.79424808388, 14.1166210174561, 2009603, 3, 98
2022.35797952, 50.7386819725691, 137.794220587554, 14.1269702911377, 2009603, 3, 98
2022.35797952, 50.7389034257536, 137.794186193153, 14.1042346954346, 2009603, 3, 98
2022.35797952, 50.7391890573568, 137.794142638248, 14.0713186264038, 2009603, 3, 98
2022.35797952, 50.7395087314397, 137.794095587992, 14.1113204956055, 2009603, 3, 98
2022.35797952, 50.7398477037554, 137.79404695829, 14.103569984436, 2009603, 3, 98
2022.35797952, 50.74012216211, 137.794008251817, 14.1004390716553, 2009603, 3, 98
2022.35797952, 50.7404087107473, 137.793968191086, 14.116644859314, 2009603, 3, 98
2022.35797952, 50.7407240496974, 137.793924437928, 14.0880832672119, 2009603, 3, 98
2022.35797952, 50.7409950811854, 137.793886244679, 14.0858612060547, 2009603, 3, 97
2022.35797952, 50.7412350330954, 137.793851853294, 14.1296043395996, 2009603, 3, 98
2022.35797952, 50.7414885136796, 137.793814724258, 14.1033267974854, 2009603, 3, 98
2022.35797952, 50.7417432922689, 137.793776456439, 14.0819110870361, 2009603, 3, 98
2022.35797952, 50.7419746195525, 137.793740547677, 14.1016702651978, 2009603, 3, 98
2022.35797952, 50.742219335148, 137.79370233266, 14.0967512130737, 2009603, 3, 98
2022.35797952, 50.742393281822, 137.793675301306, 14.0898523330688, 2009603, 3, 97
2022.35797952, 50.7425735299076, 137.793647500378, 14.1140661239624, 2009603, 3, 97
2022.35797952, 50.7427406325668, 137.793622016772, 14.0998401641846, 2009603, 3, 97
2022.35797952, 50.7429077326628, 137.793596545032, 14.0692796707153, 2009603, 3, 97
2022.35797952, 50.7430670285549, 137.793573536113, 14.096905708313, 2009603, 3, 97
2022.35797952, 50.743200523569, 137.793554569577, 14.1120271682739, 2009603, 3, 97
2022.35797952, 50.7434921625606, 137.793513432614, 14.0955295562744, 2009603, 3, 97
2022.35797952, 50.7436313542689, 137.793493925355, 14.0886793136597, 2009603, 3, 97
2022.35797952, 50.7437641201707, 137.793475296215, 14.090968132019, 2009603, 3, 97
2022.35797952, 50.743884205416, 137.793458275158, 14.0851926803589, 2009603, 3, 97
2022.35797952, 50.7440485130086, 137.793435006944, 14.1188364028931, 2009603, 3, 96
2022.35797952, 50.7442508052848, 137.793406077654, 14.1418619155884, 2009603, 3, 97
2022.35797952, 50.7443965932472, 137.793384476654, 14.0906190872192, 2009603, 3, 97
2022.35797952, 50.7445488487821, 137.7933616866, 14.0997591018677, 2009603, 3, 97
2022.35797952, 50.7447520506698, 137.793331134307, 14.113712310791, 2009603, 3, 97
2022.35797952, 50.744949102498, 137.793301463137, 14.1396179199219, 2009603, 3, 97
2022.35797952, 50.7451017713712, 137.793278529539, 14.0835199356079, 2009603, 3, 97
2022.35797952, 50.7452163266567, 137.793261406964, 14.0679349899292, 2009603, 3, 97
2022.35797952, 50.745330912605, 137.793244357981, 14.1335134506226, 2009603, 3, 97
2022.35797952, 50.7455601613524, 137.793210502703, 14.1081771850586, 2009603, 3, 97
2022.35797952, 50.7458213071552, 137.793173052784, 14.0984830856323, 2009603, 3, 97
2022.35797952, 50.7459995925591, 137.793147685582, 14.095311164856, 2009603, 3, 97
2022.35797952, 50.7461396129031, 137.793127878119, 14.0973987579346, 2009603, 3, 96
2022.35797952, 50.7463749398108, 137.793094804718, 14.1140899658203, 2009603, 3, 97
2022.35797952, 50.7466418133803, 137.793057299096, 14.086464881897, 2009603, 3, 97
2022.35797952, 50.7468069090678, 137.79303404498, 14.1088333129883, 2009603, 3, 96
2022.35797952, 50.7470604285855, 137.792998125148, 14.082878112793, 2009603, 3, 96
2022.35797952, 50.7474028023803, 137.792949091067, 14.0413761138916, 2009603, 3, 94
2022.35797952, 50.7476250010935, 137.792916739302, 14.103874206543, 2009603, 3, 87
2022.35797952, 50.7478729838991, 137.792880366954, 14.0825757980347, 2009603, 3, 80
2022.35797952, 50.7480002494088, 137.79286161229, 14.0764837265015, 2009603, 3, 68
2022.35797952, 50.7481087371002, 137.792845433351, 14.073263168335, 2009603, 3, 68
2022.35797952, 50.7482173246862, 137.79282911779, 14.0934085845947, 2009603, 3, 68
2022.35797953, 50.7668416214128, 137.790152049401, 14.0497064590454, 2009603, 3, 51
2022.35797953, 50.7669437479492, 137.790136774798, 14.0095586776733, 2009603, 3, 51
2022.35797953, 50.7670906808699, 137.790114734895, 14.0639457702637, 2009603, 3, 54
2022.35797953, 50.7673263880828, 137.790081318718, 14.0238075256348, 2009603, 3, 54
2022.35798047, 52.6377630351053, 137.497466585887, 47.332103729248, 2007706, 3, 93
2022.35798047, 52.6381241240157, 137.497409264569, 47.3317909240723, 2007706, 3, 93
2022.35798047, 52.6385279406304, 137.497343653546, 47.3143272399902, 2007706, 3, 94
2022.35798047, 52.6389503323297, 137.497274570652, 47.2942428588867, 2007706, 3, 94
2022.35798047, 52.6393735670271, 137.497205841817, 47.2964363098145, 2007706, 3, 95
2022.35797876, 49.1989417017198, 138.026006040668, 292.437866210938, 2006423, 4, 87
2022.35797918, 50.0451929438136, 137.900474761383, 102.068305969238, 2009603, 4, 62
2022.35797918, 50.0482590101201, 137.900066013652, 102.481887817383, 2009603, 4, 77
2022.35797918, 50.0486085282254, 137.900019759253, 102.468841552734, 2009603, 4, 83
2022.35797918, 50.0489133204834, 137.899979084871, 102.46565246582, 2009603, 4, 58
2022.35797951, 50.7040914317446, 137.800715091563, 14.2101440429688, 2009603, 4, 75
2022.35797951, 50.7064112384384, 137.800362941569, 14.1596565246582, 2009603, 4, 66
2022.35797951, 50.7067811827435, 137.800307117836, 14.2647657394409, 2009603, 4, 86
2022.35797951, 50.7072654609326, 137.800232234506, 14.1848802566528, 2009603, 4, 84
2022.35797951, 50.7074943054959, 137.800195672148, 14.2089004516602, 2009603, 4, 84
2022.35797951, 50.7076404316629, 137.800172294058, 14.1684703826904, 2009603, 4, 80
2022.35797951, 50.7077738186051, 137.800151038451, 14.1630420684814, 2009603, 4, 73
2022.35797951, 50.7079326032228, 137.800125972578, 14.2027368545532, 2009603, 4, 73
2022.35797951, 50.7081040883499, 137.800099197106, 14.2164344787598, 2009603, 4, 71
2022.35797951, 50.7083709269534, 137.800058459894, 14.233606338501, 2009603, 4, 68
2022.35797951, 50.7087779890717, 137.799999310011, 14.2218723297119, 2009603, 4, 62
2022.35797952, 50.712225542909, 137.799478515656, 14.2026796340942, 2009603, 4, 62
2022.35797952, 50.7130950604177, 137.799350703935, 14.2145595550537, 2009603, 4, 92
2022.35797952, 50.71400887459, 137.799215090098, 14.1824312210083, 2009603, 4, 96
2022.35797952, 50.7147594392605, 137.799101725819, 14.2158107757568, 2009603, 4, 68
2022.35797952, 50.7178230597391, 137.798651452796, 14.2380638122559, 2009603, 4, 56
2022.35797952, 50.718026454739, 137.798620170232, 14.1954860687256, 2009603, 4, 71
2022.35797952, 50.7184407351986, 137.79855737208, 14.2219285964966, 2009603, 4, 79
2022.35797952, 50.7193562499726, 137.798427720938, 14.2125024795532, 2009603, 4, 82
2022.35797952, 50.7235160945832, 137.797814057243, 14.2075595855713, 2009603, 4, 71
2022.35797952, 50.7257748261763, 137.797490032235, 14.1895627975464, 2009603, 4, 97
2022.35797952, 50.7268549342305, 137.797334818631, 14.2277021408081, 2009603, 4, 97
2022.35797952, 50.7277391368358, 137.797207851604, 14.1946878433228, 2009603, 4, 98
2022.35797952, 50.7291774582338, 137.797002860592, 14.2099714279175, 2009603, 4, 97
2022.35797952, 50.7295276145858, 137.796954106258, 14.1560068130493, 2009603, 4, 97
2022.35797952, 50.7297759747665, 137.796919048597, 14.1527986526489, 2009603, 4, 96
2022.35797952, 50.7304129887083, 137.796825626571, 14.2058401107788, 2009603, 4, 97
2022.35797952, 50.7308587228614, 137.796758538956, 14.181583404541, 2009603, 4, 97
2022.35797952, 50.731437310465, 137.796673366177, 14.18359375, 2009603, 4, 98
2022.35797953, 50.73188790506, 137.796610191051, 14.1748170852661, 2009603, 4, 98
2022.35797953, 50.7322873006714, 137.796555035628, 14.1894283294678, 2009603, 4, 98
2022.35797953, 50.73269923672, 137.796497973178, 14.174973487854, 2009603, 4, 98
2022.35797953, 50.7330795124689, 137.796444287341, 14.1663208007812, 2009603, 4, 97
2022.35797953, 50.7334478096447, 137.796391601295, 14.1903829574585, 2009603, 4, 97
2022.35797953, 50.7339125532082, 137.796324257945, 14.1645021438599, 2009603, 4, 98
2022.35797953, 50.7344174669768, 137.796250652392, 14.2016201019287, 2009603, 4, 98
2022.35797953, 50.735036622638, 137.796160568281, 14.1767520904541, 2009603, 4, 97
2022.35797953, 50.7356082055524, 137.796078649786, 14.1778144836426, 2009603, 4, 97
2022.35797953, 50.735937778185, 137.796031681828, 14.1472473144531, 2009603, 4, 97
2022.35797953, 50.7362485369558, 137.795987612253, 14.2034206390381, 2009603, 4, 97
2022.35797953, 50.736680846001, 137.795926120011, 14.2049551010132, 2009603, 4, 98
2022.35797953, 50.7369676546597, 137.795885155283, 14.1931104660034, 2009603, 4, 98
2022.35797953, 50.7373695739476, 137.795827513831, 14.1453590393066, 2009603, 4, 98
2022.35797953, 50.7378989945138, 137.795751091647, 14.190034866333, 2009603, 4, 98
2022.35797953, 50.738313023826, 137.7956911123, 14.1498699188232, 2009603, 4, 98
2022.35797953, 50.7387584272068, 137.795627139763, 14.1820859909058, 2009603, 4, 98
2022.35797953, 50.739241519111, 137.795558812283, 14.1848068237305, 2009603, 4, 98
2022.35797953, 50.7401249101637, 137.795435098095, 14.1604528427124, 2009603, 4, 97
2022.35797953, 50.741238085754, 137.795275741225, 14.1706094741821, 2009603, 4, 98
2022.35797953, 50.7424480318076, 137.795096135882, 14.131986618042, 2009603, 4, 97
2022.35797953, 50.7433140511235, 137.7949714571, 14.1772499084473, 2009603, 4, 98
2022.35797953, 50.7440478857817, 137.794868853312, 14.1395854949951, 2009603, 4, 97
2022.35797953, 50.7447840899776, 137.794765454991, 14.1863746643066, 2009603, 4, 97
2022.35797953, 50.7457555658942, 137.794627997603, 14.1653022766113, 2009603, 4, 97
2022.35797953, 50.7466778963024, 137.794495053903, 14.1626348495483, 2009603, 4, 96
2022.35797953, 50.7479235868497, 137.794311805588, 14.153525352478, 2009603, 4, 96
2022.35797954, 50.7679100472645, 137.791313115214, 14.1042642593384, 2009603, 4, 53
2022.35797954, 50.7681821623299, 137.791272043224, 14.0972509384155, 2009603, 4, 79
2022.35798048, 52.6383145146697, 137.498630632365, 47.3341331481934, 2007706, 4, 94
2022.35798048, 52.6395687084194, 137.498424665353, 47.3019104003906, 2007706, 4, 94
2022.3579795, 50.7023920114408, 137.845885174915, 14.1772212982178, 2009603, 5, 82
2022.3579795, 50.7105692842255, 137.844582078139, 14.1612863540649, 2009603, 5, 71
2022.3579795, 50.7107661630719, 137.844549795804, 14.1003618240356, 2009603, 5, 88
2022.3579795, 50.7109058593687, 137.844527008351, 14.1210203170776, 2009603, 5, 88
2022.3579795, 50.7109566463635, 137.844518761398, 14.0867786407471, 2009603, 5, 88
2022.3579795, 50.7109947346242, 137.844512587489, 14.0704154968262, 2009603, 5, 88
2022.3579795, 50.7110328174351, 137.844506432936, 14.0954303741455, 2009603, 5, 89
2022.3579795, 50.7110708906319, 137.844500312792, 14.0604562759399, 2009603, 5, 89
2022.3579795, 50.7111026284192, 137.844495168301, 14.0881185531616, 2009603, 5, 90
2022.3579795, 50.7111533915395, 137.844486998037, 14.1345129013062, 2009603, 5, 90
2022.3579795, 50.7112232412145, 137.844475750301, 14.1610488891602, 2009603, 5, 90
2022.3579795, 50.7112992751863, 137.844463677911, 14.1333084106445, 2009603, 5, 88
2022.3579795, 50.7113562869739, 137.844454660596, 14.0960483551025, 2009603, 5, 88
2022.3579795, 50.7113942909665, 137.844448670141, 14.0626182556152, 2009603, 5, 88
2022.3579795, 50.7114259576856, 137.844443687065, 14.0412569046021, 2009603, 5, 88
2022.3579795, 50.7114576168235, 137.844438740678, 14.0647430419922, 2009603, 5, 88
2022.3579795, 50.7114892816907, 137.844433766431, 14.0514211654663, 2009603, 5, 88
2022.3579795, 50.7115146177733, 137.844429774858, 14.043646812439, 2009603, 5, 85
2022.3579795, 50.7115462730056, 137.8444248409, 14.0560255050659, 2009603, 5, 85
2022.3579795, 50.7115716061957, 137.844420857031, 14.0553693771362, 2009603, 5, 85
2022.3579795, 50.7116032673869, 137.844415912078, 14.0493650436401, 2009603, 5, 85
2022.3579795, 50.7116349161956, 137.84441101122, 14.0670289993286, 2009603, 5, 85
2022.3579795, 50.7116665847037, 137.844406038674, 14.1277074813843, 2009603, 5, 85
2022.3579795, 50.7117235705705, 137.844397176613, 14.0953683853149, 2009603, 5, 85
2022.3579795, 50.7117805555807, 137.84438832188, 14.0986423492432, 2009603, 5, 82
2022.3579795, 50.7118502045103, 137.844377534526, 14.1569633483887, 2009603, 5, 82
2022.3579795, 50.7120972095273, 137.844339349394, 14.135796546936, 2009603, 5, 82
2022.3579795, 50.7122239308668, 137.84431981491, 14.0944356918335, 2009603, 5, 82
2022.3579795, 50.7122746380151, 137.844311987008, 14.0723848342896, 2009603, 5, 77
2022.3579795, 50.7123190134989, 137.844305135048, 14.07200050354, 2009603, 5, 77
2022.3579795, 50.7123634026236, 137.844298256659, 14.0614500045776, 2009603, 5, 77
2022.3579795, 50.7124014540246, 137.84429237131, 14.0374479293823, 2009603, 5, 77
2022.3579795, 50.7124331625239, 137.844287475454, 14.057915687561, 2009603, 5, 77
2022.3579795, 50.7124711978949, 137.844281638912, 14.0455446243286, 2009603, 5, 77
2022.3579795, 50.7125029354194, 137.844276689354, 14.0778684616089, 2009603, 5, 76
2022.3579795, 50.7125410087831, 137.844270817697, 14.0637588500977, 2009603, 5, 76
2022.3579795, 50.7125664089698, 137.84426684568, 14.0489568710327, 2009603, 5, 76
2022.3579795, 50.7125981528147, 137.844261921484, 14.0575485229492, 2009603, 5, 76
2022.3579795, 50.7126362424347, 137.844256024738, 14.0422859191895, 2009603, 5, 76
2022.3579795, 50.7126679973321, 137.844251089099, 14.0494432449341, 2009603, 5, 76
2022.3579795, 50.7126997613313, 137.844246125454, 14.0401411056519, 2009603, 5, 74
2022.3579795, 50.7127378798103, 137.844240185051, 14.0966653823853, 2009603, 5, 74
2022.3579795, 50.7127696499714, 137.844235227943, 14.0295248031616, 2009603, 5, 83
2022.3579795, 50.7128204862315, 137.844227314951, 14.0955276489258, 2009603, 5, 83
2022.3579795, 50.7129031313883, 137.844214377442, 14.1481494903564, 2009603, 5, 83
2022.3579795, 50.7130621483576, 137.844189416817, 14.1585092544556, 2009603, 5, 87
2022.3579795, 50.7131703471674, 137.844172345422, 14.1149854660034, 2009603, 5, 87
2022.3579795, 50.7132212865228, 137.84416426632, 14.0705528259277, 2009603, 5, 87
2022.3579795, 50.7132658593021, 137.844157201599, 14.1007490158081, 2009603, 5, 89
2022.3579795, 50.7133104408944, 137.844150132614, 14.0742588043213, 2009603, 5, 89
2022.3579795, 50.7133422877826, 137.844145075023, 14.0769948959351, 2009603, 5, 89
2022.3579795, 50.7133805120905, 137.844138988307, 14.0638647079468, 2009603, 5, 89
2022.3579795, 50.7134123727746, 137.844133891828, 14.0671939849854, 2009603, 5, 89
2022.3579795, 50.7134506031383, 137.84412779698, 14.1080751419067, 2009603, 5, 89
2022.3579795, 50.713495204076, 137.84412068908, 14.0998344421387, 2009603, 5, 89
2022.3579795, 50.7135716939453, 137.84410842046, 14.1301355361938, 2009603, 5, 89
2022.3579795, 50.713705556064, 137.844086952887, 14.1101694107056, 2009603, 5, 89
2022.3579795, 50.7139096712664, 137.844053948989, 14.1272048950195, 2009603, 5, 86
2022.3579795, 50.7141393681017, 137.844016633747, 14.1370878219604, 2009603, 5, 87
2022.3579795, 50.7142605381995, 137.843996919167, 14.1026401519775, 2009603, 5, 90
2022.3579795, 50.7143115425377, 137.843988609441, 14.0854434967041, 2009603, 5, 90
2022.3579795, 50.7143497848129, 137.843982383972, 14.0605697631836, 2009603, 5, 90
2022.3579795, 50.7143880125647, 137.843976195853, 14.0445833206177, 2009603, 5, 90
2022.3579795, 50.7144262439282, 137.843969967732, 14.0917882919312, 2009603, 5, 90
2022.3579795, 50.7144899319913, 137.843959638031, 14.0770397186279, 2009603, 5, 90
2022.3579795, 50.7145599629807, 137.843948288172, 14.109582901001, 2009603, 5, 90
2022.3579795, 50.7146554242111, 137.843932791016, 14.1020526885986, 2009603, 5, 90
2022.3579795, 50.7147571666779, 137.843916363894, 14.0837831497192, 2009603, 5, 90
2022.3579795, 50.7148080146616, 137.843908167858, 14.0780820846558, 2009603, 5, 90
2022.3579795, 50.7148588365573, 137.843900019946, 14.1068773269653, 2009603, 5, 90
2022.3579795, 50.7149159998224, 137.84389083309, 14.1148529052734, 2009603, 5, 90
2022.3579795, 50.7149858395276, 137.843879616448, 14.087121963501, 2009603, 5, 90
2022.3579795, 50.7150304003803, 137.843872433657, 14.0620975494385, 2009603, 5, 90
2022.3579795, 50.7150683843592, 137.843866423905, 14.0572748184204, 2009603, 5, 90
2022.3579795, 50.7151063790364, 137.843860351426, 14.0668601989746, 2009603, 5, 90
2022.3579795, 50.715156998887, 137.84385237942, 14.0975351333618, 2009603, 5, 90
2022.3579795, 50.7152392557672, 137.843839364236, 14.0892581939697, 2009603, 5, 90
2022.3579795, 50.7153341509146, 137.843824377479, 14.0937852859497, 2009603, 5, 90
2022.3579795, 50.715378430416, 137.843817405202, 14.037127494812, 2009603, 5, 90
2022.3579795, 50.7154226980504, 137.843810470057, 14.1187562942505, 2009603, 5, 90
2022.3579795, 50.7154985952651, 137.843798588133, 14.1015501022339, 2009603, 5, 90
2022.3579795, 50.7155745004732, 137.843786722257, 14.1082515716553, 2009603, 5, 90
2022.3579795, 50.7157706875568, 137.843756103079, 14.0986557006836, 2009603, 5, 87
2022.3579795, 50.715929030769, 137.843731511705, 14.1175174713135, 2009603, 5, 89
2022.3579795, 50.7161891049511, 137.843691215872, 14.1282091140747, 2009603, 5, 79
2022.35797951, 50.7205465931719, 137.843007797904, 14.0180025100708, 2009603, 5, 56
2022.35797951, 50.7206098270489, 137.842998291905, 14.0286092758179, 2009603, 5, 57
2022.35797951, 50.7206667212897, 137.842989775869, 14.0177640914917, 2009603, 5, 57
2022.35797951, 50.7207299324341, 137.842980314917, 14.025689125061, 2009603, 5, 57
2022.35797951, 50.7208184516103, 137.842966972724, 14.0484418869019, 2009603, 5, 64
2022.35797951, 50.7209512499403, 137.842946911633, 14.0250968933105, 2009603, 5, 64
2022.35797951, 50.7211600846344, 137.842915031847, 14.0280456542969, 2009603, 5, 69
2022.35797951, 50.7213438139126, 137.842886597502, 14.0518999099731, 2009603, 5, 68
2022.35797951, 50.7214770866561, 137.842865588243, 14.0278425216675, 2009603, 5, 68
2022.35797951, 50.7215789086328, 137.842849084537, 14.0214357376099, 2009603, 5, 65
2022.35797951, 50.7216680435535, 137.842834593728, 13.9974765777588, 2009603, 5, 65
2022.35797951, 50.7217253719071, 137.842825212396, 14.0137014389038, 2009603, 5, 65
2022.35797951, 50.7320453503411, 137.841231198509, 14.1018352508545, 2009603, 5, 82
2022.35797951, 50.7321461730846, 137.841216408664, 14.0864381790161, 2009603, 5, 82
2022.35797951, 50.7322091935163, 137.841207151028, 14.0815172195435, 2009603, 5, 82
2022.35797951, 50.7322785201764, 137.84119699283, 14.0835552215576, 2009603, 5, 92
2022.35797951, 50.7323856953619, 137.841181288564, 14.084228515625, 2009603, 5, 92
2022.35797951, 50.7324740082778, 137.841168336511, 14.0746250152588, 2009603, 5, 92
2022.35797951, 50.7325687009967, 137.841154398664, 14.0787220001221, 2009603, 5, 92
2022.35797951, 50.7326318826372, 137.841145044214, 14.0550193786621, 2009603, 5, 92
2022.35797951, 50.7326824507221, 137.841137572193, 14.0561065673828, 2009603, 5, 92
2022.35797951, 50.7327267244245, 137.841131001055, 14.0670185089111, 2009603, 5, 92
2022.35797951, 50.7327773481755, 137.84112348462, 14.0712461471558, 2009603, 5, 94
2022.35797951, 50.7328278323427, 137.841116126327, 14.0734262466431, 2009603, 5, 94
2022.35797951, 50.7328850195398, 137.841107426815, 14.0825214385986, 2009603, 5, 94
2022.35797951, 50.7329422452028, 137.841098698711, 14.0772323608398, 2009603, 5, 94
2022.35797951, 50.7330122479241, 137.841087948319, 14.0778951644897, 2009603, 5, 95
2022.35797951, 50.7331842733145, 137.841061469916, 14.0727415084839, 2009603, 5, 95
2022.35797951, 50.7333373855438, 137.841037810442, 14.0890092849731, 2009603, 5, 97
2022.35797951, 50.7334970308682, 137.841013064974, 14.0733709335327, 2009603, 5, 97
2022.35797951, 50.7336695212871, 137.840986398333, 14.0798072814941, 2009603, 5, 96
2022.35797951, 50.7337525965417, 137.840973523163, 14.0719013214111, 2009603, 5, 97
2022.35797951, 50.7338292655955, 137.840961703838, 14.0818109512329, 2009603, 5, 97
2022.35797951, 50.7339059127735, 137.840949942137, 14.0805740356445, 2009603, 5, 97
2022.35797951, 50.7339825601788, 137.840938141676, 14.0500116348267, 2009603, 5, 97
2022.35797951, 50.7340784286683, 137.840923281182, 14.0639686584473, 2009603, 5, 97
2022.35797951, 50.7341612846354, 137.840910833547, 14.0726709365845, 2009603, 5, 97
2022.35797951, 50.7342504766471, 137.840897463215, 14.0736026763916, 2009603, 5, 98
2022.35797951, 50.7343905369885, 137.840876563174, 14.0855531692505, 2009603, 5, 98
2022.35797951, 50.7346639865698, 137.840835877551, 14.0541467666626, 2009603, 5, 96
2022.35797951, 50.734962450935, 137.840791518343, 14.057544708252, 2009603, 5, 96
2022.35797951, 50.7352606176901, 137.8407470158, 14.0416479110718, 2009603, 5, 95
2022.35797951, 50.7355903263695, 137.840697098932, 14.0821018218994, 2009603, 5, 93
2022.35797951, 50.7358566735487, 137.840656373231, 14.0706205368042, 2009603, 5, 90
2022.35797951, 50.736148666438, 137.840611914271, 14.0867910385132, 2009603, 5, 90
2022.35797951, 50.7364855827767, 137.840561189493, 14.0798816680908, 2009603, 5, 87
2022.35797951, 50.736886994137, 137.840502165547, 14.0689697265625, 2009603, 5, 78
2022.35797952, 50.7373398966872, 137.840437061719, 14.0648584365845, 2009603, 5, 68
2022.35797952, 50.7376392542512, 137.840394268863, 14.0632600784302, 2009603, 5, 64
2022.35797952, 50.7378681468659, 137.840361418161, 14.0691537857056, 2009603, 5, 58
2022.35797952, 50.7380394366141, 137.840336687438, 14.0594577789307, 2009603, 5, 61
2022.35797952, 50.7381280691412, 137.840323790077, 14.0233240127563, 2009603, 5, 61
2022.35797952, 50.7382039946031, 137.840312757172, 14.056266784668, 2009603, 5, 61
2022.35797952, 50.7382672560808, 137.840303497307, 14.0369577407837, 2009603, 5, 65
2022.35797952, 50.7383368213158, 137.840293308081, 14.0625505447388, 2009603, 5, 65
2022.35797952, 50.7384253594624, 137.84028024493, 14.0460758209229, 2009603, 5, 65
2022.35797952, 50.7385012329879, 137.840269040013, 14.0673799514771, 2009603, 5, 55
2022.35797952, 50.7385834156717, 137.840256895193, 14.0678787231445, 2009603, 5, 55
2022.35797952, 50.7427500376392, 137.839635280672, 14.3836650848389, 2009603, 5, 51
2022.35797952, 50.7429413186452, 137.839607034898, 14.0230846405029, 2009603, 5, 51
2022.35797952, 50.7431258348701, 137.839579728629, 14.0200414657593, 2009603, 5, 51
2022.35797952, 50.7443673642477, 137.839396595217, 14.0615329742432, 2009603, 5, 72
2022.35797952, 50.7449127106285, 137.839318578106, 14.0618629455566, 2009603, 5, 86
2022.35797952, 50.7454468116965, 137.839242158973, 14.0538730621338, 2009603, 5, 92
2022.35797952, 50.746084355688, 137.839149529746, 14.0433549880981, 2009603, 5, 97
2022.35797952, 50.7466830015902, 137.839061894437, 14.0373592376709, 2009603, 5, 98
2022.35797952, 50.7473868732895, 137.838959733607, 14.0425214767456, 2009603, 5, 97
2022.35797952, 50.7478880068303, 137.838887468844, 14.0382900238037, 2009603, 5, 98
2022.35797952, 50.7483082938557, 137.838826832025, 14.0444774627686, 2009603, 5, 97
2022.35797952, 50.7489663266694, 137.838731923854, 14.0385627746582, 2009603, 5, 95
2022.35797952, 50.7496099948566, 137.838639813957, 14.0429630279541, 2009603, 5, 96
2022.35797952, 50.7501933729381, 137.838556303797, 14.0402317047119, 2009603, 5, 97
2022.35797952, 50.7508573076603, 137.838458988145, 14.070240020752, 2009603, 5, 97
2022.35797952, 50.751452012746, 137.838370632068, 14.0900020599365, 2009603, 5, 97
2022.35797952, 50.7520107102616, 137.83829009688, 14.0615100860596, 2009603, 5, 95
2022.35797952, 50.7526546541974, 137.838201309285, 14.07945728302, 2009603, 5, 94
2022.35797952, 50.7533249431764, 137.838107166864, 14.0419950485229, 2009603, 5, 93
2022.35797952, 50.753981187318, 137.838011044603, 14.094934463501, 2009603, 5, 91
2022.35797952, 50.7546096842072, 137.837919862571, 14.0378494262695, 2009603, 5, 92
2022.35797952, 50.7551226988466, 137.837847724941, 14.0395059585571, 2009603, 5, 95
2022.35797952, 50.7557826165378, 137.837755413402, 14.0100498199463, 2009603, 5, 88
2022.35797952, 50.7564263675153, 137.837663997833, 14.0340242385864, 2009603, 5, 77
2022.35797952, 50.7570388960655, 137.837576834812, 14.0267210006714, 2009603, 5, 79
2022.35797953, 50.7575994787308, 137.837497735009, 14.0333108901978, 2009603, 5, 84
2022.35797953, 50.7582356914066, 137.837407462284, 14.0170640945435, 2009603, 5, 92
2022.35797953, 50.7588841692891, 137.837314108934, 14.0316753387451, 2009603, 5, 93
2022.35797953, 50.7594567351249, 137.837232444121, 14.0288372039795, 2009603, 5, 92
2022.35797953, 50.7601192442224, 137.837139947278, 14.0272197723389, 2009603, 5, 90
2022.35797953, 50.760762364935, 137.837049799705, 14.01513671875, 2009603, 5, 89
2022.35797953, 50.7614613771497, 137.836949000939, 14.0112972259521, 2009603, 5, 93
2022.35797953, 50.7622815118841, 137.836829408598, 14.0123195648193, 2009603, 5, 97
2022.35797953, 50.7630960035268, 137.836712740199, 14.018762588501, 2009603, 5, 97
2022.35797953, 50.7638125673832, 137.836613330354, 14.0294609069824, 2009603, 5, 98
2022.35797953, 50.7644784977, 137.836520386412, 14.0099039077759, 2009603, 5, 98
2022.35797953, 50.7650968453192, 137.836430227179, 13.9823150634766, 2009603, 5, 98
2022.35797953, 50.7655818975238, 137.836359192726, 14.0205020904541, 2009603, 5, 97
2022.35797953, 50.7659767718538, 137.836302689256, 14.0174951553345, 2009603, 5, 97
2022.35797953, 50.7662431431377, 137.83626604748, 13.9973344802856, 2009603, 5, 97
2022.35797953, 50.7664967810968, 137.83623141975, 14.0119400024414, 2009603, 5, 97
2022.35797953, 50.7667252270606, 137.836200151724, 14.0393829345703, 2009603, 5, 98
2022.35797953, 50.7669158266162, 137.836173850987, 14.0286617279053, 2009603, 5, 98
2022.35797953, 50.7670748508367, 137.836151710455, 14.0272674560547, 2009603, 5, 97
2022.35797953, 50.7671510249576, 137.836141143477, 14.0325965881348, 2009603, 5, 97
2022.35797953, 50.7672404902157, 137.836128348344, 14.0071992874146, 2009603, 5, 97
2022.35797953, 50.7673619732831, 137.836110873154, 14.0129814147949, 2009603, 5, 97
2022.35797953, 50.7674643170852, 137.836096045986, 14.0244035720825, 2009603, 5, 97
2022.35797953, 50.7675346890199, 137.836085799696, 14.018651008606, 2009603, 5, 97
2022.35797953, 50.7676114682689, 137.836074544217, 14.0234022140503, 2009603, 5, 97
2022.35797953, 50.7676946263699, 137.836062330899, 14.0125751495361, 2009603, 5, 97
2022.35797953, 50.7677713624607, 137.836051056232, 14.0519495010376, 2009603, 5, 97
2022.35797953, 50.7678353062566, 137.836041574476, 14.053092956543, 2009603, 5, 97
2022.35797953, 50.7679056010403, 137.836031180247, 14.0626401901245, 2009603, 5, 97
2022.35797953, 50.7679758696678, 137.836020751028, 14.0125799179077, 2009603, 5, 97
2022.35797953, 50.7680333337571, 137.836012210432, 14.0300149917603, 2009603, 5, 97
2022.35797953, 50.7680971477205, 137.83600271986, 14.0321788787842, 2009603, 5, 97
2022.35797953, 50.7681609236257, 137.835993235315, 14.0273380279541, 2009603, 5, 97
2022.35797953, 50.7682692527724, 137.8359770978, 14.0524129867554, 2009603, 5, 98
2022.35797953, 50.7683901776591, 137.835959075383, 14.0334730148315, 2009603, 5, 98
2022.35797953, 50.7684792249802, 137.835945866427, 14.04261302948, 2009603, 5, 98
2022.35797953, 50.7685615561712, 137.8359336277, 14.00807762146, 2009603, 5, 97
2022.35797953, 50.768669122438, 137.835917695548, 14.0249605178833, 2009603, 5, 97
2022.35797953, 50.768751313113, 137.835905559328, 14.0331287384033, 2009603, 5, 98
2022.35797953, 50.7689155769962, 137.835881427905, 14.0519609451294, 2009603, 5, 98
2022.35797953, 50.7691933681687, 137.83584122874, 14.0119848251343, 2009603, 5, 98
2022.35797953, 50.7695977554073, 137.835784037452, 13.9923515319824, 2009603, 5, 98
2022.35797953, 50.7699020039526, 137.835742250666, 14.0217027664185, 2009603, 5, 96
2022.35797953, 50.7701181668153, 137.835713071276, 14.0343379974365, 2009603, 5, 95
2022.35797953, 50.7704111909065, 137.835673473806, 14.017201423645, 2009603, 5, 95
2022.35797953, 50.7705898028378, 137.835649162387, 14.0030374526978, 2009603, 5, 95
2022.35797953, 50.7706919310886, 137.835635136864, 14.05348777771, 2009603, 5, 95
2022.35797953, 50.7707813142202, 137.835622820552, 14.0252065658569, 2009603, 5, 95
2022.35797953, 50.7708515623312, 137.835613055113, 14.0311250686646, 2009603, 5, 95
2022.35797953, 50.7709218134742, 137.835603269602, 14.0183143615723, 2009603, 5, 95
2022.35797953, 50.7709984479467, 137.835592645064, 14.021767616272, 2009603, 5, 95
2022.35797953, 50.7710750926712, 137.835581660602, 14.02490234375, 2009603, 5, 95
2022.35797953, 50.7711517484991, 137.835570569594, 14.0232372283936, 2009603, 5, 95
2022.35797953, 50.7712283810302, 137.835559478465, 14.011848449707, 2009603, 5, 95
2022.35797953, 50.7713241461805, 137.835545581194, 14.0353298187256, 2009603, 5, 95
2022.35797953, 50.7714326612147, 137.835529718952, 14.0182914733887, 2009603, 5, 95
2022.35797953, 50.7715602622883, 137.835511013322, 13.9987859725952, 2009603, 5, 95
2022.35797953, 50.771694153219, 137.835491360632, 13.9939966201782, 2009603, 5, 95
2022.35797953, 50.7718215871434, 137.835472608214, 14.0013093948364, 2009603, 5, 93
2022.35797953, 50.7720125594898, 137.835444515233, 14.0264587402344, 2009603, 5, 93
2022.35797953, 50.7722732207694, 137.835406250685, 14.0126848220825, 2009603, 5, 92
2022.35797953, 50.7724888702098, 137.835375312361, 14.0103435516357, 2009603, 5, 92
2022.35797953, 50.7726473114709, 137.835352628377, 14.0025215148926, 2009603, 5, 90
2022.35797953, 50.7727359941199, 137.83533997291, 14.0037984848022, 2009603, 5, 90
2022.35797953, 50.7728183405985, 137.835328181648, 13.9797134399414, 2009603, 5, 88
2022.35797953, 50.7729006656831, 137.835316439352, 13.9861822128296, 2009603, 5, 88
2022.35797953, 50.7729703313702, 137.83530644564, 13.9933700561523, 2009603, 5, 88
2022.35797953, 50.7730399928126, 137.835296463652, 14.0032415390015, 2009603, 5, 79
2022.35797953, 50.773103314136, 137.835287416747, 13.9961919784546, 2009603, 5, 79
2022.35797953, 50.7731793152543, 137.835276490708, 14.0160417556763, 2009603, 5, 79
2022.35797953, 50.7733250074266, 137.835255533481, 14.0260496139526, 2009603, 5, 63
2022.35797953, 50.7734453952642, 137.835238151398, 14.0062608718872, 2009603, 5, 67
2022.35797951, 50.7026714441215, 137.846956057247, 14.1900596618652, 2009603, 6, 82
2022.35797951, 50.7106500733043, 137.845735007745, 14.1707239151001, 2009603, 6, 67
2022.35797951, 50.7111416093124, 137.845662318125, 14.1001224517822, 2009603, 6, 89
2022.35797951, 50.7112563547091, 137.845645473867, 14.1005687713623, 2009603, 6, 89
2022.35797951, 50.7113965612749, 137.845624856557, 14.091757774353, 2009603, 6, 89
2022.35797951, 50.711523995896, 137.845606104446, 14.0923080444336, 2009603, 6, 90
2022.35797951, 50.7117915273781, 137.845566565125, 14.1268291473389, 2009603, 6, 90
2022.35797951, 50.7123391234933, 137.845484749055, 14.1755676269531, 2009603, 6, 85
2022.35797951, 50.7128422352329, 137.845407931865, 14.1280632019043, 2009603, 6, 88
2022.35797951, 50.7131539378748, 137.845359865813, 14.1396942138672, 2009603, 6, 90
2022.35797951, 50.7133001214551, 137.845337254695, 14.0995426177979, 2009603, 6, 91
2022.35797951, 50.7134271646092, 137.84531761397, 14.0934972763062, 2009603, 6, 91
2022.35797951, 50.7136429721693, 137.845284235094, 14.113429069519, 2009603, 6, 89
2022.35797951, 50.7141309175852, 137.845209145902, 14.1409292221069, 2009603, 6, 87
2022.35797951, 50.7144285436849, 137.845163715079, 14.1074771881104, 2009603, 6, 89
2022.35797951, 50.7146375324761, 137.845132056892, 14.0810222625732, 2009603, 6, 90
2022.35797951, 50.7148022703393, 137.845107184993, 14.1310405731201, 2009603, 6, 90
2022.35797951, 50.7149543170973, 137.845084423442, 14.0671577453613, 2009603, 6, 90
2022.35797951, 50.7151001025725, 137.845062676085, 14.0855512619019, 2009603, 6, 90
2022.35797951, 50.7152332924796, 137.845042886918, 14.1030912399292, 2009603, 6, 90
2022.35797952, 50.7153856146341, 137.84502031692, 14.0729055404663, 2009603, 6, 90
2022.35797952, 50.7155189937648, 137.845000600108, 14.0753707885742, 2009603, 6, 89
2022.35797952, 50.7156461123084, 137.844981841024, 14.0404243469238, 2009603, 6, 89
2022.35797952, 50.7158560409384, 137.844950925864, 14.1155138015747, 2009603, 6, 87
2022.35797952, 50.7209701131078, 137.844197288348, 14.0493249893188, 2009603, 6, 65
2022.35797952, 50.7219777926146, 137.844051539119, 14.0592098236084, 2009603, 6, 70
2022.35797952, 50.7327871505629, 137.84249330289, 14.1105852127075, 2009603, 6, 63
2022.35797952, 50.7334757687723, 137.842395995611, 14.1067676544189, 2009603, 6, 95
2022.35797952, 50.7338328399487, 137.84234530778, 14.1046772003174, 2009603, 6, 97
2022.35797952, 50.7342654847112, 137.842283950781, 14.0549402236938, 2009603, 6, 98
2022.35797952, 50.7345259100757, 137.84224687556, 14.081449508667, 2009603, 6, 98
2022.35797952, 50.7346782514445, 137.842225027427, 14.0482139587402, 2009603, 6, 98
2022.35797952, 50.7349003300618, 137.842192990298, 14.0885057449341, 2009603, 6, 97
2022.35797952, 50.7353761172685, 137.842123325646, 14.1005687713623, 2009603, 6, 96
2022.35797953, 50.7360489535328, 137.842024507208, 14.0853748321533, 2009603, 6, 94
2022.35797953, 50.7369067986909, 137.841906944326, 14.0627613067627, 2009603, 6, 92
2022.35797953, 50.7379250360401, 137.841764977988, 14.0880079269409, 2009603, 6, 78
2022.35797953, 50.738555359857, 137.841667870268, 14.0881567001343, 2009603, 6, 72
2022.35797953, 50.7388034115704, 137.841629941229, 14.0780687332153, 2009603, 6, 68
2022.35797953, 50.739013232444, 137.841598266981, 14.0949563980103, 2009603, 6, 58
2022.35797953, 50.7391909118089, 137.841572725931, 14.0867462158203, 2009603, 6, 58
2022.35797953, 50.7463943705796, 137.840554871609, 14.0755815505981, 2009603, 6, 94
2022.35797953, 50.7484983781902, 137.840249953051, 14.0861740112305, 2009603, 6, 97
2022.35797953, 50.7509634550922, 137.839907003909, 14.0704078674316, 2009603, 6, 97
2022.35797953, 50.7535518358131, 137.839530275829, 14.0761404037476, 2009603, 6, 92
2022.35797954, 50.7560483838476, 137.839170845805, 14.0655784606934, 2009603, 6, 89
2022.35797954, 50.7585411746194, 137.838795259058, 14.0676927566528, 2009603, 6, 92
2022.35797954, 50.7612047263531, 137.838405288349, 14.0622816085815, 2009603, 6, 87
2022.35797954, 50.7642125984837, 137.837955846174, 14.0648307800293, 2009603, 6, 98
2022.35797954, 50.7661966565965, 137.837656886625, 14.0748662948608, 2009603, 6, 97
2022.35797954, 50.7671570949036, 137.837508235215, 14.0636129379272, 2009603, 6, 97
2022.35797954, 50.7677460104033, 137.837420591892, 14.0438537597656, 2009603, 6, 97
2022.35797954, 50.7680823338291, 137.837371327471, 14.0238103866577, 2009603, 6, 98
2022.35797954, 50.7683623707766, 137.837330445996, 14.0553855895996, 2009603, 6, 97
2022.35797954, 50.7686498755188, 137.837288480166, 14.0380897521973, 2009603, 6, 98
2022.35797954, 50.7688992239959, 137.8372515283, 14.0619916915894, 2009603, 6, 98
2022.35797954, 50.7692187204878, 137.837203095088, 14.0496978759766, 2009603, 6, 98
2022.35797954, 50.7700012058255, 137.837078383962, 14.0342597961426, 2009603, 6, 98
2022.35797954, 50.7704699971699, 137.837002772418, 14.0493583679199, 2009603, 6, 96
2022.35797954, 50.7708373891909, 137.836945321338, 14.0497970581055, 2009603, 6, 93
2022.35797954, 50.7711544519689, 137.836898441275, 14.036208152771, 2009603, 6, 92
2022.35797954, 50.7713830459876, 137.836865138486, 14.0094108581543, 2009603, 6, 94
2022.35797954, 50.7716055578315, 137.836832779914, 14.0246315002441, 2009603, 6, 94
2022.35797954, 50.7718155713484, 137.836801998718, 14.0401287078857, 2009603, 6, 95
2022.35797954, 50.7720510890006, 137.836767200416, 14.042142868042, 2009603, 6, 94
2022.35797954, 50.7724533061384, 137.836704971092, 14.0526237487793, 2009603, 6, 93
2022.35797954, 50.7727465146317, 137.836658571024, 14.0335969924927, 2009603, 6, 93
2022.35797954, 50.7730262272094, 137.836613756786, 14.036358833313, 2009603, 6, 92
2022.35797954, 50.773248111563, 137.836578036979, 14.031720161438, 2009603, 6, 92
2022.35797954, 50.773450303562, 137.83654551274, 14.026912689209, 2009603, 6, 85
2022.35797954, 50.7736579231941, 137.836512318129, 14.0287008285522, 2009603, 6, 75
2022.35797954, 50.7739473990094, 137.83646626873, 14.0134334564209, 2009603, 6, 61
2022.35797954, 50.7741302292347, 137.836437394397, 14.0009889602661, 2009603, 6, 61
2022.35797954, 50.7743451354393, 137.836403614634, 13.9860553741455, 2009603, 6, 54
