2019.75648778, 53.3567437480968, 119.662768897191, 359.86962890625, 2009603, 1, 86
2019.75648778, 53.3564707439684, 119.662721677653, 359.823211669922, 2009603, 1, 89
2019.75648778, 53.3563563283008, 119.662701669351, 359.829681396484, 2009603, 1, 89
2019.75648778, 53.3562418805093, 119.662681597748, 359.835083007812, 2009603, 1, 91
2019.75648778, 53.3561274075257, 119.66266150231, 359.820251464844, 2009603, 1, 91
2019.75648778, 53.3560129226514, 119.662641392238, 359.839385986328, 2009603, 1, 91
2019.75648778, 53.3558984297715, 119.662621267365, 359.841674804688, 2009603, 1, 92
2019.75648778, 53.355790299824, 119.662602241612, 359.835693359375, 2009603, 1, 92
2019.75648778, 53.3556694652832, 119.66258108263, 359.808776855469, 2009603, 1, 92
2019.75648778, 53.355555007077, 119.662561052016, 359.811370849609, 2009603, 1, 92
2019.75648778, 53.3554404639015, 119.662540940023, 359.818603515625, 2009603, 1, 93
2019.75648778, 53.3553262088108, 119.662521234387, 359.820648193359, 2009603, 1, 93
2019.75648778, 53.3552183182595, 119.662502656068, 359.816223144531, 2009603, 1, 93
2019.75648778, 53.3551040854528, 119.662483021335, 359.817047119141, 2009603, 1, 93
2019.75648778, 53.3549898559052, 119.662463441363, 359.823883056641, 2009603, 1, 93
2019.75648778, 53.3548692663331, 119.66244280208, 359.809234619141, 2009603, 1, 93
2019.75648778, 53.3547613511108, 119.662424315161, 359.825653076172, 2009603, 1, 93
2019.75648778, 53.3546534095977, 119.662405830386, 359.831329345703, 2009603, 1, 91
2019.75648778, 53.354545439951, 119.662387325206, 359.829620361328, 2009603, 1, 91
2019.75648778, 53.3544374318413, 119.662368767916, 359.842681884766, 2009603, 1, 93
2019.75648778, 53.3543230345664, 119.662349110946, 359.836669921875, 2009603, 1, 93
2019.75648778, 53.3542149494808, 119.662330476526, 359.838714599609, 2009603, 1, 92
2019.75648778, 53.3541068546522, 119.662311827002, 359.834503173828, 2009603, 1, 92
2019.75648778, 53.3539921559658, 119.662291830061, 359.848022460938, 2009603, 1, 89
2019.75648778, 53.3538838117002, 119.66227286487, 359.834899902344, 2009603, 1, 89
2019.75648778, 53.3537754690532, 119.662253898207, 359.855377197266, 2009603, 1, 89
2019.75648778, 53.3536607703982, 119.662233796494, 359.848022460938, 2009603, 1, 83
2019.75648778, 53.3535461000259, 119.662213649018, 359.858642578125, 2009603, 1, 83
2019.7564878, 53.3292466101071, 119.657628710946, 360.994262695312, 2009603, 1, 81
2019.7564878, 53.329158039537, 119.657611172225, 360.979309082031, 2009603, 1, 81
2019.7564878, 53.3290440959453, 119.657588683712, 360.961975097656, 2009603, 1, 81
2019.7564878, 53.3289300622186, 119.657566286252, 360.961059570312, 2009603, 1, 91
2019.7564878, 53.3288159328158, 119.657543992553, 360.961395263672, 2009603, 1, 91
2019.7564878, 53.3287016695748, 119.65752178116, 360.964447021484, 2009603, 1, 90
2019.7564878, 53.3285870719182, 119.657500039706, 360.967163085938, 2009603, 1, 90
2019.7564878, 53.3284723959189, 119.657478337173, 360.978942871094, 2009603, 1, 90
2019.7564878, 53.3283512947373, 119.657455463945, 360.975433349609, 2009603, 1, 90
2019.7564878, 53.3282365260446, 119.657433737779, 360.975982666016, 2009603, 1, 90
2019.7564878, 53.3281026217985, 119.657408378453, 361.028533935547, 2009603, 1, 90
2019.7564878, 53.3279304907793, 119.657375677238, 361.023773193359, 2009603, 1, 90
2019.7564878, 53.327720224444, 119.657335342748, 361.052062988281, 2009603, 1, 89
2019.7564878, 53.3273894575847, 119.657270837506, 361.034912109375, 2009603, 1, 82
2019.75648781, 53.2999166123831, 119.652340017268, 362.122497558594, 2009603, 1, 81
2019.75648781, 53.2998019627934, 119.652321674303, 362.114532470703, 2009603, 1, 81
2019.75648781, 53.2996872019589, 119.652303488413, 362.103576660156, 2009603, 1, 93
2019.75648781, 53.2995725602484, 119.652285199534, 362.123931884766, 2009603, 1, 93
2019.75648781, 53.2994444515409, 119.652265941575, 362.112152099609, 2009603, 1, 93
2019.75648781, 53.2993355052111, 119.65224972033, 362.121368408203, 2009603, 1, 93
2019.75648781, 53.2992201390304, 119.652232673863, 362.123168945312, 2009603, 1, 93
2019.75648781, 53.2991111960034, 119.6522166201, 362.129852294922, 2009603, 1, 93
2019.75648781, 53.2990023020997, 119.65220059819, 362.11865234375, 2009603, 1, 93
2019.75648781, 53.2988934772715, 119.652184556866, 362.123413085938, 2009603, 1, 91
2019.75648781, 53.2987783637324, 119.652167574234, 362.132202148438, 2009603, 1, 91
2019.75648781, 53.298663377605, 119.652150498619, 362.144714355469, 2009603, 1, 93
2019.75648781, 53.2985549216809, 119.652134305812, 362.125854492188, 2009603, 1, 93
2019.75648781, 53.2984402427402, 119.652117044949, 362.143035888672, 2009603, 1, 92
2019.75648781, 53.2983257327867, 119.652099641339, 362.127838134766, 2009603, 1, 92
2019.75648781, 53.2982114308741, 119.652082040978, 362.144561767578, 2009603, 1, 75
2019.75648781, 53.2980788089023, 119.65206087172, 362.187744140625, 2009603, 1, 75
2019.75648781, 53.2979336744049, 119.652037483849, 362.158599853516, 2009603, 1, 60
2019.75648781, 53.2977507230361, 119.652008003977, 362.200561523438, 2009603, 1, 60
2019.75648808, 52.7653715864404, 119.566183298019, 461.400726318359, 2009603, 1, 72
2019.75648811, 52.6981149841615, 119.554561113514, 474.595001220703, 2009603, 1, 51
2019.75648923, 50.4477642151661, 119.201788309798, 503.588134765625, 1336929, 1, 70
2019.75648923, 50.4474535655298, 119.201743401734, 503.585693359375, 1336929, 1, 83
2019.75648923, 50.4471941651347, 119.201705378401, 503.574645996094, 1336929, 1, 74
2019.75648924, 50.4406420199945, 119.200779723689, 503.559753417969, 1336929, 1, 69
2019.75648924, 50.4402231642257, 119.200719143395, 503.590515136719, 1336929, 1, 54
2019.75648925, 50.4109976746785, 119.196586281183, 504.088439941406, 2009588, 1, 79
2019.75648925, 50.410794143812, 119.196556780584, 504.087005615234, 2009588, 1, 79
2019.75648925, 50.4105397596359, 119.196518256741, 504.085052490234, 2009588, 1, 92
2019.75648925, 50.4103108298819, 119.196483425936, 504.069946289062, 2009588, 1, 92
2019.75648925, 50.4101327949774, 119.196456382453, 504.058441162109, 2009588, 1, 93
2019.75648925, 50.4099865641969, 119.196434249817, 504.08349609375, 2009588, 1, 90
2019.75648925, 50.4098784905346, 119.196417973187, 504.079742431641, 2009588, 1, 90
2019.75648925, 50.409751358842, 119.196399026141, 504.097412109375, 2009588, 1, 90
2019.75648925, 50.4095797482262, 119.196373724206, 504.135345458984, 2009588, 1, 52
2019.75648928, 50.3611709681796, 119.188633178036, 507.422271728516, 2009588, 1, 59
2019.75648928, 50.3610574413606, 119.188613555813, 507.421661376953, 2009588, 1, 59
2019.75648928, 50.3609251513054, 119.188590717303, 507.423828125, 2009588, 1, 66
2019.75648928, 50.3607992442759, 119.188568956713, 507.417816162109, 2009588, 1, 66
2019.75648928, 50.3606544759584, 119.188544009343, 507.451538085938, 2009588, 1, 62
2019.75648928, 50.3605096381391, 119.18851913414, 507.4501953125, 2009588, 1, 62
2019.75648928, 50.3603646440097, 119.18849439084, 507.428375244141, 2009588, 1, 86
2019.75648928, 50.3602320562153, 119.188471866557, 507.483642578125, 2009588, 1, 77
2019.75648928, 50.3600739024201, 119.188445220204, 507.475860595703, 2009588, 1, 77
2019.75648928, 50.3599346733077, 119.188421785142, 507.426300048828, 2009588, 1, 57
2019.75648928, 50.3598134079427, 119.188401905853, 507.430755615234, 2009588, 1, 57
2019.75648928, 50.3482258514703, 119.186500448407, 507.947448730469, 2009588, 1, 92
2019.75648928, 50.3479539780023, 119.186455736625, 507.928497314453, 2009588, 1, 92
2019.75648928, 50.3478337695116, 119.186435919326, 507.918792724609, 2009588, 1, 92
2019.75648928, 50.3476754640983, 119.186409692475, 507.951751708984, 2009588, 1, 93
2019.75648928, 50.3474789006803, 119.186377076585, 507.974884033203, 2009588, 1, 94
2019.75648928, 50.3472504967901, 119.186339152177, 507.956604003906, 2009588, 1, 94
2019.75648944, 50.0251309203116, 119.13783925191, 519.809326171875, 2009588, 1, 74
2019.75648986, 49.191711530446, 119.012960057688, 583.601318359375, 2009588, 1, 74
2019.75648986, 49.1911621062288, 119.012888625029, 583.604125976562, 2009588, 1, 70
2019.75648779, 53.354972918082, 119.660552242263, 359.893432617188, 2009603, 2, 66
2019.75648779, 53.3549475682782, 119.660547489876, 359.876831054688, 2009603, 2, 66
2019.75648779, 53.3549158935781, 119.660541478693, 359.876922607422, 2009603, 2, 66
2019.75648779, 53.3548905470257, 119.660536704773, 359.867645263672, 2009603, 2, 66
2019.75648779, 53.3548588809482, 119.660530650328, 359.942535400391, 2009603, 2, 66
2019.75648779, 53.3548335328539, 119.660525882982, 359.870239257812, 2009603, 2, 66
2019.75648779, 53.354801862743, 119.660519833105, 359.86083984375, 2009603, 2, 66
2019.75648779, 53.354776509453, 119.66051509062, 359.874237060547, 2009603, 2, 66
2019.75648779, 53.3547448368627, 119.66050904045, 359.854156494141, 2009603, 2, 89
2019.75648779, 53.3547194880001, 119.660504259877, 359.859466552734, 2009603, 2, 89
2019.75648779, 53.3546878108079, 119.660498223247, 359.859649658203, 2009603, 2, 59
2019.75648779, 53.3546624606702, 119.66049343647, 359.867431640625, 2009603, 2, 59
2019.75648779, 53.3546307859864, 119.660487380192, 359.852752685547, 2009603, 2, 59
2019.75648779, 53.3546054310175, 119.66048260123, 359.873443603516, 2009603, 2, 59
2019.75648779, 53.3545737533868, 119.660476525928, 359.850219726562, 2009603, 2, 59
2019.75648779, 53.3545483957907, 119.660471747937, 359.864227294922, 2009603, 2, 59
2019.75648779, 53.3545167152911, 119.660465660387, 359.855133056641, 2009603, 2, 59
2019.75648779, 53.3544913334721, 119.660460983597, 359.855682373047, 2009603, 2, 91
2019.75648779, 53.354459658182, 119.660454842563, 359.846099853516, 2009603, 2, 91
2019.75648779, 53.354434302473, 119.660450011963, 359.848022460938, 2009603, 2, 91
2019.75648779, 53.3544026279093, 119.660443849407, 359.847320556641, 2009603, 2, 91
2019.75648779, 53.3543772696884, 119.660439001107, 359.851318359375, 2009603, 2, 91
2019.75648779, 53.3543455837951, 119.660432856697, 359.851318359375, 2009603, 2, 91
2019.75648779, 53.3543202260341, 119.660427980306, 359.867340087891, 2009603, 2, 91
2019.75648779, 53.3542948690506, 119.66042308589, 359.864379882812, 2009603, 2, 91
2019.75648779, 53.3542631786773, 119.660416913125, 359.861907958984, 2009603, 2, 91
2019.75648779, 53.3542378131797, 119.660412036006, 359.873962402344, 2009603, 2, 91
2019.75648779, 53.3542061185773, 119.66040585841, 359.869750976562, 2009603, 2, 91
2019.75648779, 53.3541807495691, 119.66040096603, 359.879760742188, 2009603, 2, 91
2019.75648779, 53.3541490469089, 119.660394781572, 359.881530761719, 2009603, 2, 91
2019.75648779, 53.3541236704619, 119.660389902511, 359.864501953125, 2009603, 2, 91
2019.75648779, 53.3540983011195, 119.660384963516, 359.887512207031, 2009603, 2, 91
2019.75648779, 53.3540665897552, 119.660378766439, 359.875305175781, 2009603, 2, 91
2019.75648779, 53.3540412080072, 119.660373865135, 359.873168945312, 2009603, 2, 91
2019.75648779, 53.3540094921183, 119.660367649999, 359.874633789062, 2009603, 2, 91
2019.75648779, 53.3539841146912, 119.660362700524, 359.868194580078, 2009603, 2, 92
2019.75648779, 53.3539587236812, 119.660357797772, 359.872741699219, 2009603, 2, 92
2019.75648779, 53.3539269986077, 119.660351570403, 359.871063232422, 2009603, 2, 92
2019.75648779, 53.3539016028679, 119.660346661809, 359.876098632812, 2009603, 2, 92
2019.75648779, 53.3538698707547, 119.660340430494, 359.893188476562, 2009603, 2, 92
2019.75648779, 53.3538444769218, 119.660335479345, 359.885986328125, 2009603, 2, 92
2019.75648779, 53.3538127322358, 119.66032927236, 359.882263183594, 2009603, 2, 92
2019.75648779, 53.3537873335771, 119.660324314017, 359.888366699219, 2009603, 2, 92
2019.75648779, 53.3537619283573, 119.660319384994, 359.867095947266, 2009603, 2, 92
2019.75648779, 53.3537301808618, 119.66031313048, 359.883972167969, 2009603, 2, 91
2019.75648779, 53.3537047742052, 119.660308169063, 359.880432128906, 2009603, 2, 91
2019.75648779, 53.3536793572516, 119.66030324522, 359.863891601562, 2009603, 2, 91
2019.75648779, 53.3536539505624, 119.660298253009, 359.857269287109, 2009603, 2, 91
2019.75648779, 53.3536221875966, 119.660292015924, 359.877319335938, 2009603, 2, 91
2019.75648779, 53.3535967679964, 119.660287065562, 359.864074707031, 2009603, 2, 91
2019.75648779, 53.35356500525, 119.660280803995, 359.875518798828, 2009603, 2, 91
2019.75648779, 53.3535395795046, 119.660275859576, 359.859954833984, 2009603, 2, 91
2019.75648779, 53.3535141554035, 119.660270888595, 359.8720703125, 2009603, 2, 91
2019.75648779, 53.353482381916, 119.660264627887, 359.870452880859, 2009603, 2, 91
2019.75648779, 53.353456947801, 119.660259690213, 359.88427734375, 2009603, 2, 91
2019.75648779, 53.3534251711595, 119.660253417017, 359.870727539062, 2009603, 2, 91
2019.75648779, 53.3533997425645, 119.660248425433, 359.87060546875, 2009603, 2, 92
2019.75648779, 53.3533743036635, 119.660243482336, 359.900665283203, 2009603, 2, 92
2019.75648779, 53.3533425231832, 119.660237206485, 359.876342773438, 2009603, 2, 92
2019.75648779, 53.3533170808044, 119.660232266633, 359.873413085938, 2009603, 2, 92
2019.75648779, 53.35328529423, 119.660225983856, 359.890441894531, 2009603, 2, 92
2019.75648779, 53.3532598499544, 119.660221038689, 359.885955810547, 2009603, 2, 92
2019.75648779, 53.3532282222126, 119.660214678781, 359.878326416016, 2009603, 2, 91
2019.75648779, 53.3532027290758, 119.660209764793, 359.874969482422, 2009603, 2, 91
2019.75648779, 53.3531708781768, 119.660203526484, 359.899322509766, 2009603, 2, 91
2019.75648779, 53.3531453871109, 119.660198593316, 359.902313232422, 2009603, 2, 91
2019.75648779, 53.3531135370312, 119.660192359156, 359.880310058594, 2009603, 2, 91
2019.75648779, 53.353088042359, 119.660187440291, 359.898254394531, 2009603, 2, 91
2019.75648779, 53.3530561924931, 119.660181197785, 359.882354736328, 2009603, 2, 91
2019.75648779, 53.3530306989177, 119.660176282498, 359.915954589844, 2009603, 2, 91
2019.75648779, 53.3529988502101, 119.660170047081, 359.896911621094, 2009603, 2, 91
2019.75648779, 53.3529733661868, 119.660165095414, 359.892608642578, 2009603, 2, 91
2019.75648779, 53.3529415181967, 119.660158875345, 359.933746337891, 2009603, 2, 91
2019.75648779, 53.3529160432333, 119.660153905279, 359.885101318359, 2009603, 2, 91
2019.75648779, 53.352890559904, 119.660148982508, 359.879699707031, 2009603, 2, 91
2019.75648779, 53.3528587223857, 119.660142750832, 359.904571533203, 2009603, 2, 91
2019.75648779, 53.3528332512503, 119.660137788247, 359.868194580078, 2009603, 2, 91
2019.75648779, 53.3528077759902, 119.660132864471, 359.883880615234, 2009603, 2, 91
2019.75648779, 53.3527759534622, 119.660126616455, 359.886169433594, 2009603, 2, 91
2019.75648779, 53.3527504934981, 119.660121650167, 359.865325927734, 2009603, 2, 91
2019.75648779, 53.3527250287863, 119.660116727319, 359.898468017578, 2009603, 2, 90
2019.75648779, 53.3526932201456, 119.660110492439, 359.886688232422, 2009603, 2, 90
2019.75648779, 53.3526677675244, 119.660105547825, 359.879150390625, 2009603, 2, 90
2019.75648779, 53.3526423222274, 119.660100591059, 359.882965087891, 2009603, 2, 90
2019.75648779, 53.3526105297668, 119.660094349615, 359.877807617188, 2009603, 2, 90
2019.7564878, 53.3525850882029, 119.660089425113, 359.895446777344, 2009603, 2, 90
2019.7564878, 53.3525533088202, 119.660083183422, 359.891845703125, 2009603, 2, 90
2019.7564878, 53.3525278885754, 119.660078200383, 359.880920410156, 2009603, 2, 90
2019.7564878, 53.3525024658312, 119.660073261804, 359.880249023438, 2009603, 2, 90
2019.7564878, 53.3524770537694, 119.660068301073, 359.890991210938, 2009603, 2, 84
2019.7564878, 53.3524453020369, 119.660062059193, 359.879852294922, 2009603, 2, 84
2019.7564878, 53.3524199024792, 119.660057082479, 359.878845214844, 2009603, 2, 84
2019.7564878, 53.352394501691, 119.660052149013, 359.898742675781, 2009603, 2, 84
2019.7564878, 53.3523627700065, 119.660045915393, 359.885131835938, 2009603, 2, 84
2019.7564878, 53.3523373826209, 119.660040978556, 359.888702392578, 2009603, 2, 84
2019.7564878, 53.3523056728635, 119.660034712842, 359.883422851562, 2009603, 2, 84
2019.7564878, 53.3522803038921, 119.660029743926, 359.885528564453, 2009603, 2, 84
2019.7564878, 53.352254938233, 119.660024803233, 359.887573242188, 2009603, 2, 84
2019.7564878, 53.3522232465409, 119.660018571326, 359.907562255859, 2009603, 2, 84
2019.7564878, 53.3521978953052, 119.660013614312, 359.895935058594, 2009603, 2, 84
2019.7564878, 53.3521725517813, 119.660008647785, 359.899841308594, 2009603, 2, 84
2019.7564878, 53.3521408892392, 119.660002388921, 359.88671875, 2009603, 2, 84
2019.7564878, 53.3521155556392, 119.659997442353, 359.8671875, 2009603, 2, 89
2019.7564878, 53.35209023025, 119.659992477849, 359.896331787109, 2009603, 2, 89
2019.7564878, 53.3520649146167, 119.659987497495, 359.893493652344, 2009603, 2, 89
2019.7564878, 53.3520332855054, 119.659981242384, 359.890869140625, 2009603, 2, 89
2019.7564878, 53.3520079756784, 119.659976300434, 359.901458740234, 2009603, 2, 89
2019.7564878, 53.3519826755118, 119.659971339416, 359.908721923828, 2009603, 2, 57
2019.7564878, 53.3519507972471, 119.659965210486, 359.928741455078, 2009603, 2, 57
2019.7564878, 53.351925588066, 119.659960223706, 359.920440673828, 2009603, 2, 57
2019.7564878, 53.3518940947667, 119.659953929547, 359.9130859375, 2009603, 2, 57
2019.7564878, 53.3518689011958, 119.659948914035, 359.923858642578, 2009603, 2, 57
2019.7564878, 53.3518437141111, 119.659943892806, 359.917541503906, 2009603, 2, 57
2019.7564878, 53.3518185268615, 119.659938906295, 359.901580810547, 2009603, 2, 57
2019.7564878, 53.3517870569971, 119.659932605715, 359.917663574219, 2009603, 2, 57
2019.7564878, 53.3517618768571, 119.659927612656, 359.886169433594, 2009603, 2, 57
2019.75648781, 53.329999874331, 119.655866252438, 360.981018066406, 2009603, 2, 77
2019.75648781, 53.3299680158285, 119.655860615337, 360.960296630859, 2009603, 2, 77
2019.75648781, 53.3299361815511, 119.655854891003, 360.94384765625, 2009603, 2, 77
2019.75648781, 53.3299043482346, 119.655849207072, 360.942199707031, 2009603, 2, 77
2019.75648781, 53.3298725203101, 119.655843536252, 360.949310302734, 2009603, 2, 77
2019.75648781, 53.3298406907624, 119.655837918062, 360.989776611328, 2009603, 2, 77
2019.75648781, 53.3298025235464, 119.655831087622, 360.972412109375, 2009603, 2, 77
2019.75648781, 53.3297770781664, 119.655826584615, 360.962585449219, 2009603, 2, 77
2019.75648781, 53.329745274616, 119.655820959946, 360.957946777344, 2009603, 2, 92
2019.75648781, 53.3297134818751, 119.655815329185, 360.962066650391, 2009603, 2, 92
2019.75648781, 53.3296817008576, 119.655809670574, 360.97216796875, 2009603, 2, 92
2019.75648781, 53.32964992228, 119.655804052294, 360.970825195312, 2009603, 2, 92
2019.75648781, 53.3296244959193, 119.655799605631, 360.973083496094, 2009603, 2, 92
2019.75648781, 53.3295927357527, 119.655793959808, 360.966369628906, 2009603, 2, 92
2019.75648781, 53.3295673211442, 119.655789525556, 360.9521484375, 2009603, 2, 92
2019.75648781, 53.3295355689436, 119.65578391535, 360.983459472656, 2009603, 2, 92
2019.75648781, 53.3295101607989, 119.655779497086, 360.966430664062, 2009603, 2, 92
2019.75648781, 53.3294784166909, 119.655773922151, 360.950531005859, 2009603, 2, 92
2019.75648781, 53.3294466812756, 119.655768338021, 360.935394287109, 2009603, 2, 92
2019.75648781, 53.3294212867382, 119.655763937734, 360.932556152344, 2009603, 2, 92
2019.75648781, 53.3293958990827, 119.655759519866, 360.96875, 2009603, 2, 92
2019.75648781, 53.3293641718948, 119.655753998263, 360.93310546875, 2009603, 2, 92
2019.75648781, 53.3293324627902, 119.655748427999, 360.953338623047, 2009603, 2, 92
2019.75648781, 53.3293070778127, 119.655744082518, 360.962097167969, 2009603, 2, 92
2019.75648781, 53.3292753740184, 119.655738536436, 360.946014404297, 2009603, 2, 92
2019.75648781, 53.3292499976529, 119.655734197677, 360.959869384766, 2009603, 2, 92
2019.75648781, 53.3292183026537, 119.655728666208, 360.937927246094, 2009603, 2, 92
2019.75648781, 53.3291866006342, 119.655723205146, 360.941528320312, 2009603, 2, 92
2019.75648781, 53.3291612422961, 119.655718844121, 360.980590820312, 2009603, 2, 92
2019.75648781, 53.3291358834318, 119.65571451708, 360.985626220703, 2009603, 2, 92
2019.75648781, 53.3291040875935, 119.655708941331, 360.982360839844, 2009603, 2, 92
2019.75648781, 53.3290787585813, 119.655704677935, 360.987365722656, 2009603, 2, 92
2019.75648781, 53.3290471193234, 119.655699249673, 360.990509033203, 2009603, 2, 92
2019.75648781, 53.3290154713293, 119.655693892286, 361.008728027344, 2009603, 2, 92
2019.75648781, 53.3289838300775, 119.655688518969, 360.982788085938, 2009603, 2, 91
2019.75648781, 53.3289585065577, 119.655684295851, 361.012451171875, 2009603, 2, 91
2019.75648781, 53.3289205417856, 119.65567787554, 361.029083251953, 2009603, 2, 91
2019.75648781, 53.3288825850653, 119.655671415597, 361.012908935547, 2009603, 2, 91
2019.75648781, 53.3288509358675, 119.655666151034, 360.976684570312, 2009603, 2, 91
2019.75648781, 53.3288193032384, 119.65566079842, 360.994720458984, 2009603, 2, 91
2019.75648781, 53.3287876560046, 119.65565553522, 361.000213623047, 2009603, 2, 91
2019.75648781, 53.328737039641, 119.655647008331, 360.997375488281, 2009603, 2, 91
2019.75648781, 53.3286990589369, 119.655640724988, 360.985198974609, 2009603, 2, 91
2019.75648781, 53.3286484279651, 119.655632264789, 360.995025634766, 2009603, 2, 91
2019.75648781, 53.3285914645359, 119.655622736941, 361.030578613281, 2009603, 2, 91
2019.75648781, 53.3285344821588, 119.655613276109, 361.048583984375, 2009603, 2, 91
2019.75648781, 53.3284521510104, 119.655599655713, 361.030059814453, 2009603, 2, 88
2019.75648781, 53.3283381066112, 119.655580797781, 361.034820556641, 2009603, 2, 88
2019.75648781, 53.3282303396381, 119.655563002924, 361.007904052734, 2009603, 2, 65
2019.75648781, 53.3281225132847, 119.655545167646, 361.029907226562, 2009603, 2, 65
2019.75648781, 53.327989202278, 119.655523240005, 360.988861083984, 2009603, 2, 65
2019.75648782, 53.2994784368467, 119.651400345923, 362.136444091797, 2009603, 2, 78
2019.75648782, 53.2994464559053, 119.651395956906, 362.128631591797, 2009603, 2, 78
2019.75648782, 53.2994144620129, 119.651391582023, 362.134979248047, 2009603, 2, 78
2019.75648782, 53.2993888528465, 119.651388133546, 362.155670166016, 2009603, 2, 78
2019.75648782, 53.2993568550804, 119.651383708968, 362.151153564453, 2009603, 2, 78
2019.75648782, 53.2993248408089, 119.651379344592, 362.142974853516, 2009603, 2, 78
2019.75648782, 53.2992992207799, 119.651375878816, 362.135559082031, 2009603, 2, 78
2019.75648782, 53.2992672023062, 119.65137148197, 362.174499511719, 2009603, 2, 78
2019.75648782, 53.2992415783644, 119.651368011501, 362.140106201172, 2009603, 2, 90
2019.75648782, 53.2992159476273, 119.651364548835, 362.152740478516, 2009603, 2, 90
2019.75648782, 53.2991839150555, 119.651360177538, 362.177856445312, 2009603, 2, 90
2019.75648782, 53.2991582776696, 119.651356733397, 362.129425048828, 2009603, 2, 90
2019.75648782, 53.2991262351606, 119.651352390388, 362.144622802734, 2009603, 2, 90
2019.75648782, 53.2991005920263, 119.651348963822, 362.135589599609, 2009603, 2, 90
2019.75648782, 53.2990749515292, 119.651345516402, 362.166107177734, 2009603, 2, 90
2019.75648782, 53.299042904797, 119.65134118618, 362.146087646484, 2009603, 2, 90
2019.75648782, 53.2990172537842, 119.651337810174, 362.132049560547, 2009603, 2, 90
2019.75648782, 53.2989852046992, 119.651333492252, 362.151184082031, 2009603, 2, 92
2019.75648782, 53.2989595528685, 119.651330117814, 362.14501953125, 2009603, 2, 92
2019.75648782, 53.2989275006701, 119.651325835953, 362.150970458984, 2009603, 2, 92
2019.75648782, 53.2989018463936, 119.651322492706, 362.175842285156, 2009603, 2, 92
2019.75648782, 53.2988697968143, 119.651318225884, 362.149688720703, 2009603, 2, 92
2019.75648782, 53.2988441422358, 119.6513149074, 362.161743164062, 2009603, 2, 92
2019.75648782, 53.298812094861, 119.651310676648, 362.159759521484, 2009603, 2, 92
2019.75648782, 53.29878644511, 119.651307362529, 362.149078369141, 2009603, 2, 92
2019.75648782, 53.2987543958969, 119.651303180965, 362.158172607422, 2009603, 2, 92
2019.75648782, 53.2987287474151, 119.651299904327, 362.16015625, 2009603, 2, 91
2019.75648782, 53.2986967043569, 119.651295740275, 362.172912597656, 2009603, 2, 91
2019.75648782, 53.2986710618838, 119.651292481982, 362.16357421875, 2009603, 2, 91
2019.75648782, 53.2986390190889, 119.651288382226, 362.162536621094, 2009603, 2, 91
2019.75648782, 53.2986069852767, 119.651284275158, 362.184967041016, 2009603, 2, 91
2019.75648782, 53.2985813600603, 119.65128102084, 362.17578125, 2009603, 2, 91
2019.75648782, 53.2985556702597, 119.651277378112, 362.184783935547, 2009603, 2, 91
2019.75648782, 53.298523671552, 119.651273474571, 362.172973632812, 2009603, 2, 91
2019.75648782, 53.2984980647256, 119.651270424564, 362.173095703125, 2009603, 2, 92
2019.75648782, 53.2984660772271, 119.651266543459, 362.176452636719, 2009603, 2, 92
2019.75648782, 53.2984404742511, 119.651263545909, 362.174682617188, 2009603, 2, 92
2019.75648782, 53.2984084974548, 119.651259688073, 362.174713134766, 2009603, 2, 92
2019.75648782, 53.298382904502, 119.651256703728, 362.180114746094, 2009603, 2, 92
2019.75648782, 53.2983509403121, 119.651252876102, 362.187316894531, 2009603, 2, 92
2019.75648782, 53.2983253599758, 119.651249887914, 362.176483154297, 2009603, 2, 93
2019.75648782, 53.2982934052339, 119.651246083168, 362.168243408203, 2009603, 2, 93
2019.75648782, 53.2982678368036, 119.651243094776, 362.163482666016, 2009603, 2, 93
2019.75648782, 53.2982422730182, 119.651240115919, 362.163696289062, 2009603, 2, 92
2019.75648782, 53.2982103337352, 119.651236345706, 362.155120849609, 2009603, 2, 92
2019.75648782, 53.2981847770621, 119.651233395228, 362.1845703125, 2009603, 2, 92
2019.75648782, 53.298152855737, 119.65122962214, 362.172973632812, 2009603, 2, 92
2019.75648782, 53.2981273093619, 119.651226680474, 362.151184082031, 2009603, 2, 92
2019.75648782, 53.2981017732054, 119.651223707977, 362.194183349609, 2009603, 2, 92
2019.75648782, 53.2980698669637, 119.651219957254, 362.167541503906, 2009603, 2, 92
2019.75648782, 53.2980443366629, 119.651217012559, 362.184509277344, 2009603, 2, 92
2019.75648782, 53.2980124413664, 119.651213281552, 362.190032958984, 2009603, 2, 92
2019.75648782, 53.2979869215666, 119.65121033993, 362.172088623047, 2009603, 2, 90
2019.75648782, 53.2979614136483, 119.651207363823, 362.19677734375, 2009603, 2, 90
2019.75648782, 53.2979295407518, 119.651203623161, 362.172637939453, 2009603, 2, 90
2019.75648782, 53.2979040357066, 119.651200685689, 362.185882568359, 2009603, 2, 90
2019.75648782, 53.2978721757179, 119.651196931622, 362.193786621094, 2009603, 2, 90
2019.75648782, 53.2978466824595, 119.651193985404, 362.198486328125, 2009603, 2, 90
2019.75648782, 53.2978148359529, 119.651190219676, 362.198394775391, 2009603, 2, 90
2019.75648782, 53.2977893532024, 119.651187263135, 362.188598632812, 2009603, 2, 90
2019.75648782, 53.2977575173651, 119.65118349947, 362.180084228516, 2009603, 2, 90
2019.75648782, 53.2977320453278, 119.651180533338, 362.175323486328, 2009603, 2, 79
2019.75648782, 53.2977065844274, 119.65117753579, 362.188049316406, 2009603, 2, 79
2019.75648782, 53.2976747681188, 119.651173743633, 362.16796875, 2009603, 2, 79
2019.75648782, 53.2976493123393, 119.651170748754, 362.163726806641, 2009603, 2, 79
2019.75648782, 53.2976175018791, 119.651166974503, 362.167022705078, 2009603, 2, 79
2019.75648782, 53.2975856986196, 119.651163188459, 362.174560546875, 2009603, 2, 79
2019.75648782, 53.2975539099372, 119.651159342487, 362.167388916016, 2009603, 2, 79
2019.75648782, 53.297522120291, 119.651155526713, 362.179504394531, 2009603, 2, 79
2019.75648782, 53.2974966871169, 119.651152509006, 362.167846679688, 2009603, 2, 54
2019.75648782, 53.2974649065865, 119.651148673824, 362.206359863281, 2009603, 2, 54
2019.75648782, 53.2974331358969, 119.651144809806, 362.204193115234, 2009603, 2, 54
2019.75648782, 53.2973950123155, 119.651140180969, 362.239990234375, 2009603, 2, 54
2019.75648782, 53.2973505579109, 119.651134680376, 362.235748291016, 2009603, 2, 54
2019.75648782, 53.2973061063009, 119.651129184706, 362.248840332031, 2009603, 2, 54
2019.75648782, 53.297255233199, 119.651123207688, 362.265563964844, 2009603, 2, 54
2019.75648809, 52.7648629843883, 119.564792526361, 461.569854736328, 2009603, 2, 59
2019.75648809, 52.7646716825816, 119.564760935901, 461.549530029297, 2009603, 2, 59
2019.75648924, 50.4476912057292, 119.200700504598, 503.638366699219, 1336929, 2, 66
2019.75648924, 50.4476143285681, 119.200690145221, 503.636596679688, 1336929, 2, 66
2019.75648924, 50.4475374257095, 119.200679812036, 503.628479003906, 1336929, 2, 66
2019.75648924, 50.447454110248, 119.200668589309, 503.654113769531, 1336929, 2, 77
2019.75648924, 50.4473836135715, 119.200659144763, 503.647766113281, 1336929, 2, 77
2019.75648924, 50.447306747063, 119.200648736161, 503.616455078125, 1336929, 2, 77
2019.75648924, 50.4472299293346, 119.200638264249, 503.619476318359, 1336929, 2, 84
2019.75648924, 50.4471531694858, 119.200627756893, 503.605865478516, 1336929, 2, 84
2019.75648924, 50.4470764593386, 119.200617310137, 503.637603759766, 1336929, 2, 84
2019.75648924, 50.4469743194457, 119.200603217162, 503.617218017578, 1336929, 2, 86
2019.75648924, 50.4468787049164, 119.200589973141, 503.622467041016, 1336929, 2, 86
2019.75648924, 50.4467895956604, 119.200577569054, 503.634002685547, 1336929, 2, 86
2019.75648924, 50.4467069747137, 119.20056601074, 503.630004882812, 1336929, 2, 72
2019.75648924, 50.4466242642841, 119.20055445218, 503.629577636719, 1336929, 2, 72
2019.75648924, 50.4465613370893, 119.200545392061, 503.634552001953, 1336929, 2, 72
2019.75648924, 50.446511032944, 119.200538142089, 503.604064941406, 1336929, 2, 72
2019.75648925, 50.4409181654545, 119.199743309598, 503.640106201172, 1336929, 2, 78
2019.75648925, 50.4408157464063, 119.199728712713, 503.626190185547, 1336929, 2, 78
2019.75648925, 50.4407198372813, 119.199714999273, 503.616760253906, 1336929, 2, 75
2019.75648925, 50.4406176732599, 119.199700325206, 503.609924316406, 1336929, 2, 75
2019.75648925, 50.4405220080195, 119.199686676521, 503.636535644531, 1336929, 2, 75
2019.75648926, 50.4125624025645, 119.195497388607, 504.1533203125, 2009588, 2, 91
2019.75648926, 50.4125241501605, 119.195491235349, 504.140930175781, 2009588, 2, 91
2019.75648926, 50.412492281023, 119.195486153688, 504.164093017578, 2009588, 2, 93
2019.75648926, 50.4124540545454, 119.195480041149, 504.126525878906, 2009588, 2, 93
2019.75648926, 50.4124158454913, 119.19547393464, 504.1279296875, 2009588, 2, 93
2019.75648926, 50.4123712952819, 119.19546679523, 504.12890625, 2009588, 2, 93
2019.75648926, 50.4123138653839, 119.195457559073, 504.185211181641, 2009588, 2, 93
2019.75648926, 50.4122504648852, 119.195447471209, 504.172576904297, 2009588, 2, 93
2019.75648926, 50.412187100813, 119.195437429132, 504.136505126953, 2009588, 2, 94
2019.75648926, 50.4121300903143, 119.195428497325, 504.159912109375, 2009588, 2, 94
2019.75648926, 50.4120731294184, 119.195419465712, 504.143829345703, 2009588, 2, 94
2019.75648926, 50.4120288375708, 119.195412468733, 504.136322021484, 2009588, 2, 94
2019.75648926, 50.4119845494108, 119.195405535629, 504.133270263672, 2009588, 2, 94
2019.75648926, 50.4119276428679, 119.195396511798, 504.135528564453, 2009588, 2, 94
2019.75648926, 50.4118707340932, 119.195387587808, 504.125274658203, 2009588, 2, 94
2019.75648926, 50.4118012024183, 119.195376645453, 504.181274414062, 2009588, 2, 94
2019.75648926, 50.4117190483688, 119.195363654436, 504.123657226562, 2009588, 2, 92
2019.75648926, 50.4116558541745, 119.195353659657, 504.110656738281, 2009588, 2, 92
2019.75648926, 50.4116116111716, 119.195346697883, 504.128845214844, 2009588, 2, 92
2019.75648926, 50.4115799980977, 119.195341768099, 504.083435058594, 2009588, 2, 92
2019.75648926, 50.411548405142, 119.195336706319, 504.092803955078, 2009588, 2, 92
2019.75648926, 50.4115167991703, 119.195331696844, 504.086883544922, 2009588, 2, 92
2019.75648926, 50.4114915010088, 119.195327752483, 504.097015380859, 2009588, 2, 90
2019.75648926, 50.4114598866466, 119.195322746539, 504.075073242188, 2009588, 2, 90
2019.75648926, 50.4114282694459, 119.195317740869, 504.090393066406, 2009588, 2, 90
2019.75648926, 50.4113966540889, 119.195312680866, 504.096893310547, 2009588, 2, 90
2019.75648926, 50.41136502163, 119.195307680687, 504.099487304688, 2009588, 2, 90
2019.75648926, 50.4113333851757, 119.195302664523, 504.086090087891, 2009588, 2, 90
2019.75648926, 50.4113017412628, 119.195297652288, 504.093872070312, 2009588, 2, 90
2019.75648926, 50.4112764144477, 119.195293678473, 504.095550537109, 2009588, 2, 90
2019.75648926, 50.4112384249678, 119.195287652446, 504.138275146484, 2009588, 2, 90
2019.75648926, 50.4111940932841, 119.195280610099, 504.153045654297, 2009588, 2, 90
2019.75648926, 50.4111497439482, 119.195273549499, 504.149383544922, 2009588, 2, 90
2019.75648926, 50.4110990394779, 119.195265459306, 504.115447998047, 2009588, 2, 90
2019.75648926, 50.4110420726813, 119.195256503489, 504.145935058594, 2009588, 2, 90
2019.75648926, 50.4109403699925, 119.195240074297, 504.144989013672, 2009588, 2, 87
2019.75648926, 50.4108831176838, 119.195230821331, 504.131317138672, 2009588, 2, 87
2019.75648926, 50.4108258408284, 119.195221530388, 504.100372314453, 2009588, 2, 87
2019.75648926, 50.4107940000091, 119.195216412557, 504.071075439453, 2009588, 2, 87
2019.75648926, 50.4107557935096, 119.195210196899, 504.111999511719, 2009588, 2, 87
2019.75648926, 50.4107303030098, 119.195206121167, 504.076110839844, 2009588, 2, 90
2019.75648926, 50.4106984398233, 119.195200982655, 504.063568115234, 2009588, 2, 90
2019.75648926, 50.4106665807156, 119.195195771978, 504.093933105469, 2009588, 2, 90
2019.75648926, 50.4106410700054, 119.195191709442, 504.058349609375, 2009588, 2, 90
2019.75648926, 50.410609198356, 119.195186490153, 504.065185546875, 2009588, 2, 90
2019.75648926, 50.410583679799, 119.19518241305, 504.054595947266, 2009588, 2, 90
2019.75648926, 50.4105517924271, 119.195177230048, 504.035491943359, 2009588, 2, 90
2019.75648926, 50.4105262675965, 119.195173131758, 504.070587158203, 2009588, 2, 90
2019.75648926, 50.41050074122, 119.195169023365, 504.066802978516, 2009588, 2, 90
2019.75648926, 50.4104752118745, 119.195164905461, 504.061920166016, 2009588, 2, 87
2019.75648926, 50.4104433028375, 119.195159724317, 504.073455810547, 2009588, 2, 87
2019.75648926, 50.4104177601743, 119.195155646133, 504.052612304688, 2009588, 2, 87
2019.75648926, 50.4103858385118, 119.195150479899, 504.048797607422, 2009588, 2, 87
2019.75648926, 50.4103539103678, 119.195145332362, 504.121704101562, 2009588, 2, 87
2019.75648926, 50.4103155888688, 119.195139182965, 504.130676269531, 2009588, 2, 87
2019.75648926, 50.4102708771572, 119.195131980961, 504.104431152344, 2009588, 2, 87
2019.75648929, 50.3629107516166, 119.187347322595, 507.511566162109, 2009588, 2, 61
2019.75648929, 50.3628344922196, 119.187335629582, 507.488067626953, 2009588, 2, 61
2019.75648929, 50.3627963611052, 119.187329675901, 507.417816162109, 2009588, 2, 61
2019.75648929, 50.3627647315819, 119.187324878427, 507.437591552734, 2009588, 2, 61
2019.75648929, 50.3627328691007, 119.187319922924, 507.438995361328, 2009588, 2, 61
2019.75648929, 50.3627073679358, 119.187315970556, 507.439392089844, 2009588, 2, 61
2019.75648929, 50.362675492993, 119.187310981962, 507.414398193359, 2009588, 2, 61
2019.75648929, 50.3626436198929, 119.187305930449, 507.40771484375, 2009588, 2, 61
2019.75648929, 50.362611730186, 119.187300930783, 507.3955078125, 2009588, 2, 61
2019.75648929, 50.3625862078542, 119.187296957527, 507.399444580078, 2009588, 2, 61
2019.75648929, 50.3625543133547, 119.187291906314, 507.414611816406, 2009588, 2, 61
2019.75648929, 50.3625287863531, 119.187287913524, 507.397552490234, 2009588, 2, 61
2019.75648929, 50.3624968856554, 119.18728282386, 507.403961181641, 2009588, 2, 94
2019.75648929, 50.3624649710235, 119.187277781577, 507.394592285156, 2009588, 2, 94
2019.75648929, 50.3624394313091, 119.187273770401, 507.375946044922, 2009588, 2, 94
2019.75648929, 50.362407517071, 119.187268664351, 507.398162841797, 2009588, 2, 94
2019.75648929, 50.3623819712703, 119.18726464216, 507.423797607422, 2009588, 2, 94
2019.75648929, 50.3623500479952, 119.187259538189, 507.392944335938, 2009588, 2, 94
2019.75648929, 50.3623244999749, 119.187255495286, 507.425872802734, 2009588, 2, 94
2019.75648929, 50.3622925677234, 119.187250416857, 507.416351318359, 2009588, 2, 94
2019.75648929, 50.3622606434719, 119.187245258986, 507.414733886719, 2009588, 2, 93
2019.75648929, 50.3622287071444, 119.187240155064, 507.436767578125, 2009588, 2, 94
2019.75648929, 50.3621967718054, 119.187235035002, 507.409851074219, 2009588, 2, 94
2019.75648929, 50.3621648382414, 119.187229893877, 507.435760498047, 2009588, 2, 94
2019.75648929, 50.362126510646, 119.18722375421, 507.4619140625, 2009588, 2, 94
2019.75648929, 50.3620881810744, 119.187217636935, 507.441772460938, 2009588, 2, 94
2019.75648929, 50.3620370936743, 119.187209348327, 507.459655761719, 2009588, 2, 94
2019.75648929, 50.3619923803568, 119.1872021711, 507.455505371094, 2009588, 2, 94
2019.75648929, 50.3619349179507, 119.187192816907, 507.432098388672, 2009588, 2, 94
2019.75648929, 50.3618774592553, 119.187183494215, 507.440185546875, 2009588, 2, 94
2019.75648929, 50.3618263889119, 119.187175216091, 507.447845458984, 2009588, 2, 94
2019.75648929, 50.3617753210777, 119.187166972405, 507.442016601562, 2009588, 2, 94
2019.75648929, 50.3617178947149, 119.187157630854, 507.458557128906, 2009588, 2, 91
2019.75648929, 50.3616477503672, 119.187146099165, 507.425720214844, 2009588, 2, 91
2019.75648929, 50.3615967340348, 119.18713781268, 507.411773681641, 2009588, 2, 91
2019.75648929, 50.3615584807013, 119.18713160297, 507.38037109375, 2009588, 2, 91
2019.75648929, 50.3615138765845, 119.1871242853, 507.413543701172, 2009588, 2, 91
2019.75648929, 50.3614755702645, 119.187118004363, 507.386383056641, 2009588, 2, 68
2019.75648929, 50.3614373908934, 119.187111821279, 507.396148681641, 2009588, 2, 68
2019.75648929, 50.361405589563, 119.187106614024, 507.373138427734, 2009588, 2, 68
2019.75648929, 50.3613737944376, 119.187101414581, 507.393218994141, 2009588, 2, 68
2019.75648929, 50.361342014795, 119.187096160574, 507.399780273438, 2009588, 2, 68
2019.75648929, 50.3613165802136, 119.187092054803, 507.402984619141, 2009588, 2, 68
2019.75648929, 50.3612848146842, 119.187086794855, 507.391845703125, 2009588, 2, 68
2019.75648929, 50.3612593883019, 119.187082699231, 507.417388916016, 2009588, 2, 68
2019.75648929, 50.3594908746619, 119.186799397708, 507.487731933594, 2009588, 2, 54
2019.75648929, 50.35945911846, 119.186794501248, 507.461700439453, 2009588, 2, 54
2019.75648929, 50.3594273696123, 119.186789535892, 507.450347900391, 2009588, 2, 54
2019.75648929, 50.3593956143763, 119.186784574854, 507.450500488281, 2009588, 2, 54
2019.75648929, 50.3593638566716, 119.186779600666, 507.433074951172, 2009588, 2, 54
2019.75648929, 50.3593257481628, 119.186773583594, 507.459106445312, 2009588, 2, 54
2019.75648929, 50.3592876220628, 119.186767637818, 507.448577880859, 2009588, 2, 54
2019.75648929, 50.3592431300368, 119.186760695772, 507.459320068359, 2009588, 2, 54
2019.75648929, 50.3591922723718, 119.186752746173, 507.47900390625, 2009588, 2, 54
2019.75648929, 50.3589823536873, 119.186719900392, 507.436248779297, 2009588, 2, 79
2019.75648929, 50.3589251269663, 119.18671100647, 507.498229980469, 2009588, 2, 79
2019.75648929, 50.3588550334002, 119.186699878175, 507.488739013672, 2009588, 2, 79
2019.75648929, 50.35882315068, 119.186694905485, 507.448181152344, 2009588, 2, 79
2019.75648929, 50.3587912766493, 119.186689859192, 507.425231933594, 2009588, 2, 79
2019.75648929, 50.3587594045473, 119.186684780178, 507.420928955078, 2009588, 2, 79
2019.75648929, 50.3587275259444, 119.186679731441, 507.43701171875, 2009588, 2, 75
2019.75648929, 50.3586956389015, 119.186674708962, 507.418151855469, 2009588, 2, 75
2019.75648929, 50.3586701245778, 119.186670714451, 507.422546386719, 2009588, 2, 75
2019.75648929, 50.3586382394382, 119.186665677633, 507.432556152344, 2009588, 2, 75
2019.75648929, 50.3585936020653, 119.186658584992, 507.471710205078, 2009588, 2, 75
2019.75648929, 50.3585489641871, 119.186651484289, 507.439422607422, 2009588, 2, 75
2019.75648929, 50.3584979356313, 119.186643443715, 507.461364746094, 2009588, 2, 90
2019.75648929, 50.358440526445, 119.186634409461, 507.505462646484, 2009588, 2, 90
2019.75648929, 50.3583831231983, 119.186625368466, 507.490570068359, 2009588, 2, 90
2019.75648929, 50.358325734178, 119.186616259111, 507.491973876953, 2009588, 2, 90
2019.75648929, 50.3582683399386, 119.186607218676, 507.496948242188, 2009588, 2, 90
2019.75648929, 50.3581982096062, 119.186596134084, 507.512481689453, 2009588, 2, 94
2019.75648929, 50.3581344619212, 119.186586080063, 507.497100830078, 2009588, 2, 94
2019.75648929, 50.3580707140838, 119.186576109774, 507.518829345703, 2009588, 2, 94
2019.75648929, 50.3579942507498, 119.186564071125, 507.552734375, 2009588, 2, 93
2019.75648929, 50.3579114476588, 119.186551027082, 507.527221679688, 2009588, 2, 93
2019.75648929, 50.3578413915208, 119.186540081574, 507.513580322266, 2009588, 2, 93
2019.75648929, 50.3577777357414, 119.186530074715, 507.528930664062, 2009588, 2, 93
2019.75648929, 50.3577204475917, 119.186521177761, 507.528228759766, 2009588, 2, 83
2019.75648929, 50.3576567435992, 119.18651112323, 507.535980224609, 2009588, 2, 83
2019.75648929, 50.3576122751792, 119.186504210909, 507.520935058594, 2009588, 2, 83
2019.75648929, 50.3575741607709, 119.186498327311, 507.534149169922, 2009588, 2, 94
2019.75648929, 50.3575424007952, 119.186493458058, 507.506225585938, 2009588, 2, 94
2019.75648929, 50.3575043041297, 119.186487536745, 507.516815185547, 2009588, 2, 94
2019.75648929, 50.3574725561085, 119.186482642293, 507.51904296875, 2009588, 2, 63
2019.75648929, 50.3574408070809, 119.186477770854, 507.499298095703, 2009588, 2, 63
2019.75648929, 50.3574090673682, 119.186472868831, 507.491394042969, 2009588, 2, 63
2019.75648929, 50.3573709880527, 119.186466959429, 507.481567382812, 2009588, 2, 63
2019.75648929, 50.3573392545164, 119.186462072355, 507.493988037109, 2009588, 2, 63
2019.75648929, 50.3573075198944, 119.186457189293, 507.513122558594, 2009588, 2, 63
2019.75648929, 50.3572694359729, 119.186451373057, 507.49853515625, 2009588, 2, 63
2019.75648929, 50.3474900261414, 119.184968297178, 508.01025390625, 2009588, 2, 57
2019.75648929, 50.3474007652583, 119.184955346214, 507.997619628906, 2009588, 2, 57
2019.75648929, 50.3473115263652, 119.184942470525, 507.995910644531, 2009588, 2, 57
2019.75648929, 50.3472095757105, 119.184927745281, 508.003356933594, 2009588, 2, 92
2019.75648929, 50.3471395162535, 119.18491758068, 507.976989746094, 2009588, 2, 92
2019.75648929, 50.3470885705388, 119.184910201417, 507.991241455078, 2009588, 2, 92
2019.75648929, 50.347031275123, 119.184901851473, 507.985534667969, 2009588, 2, 92
2019.75648929, 50.3469739740875, 119.184893591311, 507.999664306641, 2009588, 2, 91
2019.75648929, 50.3468848986366, 119.184880527124, 507.994232177734, 2009588, 2, 91
2019.75648929, 50.3468085547687, 119.184869385096, 508.008087158203, 2009588, 2, 91
2019.75648945, 50.0251221987966, 119.13641566035, 519.818176269531, 2009588, 2, 59
2019.75648945, 50.0250902202794, 119.136410685235, 519.82763671875, 2009588, 2, 59
2019.75648945, 50.0250518625386, 119.136404596492, 519.816711425781, 2009588, 2, 59
2019.75648946, 50.0204028503927, 119.135664345027, 519.997741699219, 2009588, 2, 65
2019.75648946, 50.0203202977313, 119.13565097485, 520.010131835938, 2009588, 2, 65
2019.75648946, 50.0202758691623, 119.135643742539, 519.984008789062, 2009588, 2, 65
2019.75648987, 49.1914869232185, 119.012034457691, 583.600952148438, 2009588, 2, 68
2019.75648987, 49.1913652023686, 119.01201859354, 583.619812011719, 2009588, 2, 68
2019.75648987, 49.1912883045487, 119.012008583, 583.588500976562, 2009588, 2, 68
2019.75648987, 49.1911729614756, 119.011993479037, 583.553039550781, 2009588, 2, 55
2019.75648987, 49.1910319829537, 119.01197499849, 583.593139648438, 2009588, 2, 55
2019.75648987, 49.1908271305995, 119.011947777122, 583.570373535156, 2009588, 2, 66
2019.75648783, 53.2706564577795, 119.599885308291, 363.916442871094, 2009603, 3, 91
2019.75648783, 53.2704907496528, 119.599863889587, 363.950439453125, 2009603, 3, 91
2019.75648783, 53.2703185794788, 119.599841416022, 363.953857421875, 2009603, 3, 91
2019.75648783, 53.2701654770945, 119.599821235493, 363.973236083984, 2009603, 3, 93
2019.75648783, 53.2700059473295, 119.59980003594, 363.981414794922, 2009603, 3, 93
2019.75648783, 53.2698527824258, 119.599779712308, 363.932708740234, 2009603, 3, 93
2019.75648783, 53.2697123742541, 119.599761007267, 363.959564208984, 2009603, 3, 94
2019.75648783, 53.2695592141827, 119.599740673186, 363.969757080078, 2009603, 3, 94
2019.75648783, 53.2694124600842, 119.599721210494, 363.925201416016, 2009603, 3, 92
2019.75648783, 53.2692657784569, 119.599702194938, 363.968109130859, 2009603, 3, 92
2019.75648783, 53.2691000192437, 119.599680769644, 363.919708251953, 2009603, 3, 92
2019.75648783, 53.268966186316, 119.599663573434, 363.968566894531, 2009603, 3, 93
2019.75648783, 53.2688196688873, 119.599644895914, 363.951293945312, 2009603, 3, 93
2019.75648783, 53.2686795775533, 119.599627164319, 363.9736328125, 2009603, 3, 90
2019.75648783, 53.2685331760783, 119.599608654354, 363.997100830078, 2009603, 3, 90
2019.75648783, 53.268316867562, 119.599581611186, 364.008239746094, 2009603, 3, 70
2019.75648925, 50.4108382262151, 119.151090013608, 505.067779541016, 2009588, 3, 93
2019.75648925, 50.4098389336077, 119.150948162718, 505.086975097656, 2009588, 3, 82
2019.75648927, 50.3809291414421, 119.146451263242, 506.254211425781, 2009588, 3, 90
2019.75648986, 49.1868829362408, 118.968035991725, 582.630554199219, 2009588, 3, 83
2019.75648986, 49.1865201631217, 118.967988997036, 582.63232421875, 2009588, 3, 85
2019.75648784, 53.2702134664716, 119.598908155139, 364.04052734375, 2009603, 4, 88
2019.75648784, 53.2701749938756, 119.598902515058, 364.032196044922, 2009603, 4, 88
2019.75648784, 53.2701365297944, 119.598896790633, 364.043640136719, 2009603, 4, 88
2019.75648784, 53.2700916600358, 119.59889004068, 364.044158935547, 2009603, 4, 88
2019.75648784, 53.2700531919068, 119.598884307491, 364.03125, 2009603, 4, 88
2019.75648784, 53.2700083178002, 119.598877570443, 364.043334960938, 2009603, 4, 88
2019.75648784, 53.2699570532188, 119.598869722147, 364.037872314453, 2009603, 4, 91
2019.75648784, 53.26991218075, 119.598862971353, 364.05419921875, 2009603, 4, 91
2019.75648784, 53.2698673279238, 119.598856084549, 364.037292480469, 2009603, 4, 91
2019.75648784, 53.269822486988, 119.598849114869, 364.036834716797, 2009603, 4, 91
2019.75648784, 53.2697840439792, 119.598843243584, 364.050323486328, 2009603, 4, 91
2019.75648784, 53.2697390886238, 119.598836466321, 364.028259277344, 2009603, 4, 93
2019.75648784, 53.26969434997, 119.598829251386, 364.024719238281, 2009603, 4, 93
2019.75648784, 53.269643221829, 119.598821037766, 364.035888671875, 2009603, 4, 93
2019.75648784, 53.2695921142809, 119.598812705879, 364.037750244141, 2009603, 4, 93
2019.75648784, 53.2695537838352, 119.598806512185, 364.062438964844, 2009603, 4, 93
2019.75648784, 53.2695154618837, 119.598800256172, 364.047790527344, 2009603, 4, 93
2019.75648784, 53.2694771486581, 119.59879395924, 364.024322509766, 2009603, 4, 93
2019.75648784, 53.2694388373338, 119.598787679152, 364.032012939453, 2009603, 4, 93
2019.75648784, 53.2694005280107, 119.598781408226, 364.019500732422, 2009603, 4, 93
2019.75648784, 53.2693622273699, 119.59877510029, 364.026245117188, 2009603, 4, 93
2019.75648784, 53.269323956734, 119.598768600587, 364.030700683594, 2009603, 4, 93
2019.75648784, 53.2692856566004, 119.598762340892, 364.044677734375, 2009603, 4, 93
2019.75648784, 53.2692410110557, 119.598754769838, 364.054992675781, 2009603, 4, 93
2019.75648784, 53.2692027271579, 119.598748444401, 364.043365478516, 2009603, 4, 93
2019.75648784, 53.2691517130339, 119.598739803796, 364.050506591797, 2009603, 4, 93
2019.75648784, 53.2691070820742, 119.598732247651, 364.013916015625, 2009603, 4, 93
2019.75648784, 53.2690688245086, 119.598725802602, 364.022521972656, 2009603, 4, 93
2019.75648784, 53.2690305619158, 119.598719424899, 364.049713134766, 2009603, 4, 93
2019.75648784, 53.268992323785, 119.598712886513, 364.049560546875, 2009603, 4, 95
2019.75648784, 53.268954081815, 119.598706397692, 364.038452148438, 2009603, 4, 95
2019.75648784, 53.2689158344243, 119.598699998173, 364.075256347656, 2009603, 4, 95
2019.75648784, 53.2688775983088, 119.598693515692, 364.078735351562, 2009603, 4, 95
2019.75648784, 53.2688330128391, 119.59868580921, 364.056793212891, 2009603, 4, 95
2019.75648784, 53.268801143066, 119.598680505336, 364.032165527344, 2009603, 4, 95
2019.75648784, 53.2687629224608, 119.598673985457, 364.043914794922, 2009603, 4, 95
2019.75648784, 53.2687247057603, 119.598667458105, 364.050201416016, 2009603, 4, 93
2019.75648784, 53.2686864833163, 119.598661024979, 364.062042236328, 2009603, 4, 93
2019.75648784, 53.2686419043873, 119.598653426849, 364.081634521484, 2009603, 4, 93
2019.75648784, 53.2686100520186, 119.598648107632, 364.065673828125, 2009603, 4, 93
2019.75648784, 53.2685718431858, 119.598641636353, 364.069793701172, 2009603, 4, 93
2019.75648784, 53.2685272807669, 119.598634009918, 364.096252441406, 2009603, 4, 93
2019.75648784, 53.268489235863, 119.598627469845, 364.064971923828, 2009603, 4, 92
2019.75648784, 53.2684573482201, 119.598622181222, 364.066192626953, 2009603, 4, 92
2019.75648784, 53.2684190910311, 119.598615776313, 364.067962646484, 2009603, 4, 92
2019.75648784, 53.2683744707113, 119.598608250566, 364.073272705078, 2009603, 4, 92
2019.75648784, 53.2683298474733, 119.598600814929, 364.060211181641, 2009603, 4, 92
2019.75648784, 53.2682788479014, 119.598592415184, 364.076843261719, 2009603, 4, 92
2019.75648784, 53.2682215044944, 119.598582855104, 364.070220947266, 2009603, 4, 85
2019.75648784, 53.2681577953276, 119.598572339542, 364.068572998047, 2009603, 4, 85
2019.75648784, 53.2680941088925, 119.598561842524, 364.095367431641, 2009603, 4, 85
2019.75648926, 50.4103975753923, 119.149625910085, 505.074066162109, 2009588, 4, 93
2019.75648926, 50.41017516282, 119.149590769732, 505.09716796875, 2009588, 4, 93
2019.75648926, 50.4099793591976, 119.149560218398, 505.102081298828, 2009588, 4, 93
2019.75648926, 50.4097964094922, 119.149531659464, 505.130493164062, 2009588, 4, 93
2019.75648928, 50.386404133242, 119.145677505072, 506.310638427734, 2009588, 4, 94
2019.75648928, 50.385339469353, 119.145498571231, 506.378143310547, 2009588, 4, 91
2019.75648928, 50.3850202307535, 119.145445338255, 506.318389892578, 2009588, 4, 87
2019.75648928, 50.3848418895519, 119.145415817213, 506.36083984375, 2009588, 4, 86
2019.75648928, 50.3846767843053, 119.145388850036, 506.359069824219, 2009588, 4, 82
2019.75648928, 50.3845502580317, 119.145368365052, 506.368225097656, 2009588, 4, 82
2019.75648928, 50.3843038925793, 119.145328392898, 506.337890625, 2009588, 4, 69
2019.75648928, 50.3833493192438, 119.14517015026, 506.397766113281, 2009588, 4, 75
2019.75648928, 50.3826935016709, 119.145056668931, 506.331115722656, 2009588, 4, 85
2019.75648928, 50.3816861539759, 119.144889923621, 506.390350341797, 2009588, 4, 73
2019.75648987, 49.1869985521355, 118.967116569802, 582.748596191406, 2009588, 4, 65
2019.75648987, 49.1869538806662, 118.96711062355, 582.719848632812, 2009588, 4, 65
2019.75648987, 49.1869155643436, 118.96710573042, 582.720458984375, 2009588, 4, 65
2019.75648987, 49.1868708734526, 118.967099905252, 582.722412109375, 2009588, 4, 65
2019.75648987, 49.1868261961849, 118.967093974951, 582.736938476562, 2009588, 4, 65
2019.75648987, 49.1867751219378, 118.967087279157, 582.740417480469, 2009588, 4, 65
2019.75648987, 49.1867304221531, 118.967081483414, 582.718200683594, 2009588, 4, 86
2019.75648987, 49.1866921130557, 118.967076473229, 582.745910644531, 2009588, 4, 86
2019.75648987, 49.1866474337378, 118.967070504732, 582.719482421875, 2009588, 4, 86
2019.75648987, 49.1866027432196, 118.96706463767, 582.751770019531, 2009588, 4, 86
2019.75648987, 49.1865516636139, 118.967057950448, 582.750122070312, 2009588, 4, 86
2019.75648987, 49.1864686681266, 118.967047018741, 582.741577148438, 2009588, 4, 83
2019.75648987, 49.1863473998541, 118.967030836763, 582.768371582031, 2009588, 4, 83
2019.75648785, 53.2242059919079, 119.543821678675, 366.340026855469, 2009603, 5, 75
2019.75648785, 53.224015135798, 119.543783683602, 366.338439941406, 2009603, 5, 75
2019.75648785, 53.2238307377428, 119.543747135316, 366.31396484375, 2009603, 5, 92
2019.75648785, 53.2236718792109, 119.543715387471, 366.337280273438, 2009603, 5, 92
2019.75648785, 53.2234941095132, 119.54367984578, 366.338836669922, 2009603, 5, 94
2019.75648785, 53.2232848269806, 119.543637744261, 366.339721679688, 2009603, 5, 94
2019.75648785, 53.2231137850914, 119.543603070823, 366.386535644531, 2009603, 5, 94
2019.75648785, 53.2229174169084, 119.543563305968, 366.376770019531, 2009603, 5, 95
2019.75648785, 53.2227345005177, 119.543525691914, 366.436004638672, 2009603, 5, 95
2019.75648785, 53.222551599697, 119.543487737411, 366.401458740234, 2009603, 5, 94
2019.75648785, 53.2223938558594, 119.543455246653, 366.449523925781, 2009603, 5, 96
2019.75648785, 53.222229638995, 119.543421256141, 366.470458984375, 2009603, 5, 95
2019.75648785, 53.2220398849799, 119.543382246559, 366.474456787109, 2009603, 5, 95
2019.75648785, 53.2215957398519, 119.543291378874, 366.490814208984, 2009603, 5, 94
2019.75648986, 49.1999365944225, 118.925374326478, 581.538452148438, 2009588, 5, 90
2019.75648986, 49.1995872084735, 118.92532827488, 581.516052246094, 2009588, 5, 92
2019.75648786, 53.2234873415778, 119.541417445213, 366.431304931641, 2009603, 6, 61
2019.75648786, 53.2234106329221, 119.541402084941, 366.432830810547, 2009603, 6, 61
2019.75648786, 53.2233531498033, 119.541390537834, 366.416442871094, 2009603, 6, 61
2019.75648786, 53.2233020842372, 119.541380315344, 366.384521484375, 2009603, 6, 61
2019.75648786, 53.2232510476641, 119.541370185094, 366.414916992188, 2009603, 6, 61
2019.75648786, 53.2231935141587, 119.541358634328, 366.411834716797, 2009603, 6, 91
2019.75648786, 53.2231490530025, 119.541349789973, 366.400787353516, 2009603, 6, 91
2019.75648786, 53.2231046146173, 119.541341008887, 366.412078857422, 2009603, 6, 91
2019.75648786, 53.2230602207148, 119.541332102487, 366.412292480469, 2009603, 6, 91
2019.75648786, 53.2230158399006, 119.54132332044, 366.441467285156, 2009603, 6, 91
2019.75648786, 53.2229714874024, 119.541314538032, 366.408233642578, 2009603, 6, 92
2019.75648786, 53.2229271583419, 119.541305790221, 366.398529052734, 2009603, 6, 92
2019.75648786, 53.2228828479761, 119.54129711025, 366.442108154297, 2009603, 6, 92
2019.75648786, 53.2228385716642, 119.541288362089, 366.441925048828, 2009603, 6, 92
2019.75648786, 53.2227943086413, 119.541279700444, 366.443267822266, 2009603, 6, 92
2019.75648786, 53.2227437596714, 119.541269702834, 366.451843261719, 2009603, 6, 93
2019.75648786, 53.2226995287998, 119.541261183033, 366.425476074219, 2009603, 6, 93
2019.75648786, 53.2226490285628, 119.541251221443, 366.474761962891, 2009603, 6, 93
2019.75648786, 53.2226048337001, 119.541242747183, 366.458190917969, 2009603, 6, 93
2019.75648786, 53.2225543528938, 119.541232988927, 366.422943115234, 2009603, 6, 93
2019.75648786, 53.2225038905347, 119.541223250297, 366.470703125, 2009603, 6, 93
2019.75648786, 53.2224534528022, 119.541213430894, 366.462371826172, 2009603, 6, 94
2019.75648786, 53.2224156142177, 119.541206288388, 366.438995361328, 2009603, 6, 94
2019.75648786, 53.2223777898283, 119.541199052552, 366.469177246094, 2009603, 6, 94
2019.75648786, 53.2223336693166, 119.541190609518, 366.438018798828, 2009603, 6, 94
2019.75648786, 53.2222958543409, 119.541183410749, 366.432678222656, 2009603, 6, 94
2019.75648786, 53.2222580385526, 119.541176251454, 366.450256347656, 2009603, 6, 94
2019.75648786, 53.2222139381109, 119.541167779981, 366.476013183594, 2009603, 6, 94
2019.75648786, 53.2221698232284, 119.541159458473, 366.481719970703, 2009603, 6, 94
2019.75648786, 53.2221320017072, 119.541152420806, 366.45166015625, 2009603, 6, 94
2019.75648786, 53.222087880304, 119.541144162952, 366.479034423828, 2009603, 6, 94
2019.75648786, 53.2220500645913, 119.541137042575, 366.442504882812, 2009603, 6, 94
2019.75648786, 53.2220059399198, 119.541128795716, 366.490081787109, 2009603, 6, 94
2019.75648786, 53.2219492448908, 119.541118059241, 366.474578857422, 2009603, 6, 94
2019.75648786, 53.2218861484052, 119.541106369503, 366.483642578125, 2009603, 6, 94
2019.75648786, 53.2217851426423, 119.541087831841, 366.475494384766, 2009603, 6, 94
2019.75648786, 53.2217156587334, 119.541075175318, 366.514770507812, 2009603, 6, 93
2019.75648786, 53.2216461421078, 119.541062541889, 366.517242431641, 2009603, 6, 93
2019.75648786, 53.2215766104867, 119.541049738406, 366.532287597656, 2009603, 6, 93
2019.75648786, 53.2215196777925, 119.541039408311, 366.498565673828, 2009603, 6, 93
2019.75648786, 53.2214690555951, 119.541030157141, 366.510070800781, 2009603, 6, 95
2019.75648786, 53.2214120750591, 119.541019802957, 366.524108886719, 2009603, 6, 95
2019.75648786, 53.2213613940163, 119.541010705357, 366.510070800781, 2009603, 6, 95
2019.75648786, 53.2212980452003, 119.540998955312, 366.494293212891, 2009603, 6, 94
2019.75648786, 53.2212346294424, 119.540987509205, 366.498443603516, 2009603, 6, 95
2019.75648786, 53.2211648649931, 119.5409745613, 366.492279052734, 2009603, 6, 95
2019.75648786, 53.2210950328492, 119.540961858692, 366.541687011719, 2009603, 6, 95
2019.75648786, 53.2209997661203, 119.54094420049, 366.555145263672, 2009603, 6, 95
2019.75648786, 53.2209298606387, 119.540931180224, 366.53369140625, 2009603, 6, 95
2019.75648786, 53.220866273698, 119.540919320201, 366.530181884766, 2009603, 6, 95
2019.75648786, 53.2207771998234, 119.540902673786, 366.538482666016, 2009603, 6, 95
2019.75648786, 53.2207135362945, 119.54089081061, 366.521331787109, 2009603, 6, 94
2019.75648786, 53.2206116503249, 119.540871527635, 366.520660400391, 2009603, 6, 94
2019.75648786, 53.2204075617371, 119.54083209015, 366.537109375, 2009603, 6, 64
2019.75648948, 49.9861512957045, 119.040130564202, 521.35888671875, 2009588, 6, 61
2019.75648948, 49.9860876478407, 119.040121420521, 521.3359375, 2009588, 6, 61
2019.75648948, 49.9860367411575, 119.040113955409, 521.338012695312, 2009588, 6, 61
2019.75648948, 49.9859858200377, 119.040106617299, 521.320129394531, 2009588, 6, 61
2019.75648948, 49.9859285343644, 119.040098324552, 521.291137695312, 2009588, 6, 61
2019.75648948, 49.985877630081, 119.040090798087, 521.284118652344, 2009588, 6, 61
2019.75648948, 49.985839460012, 119.040085242146, 521.310180664062, 2009588, 6, 61
2019.75648948, 49.985794886825, 119.040078842413, 521.288452148438, 2009588, 6, 61
2019.75648987, 49.1999352221795, 118.924504162589, 581.509216308594, 2009588, 6, 87
2019.75648987, 49.1998527986673, 118.924494207601, 581.492492675781, 2009588, 6, 79
2019.75648987, 49.1997830516714, 118.924485722449, 581.484375, 2009588, 6, 79
2019.75648987, 49.1997259596555, 118.924478959373, 581.482360839844, 2009588, 6, 84
2019.75648987, 49.1996625408109, 118.924471129209, 581.473937988281, 2009588, 6, 84
2019.75648987, 49.1995674640258, 118.924459866178, 581.469909667969, 2009588, 6, 84
2019.75648987, 49.1994340039499, 118.924443150648, 581.486389160156, 2009588, 6, 93
2019.75648987, 49.199313190773, 118.924427885763, 581.477233886719, 2009588, 6, 93
2019.75648987, 49.1991986615813, 118.924413474864, 581.48046875, 2009588, 6, 90
2019.75648987, 49.1990777282616, 118.92439804479, 581.501953125, 2009588, 6, 90
2019.75648987, 49.1989312469725, 118.924379413147, 581.48193359375, 2009588, 6, 80
2019.75648987, 49.1988165654231, 118.924364755832, 581.454345703125, 2009588, 6, 80
