2021.76063248, 55.6234954470375, 130.706150933912, 785.80419921875, 2007670, 1, 60
2021.76063248, 55.6234569680485, 130.706144412514, 785.808410644531, 2007670, 1, 60
2021.76063248, 55.6234121134683, 130.706136884862, 785.807983398438, 2007670, 1, 60
2021.76063248, 55.6233736800859, 130.706130393593, 785.796691894531, 2007670, 1, 60
2021.76063248, 55.6233416624491, 130.706124942893, 785.811157226562, 2007670, 1, 60
2021.76063248, 55.6233032756499, 130.706118489454, 785.788513183594, 2007670, 1, 60
2021.76063248, 55.6232712945718, 130.706113044088, 785.804809570312, 2007670, 1, 60
2021.76063248, 55.6226050785357, 130.705998781878, 785.728271484375, 2007670, 1, 72
2021.76063248, 55.622579947512, 130.705994374566, 785.712158203125, 2007670, 1, 72
2021.76063248, 55.6225485480939, 130.705988907789, 785.725463867188, 2007670, 1, 72
2021.76063248, 55.6225234335429, 130.705984512838, 785.707763671875, 2007670, 1, 72
2021.76063248, 55.6224983233014, 130.705980102666, 785.720764160156, 2007670, 1, 58
2021.76063248, 55.6224669479126, 130.705974614645, 785.71337890625, 2007670, 1, 58
2021.76063248, 55.6224418516135, 130.705970204854, 785.717163085938, 2007670, 1, 58
2021.76063248, 55.6224167580461, 130.705965787918, 785.722229003906, 2007670, 1, 58
2021.76063248, 55.6223916680925, 130.705961367662, 785.716247558594, 2007670, 1, 58
2021.76063248, 55.6223603180853, 130.705955873893, 785.710876464844, 2007670, 1, 58
2021.76063248, 55.6223352298135, 130.705951424776, 785.718811035156, 2007670, 1, 58
2021.76063248, 55.6223038829567, 130.705945919356, 785.708557128906, 2007670, 1, 58
2021.76063248, 55.622278797031, 130.705941454127, 785.711975097656, 2007670, 1, 58
2021.76063248, 55.6222474448598, 130.705935900307, 785.704284667969, 2007670, 1, 51
2021.76063248, 55.6222160984631, 130.705930384183, 785.675415039062, 2007670, 1, 51
2021.76063248, 55.6221847411643, 130.705924798873, 785.742553710938, 2007670, 1, 51
2021.76063248, 55.62215338628, 130.705919238585, 785.685791015625, 2007670, 1, 51
2021.76063248, 55.6221220233121, 130.705913660583, 785.689270019531, 2007670, 1, 51
2021.76063248, 55.6220843881869, 130.705907003435, 785.726623535156, 2007670, 1, 51
2021.76063248, 55.622034183378, 130.705898062794, 785.731384277344, 2007670, 1, 51
2021.76063248, 55.6219776738435, 130.705887961501, 785.707580566406, 2007670, 1, 59
2021.76063248, 55.6219022855453, 130.705874529143, 785.675903320312, 2007670, 1, 59
2021.76063248, 55.6172388346882, 130.705082143993, 783.742004394531, 2007670, 1, 84
2021.76063248, 55.6169677378104, 130.705034095771, 782.979248046875, 2007670, 1, 52
2021.76063282, 54.9379930805874, 130.586836972273, 487.256042480469, 2007670, 1, 78
2021.76063282, 54.9379614372926, 130.586831362625, 487.258514404297, 2007670, 1, 78
2021.76063282, 54.9379361100799, 130.586826840618, 487.258941650391, 2007670, 1, 78
2021.76063282, 54.9379044547481, 130.586821255366, 487.266296386719, 2007670, 1, 78
2021.76063282, 54.9378791187168, 130.586816741244, 487.259765625, 2007670, 1, 78
2021.76063282, 54.9378537796874, 130.586812247902, 487.262603759766, 2007670, 1, 78
2021.76063282, 54.9378221026466, 130.586806660453, 487.249755859375, 2007670, 1, 78
2021.76063282, 54.9377967472508, 130.586802142699, 487.264495849609, 2007670, 1, 78
2021.76063282, 54.9377650562644, 130.586796565885, 487.253845214844, 2007670, 1, 78
2021.76063282, 54.9377396906569, 130.586792058489, 487.26416015625, 2007670, 1, 92
2021.76063282, 54.9377079839659, 130.586786499842, 487.267456054688, 2007670, 1, 92
2021.76063282, 54.9376826008554, 130.5867819852, 487.257507324219, 2007670, 1, 92
2021.76063282, 54.9376508703993, 130.586776393615, 487.247375488281, 2007670, 1, 92
2021.76063282, 54.9376191376661, 130.586770851778, 487.291076660156, 2007670, 1, 92
2021.76063282, 54.9375937317547, 130.586766346822, 487.282073974609, 2007670, 1, 92
2021.76063282, 54.9375619731004, 130.58676077326, 487.266021728516, 2007670, 1, 92
2021.76063282, 54.9375302103289, 130.586755229942, 487.2802734375, 2007670, 1, 92
2021.76063282, 54.9374984300283, 130.58674966672, 487.285125732422, 2007670, 1, 90
2021.76063282, 54.9374666307932, 130.586744057525, 487.309509277344, 2007670, 1, 90
2021.76063282, 54.9374284750398, 130.586737452025, 487.298645019531, 2007670, 1, 90
2021.76063282, 54.9373902935748, 130.586730787593, 487.306884765625, 2007670, 1, 90
2021.76063282, 54.9373520920449, 130.586724113267, 487.322143554688, 2007670, 1, 90
2021.76063282, 54.9373075145801, 130.586716396345, 487.333282470703, 2007670, 1, 90
2021.76063282, 54.9372565422272, 130.586707617306, 487.337249755859, 2007670, 1, 90
2021.76063282, 54.9372182902135, 130.586701020197, 487.311187744141, 2007670, 1, 88
2021.76063282, 54.9371800230901, 130.586694433181, 487.310760498047, 2007670, 1, 88
2021.76063282, 54.9371417380255, 130.586687849118, 487.303894042969, 2007670, 1, 88
2021.76063282, 54.9371098189934, 130.586682339648, 487.300628662109, 2007670, 1, 88
2021.76063282, 54.9370715174753, 130.586675852999, 487.303466796875, 2007670, 1, 88
2021.76063282, 54.9370395738052, 130.586670356964, 487.299682617188, 2007670, 1, 88
2021.76063282, 54.9370076269368, 130.586664919742, 487.299621582031, 2007670, 1, 88
2021.7606329, 54.7948117420536, 130.562390809182, 440.501617431641, 2007670, 1, 71
2021.7606329, 54.794773553346, 130.56238475457, 440.416168212891, 2007670, 1, 71
2021.7606329, 54.7947417403773, 130.562379743986, 440.43408203125, 2007670, 1, 61
2021.7606329, 54.7947099394952, 130.56237476463, 440.443481445312, 2007670, 1, 61
2021.7606329, 54.7946781404647, 130.562369748375, 440.461853027344, 2007670, 1, 61
2021.7606329, 54.7946463418677, 130.562364679631, 440.501403808594, 2007670, 1, 61
2021.7606329, 54.7946018511331, 130.562357684978, 440.424407958984, 2007670, 1, 61
2021.7606329, 54.7945699683606, 130.562352635193, 440.489593505859, 2007670, 1, 61
2021.7606329, 54.7945445785898, 130.56234859397, 440.498199462891, 2007670, 1, 61
2021.7606329, 54.7945128574328, 130.562343595038, 440.477935791016, 2007670, 1, 61
2021.7606329, 54.7879875303208, 130.561285305549, 439.294036865234, 2007670, 1, 75
2021.7606329, 54.7877340025956, 130.561245621112, 439.418762207031, 2007670, 1, 88
2021.7606329, 54.7875057453747, 130.561209864679, 439.257202148438, 2007670, 1, 88
2021.7606329, 54.7873408799662, 130.561184059501, 439.119720458984, 2007670, 1, 92
2021.7606329, 54.7872584410902, 130.561171113364, 439.0703125, 2007670, 1, 92
2021.7606329, 54.7872140442386, 130.561164094933, 439.018402099609, 2007670, 1, 90
2021.7606329, 54.7871759991091, 130.561158134411, 439.004150390625, 2007670, 1, 90
2021.7606329, 54.7871442951188, 130.561153146331, 439.012390136719, 2007670, 1, 90
2021.7606329, 54.7871189194116, 130.561149085771, 439.002593994141, 2007670, 1, 90
2021.7606329, 54.7870872187273, 130.561144128527, 438.968872070312, 2007670, 1, 90
2021.7606329, 54.7870555109193, 130.561139113862, 438.968383789062, 2007670, 1, 90
2021.7606329, 54.787030137247, 130.561135054779, 438.953460693359, 2007670, 1, 90
2021.7606329, 54.7869984313576, 130.561130048789, 438.942535400391, 2007670, 1, 88
2021.7606329, 54.7869730604134, 130.561125998977, 438.941589355469, 2007670, 1, 88
2021.7606329, 54.786941273356, 130.561121001143, 438.914916992188, 2007670, 1, 88
2021.7606329, 54.7869159249011, 130.561116926158, 438.933044433594, 2007670, 1, 88
2021.7606329, 54.7868842489353, 130.561111904282, 438.946166992188, 2007670, 1, 88
2021.7606329, 54.786858895696, 130.561107802255, 438.941375732422, 2007670, 1, 88
2021.7606329, 54.7868272167084, 130.561102752847, 438.919372558594, 2007670, 1, 88
2021.7606329, 54.7868018667946, 130.561098661025, 438.916107177734, 2007670, 1, 88
2021.7606329, 54.7867701827039, 130.561093573032, 438.917297363281, 2007670, 1, 88
2021.7606329, 54.7867384996889, 130.56108849069, 438.921081542969, 2007670, 1, 61
2021.7606329, 54.7867131476444, 130.561084370154, 438.931488037109, 2007670, 1, 61
2021.7606329, 54.786681460796, 130.561079263333, 438.930358886719, 2007670, 1, 61
2021.7606329, 54.7866497752079, 130.561074166865, 438.925140380859, 2007670, 1, 61
2021.7606329, 54.7866244176444, 130.561070032447, 438.925689697266, 2007670, 1, 61
2021.7606329, 54.7865927233337, 130.56106488509, 438.910797119141, 2007670, 1, 61
2021.7606329, 54.7865546948074, 130.561058745084, 438.936767578125, 2007670, 1, 61
2021.7606329, 54.786522990466, 130.561053539212, 438.956939697266, 2007670, 1, 61
2021.7606329, 54.7864849502618, 130.561047329907, 438.962677001953, 2007670, 1, 61
2021.7606329, 54.7864405709069, 130.561040116237, 438.938415527344, 2007670, 1, 61
2021.7606329, 54.7863961734922, 130.561032811656, 438.92041015625, 2007670, 1, 61
2021.7606329, 54.7863454354443, 130.5610245049, 438.936218261719, 2007670, 1, 61
2021.7606329, 54.7863010227069, 130.561017137755, 438.922454833984, 2007670, 1, 61
2021.7606329, 54.7861677610563, 130.560995125757, 438.888061523438, 2007670, 1, 70
2021.7606329, 54.7861360239293, 130.560989881783, 438.895965576172, 2007670, 1, 70
2021.7606329, 54.7861106192554, 130.560985604787, 438.882354736328, 2007670, 1, 70
2021.7606329, 54.7860788728867, 130.56098032085, 438.884033203125, 2007670, 1, 70
2021.7606329, 54.7860471237467, 130.560975059187, 438.882934570312, 2007670, 1, 70
2021.7606329, 54.7860217141988, 130.560970800105, 438.886505126953, 2007670, 1, 70
2021.7606329, 54.7859836029379, 130.560964460023, 438.892822265625, 2007670, 1, 54
2021.7606329, 54.785932772367, 130.560955955692, 438.906890869141, 2007670, 1, 54
2021.7606329, 54.7858628542712, 130.560944191523, 438.905487060547, 2007670, 1, 54
2021.7606329, 54.7858119935017, 130.560935658214, 438.890991210938, 2007670, 1, 54
2021.7606329, 54.7857738423986, 130.560929269387, 438.881408691406, 2007670, 1, 54
2021.7606329, 54.7837149601974, 130.560590211763, 438.263244628906, 2007670, 1, 85
2021.7606329, 54.7836449267911, 130.560579166347, 438.245758056641, 2007670, 1, 85
2021.7606329, 54.7835939941782, 130.560571140367, 438.271026611328, 2007670, 1, 85
2021.7606329, 54.7835430639908, 130.560563142053, 438.261840820312, 2007670, 1, 85
2021.7606329, 54.7835048617558, 130.560557105488, 438.27685546875, 2007670, 1, 85
2021.7606329, 54.7834730187305, 130.56055203065, 438.247100830078, 2007670, 1, 88
2021.7606329, 54.7834411839292, 130.560547016998, 438.249237060547, 2007670, 1, 88
2021.7606329, 54.7834093439148, 130.560541971611, 438.24267578125, 2007670, 1, 88
2021.7606329, 54.7833838663177, 130.560537893792, 438.274108886719, 2007670, 1, 88
2021.7606329, 54.7833520226755, 130.560532826667, 438.246307373047, 2007670, 1, 88
2021.7606329, 54.7833201844015, 130.560527782974, 438.253051757812, 2007670, 1, 88
2021.7606329, 54.7832883388887, 130.560522698588, 438.257965087891, 2007670, 1, 88
2021.7606329, 54.7832564863008, 130.56051757407, 438.237762451172, 2007670, 1, 88
2021.7606329, 54.7832246365567, 130.560512473511, 438.251007080078, 2007670, 1, 92
2021.7606329, 54.7831927952362, 130.56050741369, 438.25341796875, 2007670, 1, 92
2021.7606329, 54.7831673106435, 130.560503288438, 438.260040283203, 2007670, 1, 92
2021.7606329, 54.7831354574166, 130.560498159229, 438.235778808594, 2007670, 1, 91
2021.7606329, 54.7831037493932, 130.560493211546, 438.2509765625, 2007670, 1, 91
2021.7606329, 54.7830782150562, 130.560489012741, 438.246612548828, 2007670, 1, 91
2021.7606329, 54.7830463086672, 130.560483833609, 438.271118164062, 2007670, 1, 91
2021.7606329, 54.7830143948064, 130.560478591048, 438.260681152344, 2007670, 1, 91
2021.7606329, 54.7829888607019, 130.560474374382, 438.261077880859, 2007670, 1, 91
2021.7606329, 54.7829569496229, 130.56046913404, 438.263488769531, 2007670, 1, 91
2021.7606329, 54.7829250430476, 130.56046390729, 438.260589599609, 2007670, 1, 91
2021.7606329, 54.7828995129223, 130.560459675512, 438.253295898438, 2007670, 1, 91
2021.7606329, 54.7828676051075, 130.560454394891, 438.233154296875, 2007670, 1, 91
2021.7606329, 54.7828357050737, 130.560449153873, 438.254608154297, 2007670, 1, 91
2021.7606329, 54.7828038018762, 130.560443861567, 438.2236328125, 2007670, 1, 91
2021.7606329, 54.7827782757784, 130.560439596161, 438.236450195312, 2007670, 1, 91
2021.7606329, 54.782746382649, 130.560434318521, 438.230682373047, 2007670, 1, 91
2021.7606329, 54.7827208645318, 130.560430055399, 438.227142333984, 2007670, 1, 91
2021.7606329, 54.7826889785336, 130.560424772439, 438.220611572266, 2007670, 1, 91
2021.7606329, 54.7826634668237, 130.560420483677, 438.244201660156, 2007670, 1, 91
2021.7606329, 54.7826315894226, 130.560415191112, 438.233001708984, 2007670, 1, 91
2021.7606329, 54.7826060834892, 130.560410903135, 438.243713378906, 2007670, 1, 91
2021.7606329, 54.7825742135248, 130.560405587211, 438.251983642578, 2007670, 1, 91
2021.7606329, 54.7825487206586, 130.560401318131, 438.239288330078, 2007670, 1, 91
2021.7606329, 54.7825232276057, 130.560397026133, 438.252532958984, 2007670, 1, 91
2021.7606329, 54.7824913744633, 130.560391705077, 438.248657226562, 2007670, 1, 91
2021.7606329, 54.7824658947215, 130.560387420466, 438.245208740234, 2007670, 1, 91
2021.7606329, 54.7824404166349, 130.560383121685, 438.251190185547, 2007670, 1, 91
2021.7606329, 54.7824085795262, 130.560377779082, 438.248748779297, 2007670, 1, 91
2021.7606329, 54.782383110826, 130.560373474829, 438.245483398438, 2007670, 1, 91
2021.7606329, 54.7823512884586, 130.56036813558, 438.227172851562, 2007670, 1, 91
2021.7606329, 54.7823258300691, 130.560363822435, 438.23583984375, 2007670, 1, 91
2021.7606329, 54.7823003794096, 130.560359524755, 438.236541748047, 2007670, 1, 91
2021.7606329, 54.7822685807846, 130.560354192424, 438.242523193359, 2007670, 1, 91
2021.7606329, 54.7822431397229, 130.560349865278, 438.248016357422, 2007670, 1, 91
2021.7606329, 54.7822177081529, 130.56034557543, 438.262847900391, 2007670, 1, 91
2021.7606329, 54.7821859299545, 130.560340228749, 438.252899169922, 2007670, 1, 91
2021.7606329, 54.7821605072447, 130.560335914176, 438.255310058594, 2007670, 1, 91
2021.7606329, 54.7821287446214, 130.560330570319, 438.256286621094, 2007670, 1, 91
2021.7606329, 54.7821033345571, 130.560326253468, 438.260498046875, 2007670, 1, 91
2021.7606329, 54.7820715867278, 130.560320900221, 438.259643554688, 2007670, 1, 91
2021.7606329, 54.7820461974665, 130.560316615784, 438.263305664062, 2007670, 1, 91
2021.7606329, 54.7820208052822, 130.56031229277, 438.255981445312, 2007670, 1, 91
2021.7606329, 54.7819890829514, 130.560306952591, 438.265075683594, 2007670, 1, 91
2021.7606329, 54.7819637080752, 130.560302651466, 438.260437011719, 2007670, 1, 91
2021.7606329, 54.7819383358271, 130.560298342095, 438.252990722656, 2007670, 1, 91
2021.7606329, 54.7819066393912, 130.56029301225, 438.263092041016, 2007670, 1, 91
2021.7606329, 54.7818812822427, 130.560288711956, 438.264709472656, 2007670, 1, 91
2021.7606329, 54.7818493913289, 130.560283296025, 438.271575927734, 2007670, 1, 91
2021.7606329, 54.7818241060714, 130.560279016758, 438.251647949219, 2007670, 1, 91
2021.7606329, 54.7817925112338, 130.560273717492, 438.263000488281, 2007670, 1, 91
2021.7606329, 54.7817672362392, 130.560269446382, 438.265502929688, 2007670, 1, 91
2021.7606329, 54.7817356566611, 130.560264149841, 438.248596191406, 2007670, 1, 91
2021.7606329, 54.7817103961135, 130.560259910866, 438.27001953125, 2007670, 1, 91
2021.7606329, 54.7816851375792, 130.560255646037, 438.250091552734, 2007670, 1, 91
2021.7606329, 54.7816535769955, 130.560250368691, 438.250061035156, 2007670, 1, 91
2021.7606329, 54.7816283243767, 130.560246094474, 438.235961914062, 2007670, 1, 92
2021.7606329, 54.7815967774421, 130.560240826007, 438.248199462891, 2007670, 1, 92
2021.7606329, 54.7815715350023, 130.560236572641, 438.246246337891, 2007670, 1, 92
2021.7606329, 54.78154629855, 130.560232341308, 438.241119384766, 2007670, 1, 92
2021.7606329, 54.7815147613023, 130.560227085382, 438.246307373047, 2007670, 1, 92
2021.7606329, 54.781489529458, 130.56022285323, 438.235290527344, 2007670, 1, 89
2021.7606329, 54.7814643007515, 130.560218631337, 438.243804931641, 2007670, 1, 89
2021.7606329, 54.7814390721682, 130.560214395282, 438.236175537109, 2007670, 1, 89
2021.7606329, 54.7814138462682, 130.560210175864, 438.244506835938, 2007670, 1, 89
2021.7606329, 54.7813823214933, 130.560204926558, 438.242736816406, 2007670, 1, 89
2021.7606329, 54.781357098429, 130.560200717471, 438.242462158203, 2007670, 1, 89
2021.7606329, 54.7813318718715, 130.560196485258, 438.221160888672, 2007670, 1, 89
2021.7606329, 54.7813003466279, 130.560191248649, 438.240814208984, 2007670, 1, 89
2021.7606329, 54.7812751209534, 130.560187028285, 438.222961425781, 2007670, 1, 89
2021.7606329, 54.7812498986511, 130.560182828893, 438.249786376953, 2007670, 1, 85
2021.7606329, 54.7812183732168, 130.560177613377, 438.248565673828, 2007670, 1, 85
2021.7606329, 54.7811931486315, 130.5601734122, 438.234771728516, 2007670, 1, 85
2021.7606329, 54.7811679179442, 130.560169194618, 438.229339599609, 2007670, 1, 85
2021.7606329, 54.7811363864161, 130.560163985316, 438.254272460938, 2007670, 1, 85
2021.7606329, 54.7811111520791, 130.560159769679, 438.234252929688, 2007670, 1, 85
2021.7606329, 54.781079614511, 130.560154566322, 438.260650634766, 2007670, 1, 85
2021.7606329, 54.7810543790205, 130.560150388895, 438.236846923828, 2007670, 1, 85
2021.7606329, 54.7810291364786, 130.560146185979, 438.238983154297, 2007670, 1, 85
2021.7606329, 54.7809975865259, 130.560140977949, 438.240478515625, 2007670, 1, 77
2021.7606329, 54.780972343082, 130.560136808129, 438.232025146484, 2007670, 1, 77
2021.7606329, 54.7809470905628, 130.56013261626, 438.227478027344, 2007670, 1, 77
2021.7606329, 54.7809155256819, 130.560127418846, 438.23095703125, 2007670, 1, 77
2021.7606329, 54.7808902648628, 130.560123228037, 438.226318359375, 2007670, 1, 77
2021.7606329, 54.7808650026271, 130.560119063018, 438.239196777344, 2007670, 1, 77
2021.7606329, 54.7808334222857, 130.560113882836, 438.24609375, 2007670, 1, 77
2021.7606329, 54.7808081464019, 130.560109698884, 438.224945068359, 2007670, 1, 77
2021.7606329, 54.7807765534636, 130.560104509492, 438.217529296875, 2007670, 1, 77
2021.7606329, 54.780744948073, 130.560099310546, 438.238494873047, 2007670, 1, 72
2021.7606329, 54.7807196546704, 130.560095131364, 438.247711181641, 2007670, 1, 72
2021.7606329, 54.7806880378657, 130.560089951488, 438.226287841797, 2007670, 1, 72
2021.7606329, 54.7806627318388, 130.560085778001, 438.240142822266, 2007670, 1, 72
2021.7606329, 54.7806311000876, 130.560080605477, 438.223205566406, 2007670, 1, 72
2021.7606329, 54.7806057809378, 130.56007642601, 438.225128173828, 2007670, 1, 72
2021.7606329, 54.7805742924466, 130.560071248245, 438.224548339844, 2007670, 1, 72
2021.7606329, 54.7805489132397, 130.560067080026, 438.214569091797, 2007670, 1, 72
2021.7606329, 54.7805171838568, 130.560061911239, 438.224426269531, 2007670, 1, 72
2021.7606329, 54.7804917882652, 130.560057740512, 438.217529296875, 2007670, 1, 63
2021.7606329, 54.7804600426237, 130.560052571531, 438.210052490234, 2007670, 1, 63
2021.7606329, 54.7804346335846, 130.560048395619, 438.216278076172, 2007670, 1, 63
2021.7606329, 54.7804028733085, 130.560043231367, 438.218597412109, 2007670, 1, 63
2021.7606329, 54.7803774531468, 130.560039055034, 438.227844238281, 2007670, 1, 63
2021.7606329, 54.7803520332049, 130.560034906423, 438.21923828125, 2007670, 1, 63
2021.7606329, 54.7803202531452, 130.560029740727, 438.219757080078, 2007670, 1, 63
2021.7606329, 54.7802948161153, 130.560025562988, 438.222808837891, 2007670, 1, 63
2021.7606329, 54.7802630235898, 130.560020406022, 438.229125976562, 2007670, 1, 63
2021.76063291, 54.7727227687197, 130.558766937111, 437.166229248047, 2007670, 1, 77
2021.76063291, 54.7724315697928, 130.558720589761, 436.002502441406, 2007670, 1, 94
2021.76063291, 54.7723935778075, 130.558714486646, 435.960205078125, 2007670, 1, 94
2021.76063291, 54.7723619204052, 130.558709429679, 435.941864013672, 2007670, 1, 94
2021.76063291, 54.772330252948, 130.558704316221, 435.951965332031, 2007670, 1, 94
2021.76063291, 54.7722985763861, 130.558699166232, 435.956298828125, 2007670, 1, 94
2021.76063291, 54.7722605738108, 130.558693054543, 435.955657958984, 2007670, 1, 94
2021.76063291, 54.7722162090546, 130.558685802592, 435.977966308594, 2007670, 1, 92
2021.76063291, 54.7721718393392, 130.558678569535, 435.958282470703, 2007670, 1, 92
2021.76063291, 54.7721401336703, 130.558673353983, 435.961395263672, 2007670, 1, 92
2021.76063291, 54.7721084213277, 130.558668126243, 435.957977294922, 2007670, 1, 92
2021.76063291, 54.7720767048035, 130.558662898948, 435.930267333984, 2007670, 1, 92
2021.76063291, 54.7720449854786, 130.558657682962, 435.934417724609, 2007670, 1, 92
2021.76063291, 54.7720132482748, 130.558652400395, 435.926544189453, 2007670, 1, 92
2021.76063291, 54.7719878464991, 130.558648118543, 435.926971435547, 2007670, 1, 90
2021.76063291, 54.7719560995112, 130.558642844151, 435.935241699219, 2007670, 1, 90
2021.76063291, 54.7719306823928, 130.558638527751, 435.912414550781, 2007670, 1, 90
2021.76063291, 54.7718989191699, 130.558633223529, 435.932464599609, 2007670, 1, 90
2021.76063291, 54.7718734909534, 130.558628891446, 435.903594970703, 2007670, 1, 90
2021.76063291, 54.7718417111968, 130.55862354767, 435.934692382812, 2007670, 1, 90
2021.76063291, 54.7718162672622, 130.558619178602, 435.9287109375, 2007670, 1, 90
2021.76063291, 54.771784463358, 130.558613779091, 435.921203613281, 2007670, 1, 90
2021.76063291, 54.7717590049328, 130.558609382885, 435.917449951172, 2007670, 1, 90
2021.76063293, 54.7164364491907, 130.548775984627, 435.358703613281, 2007670, 1, 79
2021.76063293, 54.7163982602529, 130.548769114595, 435.335662841797, 2007670, 1, 79
2021.76063293, 54.7163537241316, 130.548761144707, 435.309509277344, 2007670, 1, 79
2021.76063293, 54.7163091822577, 130.548753073839, 435.304779052734, 2007670, 1, 79
2021.76063293, 54.7162583048788, 130.548743943199, 435.334930419922, 2007670, 1, 58
2021.76063293, 54.7161883585285, 130.54873128409, 435.339904785156, 2007670, 1, 85
2021.76063293, 54.7161311491795, 130.548720931724, 435.299591064453, 2007670, 1, 85
2021.76063293, 54.7160676008238, 130.548709412215, 435.316162109375, 2007670, 1, 85
2021.76063293, 54.7159977220068, 130.548696716294, 435.290283203125, 2007670, 1, 86
2021.76063293, 54.7158770703107, 130.548674729907, 435.284149169922, 2007670, 1, 86
2021.76063293, 54.7157247667457, 130.548646972482, 435.289001464844, 2007670, 1, 82
2021.76063293, 54.7155410143785, 130.548613487894, 435.265472412109, 2007670, 1, 82
2021.76063408, 52.4146450765512, 130.167644628605, 221.845367431641, 2009603, 1, 60
2021.76063408, 52.4141549598826, 130.167562393447, 221.899261474609, 2009603, 1, 94
2021.76063408, 52.4136086161053, 130.167471414609, 220.347244262695, 2009603, 1, 94
2021.76063408, 52.4135704737529, 130.16746503597, 220.238784790039, 2009603, 1, 94
2021.76063408, 52.4135386723019, 130.167459635581, 220.172637939453, 2009603, 1, 94
2021.76063408, 52.4135132689637, 130.167455588002, 220.010299682617, 2009603, 1, 94
2021.76063408, 52.4134814887707, 130.167450356048, 220.024108886719, 2009603, 1, 90
2021.76063408, 52.4134560583556, 130.167446160837, 220.025924682617, 2009603, 1, 90
2021.76063408, 52.4134306214091, 130.167441937963, 220.020477294922, 2009603, 1, 90
2021.76063408, 52.4134051855723, 130.167437739511, 220.026336669922, 2009603, 1, 90
2021.76063408, 52.4133733900217, 130.167432510632, 220.017700195312, 2009603, 1, 90
2021.76063408, 52.4133479459407, 130.167428289357, 220.011199951172, 2009603, 1, 90
2021.76063408, 52.4133161452292, 130.167423075398, 220.004241943359, 2009603, 1, 90
2021.76063408, 52.4132843354823, 130.167417828975, 220.051330566406, 2009603, 1, 90
2021.76063408, 52.4132461578484, 130.167411511376, 220.072540283203, 2009603, 1, 55
2021.76063408, 52.4132016118414, 130.167404178036, 220.062881469727, 2009603, 1, 55
2021.76063408, 52.4131379650749, 130.16739372745, 220.053863525391, 2009603, 1, 55
2021.76063408, 52.4130935938684, 130.167386473601, 219.992965698242, 2009603, 1, 55
2021.76063408, 52.413061695192, 130.167381218199, 220.016174316406, 2009603, 1, 55
2021.76063408, 52.4130297939876, 130.167375953244, 220.029312133789, 2009603, 1, 55
2021.76063249, 55.6252326011424, 130.705239717197, 786.102600097656, 2007670, 2, 81
2021.76063249, 55.622380174526, 130.704771922637, 786.384216308594, 2007670, 2, 53
2021.76063249, 55.6216606900389, 130.704653129639, 785.615844726562, 2007670, 2, 82
2021.76063249, 55.6215335940416, 130.70463287879, 785.549926757812, 2007670, 2, 82
2021.76063249, 55.6212795063648, 130.704592681532, 785.539245605469, 2007670, 2, 93
2021.76063249, 55.6210001411911, 130.704548487156, 785.399841308594, 2007670, 2, 95
2021.76063249, 55.6208350807319, 130.70452230104, 785.319641113281, 2007670, 2, 92
2021.76063249, 55.6207081079566, 130.704502061834, 785.239135742188, 2007670, 2, 93
2021.76063249, 55.6205240231945, 130.704472661408, 785.2138671875, 2007670, 2, 92
2021.76063249, 55.6198440700095, 130.704360211243, 784.710632324219, 2007670, 2, 93
2021.7606325, 55.6134327761081, 130.7033193218, 781.062438964844, 2007670, 2, 81
2021.7606325, 55.6132930713055, 130.703296785061, 781.0498046875, 2007670, 2, 81
2021.7606325, 55.6131660691409, 130.703276198464, 781.007629394531, 2007670, 2, 70
2021.7606325, 55.6130390650007, 130.703255468165, 780.988037109375, 2007670, 2, 70
2021.76063283, 54.9376161614941, 130.585547606479, 487.270721435547, 2007670, 2, 91
2021.76063284, 54.9374185544132, 130.585514881923, 487.298370361328, 2007670, 2, 90
2021.76063284, 54.9371445855307, 130.585469421153, 487.300537109375, 2007670, 2, 82
2021.76063291, 54.7953392978317, 130.561275486448, 440.581115722656, 2007670, 2, 60
2021.76063291, 54.7862276427658, 130.55972493473, 438.298797607422, 2007670, 2, 75
2021.76063291, 54.7854909299183, 130.559600897044, 438.308227539062, 2007670, 2, 90
2021.76063291, 54.7851032178571, 130.559535067771, 438.282836914062, 2007670, 2, 91
2021.76063291, 54.7847345308764, 130.559471130181, 438.241027832031, 2007670, 2, 91
2021.76063291, 54.7843658944286, 130.55940533692, 438.290313720703, 2007670, 2, 91
2021.76063291, 54.7838513585018, 130.559311859288, 438.254089355469, 2007670, 2, 91
2021.76063291, 54.7835085853505, 130.559250192555, 438.274749755859, 2007670, 2, 91
2021.76063291, 54.7832991835939, 130.559213018047, 438.241760253906, 2007670, 2, 67
2021.76063292, 54.7722671331924, 130.55726751653, 435.890014648438, 2007670, 2, 80
2021.76063292, 54.7720890664189, 130.557234990316, 435.831359863281, 2007670, 2, 93
2021.76063292, 54.7719746414562, 130.557214046002, 435.814575195312, 2007670, 2, 92
2021.76063292, 54.7718602433014, 130.557193102085, 435.820098876953, 2007670, 2, 92
2021.76063292, 54.7717459348392, 130.557172033606, 435.815673828125, 2007670, 2, 89
2021.76063292, 54.7716380004066, 130.557152153645, 435.832305908203, 2007670, 2, 89
2021.76063292, 54.7715173973478, 130.557129953774, 435.826446533203, 2007670, 2, 89
2021.76063295, 54.7157214477895, 130.547332185018, 435.039611816406, 2007670, 2, 87
2021.76063409, 52.4130668303998, 130.166053740482, 220.036956787109, 2009603, 2, 76
2021.76063277, 55.0513860037616, 130.555676305677, 523.204345703125, 2007670, 3, 89
2021.76063277, 55.0512782703311, 130.555656283578, 523.181701660156, 2007670, 3, 89
2021.76063277, 55.0511451529621, 130.555631398095, 523.158020019531, 2007670, 3, 87
2021.76063277, 55.0509929420655, 130.555602887373, 523.090393066406, 2007670, 3, 86
2021.76063277, 55.05082156503, 130.555570739153, 522.984008789062, 2007670, 3, 86
2021.76063278, 55.0373698151672, 130.553340963694, 520.012817382812, 2007670, 3, 87
2021.76063278, 55.0372677555277, 130.553324999083, 519.864440917969, 2007670, 3, 87
2021.76063278, 55.0371912024987, 130.553313170246, 519.868774414062, 2007670, 3, 91
2021.76063278, 55.0371018722333, 130.553299378738, 519.885864257812, 2007670, 3, 91
2021.76063278, 55.0370189064792, 130.553286462003, 519.87109375, 2007670, 3, 91
2021.76063278, 55.036897642065, 130.553267535748, 519.835876464844, 2007670, 3, 90
2021.76063278, 55.0367763849046, 130.553248580448, 519.81982421875, 2007670, 3, 90
2021.76063278, 55.0366615218026, 130.553230487392, 519.841735839844, 2007670, 3, 91
2021.76063278, 55.036540308241, 130.553211245082, 519.8359375, 2007670, 3, 91
2021.76063278, 55.0364127542977, 130.553190969424, 519.774841308594, 2007670, 3, 79
2021.76063278, 55.0362662086543, 130.553167072176, 519.774475097656, 2007670, 3, 79
2021.7606328, 54.9943881379864, 130.546331379727, 510.372497558594, 2007670, 3, 62
2021.7606328, 54.9934435888283, 130.546161219522, 509.196411132812, 2007670, 3, 87
2021.7606328, 54.9932137716422, 130.546119717921, 509.107025146484, 2007670, 3, 63
2021.76063292, 54.749224314429, 130.504338693094, 430.201446533203, 2007670, 3, 80
2021.76063292, 54.7490023720549, 130.504296993898, 429.83154296875, 2007670, 3, 80
2021.76063292, 54.7487870733141, 130.504256563061, 429.235687255859, 2007670, 3, 87
2021.76063292, 54.7486541953341, 130.504231703131, 429.058959960938, 2007670, 3, 90
2021.76063292, 54.7485972608112, 130.504221068147, 429.003723144531, 2007670, 3, 90
2021.76063292, 54.748559311959, 130.504214034697, 428.906524658203, 2007670, 3, 90
2021.76063292, 54.7485276853989, 130.504208147568, 428.897888183594, 2007670, 3, 90
2021.76063292, 54.7484960617729, 130.504202284701, 428.867492675781, 2007670, 3, 90
2021.76063292, 54.7484644369075, 130.5041964182, 428.896759033203, 2007670, 3, 90
2021.76063292, 54.7484328116896, 130.504190553948, 428.913909912109, 2007670, 3, 90
2021.76063292, 54.7484011869222, 130.504184706983, 428.866943359375, 2007670, 3, 90
2021.76063292, 54.7483695660031, 130.504178919333, 428.877899169922, 2007670, 3, 90
2021.76063292, 54.7483442597166, 130.50417415039, 428.878570556641, 2007670, 3, 90
2021.76063292, 54.7483126329667, 130.504168335301, 428.867034912109, 2007670, 3, 90
2021.76063292, 54.7482810105302, 130.504162601361, 428.87890625, 2007670, 3, 90
2021.76063292, 54.7482493809424, 130.504156812097, 428.858276367188, 2007670, 3, 90
2021.76063292, 54.7482177507233, 130.504151054091, 428.886199951172, 2007670, 3, 90
2021.76063292, 54.7481861160531, 130.504145276386, 428.881286621094, 2007670, 3, 90
2021.76063292, 54.7481544771085, 130.504139472262, 428.885192871094, 2007670, 3, 90
2021.76063292, 54.7481228385442, 130.504133713179, 428.857849121094, 2007670, 3, 90
2021.76063292, 54.7480911948978, 130.504127965282, 428.848785400391, 2007670, 3, 90
2021.76063292, 54.7480595509659, 130.504122259229, 428.852172851562, 2007670, 3, 90
2021.76063292, 54.7480280333098, 130.504116331384, 428.850280761719, 2007670, 3, 90
2021.76063292, 54.7479899855967, 130.50410966687, 428.838684082031, 2007670, 3, 91
2021.76063292, 54.7479582713331, 130.504104070993, 428.853057861328, 2007670, 3, 91
2021.76063292, 54.7479265488616, 130.504098405542, 428.827697753906, 2007670, 3, 91
2021.76063292, 54.7478948312585, 130.504092858934, 428.813751220703, 2007670, 3, 91
2021.76063292, 54.7478567630814, 130.504086209462, 428.848754882812, 2007670, 3, 91
2021.76063292, 54.7478186913433, 130.504079589118, 428.840026855469, 2007670, 3, 91
2021.76063292, 54.7477806136024, 130.50407294497, 428.822296142578, 2007670, 3, 91
2021.76063292, 54.7477425311569, 130.504066319777, 428.85498046875, 2007670, 3, 91
2021.76063292, 54.7477044387601, 130.504059577167, 428.848205566406, 2007670, 3, 91
2021.76063292, 54.7476663519173, 130.504053019834, 428.847106933594, 2007670, 3, 91
2021.76063292, 54.7476282564135, 130.504046396864, 428.829681396484, 2007670, 3, 91
2021.76063292, 54.747590154971, 130.504039743431, 428.799682617188, 2007670, 3, 91
2021.76063292, 54.7475520512075, 130.504033095088, 428.779663085938, 2007670, 3, 91
2021.76063292, 54.7475075972777, 130.504025419477, 428.794891357422, 2007670, 3, 91
2021.76063292, 54.747463139172, 130.504017700458, 428.800994873047, 2007670, 3, 91
2021.76063292, 54.7474123299906, 130.504008989109, 428.750671386719, 2007670, 3, 91
2021.76063292, 54.7473678562828, 130.504001188704, 428.749725341797, 2007670, 3, 91
2021.76063292, 54.7473106825832, 130.50399129984, 428.767395019531, 2007670, 3, 91
2021.76063292, 54.7472471544953, 130.503980337314, 428.701141357422, 2007670, 3, 66
2021.76063292, 54.7471772661245, 130.503968248235, 428.672973632812, 2007670, 3, 66
2021.76063292, 54.7470883098457, 130.503952826516, 428.624633789062, 2007670, 3, 66
2021.76063292, 54.7434943622243, 130.50331781032, 428.991180419922, 2007670, 3, 80
2021.76063292, 54.7434568382305, 130.503310785636, 428.961853027344, 2007670, 3, 80
2021.76063292, 54.7434193201718, 130.503303816948, 428.936279296875, 2007670, 3, 80
2021.76063292, 54.7433880571631, 130.503297998309, 428.961029052734, 2007670, 3, 80
2021.76063292, 54.7433505438548, 130.503291054086, 428.941040039062, 2007670, 3, 80
2021.76063292, 54.7433192770492, 130.503285177838, 428.927551269531, 2007670, 3, 80
2021.76063292, 54.7432817535871, 130.503278122872, 428.933990478516, 2007670, 3, 80
2021.76063292, 54.7432317163789, 130.503268690429, 428.952484130859, 2007670, 3, 90
2021.76063364, 53.3022344700467, 130.263047597208, 291.63916015625, 2009603, 3, 69
2021.76063364, 53.3021389543564, 130.263032324633, 291.6123046875, 2009603, 3, 69
2021.76063364, 53.3020561490848, 130.26301902978, 291.585968017578, 2009603, 3, 69
2021.76063364, 53.2968806763042, 130.262196923058, 291.134460449219, 2009603, 3, 85
2021.76063364, 53.2967603001303, 130.262175843351, 291.155853271484, 2009603, 3, 85
2021.76063364, 53.2967096397436, 130.262166959401, 291.134307861328, 2009603, 3, 76
2021.76063364, 53.2966589976425, 130.262158137445, 291.196960449219, 2009603, 3, 76
2021.76063364, 53.2966020292116, 130.262148042572, 291.24560546875, 2009603, 3, 76
2021.76063364, 53.2965387492605, 130.262136929758, 291.260467529297, 2009603, 3, 76
2021.76063365, 53.2879350254946, 130.26076161542, 290.457305908203, 2009603, 3, 83
2021.76063365, 53.2877135273364, 130.260726830332, 290.466522216797, 2009603, 3, 84
2021.76063365, 53.2876122895968, 130.260710912586, 290.421630859375, 2009603, 3, 84
2021.76063408, 52.4277279568066, 130.122174830007, 216.704360961914, 2009603, 3, 62
2021.76063408, 52.4276962719922, 130.122169818709, 216.691482543945, 2009603, 3, 62
2021.76063408, 52.427645562742, 130.1221619009, 216.781784057617, 2009603, 3, 62
2021.76063408, 52.4272893262451, 130.122106454958, 218.665298461914, 2009603, 3, 58
2021.76063408, 52.4270529689238, 130.122069660778, 219.084136962891, 2009603, 3, 61
2021.76063408, 52.4268357607195, 130.122035971096, 219.16584777832, 2009603, 3, 70
2021.76063408, 52.4257375642721, 130.121865999034, 218.924606323242, 2009603, 3, 51
2021.76063408, 52.4255544818782, 130.121836913342, 218.669357299805, 2009603, 3, 51
2021.76063408, 52.4253774985338, 130.121808016481, 217.126525878906, 2009603, 3, 87
2021.76063408, 52.425333218346, 130.121800849116, 217.134124755859, 2009603, 3, 87
2021.76063408, 52.4253015744802, 130.121795667554, 217.117736816406, 2009603, 3, 87
2021.76063408, 52.4252635955749, 130.121789529214, 217.146087646484, 2009603, 3, 87
2021.76063408, 52.4252319274526, 130.121784310235, 217.147338867188, 2009603, 3, 81
2021.76063408, 52.4252002482221, 130.121779056448, 217.177093505859, 2009603, 3, 81
2021.76063408, 52.4251685566471, 130.121773793614, 217.164337158203, 2009603, 3, 81
2021.76063408, 52.4251305094834, 130.121767458337, 217.198333740234, 2009603, 3, 81
2021.76063408, 52.4250924520656, 130.121761214514, 217.169448852539, 2009603, 3, 81
2021.76063408, 52.425054370079, 130.121754861006, 217.180221557617, 2009603, 3, 81
2021.76063408, 52.4250162661532, 130.121748441613, 217.19255065918, 2009603, 3, 81
2021.76063408, 52.4249785066359, 130.121742405891, 217.186569213867, 2009603, 3, 89
2021.76063408, 52.4249401886129, 130.121735677198, 217.174270629883, 2009603, 3, 89
2021.76063408, 52.4248890880643, 130.121726937754, 217.206497192383, 2009603, 3, 89
2021.76063408, 52.4248443447089, 130.121719161142, 217.211151123047, 2009603, 3, 89
2021.76063408, 52.4247995763697, 130.121711307365, 217.22087097168, 2009603, 3, 89
2021.76063408, 52.4247612003659, 130.121704683153, 217.205337524414, 2009603, 3, 89
2021.76063408, 52.4247228050429, 130.121697979417, 217.200378417969, 2009603, 3, 93
2021.76063408, 52.4246907935303, 130.121692264021, 217.215423583984, 2009603, 3, 93
2021.76063408, 52.4246523873162, 130.121685644727, 217.204559326172, 2009603, 3, 93
2021.76063408, 52.4246203622225, 130.121679919827, 217.188140869141, 2009603, 3, 93
2021.76063408, 52.4245819447565, 130.12167331138, 217.195648193359, 2009603, 3, 93
2021.76063408, 52.4245435108314, 130.121666490814, 217.231018066406, 2009603, 3, 93
2021.76063408, 52.4244986648732, 130.121658547486, 217.264678955078, 2009603, 3, 90
2021.76063408, 52.4244474188266, 130.121649599239, 217.254806518555, 2009603, 3, 90
2021.76063408, 52.4243833647953, 130.121638438593, 217.277847290039, 2009603, 3, 90
2021.76063408, 52.4243000977449, 130.121623794747, 217.27458190918, 2009603, 3, 90
2021.76063278, 55.0516992129961, 130.554403673262, 523.3017578125, 2007670, 4, 90
2021.76063278, 55.0500402073515, 130.554141485469, 523.157165527344, 2007670, 4, 55
2021.76063281, 54.9944466739872, 130.544726895387, 509.867858886719, 2007670, 4, 86
2021.76063281, 54.9943006902119, 130.544699965883, 509.777557373047, 2007670, 4, 86
2021.76063281, 54.9941801154563, 130.544677760327, 509.764831542969, 2007670, 4, 73
2021.76063281, 54.9940532153171, 130.544654423134, 509.803253173828, 2007670, 4, 73
2021.76063281, 54.9939263247617, 130.544631152059, 509.795623779297, 2007670, 4, 73
2021.76063281, 54.9937931007632, 130.544606782259, 509.945220947266, 2007670, 4, 73
2021.76063281, 54.9832942264501, 130.542697037086, 506.927551269531, 2007670, 4, 89
2021.76063293, 54.7472331990306, 130.502314288933, 429.029510498047, 2007670, 4, 53
2021.76063293, 54.746494449027, 130.502186200555, 428.267761230469, 2007670, 4, 88
2021.76063293, 54.7427647754689, 130.50152987318, 428.342468261719, 2007670, 4, 77
2021.76063365, 53.3009004540376, 130.261510896423, 291.632446289062, 2009603, 4, 52
2021.76063366, 53.2868353774707, 130.259260475534, 290.33642578125, 2009603, 4, 86
2021.76063366, 53.2864106267189, 130.259189229525, 290.191070556641, 2009603, 4, 82
2021.76063409, 52.4273700441979, 130.120671041154, 216.735473632812, 2009603, 4, 67
2021.76063409, 52.4259853675866, 130.120450709522, 217.041870117188, 2009603, 4, 76
2021.76063409, 52.4258515774079, 130.120429677086, 217.0927734375, 2009603, 4, 76
2021.76063409, 52.4256922334566, 130.120404679724, 217.141799926758, 2009603, 4, 91
2021.76063409, 52.425507364206, 130.120375384252, 217.134124755859, 2009603, 4, 91
2021.76063409, 52.4253097005908, 130.120344083888, 217.123046875, 2009603, 4, 94
2021.76063409, 52.4251566842718, 130.120319613524, 217.109436035156, 2009603, 4, 94
2021.76063409, 52.4250099933598, 130.120296023995, 217.194244384766, 2009603, 4, 94
2021.76063259, 55.4117337535288, 130.56666479492, 660.820190429688, 2007670, 5, 55
2021.76063259, 55.4116135000803, 130.566642705282, 660.858520507812, 2007670, 5, 55
2021.76063259, 55.4114235874795, 130.566607754258, 660.862243652344, 2007670, 5, 91
2021.76063259, 55.4112399706847, 130.566573675286, 660.818115234375, 2007670, 5, 94
2021.76063259, 55.4111386558883, 130.56655481623, 660.869567871094, 2007670, 5, 94
2021.76063259, 55.4110436726017, 130.566537108919, 660.844360351562, 2007670, 5, 94
2021.76063259, 55.4109486909801, 130.566519380378, 660.822265625, 2007670, 5, 88
2021.76063259, 55.4108600436727, 130.566502905655, 660.823791503906, 2007670, 5, 88
2021.76063259, 55.410765059721, 130.566485032333, 660.812744140625, 2007670, 5, 93
2021.76063272, 55.1411758697967, 130.520465404558, 548.989990234375, 2007670, 5, 68
2021.76063272, 55.1410414676165, 130.520444564899, 548.946533203125, 2007670, 5, 68
2021.76063272, 55.1409006630326, 130.52042277841, 548.923828125, 2007670, 5, 70
2021.76063272, 55.1407599730993, 130.520401018281, 548.966125488281, 2007670, 5, 70
2021.76063272, 55.1405811293846, 130.520373135972, 548.773498535156, 2007670, 5, 76
2021.76063272, 55.1404280652938, 130.520349120167, 548.653259277344, 2007670, 5, 83
2021.76063272, 55.1403261555397, 130.520333114395, 548.582946777344, 2007670, 5, 83
2021.76063272, 55.1402561656539, 130.520322276595, 548.568786621094, 2007670, 5, 83
2021.76063272, 55.1402052872093, 130.520314162792, 548.569763183594, 2007670, 5, 88
2021.76063272, 55.1401544394857, 130.520306108879, 548.649108886719, 2007670, 5, 88
2021.76063272, 55.1400972740729, 130.520297140541, 548.646484375, 2007670, 5, 88
2021.76063272, 55.140033797108, 130.520287077661, 548.635437011719, 2007670, 5, 88
2021.76063272, 55.1399893851757, 130.520279980702, 548.603942871094, 2007670, 5, 91
2021.76063272, 55.1399449899992, 130.520272770664, 548.633178710938, 2007670, 5, 91
2021.76063272, 55.1398942882323, 130.520264823406, 548.637268066406, 2007670, 5, 91
2021.76063272, 55.1398497564708, 130.520257716356, 548.626281738281, 2007670, 5, 91
2021.76063272, 55.139792898355, 130.520248567162, 548.606384277344, 2007670, 5, 91
2021.76063272, 55.1397360645135, 130.520239340051, 548.579040527344, 2007670, 5, 89
2021.76063272, 55.1396918690781, 130.520231928384, 548.578063964844, 2007670, 5, 89
2021.76063272, 55.1396413860001, 130.520223773086, 548.563659667969, 2007670, 5, 89
2021.76063272, 55.1395972219778, 130.520216482063, 548.600830078125, 2007670, 5, 89
2021.76063272, 55.1395404531264, 130.520207231921, 548.566162109375, 2007670, 5, 89
2021.76063273, 55.1394836932958, 130.520197939996, 548.565612792969, 2007670, 5, 60
2021.76063273, 55.13943324733, 130.520189700238, 548.571105957031, 2007670, 5, 60
2021.76063273, 55.1393954073339, 130.520183292088, 548.530151367188, 2007670, 5, 60
2021.76063273, 55.1393449621524, 130.520175035169, 548.5126953125, 2007670, 5, 60
2021.76063273, 55.1392945206353, 130.520166917443, 548.555053710938, 2007670, 5, 60
2021.76063293, 54.7381466880076, 130.451953082168, 423.078430175781, 2007670, 5, 51
2021.76063293, 54.7380641692249, 130.451939388182, 423.033172607422, 2007670, 5, 51
2021.76063293, 54.7379816867892, 130.451925839611, 422.991668701172, 2007670, 5, 86
2021.76063293, 54.7379309352391, 130.45191735641, 422.992553710938, 2007670, 5, 86
2021.76063293, 54.7378801965646, 130.451908912294, 422.991821289062, 2007670, 5, 86
2021.76063293, 54.7378231315201, 130.451899541746, 422.980133056641, 2007670, 5, 86
2021.76063293, 54.7377660824299, 130.451890181013, 422.955261230469, 2007670, 5, 86
2021.76063293, 54.7377090396096, 130.451880733783, 422.946044921875, 2007670, 5, 91
2021.76063293, 54.7376456704786, 130.451870158917, 422.927856445312, 2007670, 5, 91
2021.76063293, 54.7375823121634, 130.451859528422, 422.923034667969, 2007670, 5, 91
2021.76063293, 54.7375253045634, 130.451849989946, 422.892639160156, 2007670, 5, 91
2021.76063293, 54.7374493060827, 130.451837287791, 422.875732421875, 2007670, 5, 89
2021.76063293, 54.7373859783026, 130.451826474383, 422.852691650391, 2007670, 5, 89
2021.76063293, 54.7373099970793, 130.451813448072, 422.8232421875, 2007670, 5, 89
2021.76063293, 54.7372086982794, 130.451795950267, 422.842254638672, 2007670, 5, 91
2021.76063293, 54.737107412314, 130.45177838423, 422.833526611328, 2007670, 5, 91
2021.76063293, 54.7370251061633, 130.451763870111, 422.81640625, 2007670, 5, 91
2021.76063293, 54.7369238290478, 130.451745288566, 422.840789794922, 2007670, 5, 90
2021.76063293, 54.7368288632357, 130.451727571541, 422.816955566406, 2007670, 5, 90
2021.76063293, 54.7367212232041, 130.451707451161, 422.772033691406, 2007670, 5, 92
2021.76063293, 54.7364931679459, 130.451664358615, 422.799743652344, 2007670, 5, 92
2021.76063293, 54.7363917539215, 130.451645193151, 422.797790527344, 2007670, 5, 92
2021.76063293, 54.7363156579333, 130.451630621152, 422.742065429688, 2007670, 5, 92
2021.76063293, 54.7362268605122, 130.451613918961, 422.778289794922, 2007670, 5, 90
2021.76063293, 54.7361316738203, 130.451595983636, 422.785095214844, 2007670, 5, 90
2021.76063293, 54.7360046971488, 130.451572261641, 422.772857666016, 2007670, 5, 90
2021.76063293, 54.7358839972282, 130.451549964422, 422.768463134766, 2007670, 5, 72
2021.76063293, 54.735795031766, 130.451533174354, 422.796173095703, 2007670, 5, 72
2021.76063351, 53.5687039308511, 130.257786196215, 327.052642822266, 2009603, 5, 63
2021.76063366, 53.2671685061794, 130.20885757572, 283.516510009766, 2009603, 5, 77
2021.76063385, 52.8849983571011, 130.147300170556, 238.385299682617, 2009603, 5, 87
2021.76063385, 52.8849539061465, 130.147293199942, 238.307037353516, 2009603, 5, 87
2021.76063385, 52.8849157982103, 130.147287149438, 238.356323242188, 2009603, 5, 87
2021.76063385, 52.884877691446, 130.147281208939, 238.374908447266, 2009603, 5, 87
2021.76063385, 52.8848395762311, 130.147275090833, 238.340744018555, 2009603, 5, 87
2021.76063385, 52.884801463259, 130.147269071972, 238.337188720703, 2009603, 5, 87
2021.76063385, 52.884763346029, 130.147263049304, 238.329544067383, 2009603, 5, 87
2021.76063385, 52.8847252190208, 130.147256815569, 238.263656616211, 2009603, 5, 90
2021.76063385, 52.8846807474517, 130.147249836101, 238.279663085938, 2009603, 5, 90
2021.76063385, 52.8846489713315, 130.147244613997, 238.223358154297, 2009603, 5, 90
2021.76063385, 52.8846108483297, 130.147238522367, 238.245971679688, 2009603, 5, 90
2021.76063385, 52.8845727177627, 130.147232325605, 238.248779296875, 2009603, 5, 90
2021.76063385, 52.8845282388905, 130.147225296036, 238.285995483398, 2009603, 5, 90
2021.76063385, 52.8844964583063, 130.147220017974, 238.277847290039, 2009603, 5, 91
2021.76063385, 52.8844583293327, 130.147213867173, 238.235778808594, 2009603, 5, 91
2021.76063385, 52.8844265525149, 130.147208691296, 238.262512207031, 2009603, 5, 91
2021.76063385, 52.8843820684343, 130.147201474897, 238.284286499023, 2009603, 5, 91
2021.76063385, 52.884337583074, 130.1471942304, 238.371734619141, 2009603, 5, 91
2021.76063385, 52.8842867187079, 130.147186219061, 238.37028503418, 2009603, 5, 91
2021.76063385, 52.8842358942904, 130.147177457153, 238.342575073242, 2009603, 5, 92
2021.76063385, 52.8841850750998, 130.147168716271, 238.339721679688, 2009603, 5, 92
2021.76063385, 52.8841278992882, 130.147158782996, 238.326995849609, 2009603, 5, 92
2021.76063385, 52.8840770751611, 130.147149906837, 238.367782592773, 2009603, 5, 92
2021.76063385, 52.8840262604065, 130.147141244048, 238.306915283203, 2009603, 5, 92
2021.76063385, 52.8839817944986, 130.14713348461, 238.343017578125, 2009603, 5, 90
2021.76063385, 52.8839373277368, 130.147125756882, 238.355758666992, 2009603, 5, 90
2021.76063385, 52.8838992097529, 130.147118997922, 238.313858032227, 2009603, 5, 90
2021.76063385, 52.8838610983744, 130.147112430143, 238.314605712891, 2009603, 5, 90
2021.76063385, 52.88382299097, 130.147105957169, 238.266708374023, 2009603, 5, 90
2021.76063385, 52.8837912250811, 130.14710029962, 238.328109741211, 2009603, 5, 90
2021.76063385, 52.8837594689436, 130.147094822707, 238.273498535156, 2009603, 5, 90
2021.76063385, 52.877205915874, 130.146016102826, 238.196014404297, 2009603, 5, 88
2021.76063385, 52.8771236247499, 130.146003092471, 238.131072998047, 2009603, 5, 88
2021.76063385, 52.8770919735974, 130.14599793797, 238.059616088867, 2009603, 5, 89
2021.76063385, 52.8770540057637, 130.145991998586, 238.057739257812, 2009603, 5, 89
2021.76063385, 52.8770223678265, 130.145987011535, 238.090072631836, 2009603, 5, 89
2021.76063385, 52.8769844046475, 130.145980963921, 238.137329101562, 2009603, 5, 65
2021.76063385, 52.8769274673323, 130.145971887288, 238.118896484375, 2009603, 5, 65
2021.76063385, 52.8768768646151, 130.145963910134, 238.169525146484, 2009603, 5, 65
2021.76063385, 52.8768262604482, 130.145955724168, 238.132629394531, 2009603, 5, 65
2021.76063385, 52.8767503741816, 130.145943714392, 238.162231445312, 2009603, 5, 65
2021.76063387, 52.8459607139149, 130.140966288493, 235.213607788086, 2009603, 5, 54
2021.76063387, 52.845878390144, 130.140953273647, 235.229751586914, 2009603, 5, 54
2021.76063387, 52.8458213750645, 130.140944211035, 235.247146606445, 2009603, 5, 54
2021.76063387, 52.8457643504164, 130.14093530869, 235.240539550781, 2009603, 5, 54
2021.76063387, 52.8457136500059, 130.140927371957, 235.252685546875, 2009603, 5, 88
2021.76063387, 52.8456692652899, 130.140920200962, 235.203826904297, 2009603, 5, 88
2021.76063387, 52.8456185434293, 130.140912415252, 235.219772338867, 2009603, 5, 88
2021.76063387, 52.8455804807982, 130.14090627326, 235.195236206055, 2009603, 5, 88
2021.76063387, 52.8455360745535, 130.1408993805, 235.206100463867, 2009603, 5, 88
2021.76063387, 52.8454853160595, 130.140891555174, 235.1767578125, 2009603, 5, 89
2021.76063387, 52.8454408903486, 130.140884741035, 235.262344360352, 2009603, 5, 89
2021.76063387, 52.8454027963345, 130.140878759416, 235.234970092773, 2009603, 5, 89
2021.76063387, 52.8453583453281, 130.140871839806, 235.25407409668, 2009603, 5, 89
2021.76063387, 52.8453075378335, 130.140864038419, 235.290924072266, 2009603, 5, 89
2021.76063387, 52.8452630636227, 130.140857112919, 235.268951416016, 2009603, 5, 89
2021.76063387, 52.8452249290972, 130.140851032859, 235.241317749023, 2009603, 5, 87
2021.76063387, 52.8451867969613, 130.14084521929, 235.20866394043, 2009603, 5, 87
2021.76063387, 52.8451486522406, 130.140839266091, 235.27507019043, 2009603, 5, 87
2021.76063387, 52.8451041414342, 130.140832258018, 235.2529296875, 2009603, 5, 87
2021.76063387, 52.8450596276623, 130.140825498147, 235.271270751953, 2009603, 5, 87
2021.76063387, 52.8450214589454, 130.140819499977, 235.24528503418, 2009603, 5, 87
2021.76063408, 52.4278817655183, 130.074541287639, 216.191619873047, 2009603, 5, 80
2021.76063408, 52.4266677210997, 130.074345946118, 214.885391235352, 2009603, 5, 61
2021.76063431, 51.9677615033983, 130.002154317829, 203.421203613281, 2007666, 5, 66
2021.76063431, 51.9612478151536, 130.001110374267, 203.675445556641, 2007666, 5, 82
2021.76063431, 51.9609990094722, 130.001072045045, 203.678497314453, 2007666, 5, 66
2021.76063431, 51.9608266489222, 130.001045297799, 203.689651489258, 2007666, 5, 66
2021.7606326, 55.4108851645932, 130.56510671334, 660.795715332031, 2007670, 6, 94
2021.7606326, 55.4106954489651, 130.565075551824, 660.810729980469, 2007670, 6, 93
2021.7606326, 55.4105115235214, 130.565046022447, 660.754028320312, 2007670, 6, 93
2021.7606326, 55.4102130065826, 130.564998609087, 660.637756347656, 2007670, 6, 86
2021.76063273, 55.1422452014579, 130.519420812106, 548.946533203125, 2007670, 6, 88
2021.76063274, 55.1412681251415, 130.519259263642, 548.693176269531, 2007670, 6, 91
2021.76063274, 55.1409955467181, 130.51921426626, 548.640869140625, 2007670, 6, 88
2021.76063274, 55.1407420783469, 130.519172348867, 548.666687011719, 2007670, 6, 54
2021.76063294, 54.736517642217, 130.450117533548, 422.734283447266, 2007670, 6, 72
2021.76063294, 54.7362579710035, 130.4500729876, 422.728851318359, 2007670, 6, 89
2021.76063294, 54.7360172060449, 130.450032635911, 422.701293945312, 2007670, 6, 90
2021.76063294, 54.7358333438784, 130.450002761826, 422.688659667969, 2007670, 6, 91
2021.76063294, 54.7356557396344, 130.44997407379, 422.667785644531, 2007670, 6, 89
2021.76063294, 54.7354335970202, 130.4499383461, 422.639343261719, 2007670, 6, 91
2021.76063294, 54.7351668251428, 130.449895394685, 422.639984130859, 2007670, 6, 92
2021.76063294, 54.7348998696983, 130.449851894414, 422.602478027344, 2007670, 6, 92
2021.76063294, 54.7346327365042, 130.449807240728, 422.585754394531, 2007670, 6, 92
2021.76063294, 54.7344100259319, 130.449769388794, 422.523773193359, 2007670, 6, 89
2021.76063294, 54.7342191578324, 130.449736570949, 422.531005859375, 2007670, 6, 67
2021.76063294, 54.7340219698772, 130.449702671221, 422.514129638672, 2007670, 6, 67
2021.76063386, 52.8864029529441, 130.146094355309, 238.437576293945, 2009603, 6, 67
2021.76063386, 52.8862504682025, 130.146070219615, 238.387161254883, 2009603, 6, 67
2021.76063386, 52.8860979463113, 130.146045977045, 238.384735107422, 2009603, 6, 85
2021.76063386, 52.8859009001029, 130.146014265722, 238.435302734375, 2009603, 6, 85
2021.76063386, 52.8856783537115, 130.145977648341, 238.354904174805, 2009603, 6, 85
2021.76063386, 52.8855002458956, 130.145947964481, 238.343994140625, 2009603, 6, 85
2021.76063386, 52.8848705350922, 130.145842114633, 238.363571166992, 2009603, 6, 93
2021.76063386, 52.8845080850031, 130.14578175087, 238.27912902832, 2009603, 6, 93
2021.76063386, 52.8843619262139, 130.145757953987, 238.229644775391, 2009603, 6, 86
2021.76063387, 52.87676283202, 130.144535266121, 238.112274169922, 2009603, 6, 86
2021.76063388, 52.8462892690183, 130.139728283576, 235.177627563477, 2009603, 6, 63
2021.76063388, 52.8460542826039, 130.139690704173, 235.157485961914, 2009603, 6, 90
2021.76063388, 52.8458763997321, 130.13966213427, 235.129089355469, 2009603, 6, 90
2021.76063388, 52.8457048042678, 130.139634558211, 235.13410949707, 2009603, 6, 90
2021.76063388, 52.8455458499678, 130.139609057836, 235.175415039062, 2009603, 6, 90
2021.76063432, 51.9677175378275, 130.000748893649, 203.988800048828, 2007666, 6, 66
