2019.12215001, 52.2158964901489, 117.579674361327, 438.775695800781, 2009603, 1, 72
2019.12215001, 52.2157878240863, 117.57965690991, 438.677581787109, 2009603, 1, 72
2019.12215001, 52.2156791960283, 117.57963946536, 438.739074707031, 2009603, 1, 92
2019.12215001, 52.2155706446254, 117.579621958165, 438.678833007812, 2009603, 1, 92
2019.12215001, 52.2154558056653, 117.579603401492, 438.6611328125, 2009603, 1, 95
2019.12215001, 52.2153474248178, 117.579585943928, 438.661529541016, 2009603, 1, 95
2019.12215001, 52.2152391721594, 117.579568443469, 438.619598388672, 2009603, 1, 95
2019.12215001, 52.2151310372632, 117.579550948891, 438.613861083984, 2009603, 1, 95
2019.12215001, 52.2149973667425, 117.579529421397, 438.665588378906, 2009603, 1, 95
2019.12215001, 52.2148773045981, 117.579509878501, 438.671661376953, 2009603, 1, 95
2019.12215001, 52.2147636623971, 117.579491372451, 438.700408935547, 2009603, 1, 95
2019.12215001, 52.2146500721598, 117.579472886773, 438.647186279297, 2009603, 1, 95
2019.12215001, 52.2145428019944, 117.5794554724, 438.639282226562, 2009603, 1, 95
2019.12215001, 52.2144418056818, 117.57943915433, 438.660949707031, 2009603, 1, 96
2019.12215001, 52.2143218247551, 117.579419772583, 438.657379150391, 2009603, 1, 96
2019.12215001, 52.2141891110586, 117.57939832607, 438.663696289062, 2009603, 1, 94
2019.12215001, 52.2140752040147, 117.579380045945, 438.658508300781, 2009603, 1, 94
2019.12215001, 52.2139230947592, 117.579355719724, 438.692993164062, 2009603, 1, 95
2019.12215001, 52.2137770580641, 117.579332406507, 438.732604980469, 2009603, 1, 95
2019.12215001, 52.2136176955278, 117.579307340155, 438.807830810547, 2009603, 1, 96
2019.12215001, 52.2134704612852, 117.579284152307, 438.906188964844, 2009603, 1, 95
2019.12215001, 52.2133102744626, 117.579259032176, 438.959503173828, 2009603, 1, 95
2019.12215001, 52.2131565004867, 117.579234863487, 439.314300537109, 2009603, 1, 94
2019.12215001, 52.2130220810483, 117.579213513277, 439.564392089844, 2009603, 1, 94
2019.12215001, 52.2128686087367, 117.57918914935, 439.667907714844, 2009603, 1, 81
2019.12215001, 52.2127536764829, 117.579170840713, 439.587677001953, 2009603, 1, 81
2019.12215002, 52.2143576459603, 117.578294111179, 438.685974121094, 2009603, 2, 95
2019.12215002, 52.2137209998712, 117.578192576799, 438.671905517578, 2009603, 2, 94
2019.12215002, 52.2131743796064, 117.578105735208, 438.698333740234, 2009603, 2, 95
2019.12214938, 53.4746406850824, 117.73624975137, 903.939636230469, 2002011, 3, 52
2019.12214938, 53.4745835237559, 117.73624043561, 903.932495117188, 2002011, 3, 52
2019.12214938, 53.4745200262504, 117.736230066714, 903.981323242188, 2002011, 3, 52
2019.12215002, 52.1951862923464, 117.529043605208, 441.015106201172, 2009603, 3, 90
2019.12215002, 52.1951040078755, 117.529030382909, 440.524475097656, 2009603, 3, 90
2019.12215002, 52.195028100395, 117.529017986631, 440.530517578125, 2009603, 3, 90
2019.12215002, 52.1949585034331, 117.529006567114, 440.488647460938, 2009603, 3, 91
2019.12215002, 52.1948888593924, 117.528995142406, 440.510925292969, 2009603, 3, 91
2019.12215002, 52.1948002423028, 117.528980451956, 440.508087158203, 2009603, 3, 91
2019.12215002, 52.1947242163059, 117.528967886194, 440.501892089844, 2009603, 3, 92
2019.12215002, 52.1946418174274, 117.528954241347, 440.504241943359, 2009603, 3, 92
2019.12215002, 52.1945593891853, 117.528940556507, 440.478454589844, 2009603, 3, 92
2019.12215002, 52.1944769315451, 117.528926846495, 440.505249023438, 2009603, 3, 92
2019.12215002, 52.1944007555444, 117.528914230783, 440.515289306641, 2009603, 3, 92
2019.12215002, 52.1943181794045, 117.528900600523, 440.520568847656, 2009603, 3, 92
2019.12215002, 52.1942355492847, 117.528887009817, 440.491241455078, 2009603, 3, 92
2019.12215002, 52.1941465290784, 117.52887238602, 440.516571044922, 2009603, 3, 92
2019.12215002, 52.1940638011589, 117.528858898298, 440.502044677734, 2009603, 3, 92
2019.12215002, 52.1939748251746, 117.528844026623, 440.494903564453, 2009603, 3, 93
2019.12215002, 52.1938918659173, 117.528831022938, 440.474243164062, 2009603, 3, 93
2019.12215002, 52.1938152479221, 117.528819087093, 440.516937255859, 2009603, 3, 93
2019.12215002, 52.1937449897095, 117.528808190894, 440.545501708984, 2009603, 3, 88
2019.12215002, 52.1936811379182, 117.528798263911, 440.657196044922, 2009603, 3, 88
2019.12215002, 52.1935981294921, 117.528785365474, 440.847320556641, 2009603, 3, 88
2019.12215002, 52.1935086716706, 117.528771607892, 440.964630126953, 2009603, 3, 88
2019.12215002, 52.1934256200099, 117.528758831352, 441.016540527344, 2009603, 3, 65
2019.12215002, 52.1933361820733, 117.528745094367, 441.051971435547, 2009603, 3, 57
2019.12215002, 52.1932531912184, 117.528732270228, 441.055541992188, 2009603, 3, 57
2019.12215003, 52.1950362770735, 117.527834969279, 440.481964111328, 2009603, 4, 92
2019.12215003, 52.1947434408027, 117.527787776169, 440.490692138672, 2009603, 4, 93
2019.12215003, 52.1944383203265, 117.527738570298, 440.442779541016, 2009603, 4, 93
2019.12215003, 52.1941716550903, 117.527695590248, 440.447082519531, 2009603, 4, 94
2019.12215003, 52.1938998307255, 117.527651481679, 440.66796875, 2009603, 4, 91
2019.12215003, 52.1935964017999, 117.527602575277, 440.999908447266, 2009603, 4, 64
2019.12215003, 52.1776724017861, 117.478967273391, 441.563873291016, 2009603, 5, 82
2019.12215003, 52.1776152868281, 117.478958252079, 441.512298583984, 2009603, 5, 82
2019.12215003, 52.1775581468875, 117.478949237154, 441.460083007812, 2009603, 5, 82
2019.12215003, 52.1775010012557, 117.478940227131, 441.457672119141, 2009603, 5, 82
2019.12215003, 52.177443891695, 117.478931221095, 441.211059570312, 2009603, 5, 90
2019.12215003, 52.1773867760246, 117.478922220517, 441.204284667969, 2009603, 5, 90
2019.12215003, 52.1773296922415, 117.478913224469, 441.207733154297, 2009603, 5, 90
2019.12215003, 52.1772789441097, 117.478905232046, 441.209808349609, 2009603, 5, 90
2019.12215003, 52.1772218964326, 117.478896243818, 441.244842529297, 2009603, 5, 90
2019.12215003, 52.1771648371994, 117.478887260774, 441.238159179688, 2009603, 5, 90
2019.12215003, 52.1771077878391, 117.47887828235, 441.224609375, 2009603, 5, 90
2019.12215003, 52.1770507371671, 117.478869307656, 441.213287353516, 2009603, 5, 90
2019.12215003, 52.1769936945892, 117.47886033662, 441.243408203125, 2009603, 5, 91
2019.12215003, 52.1769366416489, 117.478851369365, 441.252105712891, 2009603, 5, 91
2019.12215003, 52.1768732744661, 117.478841408696, 441.262115478516, 2009603, 5, 91
2019.12215003, 52.1768225618441, 117.478833442699, 441.2470703125, 2009603, 5, 91
2019.12215003, 52.1767592508509, 117.478823415604, 441.193542480469, 2009603, 5, 91
2019.12215003, 52.1766958309816, 117.478813506988, 441.204071044922, 2009603, 5, 91
2019.12215003, 52.1766387413214, 117.478804589353, 441.201782226562, 2009603, 5, 91
2019.12215003, 52.1765879816135, 117.478796661908, 441.215576171875, 2009603, 5, 91
2019.12215003, 52.1765308711046, 117.47878774133, 441.196380615234, 2009603, 5, 91
2019.12215003, 52.1764674528188, 117.478777823801, 441.233306884766, 2009603, 5, 93
2019.12215003, 52.1764103417996, 117.478768893115, 441.209991455078, 2009603, 5, 93
2019.12215003, 52.1763532333619, 117.478759955681, 441.233032226562, 2009603, 5, 93
2019.12215003, 52.1762960872698, 117.478751011531, 441.210693359375, 2009603, 5, 93
2019.12215003, 52.1762326350354, 117.478741061574, 441.234527587891, 2009603, 5, 92
2019.12215003, 52.1761818497656, 117.478733092694, 441.267150878906, 2009603, 5, 92
2019.12215003, 52.1761183742882, 117.478723118558, 441.228210449219, 2009603, 5, 92
2019.12215003, 52.1760548779149, 117.478713129484, 441.274871826172, 2009603, 5, 92
2019.12215003, 52.1759913843541, 117.478703123747, 441.231781005859, 2009603, 5, 94
2019.12215003, 52.1759342318091, 117.478694103122, 441.256896972656, 2009603, 5, 94
2019.12215003, 52.1758834014775, 117.478686072782, 441.293823242188, 2009603, 5, 94
2019.12215003, 52.175819897614, 117.478676016547, 441.284027099609, 2009603, 5, 94
2019.12215003, 52.175762722993, 117.478666948664, 441.366729736328, 2009603, 5, 94
2019.12215003, 52.1757055266549, 117.478657864674, 441.479400634766, 2009603, 5, 92
2019.12215003, 52.1756420150239, 117.478647749729, 441.487487792969, 2009603, 5, 92
2019.12215003, 52.1755848083752, 117.478638629888, 441.570068359375, 2009603, 5, 92
2019.12215003, 52.1752798088524, 117.478589614668, 442.536437988281, 2009603, 5, 93
2019.12215003, 52.1752225657548, 117.478580350689, 442.474304199219, 2009603, 5, 93
2019.12215003, 52.1751017948181, 117.478560753882, 442.577209472656, 2009603, 5, 93
2019.12215003, 52.175031833533, 117.478549390503, 442.524505615234, 2009603, 5, 93
2019.12215003, 52.1749682381105, 117.478539050737, 442.509063720703, 2009603, 5, 92
2019.12215003, 52.1748983039545, 117.478527669113, 442.494415283203, 2009603, 5, 92
2019.12215003, 52.1748410373574, 117.478518354323, 442.582946777344, 2009603, 5, 92
2019.12215003, 52.1747138228753, 117.478497649335, 442.555419921875, 2009603, 5, 92
2019.12215003, 52.1746565307928, 117.478488335068, 442.576782226562, 2009603, 5, 92
2019.12215003, 52.1745928524633, 117.478477990332, 442.477416992188, 2009603, 5, 92
2019.12215003, 52.1744655719937, 117.478457318337, 442.311431884766, 2009603, 5, 93
2019.12215003, 52.1744082826113, 117.478448028139, 442.322845458984, 2009603, 5, 93
2019.12215003, 52.174357342567, 117.478439778502, 442.314361572266, 2009603, 5, 93
2019.12215003, 52.1743000291389, 117.478430508084, 442.176116943359, 2009603, 5, 93
2019.12215003, 52.1742490477871, 117.478422278243, 442.137542724609, 2009603, 5, 92
2019.12215003, 52.1741854773618, 117.478411987058, 442.159423828125, 2009603, 5, 92
2019.12215003, 52.1741280926845, 117.478402767444, 442.179046630859, 2009603, 5, 92
2019.12215003, 52.1740643489487, 117.478392540386, 442.280426025391, 2009603, 5, 92
2019.12215003, 52.1740069431831, 117.47838335277, 442.169372558594, 2009603, 5, 92
2019.12215003, 52.1739432096671, 117.478373161202, 442.105926513672, 2009603, 5, 91
2019.12215003, 52.1738794474361, 117.478362991177, 442.058319091797, 2009603, 5, 91
2019.12215003, 52.1738220941814, 117.478353854396, 442.047332763672, 2009603, 5, 91
2019.12215003, 52.173764747136, 117.478344734374, 442.104400634766, 2009603, 5, 91
2019.12215003, 52.1737010561087, 117.478334620471, 442.190277099609, 2009603, 5, 91
2019.12215003, 52.1736437343262, 117.478325536681, 442.175109863281, 2009603, 5, 91
2019.12215003, 52.1735800119498, 117.478315464436, 442.027801513672, 2009603, 5, 91
2019.12215003, 52.1735227126487, 117.478306415964, 441.990478515625, 2009603, 5, 91
2019.12215003, 52.1734590830152, 117.478296380871, 441.954925537109, 2009603, 5, 92
2019.12215003, 52.1733954666973, 117.478286366369, 441.953674316406, 2009603, 5, 92
2019.12215003, 52.1733318793805, 117.478276370695, 441.903656005859, 2009603, 5, 92
2019.12215003, 52.1732746635912, 117.478267390796, 441.904174804688, 2009603, 5, 92
2019.12215003, 52.1732111101704, 117.478257430967, 441.959381103516, 2009603, 5, 89
2019.12215003, 52.1731475844242, 117.478247487744, 442.054931640625, 2009603, 5, 89
2019.12215003, 52.173090427579, 117.478238552696, 442.001739501953, 2009603, 5, 89
2019.12215003, 52.1730332570047, 117.478229631118, 441.990875244141, 2009603, 5, 89
2019.12215003, 52.1729698162622, 117.478219730095, 441.979705810547, 2009603, 5, 75
2019.12215003, 52.172899914804, 117.47820883167, 442.025329589844, 2009603, 5, 75
2019.12215003, 52.1728429266603, 117.478199968601, 442.101257324219, 2009603, 5, 75
2019.12215003, 52.1727796579423, 117.478190129084, 442.146057128906, 2009603, 5, 75
2019.12215004, 52.1758759064887, 117.477479163725, 441.874908447266, 2009603, 6, 82
2019.12215004, 52.1756407012561, 117.477443186751, 441.2607421875, 2009603, 6, 92
2019.12215004, 52.1753667224244, 117.477402751851, 441.254272460938, 2009603, 6, 92
2019.12215004, 52.1751500214742, 117.477370765821, 441.317687988281, 2009603, 6, 91
2019.12215004, 52.1749015203153, 117.477333652007, 441.353790283203, 2009603, 6, 92
2019.12215004, 52.1746723132183, 117.477298705939, 441.422882080078, 2009603, 6, 92
2019.12215004, 52.1744115491633, 117.477258075587, 441.449157714844, 2009603, 6, 92
2019.12215004, 52.1741323943155, 117.477211930062, 441.535766601562, 2009603, 6, 92
2019.12215004, 52.1738662506188, 117.47716733354, 441.563781738281, 2009603, 6, 91
2019.12215004, 52.1736129401738, 117.477124941441, 441.641296386719, 2009603, 6, 91
2019.12215004, 52.1731569200971, 117.477050170797, 441.721893310547, 2009603, 6, 90
2019.12215004, 52.1729541802752, 117.477018679014, 441.857940673828, 2009603, 6, 92
2019.12215004, 52.1727321689477, 117.476984953366, 441.930480957031, 2009603, 6, 92
2019.12215004, 52.172478003904, 117.476947110069, 441.928009033203, 2009603, 6, 93
2019.12215004, 52.1722296927144, 117.476910625097, 441.896087646484, 2009603, 6, 92
2019.12215004, 52.1719745247378, 117.476873259809, 441.941741943359, 2009603, 6, 92
2019.12215004, 52.171737930712, 117.476838459561, 441.942077636719, 2009603, 6, 87
