2022.76147595, 52.2859449738082, 118.012656821932, 427.711059570312, 2009603, 1, 82
2022.76147595, 52.285894126193, 118.012648854464, 427.719360351562, 2009603, 1, 82
2022.76147595, 52.2858305478234, 118.012638893789, 427.730102539062, 2009603, 1, 82
2022.76147595, 52.285773312114, 118.012629926845, 427.716217041016, 2009603, 1, 82
2022.76147595, 52.2857033383099, 118.012618962004, 427.725952148438, 2009603, 1, 94
2022.76147595, 52.2856397059302, 118.012608986746, 427.707000732422, 2009603, 1, 94
2022.76147595, 52.2855696976946, 118.012598004845, 427.691345214844, 2009603, 1, 94
2022.76147595, 52.2854933013187, 118.012586009392, 427.694702148438, 2009603, 1, 94
2022.76147595, 52.2854105190472, 118.012572994215, 427.691009521484, 2009603, 1, 94
2022.76147595, 52.285321351937, 118.01255895091, 427.694183349609, 2009603, 1, 94
2022.76147595, 52.2852257942923, 118.012543868635, 427.674285888672, 2009603, 1, 93
2022.76147595, 52.2851238767223, 118.012527752603, 427.6796875, 2009603, 1, 93
2022.76147595, 52.2850282469082, 118.01251254536, 427.688842773438, 2009603, 1, 93
2022.76147595, 52.28494537175, 118.012499330445, 427.701965332031, 2009603, 1, 93
2022.76147595, 52.2848625033377, 118.012486082179, 427.707763671875, 2009603, 1, 93
2022.76147595, 52.2847796457506, 118.01247280096, 427.727111816406, 2009603, 1, 93
2022.76147595, 52.2846840604301, 118.012457436566, 427.705718994141, 2009603, 1, 93
2022.76147595, 52.2845885015851, 118.012442030608, 427.727813720703, 2009603, 1, 93
2022.76147595, 52.2844866093756, 118.01242555459, 427.699188232422, 2009603, 1, 93
2022.76147595, 52.2843784013514, 118.012408004139, 427.720886230469, 2009603, 1, 93
2022.76147595, 52.2842766067548, 118.012391447557, 427.721343994141, 2009603, 1, 93
2022.76147595, 52.284187575577, 118.012376933427, 427.734802246094, 2009603, 1, 94
2022.76147595, 52.2841049442733, 118.012363437004, 427.742370605469, 2009603, 1, 94
2022.76147595, 52.2840350481779, 118.012352003806, 427.751434326172, 2009603, 1, 94
2022.76147595, 52.2839651795333, 118.012340561428, 427.762176513672, 2009603, 1, 94
2022.76147595, 52.2838952087456, 118.012329145862, 427.543304443359, 2009603, 1, 94
2022.76147595, 52.2838318052249, 118.012318703951, 427.514404296875, 2009603, 1, 94
2022.76147595, 52.2837557970272, 118.01230617481, 427.631072998047, 2009603, 1, 94
2022.76147595, 52.2836734294187, 118.012292596771, 427.629364013672, 2009603, 1, 88
2022.76147595, 52.2836037566804, 118.012281110898, 427.507720947266, 2009603, 1, 88
2022.76147595, 52.2835404542073, 118.012270676329, 427.592041015625, 2009603, 1, 88
2022.76147595, 52.2833694773253, 118.01224253163, 427.803497314453, 2009603, 1, 55
2022.76147596, 52.2859951752047, 118.011304551576, 427.670684814453, 2009603, 2, 79
2022.76147596, 52.2859697396217, 118.011300276025, 427.704223632812, 2009603, 2, 79
2022.76147596, 52.2859443093601, 118.011296002985, 427.684387207031, 2009603, 2, 79
2022.76147596, 52.2859125247008, 118.011290665449, 427.699768066406, 2009603, 2, 79
2022.76147596, 52.2858870958751, 118.01128639819, 427.703063964844, 2009603, 2, 79
2022.76147596, 52.28586166147, 118.011282133371, 427.710784912109, 2009603, 2, 79
2022.76147596, 52.2858362344718, 118.011277872744, 427.713897705078, 2009603, 2, 79
2022.76147596, 52.2858044553455, 118.011272552743, 427.735260009766, 2009603, 2, 79
2022.76147596, 52.2857790316188, 118.011268301204, 427.669586181641, 2009603, 2, 79
2022.76147596, 52.2857599611499, 118.011265115161, 427.676330566406, 2009603, 2, 79
2022.76147596, 52.2857345389419, 118.011260871609, 427.684051513672, 2009603, 2, 93
2022.76147596, 52.2857091213174, 118.011256633513, 427.681060791016, 2009603, 2, 93
2022.76147596, 52.2856837045739, 118.011252400509, 427.679290771484, 2009603, 2, 93
2022.76147596, 52.2856582896602, 118.01124817306, 427.681457519531, 2009603, 2, 92
2022.76147596, 52.2856328750987, 118.011243951232, 427.671356201172, 2009603, 2, 92
2022.76147596, 52.2856074629112, 118.01123973547, 427.680328369141, 2009603, 2, 92
2022.76147596, 52.2855820562343, 118.011235526539, 427.676818847656, 2009603, 2, 92
2022.76147596, 52.2855566458499, 118.011231323198, 427.671600341797, 2009603, 2, 92
2022.76147596, 52.2855311886389, 118.011226882047, 427.718994140625, 2009603, 2, 92
2022.76147596, 52.2855058004512, 118.011222765473, 427.699401855469, 2009603, 2, 92
2022.76147596, 52.2854740713531, 118.011217629791, 427.696502685547, 2009603, 2, 94
2022.76147596, 52.2854486869348, 118.011213528248, 427.712158203125, 2009603, 2, 94
2022.76147596, 52.2854233034113, 118.011209433125, 427.695465087891, 2009603, 2, 94
2022.76147596, 52.2853979224846, 118.011205344486, 427.711151123047, 2009603, 2, 94
2022.76147596, 52.2853662041711, 118.011200243107, 427.720855712891, 2009603, 2, 94
2022.76147596, 52.2853408304748, 118.011196168709, 427.690765380859, 2009603, 2, 94
2022.76147596, 52.2853154571395, 118.011192100087, 427.714477539062, 2009603, 2, 94
2022.76147596, 52.285290083597, 118.011188037017, 427.694641113281, 2009603, 2, 94
2022.76147596, 52.2852647173973, 118.011183980254, 427.667449951172, 2009603, 2, 94
2022.76147596, 52.2852393501946, 118.011179928517, 427.695251464844, 2009603, 2, 94
2022.76147596, 52.2852076478242, 118.011174871695, 427.692901611328, 2009603, 2, 94
2022.76147596, 52.2851822835836, 118.011170831374, 427.665374755859, 2009603, 2, 94
2022.76147596, 52.2851569222858, 118.011166795988, 427.683624267578, 2009603, 2, 94
2022.76147596, 52.2851252294774, 118.01116175894, 427.683349609375, 2009603, 2, 94
2022.76147596, 52.2850998687211, 118.011157733245, 427.690032958984, 2009603, 2, 94
2022.76147596, 52.2850745160551, 118.011153712464, 427.689361572266, 2009603, 2, 94
2022.76147596, 52.2850428290466, 118.011148692039, 427.698791503906, 2009603, 2, 94
2022.76147596, 52.2850174780632, 118.011144679404, 427.697662353516, 2009603, 2, 94
2022.76147596, 52.2849921281287, 118.0111406701, 427.701934814453, 2009603, 2, 94
2022.76147596, 52.2849667788621, 118.011136663858, 427.704986572266, 2009603, 2, 94
2022.76147596, 52.2849351005223, 118.011131660847, 427.714263916016, 2009603, 2, 94
2022.76147596, 52.2849097559725, 118.011127660997, 427.701629638672, 2009603, 2, 94
2022.76147596, 52.2848844095549, 118.011123663175, 427.717163085938, 2009603, 2, 94
2022.76147596, 52.2848527382026, 118.01111867009, 427.707855224609, 2009603, 2, 94
2022.76147596, 52.2848273956495, 118.011114676853, 427.707580566406, 2009603, 2, 94
2022.76147596, 52.2848020560692, 118.011110685407, 427.712341308594, 2009603, 2, 94
2022.76147596, 52.2847703879139, 118.011105698533, 427.704437255859, 2009603, 2, 94
2022.76147596, 52.2847450483922, 118.011101709442, 427.7099609375, 2009603, 2, 94
2022.76147596, 52.2847197141393, 118.011097721813, 427.740264892578, 2009603, 2, 94
2022.76147596, 52.2846943764586, 118.011093734191, 427.735321044922, 2009603, 2, 94
2022.76147596, 52.2846690424077, 118.011089747209, 427.742370605469, 2009603, 2, 94
2022.76147596, 52.2846373813911, 118.011084764327, 427.73388671875, 2009603, 2, 94
2022.76147596, 52.2846120472403, 118.011080776961, 427.750396728516, 2009603, 2, 94
2022.76147596, 52.2845930448344, 118.011077786048, 427.749420166016, 2009603, 2, 94
2022.76147596, 52.2845677127982, 118.011073798006, 427.746551513672, 2009603, 2, 94
2022.76147596, 52.2845423816057, 118.011069809196, 427.744720458984, 2009603, 2, 94
2022.76147596, 52.2845170507611, 118.01106581935, 427.752227783203, 2009603, 2, 94
2022.76147596, 52.284491720871, 118.011061828418, 427.744873046875, 2009603, 2, 94
2022.76147596, 52.2844600589284, 118.011056837529, 427.723785400391, 2009603, 2, 94
2022.76147596, 52.2844347317466, 118.01105284328, 427.737976074219, 2009603, 2, 94
2022.76147596, 52.2844094015311, 118.011048846777, 427.728363037109, 2009603, 2, 94
2022.76147596, 52.2843840692159, 118.011044847762, 427.743469238281, 2009603, 2, 94
2022.76147596, 52.2843587393965, 118.011040846922, 427.740142822266, 2009603, 2, 94
2022.76147596, 52.2843334093126, 118.011036843505, 427.732055664062, 2009603, 2, 94
2022.76147596, 52.2843144061208, 118.011033838571, 427.752899169922, 2009603, 2, 94
2022.76147596, 52.2842890741696, 118.011029830257, 427.754333496094, 2009603, 2, 94
2022.76147596, 52.284263739903, 118.011025916841, 427.732696533203, 2009603, 2, 94
2022.76147596, 52.2842447379721, 118.011022884205, 427.746307373047, 2009603, 2, 94
2022.76147596, 52.2842194093324, 118.011018838783, 427.750061035156, 2009603, 2, 94
2022.76147596, 52.2841940820729, 118.011014790363, 427.744079589844, 2009603, 2, 94
2022.76147596, 52.2841750782543, 118.011011750927, 427.742553710938, 2009603, 2, 94
2022.76147596, 52.2841497479086, 118.011007696484, 427.7587890625, 2009603, 2, 94
2022.76147596, 52.2841244151207, 118.011003638548, 427.7509765625, 2009603, 2, 94
2022.76147596, 52.284099079967, 118.010999577112, 427.753814697266, 2009603, 2, 94
2022.76147596, 52.2840737398758, 118.010995511885, 427.747406005859, 2009603, 2, 94
2022.76147596, 52.2840484046757, 118.010991443933, 427.746368408203, 2009603, 2, 94
2022.76147596, 52.2840230692389, 118.010987372799, 427.752593994141, 2009603, 2, 94
2022.76147596, 52.2840040616606, 118.010984316636, 427.761962890625, 2009603, 2, 94
2022.76147596, 52.2839850573236, 118.010981259004, 427.761260986328, 2009603, 2, 94
2022.76147596, 52.2839597187418, 118.010977179329, 427.772827148438, 2009603, 2, 94
2022.76147596, 52.2839407103247, 118.010974116928, 427.762512207031, 2009603, 2, 94
2022.76147596, 52.2839217030735, 118.010971052956, 427.751403808594, 2009603, 2, 94
2022.76147596, 52.2839026933316, 118.01096798693, 427.749969482422, 2009603, 2, 94
2022.76147596, 52.2838773486284, 118.010963896254, 427.759582519531, 2009603, 2, 94
2022.76147596, 52.2838583340292, 118.01096082549, 427.746704101562, 2009603, 2, 94
2022.76147596, 52.2838329872414, 118.01095672917, 427.765960693359, 2009603, 2, 94
2022.76147596, 52.2838076356395, 118.010952629287, 427.765014648438, 2009603, 2, 94
2022.76147596, 52.2837886238073, 118.010949552766, 427.773040771484, 2009603, 2, 94
2022.76147596, 52.2837696055057, 118.010946473782, 427.756469726562, 2009603, 2, 94
2022.76147596, 52.2837442526286, 118.010942366395, 427.75927734375, 2009603, 2, 92
2022.76147596, 52.2837252281679, 118.010939282865, 427.780151367188, 2009603, 2, 92
2022.76147596, 52.2836998748988, 118.010935170599, 427.753448486328, 2009603, 2, 92
2022.76147596, 52.283680850657, 118.010932083466, 427.767944335938, 2009603, 2, 92
2022.76147596, 52.2836618287457, 118.010928995181, 427.770233154297, 2009603, 2, 92
2022.76147596, 52.2836364667496, 118.010924875174, 427.757019042969, 2009603, 2, 92
2022.76147596, 52.2836174379034, 118.010921782642, 427.752105712891, 2009603, 2, 92
2022.76147596, 52.2835920688783, 118.010917657468, 427.765045166016, 2009603, 2, 92
2022.76147596, 52.2835667041295, 118.010913530562, 427.773315429688, 2009603, 2, 92
2022.76147596, 52.2835476712382, 118.010910432639, 427.765808105469, 2009603, 2, 92
2022.76147596, 52.283522295563, 118.010906300349, 427.772155761719, 2009603, 2, 92
2022.76147595, 52.2904201094232, 117.965751932672, 428.539459228516, 2009603, 3, 81
2022.76147595, 52.2903120143633, 117.965733979543, 428.562377929688, 2009603, 3, 92
2022.76147595, 52.2901975455235, 117.965714940147, 428.555847167969, 2009603, 3, 93
2022.76147595, 52.2900830517027, 117.965695852617, 428.552276611328, 2009603, 3, 93
2022.76147595, 52.2899685389976, 117.96567678479, 428.552703857422, 2009603, 3, 94
2022.76147595, 52.2898540047017, 117.965657749169, 428.54931640625, 2009603, 3, 94
2022.76147595, 52.2897394553478, 117.965638802109, 428.564270019531, 2009603, 3, 94
2022.76147595, 52.2896248834333, 117.965619912845, 428.538543701172, 2009603, 3, 94
2022.76147595, 52.2895039394195, 117.965600129677, 428.538024902344, 2009603, 3, 94
2022.76147595, 52.2893829916607, 117.965580511213, 428.538970947266, 2009603, 3, 93
2022.76147595, 52.2892619505872, 117.965561349324, 428.540985107422, 2009603, 3, 93
2022.76147595, 52.2891472914832, 117.965543305748, 428.54052734375, 2009603, 3, 94
2022.76147595, 52.2890262942344, 117.96552438765, 428.539520263672, 2009603, 3, 94
2022.76147595, 52.2888989775418, 117.965504612261, 428.545593261719, 2009603, 3, 92
2022.76147595, 52.2887780811308, 117.965485880079, 428.561584472656, 2009603, 3, 92
2022.76147596, 52.2909818699573, 117.964412824283, 428.554809570312, 2009603, 4, 88
2022.76147596, 52.290956456861, 117.964408865805, 428.534240722656, 2009603, 4, 88
2022.76147596, 52.2909246855754, 117.964403913323, 428.522613525391, 2009603, 4, 88
2022.76147596, 52.2908992450977, 117.96439999871, 428.535919189453, 2009603, 4, 88
2022.76147596, 52.2908674419249, 117.964395084575, 428.531036376953, 2009603, 4, 88
2022.76147596, 52.290835631878, 117.96439014974, 428.518432617188, 2009603, 4, 88
2022.76147596, 52.2908101623974, 117.964386251641, 428.5361328125, 2009603, 4, 88
2022.76147596, 52.290778319052, 117.964381369648, 428.5224609375, 2009603, 4, 88
2022.76147596, 52.2907464711592, 117.964376463999, 428.527862548828, 2009603, 4, 94
2022.76147596, 52.2907209709299, 117.964372590969, 428.534118652344, 2009603, 4, 94
2022.76147596, 52.290689092329, 117.964367719344, 428.542938232422, 2009603, 4, 94
2022.76147596, 52.2906572046861, 117.964362831091, 428.534729003906, 2009603, 4, 94
2022.76147596, 52.2906252983956, 117.964357973099, 428.550323486328, 2009603, 4, 94
2022.76147596, 52.2905997525296, 117.964354126109, 428.550109863281, 2009603, 4, 94
2022.76147596, 52.290567831639, 117.964349243297, 428.560546875, 2009603, 4, 94
2022.76147596, 52.2905358866996, 117.964344395002, 428.550445556641, 2009603, 4, 94
2022.76147596, 52.290503931352, 117.964339554354, 428.553466796875, 2009603, 4, 94
2022.76147596, 52.2904783488983, 117.964335706251, 428.562347412109, 2009603, 4, 95
2022.76147596, 52.29044636914, 117.964330867255, 428.544464111328, 2009603, 4, 95
2022.76147596, 52.2904143739836, 117.964326032389, 428.570556640625, 2009603, 4, 95
2022.76147596, 52.2903823772731, 117.964321167912, 428.568328857422, 2009603, 4, 95
2022.76147596, 52.2903503611661, 117.96431632911, 428.582275390625, 2009603, 4, 95
2022.76147596, 52.2903183240546, 117.964311515003, 428.562225341797, 2009603, 4, 95
2022.76147596, 52.2902862884226, 117.964306668512, 428.567169189453, 2009603, 4, 95
2022.76147596, 52.2902478302124, 117.964300840324, 428.590057373047, 2009603, 4, 95
2022.76147596, 52.2902157692527, 117.964295986657, 428.583862304688, 2009603, 4, 95
2022.76147596, 52.2901836855207, 117.96429116625, 428.573150634766, 2009603, 4, 95
2022.76147596, 52.2901516059854, 117.964286299825, 428.578399658203, 2009603, 4, 95
2022.76147596, 52.2901195143838, 117.964281431025, 428.583435058594, 2009603, 4, 95
2022.76147596, 52.2900938288615, 117.964277555091, 428.569580078125, 2009603, 4, 95
2022.76147596, 52.290061720574, 117.964272693187, 428.593963623047, 2009603, 4, 95
2022.76147596, 52.2900296032865, 117.964267821339, 428.562438964844, 2009603, 4, 95
2022.76147596, 52.289997475837, 117.964262944575, 428.575134277344, 2009603, 4, 95
2022.76147596, 52.2899653446468, 117.96425805572, 428.553649902344, 2009603, 4, 95
2022.76147596, 52.2899267852744, 117.964252151242, 428.566192626953, 2009603, 4, 95
2022.76147596, 52.289894630039, 117.964247280263, 428.608581542969, 2009603, 4, 95
2022.76147596, 52.2898562388791, 117.964241535994, 428.592559814453, 2009603, 4, 95
2022.76147596, 52.2898175611588, 117.964235538882, 428.570159912109, 2009603, 4, 95
2022.76147596, 52.2897853138947, 117.964230575903, 428.598297119141, 2009603, 4, 95
2022.76147596, 52.2897530720517, 117.964225568839, 428.565460205078, 2009603, 4, 95
2022.76147596, 52.2897208350585, 117.964220536959, 428.562255859375, 2009603, 4, 95
2022.76147596, 52.2896821474325, 117.964214491508, 428.571838378906, 2009603, 4, 95
2022.76147596, 52.289649904076, 117.964209461956, 428.579193115234, 2009603, 4, 95
2022.76147596, 52.2896176675508, 117.964204412095, 428.564880371094, 2009603, 4, 95
2022.76147596, 52.2895854248855, 117.964199369652, 428.583465576172, 2009603, 4, 95
2022.76147596, 52.2895531812921, 117.964194340948, 428.601776123047, 2009603, 4, 95
2022.76147596, 52.2895209479216, 117.964189276388, 428.568572998047, 2009603, 4, 95
2022.76147596, 52.2894887197877, 117.964184211162, 428.595520019531, 2009603, 4, 91
2022.76147596, 52.2894565060852, 117.964179109423, 428.570648193359, 2009603, 4, 91
2022.76147596, 52.2894242895543, 117.964174034707, 428.587738037109, 2009603, 4, 91
2022.76147596, 52.2893985175425, 117.964169989481, 428.567291259766, 2009603, 4, 91
2022.76147596, 52.2893663162449, 117.964164893621, 428.567657470703, 2009603, 4, 91
2022.76147596, 52.28933412928, 117.96415978123, 428.593597412109, 2009603, 4, 91
2022.76147596, 52.2893019468657, 117.964154675347, 428.577392578125, 2009603, 4, 91
2022.76147596, 52.2892762035194, 117.96415061461, 428.580749511719, 2009603, 4, 91
2022.76147596, 52.2760291511891, 117.915819515745, 429.962249755859, 2009603, 5, 85
2022.76147596, 52.2757366328805, 117.915773746054, 429.964447021484, 2009603, 5, 91
2022.76147596, 52.2755208564741, 117.915740825156, 429.943267822266, 2009603, 5, 93
2022.76147596, 52.2753496251246, 117.915714871266, 429.9228515625, 2009603, 5, 91
2022.76147597, 52.2781871635125, 117.91484419509, 430.248901367188, 2009603, 6, 51
2022.76147597, 52.2761223165396, 117.914518605351, 429.917358398438, 2009603, 6, 69
2022.76147597, 52.2759876882336, 117.914497657152, 429.975250244141, 2009603, 6, 91
2022.76147597, 52.2758467014141, 117.914475535054, 429.982757568359, 2009603, 6, 91
2022.76147597, 52.2757634372843, 117.914462455058, 429.971282958984, 2009603, 6, 91
2022.76147597, 52.2757058555766, 117.914453200018, 429.956420898438, 2009603, 6, 94
2022.76147597, 52.2756674682712, 117.914447140279, 429.948638916016, 2009603, 6, 94
2022.76147597, 52.2756291066657, 117.91444100233, 429.944976806641, 2009603, 6, 94
2022.76147597, 52.2755907647443, 117.914434844226, 429.988464355469, 2009603, 6, 94
2022.76147597, 52.2755460642871, 117.91442760766, 429.982513427734, 2009603, 6, 94
2022.76147597, 52.2755013916246, 117.914420359888, 429.960479736328, 2009603, 6, 94
2022.76147597, 52.2754631240716, 117.914414145957, 429.989227294922, 2009603, 6, 93
2022.76147597, 52.275418525214, 117.914406765813, 430.003570556641, 2009603, 6, 93
2022.76147597, 52.2753739461416, 117.914399452517, 430.003814697266, 2009603, 6, 93
2022.76147597, 52.2753357547054, 117.914393216075, 430.010223388672, 2009603, 6, 93
2022.76147597, 52.275291241172, 117.914385852828, 430.027252197266, 2009603, 6, 93
2022.76147597, 52.2752531220653, 117.914379503973, 430.014862060547, 2009603, 6, 93
2022.76147597, 52.2752086841382, 117.914372071205, 430.022247314453, 2009603, 6, 74
2022.76147597, 52.2751706324679, 117.914365628585, 430.001647949219, 2009603, 6, 74
2022.76147597, 52.2751325993454, 117.91435922947, 430.014526367188, 2009603, 6, 74
2022.76147597, 52.2750945948247, 117.91435281079, 430.015899658203, 2009603, 6, 74
2022.76147597, 52.2750566117815, 117.914346429979, 430.010406494141, 2009603, 6, 74
2022.76147597, 52.2750118143754, 117.914339326012, 429.98486328125, 2009603, 6, 74
