2020.80280963, 49.1236464609408, 124.83782228612, 216.082489013672, 2009589, 1, 52
2020.80280963, 49.1251675793624, 124.83760090603, 216.083221435547, 2009589, 1, 93
2020.80280963, 49.1258527526464, 124.837497385236, 216.077972412109, 2009589, 1, 93
2020.80280963, 49.1264373907277, 124.837406738645, 216.082275390625, 2009589, 1, 93
2020.80280963, 49.1269332690738, 124.837330443933, 216.093338012695, 2009589, 1, 89
2020.80280963, 49.1273215696699, 124.837272394865, 216.09521484375, 2009589, 1, 62
2020.8028112, 52.28355819232, 124.352714399324, 393.530059814453, 2002009, 1, 65
2020.8028112, 52.2838450948734, 124.352665528821, 393.510803222656, 2002009, 1, 81
2020.8028112, 52.2841572264206, 124.35261390693, 393.513366699219, 2002009, 1, 68
2020.8028112, 52.2843798914348, 124.352578354823, 393.554260253906, 2002009, 1, 54
2020.8028112, 52.2844943982725, 124.352560286475, 393.548950195312, 2002009, 1, 54
2020.80281174, 53.364981230571, 124.177294092826, 247.368377685547, 2009603, 1, 78
2020.80281174, 53.3654923673679, 124.177203719749, 247.322769165039, 2009603, 1, 76
2020.80281174, 53.3663778346768, 124.177057146332, 247.125427246094, 2009603, 1, 72
2020.80281174, 53.3671140178393, 124.176937223349, 247.103286743164, 2009603, 1, 60
2020.80281174, 53.3674127222313, 124.176887463484, 247.067779541016, 2009603, 1, 64
2020.80281174, 53.3676478952949, 124.17684857075, 247.078750610352, 2009603, 1, 77
2020.80281174, 53.3678258632224, 124.176819329589, 247.096221923828, 2009603, 1, 94
2020.80281174, 53.3680038140854, 124.17679036568, 247.087615966797, 2009603, 1, 95
2020.80281174, 53.3681627204409, 124.176764603662, 247.062286376953, 2009603, 1, 95
2020.80281174, 53.3683214156184, 124.17673970483, 247.063400268555, 2009603, 1, 95
2020.80281174, 53.3684928463682, 124.176712895663, 247.092254638672, 2009603, 1, 95
2020.80281174, 53.3687151818664, 124.176678132001, 247.087554931641, 2009603, 1, 94
2020.80281174, 53.3689249852987, 124.176645134281, 247.080703735352, 2009603, 1, 94
2020.80281174, 53.3691413675136, 124.176610669441, 247.082870483398, 2009603, 1, 96
2020.80281174, 53.3693769940314, 124.176572685529, 247.088150024414, 2009603, 1, 94
2020.80281174, 53.3695558022117, 124.176542885995, 247.090805053711, 2009603, 1, 94
2020.80281174, 53.3697538686616, 124.176509366096, 247.105194091797, 2009603, 1, 94
2020.80281174, 53.3699711133827, 124.176472144204, 247.112991333008, 2009603, 1, 94
2020.80281174, 53.3701563218402, 124.176440187857, 247.085464477539, 2009603, 1, 94
2020.80281174, 53.3703222482264, 124.176411349599, 247.08821105957, 2009603, 1, 94
2020.80281174, 53.3704880013184, 124.176382534029, 247.090530395508, 2009603, 1, 94
2020.80281174, 53.370691738635, 124.176347234569, 247.118026733398, 2009603, 1, 94
2020.80281174, 53.3709330520409, 124.176305669958, 247.119033813477, 2009603, 1, 93
2020.80281174, 53.371104211611, 124.176276452176, 247.089340209961, 2009603, 1, 95
2020.80281174, 53.371275131461, 124.176247744548, 247.080780029297, 2009603, 1, 94
2020.80281174, 53.3714648126621, 124.176216247281, 247.090972900391, 2009603, 1, 94
2020.80281174, 53.3718310070647, 124.176157238068, 247.119430541992, 2009603, 1, 90
2020.80281175, 53.3927181949407, 124.172723203764, 252.522308349609, 1324300, 1, 51
2020.80280964, 49.1264435621486, 124.838687669275, 216.020782470703, 2009589, 2, 91
2020.80280964, 49.1283174121878, 124.838412888948, 215.999465942383, 2009589, 2, 60
2020.80281121, 52.2841282745303, 124.354003439121, 393.371215820312, 2002009, 2, 68
2020.80281175, 53.3677639800484, 124.178245765584, 246.969177246094, 2009603, 2, 81
2020.80281175, 53.3688156835443, 124.178076785729, 246.952758789062, 2009603, 2, 94
2020.80281175, 53.3696978917551, 124.177930389942, 246.977722167969, 2009603, 2, 95
2020.80281175, 53.3703922506831, 124.177812975237, 246.978927612305, 2009603, 2, 95
2020.80281175, 53.3712307441704, 124.177677487508, 246.998336791992, 2009603, 2, 94
2020.80281175, 53.3718553821956, 124.177574962226, 246.986221313477, 2009603, 2, 94
2020.80280965, 49.1730603326755, 124.8750019881, 215.977157592773, 2009589, 3, 59
2020.80280965, 49.1731181361144, 124.874993904417, 216.001205444336, 2009589, 3, 59
2020.80280965, 49.1731759310388, 124.874985779739, 215.964416503906, 2009589, 3, 59
2020.80280965, 49.1732337172587, 124.874977595106, 215.994918823242, 2009589, 3, 59
2020.80280965, 49.1733235528029, 124.874964816348, 216.017532348633, 2009589, 3, 90
2020.80280965, 49.1734197410921, 124.874950979548, 215.991180419922, 2009589, 3, 90
2020.80280965, 49.1735094412524, 124.874937947104, 216.018096923828, 2009589, 3, 91
2020.80280965, 49.1736311457121, 124.874920166842, 215.990341186523, 2009589, 3, 91
2020.80280965, 49.1737202804895, 124.87490662834, 216.011489868164, 2009589, 3, 91
2020.80280965, 49.1737838945919, 124.874896905804, 216.003280639648, 2009589, 3, 91
2020.80280965, 49.1738474818505, 124.874887115286, 215.992736816406, 2009589, 3, 91
2020.80280965, 49.1739173811873, 124.87487633655, 215.991195678711, 2009589, 3, 91
2020.80280965, 49.1739936023394, 124.874864510315, 216.011657714844, 2009589, 3, 91
2020.80280965, 49.1740697991001, 124.874852631736, 215.966217041016, 2009589, 3, 91
2020.80280965, 49.1741776939668, 124.874835806365, 216.014846801758, 2009589, 3, 91
2020.80280965, 49.1743744154976, 124.874805013787, 216.017120361328, 2009589, 3, 92
2020.80280965, 49.1745648328358, 124.874775302955, 216.017654418945, 2009589, 3, 92
2020.80280965, 49.1751378310399, 124.874688138318, 216.02262878418, 2009589, 3, 53
2020.80281092, 51.7385395195385, 124.48618082519, 473.734222412109, 2002009, 3, 72
2020.80281092, 51.7386281419598, 124.486167398798, 473.751739501953, 2002009, 3, 72
2020.80281092, 51.7387177015099, 124.48615332064, 473.736480712891, 2002009, 3, 72
2020.8028112, 52.301592716306, 124.397432596232, 387.916778564453, 2002009, 3, 83
2020.8028112, 52.3017145845711, 124.397413126522, 388.091522216797, 2002009, 3, 83
2020.8028112, 52.3018620919138, 124.397389554494, 388.343017578125, 2002009, 3, 83
2020.8028112, 52.3019070266686, 124.397382336188, 388.319580078125, 2002009, 3, 83
2020.8028112, 52.3019391182351, 124.39737717916, 388.307647705078, 2002009, 3, 83
2020.8028112, 52.3019712032807, 124.397372018181, 388.318908691406, 2002009, 3, 83
2020.8028112, 52.301996872574, 124.397367879505, 388.314392089844, 2002009, 3, 83
2020.8028112, 52.3020289445053, 124.397362735354, 388.322967529297, 2002009, 3, 93
2020.8028112, 52.3020546047788, 124.397358592997, 388.323944091797, 2002009, 3, 93
2020.8028112, 52.3020866633633, 124.397353451366, 388.302062988281, 2002009, 3, 93
2020.8028112, 52.3021123109493, 124.397349317916, 388.322052001953, 2002009, 3, 93
2020.8028112, 52.3021443573845, 124.39734416916, 388.309631347656, 2002009, 3, 93
2020.8028112, 52.3021763908783, 124.397339033515, 388.314575195312, 2002009, 3, 93
2020.8028112, 52.3022020159694, 124.397334900426, 388.355743408203, 2002009, 3, 93
2020.8028112, 52.3022340339308, 124.397329759764, 388.330261230469, 2002009, 3, 93
2020.8028112, 52.3022660349111, 124.397324640844, 388.361419677734, 2002009, 3, 82
2020.8028112, 52.3022916390144, 124.397320510714, 388.343017578125, 2002009, 3, 82
2020.8028112, 52.30232361713, 124.397315400028, 388.356964111328, 2002009, 3, 82
2020.8028112, 52.3023555926551, 124.397310263991, 388.356048583984, 2002009, 3, 82
2020.8028112, 52.30238755245, 124.397305140672, 388.361633300781, 2002009, 3, 82
2020.8028112, 52.3024194993069, 124.39730001137, 388.394226074219, 2002009, 3, 82
2020.8028112, 52.3024769684328, 124.397290806322, 388.41796875, 2002009, 3, 82
2020.80281174, 53.3755288207099, 124.224375990983, 245.832427978516, 2009603, 3, 83
2020.80281174, 53.3755799168536, 124.224367390445, 245.836929321289, 2009603, 3, 83
2020.80281174, 53.3756373780827, 124.224357768774, 245.831024169922, 2009603, 3, 83
2020.80281174, 53.3756948177594, 124.224348182775, 245.836883544922, 2009603, 3, 83
2020.80281174, 53.3757458650124, 124.224339672401, 245.801666259766, 2009603, 3, 83
2020.80281174, 53.3758096904671, 124.224329010167, 245.83056640625, 2009603, 3, 95
2020.80281174, 53.3758733440919, 124.22431865097, 245.803588867188, 2009603, 3, 95
2020.80281174, 53.3759305985242, 124.224309393368, 245.819412231445, 2009603, 3, 95
2020.80281174, 53.3759814842964, 124.224301161534, 245.824371337891, 2009603, 3, 95
2020.80281174, 53.3760450464937, 124.224290959248, 245.831680297852, 2009603, 3, 94
2020.80281174, 53.3760958914962, 124.224282790025, 245.820053100586, 2009603, 3, 94
2020.80281174, 53.3761594242615, 124.224272614935, 245.809936523438, 2009603, 3, 94
2020.80281174, 53.37622291288, 124.224262529584, 245.832870483398, 2009603, 3, 94
2020.80281174, 53.3762800442382, 124.224253450201, 245.834899902344, 2009603, 3, 96
2020.80281174, 53.3763435070652, 124.224243381394, 245.828628540039, 2009603, 3, 95
2020.80281174, 53.37640694547, 124.224233351068, 245.824035644531, 2009603, 3, 95
2020.80281174, 53.3764640240027, 124.224224342545, 245.817504882812, 2009603, 3, 95
2020.80281174, 53.3765210962095, 124.22421533427, 245.82209777832, 2009603, 3, 95
2020.80281174, 53.3765718198588, 124.2242073297, 245.820739746094, 2009603, 3, 95
2020.80281174, 53.3766288653784, 124.224198356621, 245.823822021484, 2009603, 3, 95
2020.80281174, 53.3766795776929, 124.224190349648, 245.831512451172, 2009603, 3, 95
2020.80281174, 53.376736616215, 124.224181367934, 245.84635925293, 2009603, 3, 95
2020.80281174, 53.3767936470025, 124.224172388247, 245.817687988281, 2009603, 3, 95
2020.80281174, 53.3768380104843, 124.224165381885, 245.814727783203, 2009603, 3, 95
2020.80281174, 53.3768887021315, 124.224157382766, 245.809341430664, 2009603, 3, 95
2020.80281174, 53.3769330598376, 124.224150372667, 245.821884155273, 2009603, 3, 95
2020.80281174, 53.3769837460099, 124.224142380581, 245.831604003906, 2009603, 3, 95
2020.80281174, 53.3770407640983, 124.224133371958, 245.823837280273, 2009603, 3, 96
2020.80281174, 53.3771168273657, 124.22412127547, 245.874298095703, 2009603, 3, 96
2020.80281174, 53.3774021902952, 124.224075485631, 245.847381591797, 2009603, 3, 97
2020.80281174, 53.3776750836896, 124.224031060185, 245.802124023438, 2009603, 3, 96
2020.80281174, 53.3777639806296, 124.224016454294, 245.808364868164, 2009603, 3, 95
2020.80281174, 53.3778338479791, 124.224004925916, 245.796798706055, 2009603, 3, 95
2020.80281174, 53.3778910243703, 124.22399546176, 245.791595458984, 2009603, 3, 95
2020.80281174, 53.3779418648936, 124.223986989874, 245.784774780273, 2009603, 3, 95
2020.80281174, 53.3779990666582, 124.223977449757, 245.816787719727, 2009603, 3, 95
2020.80281174, 53.3780562698794, 124.223967911745, 245.805068969727, 2009603, 3, 96
2020.80281174, 53.3781071320844, 124.223959389159, 245.793319702148, 2009603, 3, 96
2020.80281174, 53.3781707165202, 124.223948709234, 245.797988891602, 2009603, 3, 96
2020.80281174, 53.3782152399761, 124.22394119544, 245.818786621094, 2009603, 3, 96
2020.80281174, 53.3782661268383, 124.223932597825, 245.820220947266, 2009603, 3, 96
2020.80281174, 53.3783105833384, 124.223925175091, 245.802886962891, 2009603, 3, 96
2020.80281174, 53.3783551509213, 124.223917584817, 245.837356567383, 2009603, 3, 96
2020.80281174, 53.3784124616999, 124.223907805445, 245.81184387207, 2009603, 3, 96
2020.80281174, 53.3784570469242, 124.223900164934, 245.832427978516, 2009603, 3, 96
2020.80281174, 53.37852073066, 124.223889271433, 245.812454223633, 2009603, 3, 97
2020.80281174, 53.3785716864886, 124.223880518437, 245.799377441406, 2009603, 3, 97
2020.80281174, 53.3786289972806, 124.223870712353, 245.823577880859, 2009603, 3, 97
2020.80281174, 53.3786799502269, 124.223861956458, 245.772720336914, 2009603, 3, 97
2020.80281174, 53.3787308898907, 124.223853232238, 245.782836914062, 2009603, 3, 97
2020.80281174, 53.3787754651093, 124.223845567568, 245.818954467773, 2009603, 3, 96
2020.80281174, 53.3788200335166, 124.223837926135, 245.788024902344, 2009603, 3, 96
2020.80281174, 53.3788709614805, 124.223829202818, 245.782180786133, 2009603, 3, 96
2020.80281174, 53.3789218716518, 124.223820517919, 245.817886352539, 2009603, 3, 96
2020.80281174, 53.3789727923361, 124.223811782908, 245.807968139648, 2009603, 3, 96
2020.80281174, 53.3790300506964, 124.223802020274, 245.798675537109, 2009603, 3, 94
2020.80281174, 53.3790872999797, 124.223792266035, 245.815856933594, 2009603, 3, 94
2020.80281174, 53.3791381703909, 124.223783634829, 245.805404663086, 2009603, 3, 94
2020.80281174, 53.3791890382424, 124.223774992394, 245.790649414062, 2009603, 3, 94
2020.80281174, 53.3792398921535, 124.223766365708, 245.767639160156, 2009603, 3, 94
2020.80281174, 53.3792907249459, 124.223757791987, 245.757217407227, 2009603, 3, 76
2020.80281174, 53.3793415463509, 124.223749237435, 245.774505615234, 2009603, 3, 76
2020.80281174, 53.3793923505617, 124.223740717407, 245.789245605469, 2009603, 3, 76
2020.80281174, 53.3794431418807, 124.223732210017, 245.791091918945, 2009603, 3, 76
2020.80281174, 53.3842539926692, 124.222947905867, 245.781387329102, 2009603, 3, 85
2020.80281174, 53.3843818957376, 124.222927270408, 245.745849609375, 2009603, 3, 85
2020.80280966, 49.1733022980709, 124.876131417945, 216.0400390625, 2009589, 4, 59
2020.80280966, 49.1734924467122, 124.876103307513, 216.051864624023, 2009589, 4, 59
2020.80280966, 49.1736951937176, 124.876072902129, 216.011749267578, 2009589, 4, 89
2020.80280966, 49.1738791130041, 124.8760453278, 216.030670166016, 2009589, 4, 90
2020.80280966, 49.1740759649285, 124.876015897895, 216.050079345703, 2009589, 4, 90
2020.80280966, 49.1743431563867, 124.875976202496, 216.050079345703, 2009589, 4, 91
2020.80280966, 49.175127626366, 124.875862526293, 215.985244750977, 2009589, 4, 91
2020.80281121, 52.3011538843582, 124.398750279541, 387.916809082031, 2002009, 4, 54
2020.80281121, 52.3014471141767, 124.398702687139, 388.031036376953, 2002009, 4, 78
2020.80281122, 52.3018161060677, 124.398644051135, 388.266937255859, 2002009, 4, 87
2020.80281122, 52.3019302662929, 124.398626372881, 388.272399902344, 2002009, 4, 87
2020.80281122, 52.302044391316, 124.398608772792, 388.299468994141, 2002009, 4, 89
2020.80281122, 52.3021394802382, 124.398594147031, 388.352416992188, 2002009, 4, 89
2020.80281175, 53.3716151026553, 124.226296054867, 245.921783447266, 2009603, 4, 60
2020.80281175, 53.3721412722575, 124.226209231693, 245.914596557617, 2009603, 4, 52
2020.80281175, 53.3758287224262, 124.225601941156, 245.776779174805, 2009603, 4, 93
2020.80281175, 53.3759879141447, 124.225576245969, 245.809951782227, 2009603, 4, 93
2020.80281175, 53.3761536755449, 124.225549548457, 245.826995849609, 2009603, 4, 95
2020.80281175, 53.3763578902425, 124.225516614745, 245.822479248047, 2009603, 4, 95
2020.80281175, 53.3765494518747, 124.225485583775, 245.818450927734, 2009603, 4, 95
2020.80281175, 53.3767474234311, 124.225453311124, 245.83723449707, 2009603, 4, 95
2020.80281175, 53.376938992355, 124.225421963493, 245.851364135742, 2009603, 4, 97
2020.80281175, 53.3771111088608, 124.225393019603, 245.845184326172, 2009603, 4, 96
2020.80281175, 53.3772831067298, 124.225363983994, 245.848663330078, 2009603, 4, 97
2020.80281175, 53.3776012836667, 124.225310275047, 245.843902587891, 2009603, 4, 96
2020.80281175, 53.3780459987153, 124.225236005247, 245.850967407227, 2009603, 4, 96
2020.80281175, 53.378242712373, 124.225203664185, 245.851501464844, 2009603, 4, 96
2020.80281175, 53.378413989177, 124.225176196612, 245.828903198242, 2009603, 4, 96
2020.80281175, 53.3785788563769, 124.225149966464, 245.827423095703, 2009603, 4, 96
2020.80281175, 53.3787436740144, 124.225123887393, 245.823089599609, 2009603, 4, 96
2020.80281175, 53.3789021172222, 124.225098878227, 245.806427001953, 2009603, 4, 97
2020.80281175, 53.3790415356179, 124.225076885903, 245.784133911133, 2009603, 4, 95
2020.80281175, 53.3791936170882, 124.225052842582, 245.809112548828, 2009603, 4, 95
2020.80281175, 53.3793330349229, 124.225030735625, 245.800170898438, 2009603, 4, 92
2020.80281175, 53.3794914862732, 124.22500549514, 245.830184936523, 2009603, 4, 92
2020.80281175, 53.3842209531029, 124.224227782726, 245.798126220703, 2009603, 4, 82
2020.80280965, 49.1750042817874, 124.919115884661, 215.975921630859, 2009589, 5, 60
2020.80280965, 49.1750361968323, 124.919111063334, 215.973037719727, 2009589, 5, 60
2020.80280965, 49.1750744955039, 124.919105272601, 216.016723632812, 2009589, 5, 60
2020.80280965, 49.1751127838433, 124.919099472251, 215.973403930664, 2009589, 5, 60
2020.80280965, 49.1751446987277, 124.919094645165, 215.968231201172, 2009589, 5, 60
2020.80280965, 49.1751766009077, 124.919089806872, 215.981552124023, 2009589, 5, 60
2020.80280965, 49.1752148713608, 124.91908399478, 216.001434326172, 2009589, 5, 60
2020.80280965, 49.1752531419776, 124.919078186964, 215.969802856445, 2009589, 5, 90
2020.80280965, 49.1752850407392, 124.919073352539, 216.025421142578, 2009589, 5, 90
2020.80280965, 49.175323294107, 124.919067536098, 215.969589233398, 2009589, 5, 90
2020.80280965, 49.1753488048058, 124.919063667894, 215.969940185547, 2009589, 5, 90
2020.80280965, 49.1753806729937, 124.919058821901, 215.972579956055, 2009589, 5, 90
2020.80280965, 49.1754125440636, 124.919053982065, 215.987335205078, 2009589, 5, 90
2020.80280965, 49.1754444130493, 124.919049147713, 216.021041870117, 2009589, 5, 90
2020.80280965, 49.1754762781524, 124.919044315511, 215.996948242188, 2009589, 5, 90
2020.80280965, 49.1755081351718, 124.919039482726, 215.976501464844, 2009589, 5, 91
2020.80280965, 49.175539988429, 124.919034654055, 215.98811340332, 2009589, 5, 91
2020.80280965, 49.1755718334554, 124.919029826575, 215.962417602539, 2009589, 5, 91
2020.80280965, 49.1756036753824, 124.919025005564, 215.983810424805, 2009589, 5, 91
2020.80280965, 49.1756355159062, 124.919020190981, 215.97477722168, 2009589, 5, 91
2020.80280965, 49.1756673514451, 124.919015383238, 215.990005493164, 2009589, 5, 91
2020.80280965, 49.1756991835971, 124.919010580434, 215.988952636719, 2009589, 5, 91
2020.80280965, 49.1757310078522, 124.919005782111, 215.964996337891, 2009589, 5, 91
2020.80280965, 49.175762831571, 124.919000992527, 215.967788696289, 2009589, 5, 92
2020.80280965, 49.1757946509118, 124.918996209944, 215.983139038086, 2009589, 5, 92
2020.80280965, 49.1758201097355, 124.91899239405, 215.963287353516, 2009589, 5, 92
2020.80280965, 49.1758519203517, 124.918987624181, 215.95768737793, 2009589, 5, 92
2020.80280965, 49.175883719479, 124.918982859262, 215.949615478516, 2009589, 5, 92
2020.80280965, 49.1759155215503, 124.918978105369, 215.959671020508, 2009589, 5, 92
2020.80280965, 49.1759473222097, 124.918973361969, 215.95524597168, 2009589, 5, 92
2020.80280965, 49.1759791184099, 124.9189686269, 215.961059570312, 2009589, 5, 92
2020.80280965, 49.1760045577784, 124.918964850049, 215.965377807617, 2009589, 5, 92
2020.80280965, 49.1760363421359, 124.918960127385, 215.940307617188, 2009589, 5, 92
2020.80280965, 49.1760681276204, 124.918955417647, 215.95622253418, 2009589, 5, 92
2020.80280965, 49.1760935572799, 124.918951662147, 215.962844848633, 2009589, 5, 92
2020.80280965, 49.1761254322903, 124.918946777564, 215.955902099609, 2009589, 5, 92
2020.80280965, 49.1761571713122, 124.918942164594, 215.949142456055, 2009589, 5, 92
2020.80280965, 49.1761889078955, 124.918937561451, 215.971450805664, 2009589, 5, 92
2020.80280965, 49.1762143045894, 124.918933893615, 215.985061645508, 2009589, 5, 92
2020.80280965, 49.1762460434825, 124.918929312011, 215.96955871582, 2009589, 5, 92
2020.80280965, 49.1762777771718, 124.918924736532, 215.96369934082, 2009589, 5, 92
2020.80280965, 49.176309510007, 124.918920172468, 215.958526611328, 2009589, 5, 92
2020.80280965, 49.1763412349519, 124.918915608569, 215.945587158203, 2009589, 5, 92
2020.80280965, 49.1763729668818, 124.918911058291, 215.935012817383, 2009589, 5, 92
2020.80280965, 49.176398358534, 124.918907429072, 215.946563720703, 2009589, 5, 92
2020.80280965, 49.1764300842829, 124.918902886309, 215.946075439453, 2009589, 5, 92
2020.80280965, 49.1764618216526, 124.91889835965, 215.964950561523, 2009589, 5, 92
2020.80280965, 49.1764935554539, 124.918893836785, 215.941299438477, 2009589, 5, 92
2020.80280965, 49.1765252819146, 124.91888931408, 215.95085144043, 2009589, 5, 91
2020.80280965, 49.1765570106986, 124.918884795808, 215.961639404297, 2009589, 5, 91
2020.80280965, 49.1765824043593, 124.918881192837, 215.94026184082, 2009589, 5, 91
2020.80280965, 49.1766141341608, 124.918876681383, 215.942016601562, 2009589, 5, 91
2020.80280965, 49.1766395322156, 124.918873084873, 215.950469970703, 2009589, 5, 91
2020.80280965, 49.1766776132314, 124.918867679941, 215.962844848633, 2009589, 5, 91
2020.80280965, 49.1767093543235, 124.91886318315, 215.955932617188, 2009589, 5, 91
2020.80280965, 49.176734752123, 124.918859590907, 215.962738037109, 2009589, 5, 91
2020.80280965, 49.1767665033236, 124.918855101359, 215.958724975586, 2009589, 5, 91
2020.80280965, 49.1767982488045, 124.91885060756, 215.963851928711, 2009589, 5, 91
2020.80280965, 49.1768299955013, 124.918846112483, 215.950439453125, 2009589, 5, 91
2020.80280965, 49.1768617550034, 124.918841625257, 215.957321166992, 2009589, 5, 91
2020.80280965, 49.1768935098257, 124.91883713183, 215.975280761719, 2009589, 5, 91
2020.80280965, 49.1769189291775, 124.918833546789, 215.970153808594, 2009589, 5, 91
2020.80280965, 49.1769506942663, 124.91882905785, 215.966186523438, 2009589, 5, 91
2020.80280965, 49.1769824571475, 124.918824560535, 215.988128662109, 2009589, 5, 91
2020.80280965, 49.177014233764, 124.918820069976, 215.977005004883, 2009589, 5, 87
2020.80280965, 49.1770396622014, 124.918816478648, 215.980697631836, 2009589, 5, 87
2020.80280965, 49.1770714443487, 124.918811981839, 215.997253417969, 2009589, 5, 87
2020.80280965, 49.1771032296221, 124.918807481531, 215.989791870117, 2009589, 5, 87
2020.80280965, 49.1771350128782, 124.91880297329, 215.990921020508, 2009589, 5, 87
2020.80280965, 49.1771668060191, 124.918798468411, 215.979843139648, 2009589, 5, 87
2020.80280965, 49.1771922509154, 124.918794865255, 215.978820800781, 2009589, 5, 87
2020.80280965, 49.1772240570216, 124.918790354573, 215.958633422852, 2009589, 5, 87
2020.80280965, 49.1772558534509, 124.918785828635, 215.962097167969, 2009589, 5, 86
2020.80280965, 49.177287666052, 124.918781307935, 215.982467651367, 2009589, 5, 86
2020.80280965, 49.1773131251384, 124.918777691589, 215.966094970703, 2009589, 5, 86
2020.80280965, 49.17734493597, 124.918773153476, 215.962677001953, 2009589, 5, 86
2020.80280965, 49.1773767570007, 124.918768617006, 215.988250732422, 2009589, 5, 86
2020.80280965, 49.1774020533829, 124.918765097075, 215.982986450195, 2009589, 5, 86
2020.80280965, 49.1774339545626, 124.91876050728, 215.985794067383, 2009589, 5, 86
2020.80280965, 49.1774658489677, 124.918755903605, 215.977432250977, 2009589, 5, 86
2020.80280965, 49.1774913804673, 124.918752225314, 215.967529296875, 2009589, 5, 86
2020.80280965, 49.1775232832421, 124.918747613321, 215.981506347656, 2009589, 5, 86
2020.80280965, 49.1775488201008, 124.91874392877, 215.974609375, 2009589, 5, 86
2020.80280965, 49.1775807266631, 124.918739307222, 215.95671081543, 2009589, 5, 86
2020.80280965, 49.1776126328335, 124.918734677692, 215.983200073242, 2009589, 5, 86
2020.80280965, 49.177644547987, 124.918730047958, 215.965057373047, 2009589, 5, 86
2020.80280965, 49.1776700871503, 124.918726345374, 215.964111328125, 2009589, 5, 86
2020.80280965, 49.1777019947864, 124.918721699821, 215.947387695312, 2009589, 5, 86
2020.80280965, 49.1777339075045, 124.918717054151, 215.954742431641, 2009589, 5, 86
2020.80280965, 49.1777594436391, 124.918713337455, 215.969161987305, 2009589, 5, 85
2020.80280965, 49.1777913485852, 124.918708678296, 215.975769042969, 2009589, 5, 85
2020.80280965, 49.1778168793066, 124.918704955621, 215.970108032227, 2009589, 5, 85
2020.80280965, 49.1778487817722, 124.918700287114, 215.959335327148, 2009589, 5, 85
2020.80280965, 49.1778806842151, 124.918695617861, 215.978164672852, 2009589, 5, 85
2020.80280965, 49.1779062115067, 124.918691884438, 215.962295532227, 2009589, 5, 85
2020.80280965, 49.177938112223, 124.918687209899, 215.958786010742, 2009589, 5, 85
2020.80280965, 49.1779699989312, 124.918682523588, 215.976409912109, 2009589, 5, 85
2020.80280965, 49.1779955160794, 124.918678781064, 215.97868347168, 2009589, 5, 85
2020.80280965, 49.1780274020374, 124.918674095528, 215.946365356445, 2009589, 5, 82
2020.80280965, 49.1780656458821, 124.918668456681, 215.964614868164, 2009589, 5, 82
2020.80280965, 49.1781039038819, 124.9186628311, 216.003173828125, 2009589, 5, 82
2020.80280965, 49.1782886160301, 124.918635533263, 216.038299560547, 2009589, 5, 54
2020.80281094, 51.7664126108658, 124.528744963097, 465.387268066406, 2002009, 5, 82
2020.80281094, 51.7664954373982, 124.528731844508, 465.366333007812, 2002009, 5, 82
2020.80281094, 51.7665845947566, 124.528717723439, 465.380920410156, 2002009, 5, 80
2020.80281094, 51.7666737827146, 124.528703604708, 465.378723144531, 2002009, 5, 80
2020.80281094, 51.766762796594, 124.528689603084, 465.362945556641, 2002009, 5, 71
2020.80281094, 51.7668454371404, 124.528676635544, 465.332000732422, 2002009, 5, 71
2020.80281094, 51.7669153617794, 124.528665692029, 465.32373046875, 2002009, 5, 71
2020.80281094, 51.7669979743248, 124.52865277047, 465.301208496094, 2002009, 5, 71
2020.80281094, 51.7670869350508, 124.528638891172, 465.306823730469, 2002009, 5, 56
2020.80281094, 51.7671631871649, 124.528627022605, 465.278228759766, 2002009, 5, 56
2020.8028112, 52.2998134242135, 124.445220272245, 383.848327636719, 2002009, 5, 85
2020.8028112, 52.2999344946555, 124.445200721043, 383.794158935547, 2002009, 5, 85
2020.8028112, 52.3000236991272, 124.445186353815, 383.838714599609, 2002009, 5, 90
2020.8028112, 52.3000874218139, 124.445176126129, 383.794616699219, 2002009, 5, 90
2020.8028112, 52.3001256387706, 124.445169982797, 383.78076171875, 2002009, 5, 90
2020.8028112, 52.3001511278081, 124.445165903197, 383.769409179688, 2002009, 5, 90
2020.8028112, 52.30017661104, 124.445161822047, 383.744995117188, 2002009, 5, 90
2020.8028112, 52.3002084600656, 124.445156721638, 383.733154296875, 2002009, 5, 90
2020.8028112, 52.3002403080702, 124.445151628056, 383.747131347656, 2002009, 5, 90
2020.80281172, 53.3450434941203, 124.278061475414, 244.744033813477, 2009603, 5, 89
2020.80281172, 53.3451008722583, 124.278052094074, 244.725082397461, 2009603, 5, 89
2020.80281172, 53.3451391446566, 124.278045853623, 244.748321533203, 2009603, 5, 89
2020.80281172, 53.3451837827296, 124.278038555954, 244.724365234375, 2009603, 5, 89
2020.80281172, 53.3452220648492, 124.278032314798, 244.757904052734, 2009603, 5, 89
2020.80281172, 53.3452667155876, 124.278025015917, 244.766555786133, 2009603, 5, 89
2020.80281172, 53.3453049451278, 124.278018751134, 244.712860107422, 2009603, 5, 89
2020.80281172, 53.3453432575675, 124.278012515361, 244.761962890625, 2009603, 5, 89
2020.80281172, 53.3453879572294, 124.278005243304, 244.756469726562, 2009603, 5, 89
2020.80281172, 53.3455476265241, 124.277979286263, 244.747711181641, 2009603, 5, 92
2020.80281172, 53.3455987228828, 124.277970990352, 244.733520507812, 2009603, 5, 92
2020.80281172, 53.3456434354482, 124.277963735988, 244.722412109375, 2009603, 5, 92
2020.80281172, 53.345681765354, 124.277957527145, 244.718322753906, 2009603, 5, 92
2020.80281172, 53.3457264745909, 124.277950279586, 244.729827880859, 2009603, 5, 92
2020.80281172, 53.3457647968544, 124.277944071716, 244.716354370117, 2009603, 5, 94
2020.80281172, 53.3458030994816, 124.27793785238, 244.700088500977, 2009603, 5, 94
2020.80281172, 53.3458350376428, 124.277932695066, 244.702026367188, 2009603, 5, 94
2020.80281172, 53.3458733362553, 124.277926482349, 244.705825805664, 2009603, 5, 94
2020.80281172, 53.3459052633536, 124.277921321819, 244.766860961914, 2009603, 5, 94
2020.80281172, 53.3459435677273, 124.277915127651, 244.761901855469, 2009603, 5, 94
2020.80281172, 53.3459818674015, 124.277908936597, 244.747207641602, 2009603, 5, 94
2020.80281172, 53.3460201621341, 124.277902748912, 244.752868652344, 2009603, 5, 94
2020.80281172, 53.3460584405912, 124.277896556675, 244.700469970703, 2009603, 5, 94
2020.80281172, 53.346090340128, 124.277891402686, 244.701904296875, 2009603, 5, 94
2020.80281172, 53.3461222366868, 124.277886251104, 244.690734863281, 2009603, 5, 94
2020.80281172, 53.3461477601752, 124.277882141381, 244.70671081543, 2009603, 5, 94
2020.80281172, 53.3461796524314, 124.277876996463, 244.726150512695, 2009603, 5, 94
2020.80281172, 53.3462115353594, 124.277871851424, 244.69694519043, 2009603, 5, 94
2020.80281172, 53.3462434128073, 124.27786671014, 244.696975708008, 2009603, 5, 94
2020.80281172, 53.3462752905042, 124.277861572993, 244.705856323242, 2009603, 5, 95
2020.80281172, 53.3463071623278, 124.277856436097, 244.723083496094, 2009603, 5, 95
2020.80281172, 53.3463390240251, 124.277851298432, 244.720245361328, 2009603, 5, 95
2020.80281172, 53.3463708830732, 124.277846165638, 244.703903198242, 2009603, 5, 95
2020.80281172, 53.3464027413437, 124.277841037346, 244.708099365234, 2009603, 5, 95
2020.80281172, 53.346440949559, 124.277834873425, 244.713073730469, 2009603, 5, 95
2020.80281172, 53.3464664311593, 124.277830781734, 244.70849609375, 2009603, 5, 95
2020.80281172, 53.3464982599966, 124.277825648093, 244.701751708984, 2009603, 5, 95
2020.80281172, 53.3465300960107, 124.277820528438, 244.71435546875, 2009603, 5, 94
2020.80281172, 53.3465619218807, 124.277815405834, 244.739242553711, 2009603, 5, 94
2020.80281172, 53.3465874804082, 124.277811288754, 244.708221435547, 2009603, 5, 94
2020.80281172, 53.34662561158, 124.277805153848, 244.731369018555, 2009603, 5, 94
2020.80281172, 53.3466573854968, 124.277800046203, 244.732604980469, 2009603, 5, 94
2020.80281172, 53.3466891561806, 124.277794945477, 244.717269897461, 2009603, 5, 94
2020.80281172, 53.3467209300876, 124.277789849893, 244.731399536133, 2009603, 5, 94
2020.80281172, 53.3467526885781, 124.277784745488, 244.721801757812, 2009603, 5, 95
2020.80281172, 53.3467844475718, 124.277779647369, 244.714157104492, 2009603, 5, 95
2020.80281172, 53.3468225414765, 124.277773521227, 244.718521118164, 2009603, 5, 95
2020.80281172, 53.3468543010337, 124.277768433736, 244.704711914062, 2009603, 5, 95
2020.80281172, 53.3468860422366, 124.2777633348, 244.68635559082, 2009603, 5, 95
2020.80281172, 53.3469177836826, 124.277758239126, 244.696487426758, 2009603, 5, 95
2020.80281172, 53.3469495172331, 124.277753137627, 244.705276489258, 2009603, 5, 95
2020.80281172, 53.3469812526819, 124.277748041381, 244.701065063477, 2009603, 5, 95
2020.80281172, 53.3470193237296, 124.277741918699, 244.718444824219, 2009603, 5, 94
2020.80281172, 53.3470510650084, 124.277736832983, 244.739181518555, 2009603, 5, 94
2020.80281172, 53.3470827901608, 124.277731734641, 244.698913574219, 2009603, 5, 94
2020.80281172, 53.3471145063089, 124.277726630615, 244.708068847656, 2009603, 5, 94
2020.80281172, 53.3471462295864, 124.277721531872, 244.695053100586, 2009603, 5, 94
2020.80281172, 53.3471716173133, 124.27771746287, 244.720260620117, 2009603, 5, 94
2020.80281172, 53.3472033296162, 124.277712354699, 244.734939575195, 2009603, 5, 94
2020.80281172, 53.3472350498635, 124.277707253611, 244.751663208008, 2009603, 5, 94
2020.80281172, 53.3472667709691, 124.277702153146, 244.727844238281, 2009603, 5, 95
2020.80281172, 53.3472921568873, 124.277698081711, 244.730651855469, 2009603, 5, 95
2020.80281172, 53.3473238761262, 124.277692979982, 244.732055664062, 2009603, 5, 95
2020.80281172, 53.3473555985435, 124.277687877921, 244.736114501953, 2009603, 5, 95
2020.80281172, 53.3473873108027, 124.277682764551, 244.712631225586, 2009603, 5, 95
2020.80281172, 53.3474190311841, 124.277677657695, 244.74348449707, 2009603, 5, 95
2020.80281172, 53.3474444191614, 124.277673580668, 244.73762512207, 2009603, 5, 95
2020.80281172, 53.3474761431397, 124.277668473081, 244.715225219727, 2009603, 5, 95
2020.80281172, 53.3475078715406, 124.277663366076, 244.735961914062, 2009603, 5, 94
2020.80281172, 53.3475395934245, 124.277658251268, 244.730331420898, 2009603, 5, 94
2020.80281172, 53.3475713224837, 124.277653138242, 244.727294921875, 2009603, 5, 94
2020.80281172, 53.3476030530732, 124.277648024151, 244.728088378906, 2009603, 5, 94
2020.80281172, 53.3476411271781, 124.277641877929, 244.726486206055, 2009603, 5, 94
2020.80281172, 53.3476665234172, 124.277637791326, 244.716110229492, 2009603, 5, 94
2020.80281172, 53.3476982535493, 124.277632663067, 244.714218139648, 2009603, 5, 94
2020.80281172, 53.3477299923794, 124.277627539384, 244.73876953125, 2009603, 5, 94
2020.80281172, 53.3477617329842, 124.277622416249, 244.74040222168, 2009603, 5, 95
2020.80281172, 53.3477934851744, 124.277617296879, 244.780227661133, 2009603, 5, 95
2020.80281172, 53.3478252359983, 124.277612172223, 244.725814819336, 2009603, 5, 95
2020.80281172, 53.3478569348311, 124.277607099126, 244.718399047852, 2009603, 5, 95
2020.80281172, 53.3478887092334, 124.277601946565, 244.741287231445, 2009603, 5, 95
2020.80281172, 53.3479204907408, 124.277596795133, 244.729263305664, 2009603, 5, 95
2020.80281172, 53.3479522699845, 124.277591636161, 244.74299621582, 2009603, 5, 95
2020.80281172, 53.3479840507253, 124.277586477419, 244.734848022461, 2009603, 5, 95
2020.80281172, 53.3480158377215, 124.27758131711, 244.738693237305, 2009603, 5, 95
2020.80281172, 53.3480476280806, 124.277576155838, 244.7275390625, 2009603, 5, 95
2020.80281172, 53.3480794148999, 124.27757098652, 244.740020751953, 2009603, 5, 95
2020.80281172, 53.3481112043062, 124.277565817003, 244.748657226562, 2009603, 5, 95
2020.80281172, 53.3481366518283, 124.277561694493, 244.74186706543, 2009603, 5, 95
2020.80281172, 53.3481684505797, 124.277556529232, 244.736312866211, 2009603, 5, 95
2020.80281172, 53.3482002478271, 124.277551356656, 244.747222900391, 2009603, 5, 95
2020.80281172, 53.3482256963342, 124.277547228771, 244.751647949219, 2009603, 5, 95
2020.80281172, 53.3482575073814, 124.277542065269, 244.737060546875, 2009603, 5, 94
2020.80281172, 53.3482893050905, 124.277536884999, 244.747406005859, 2009603, 5, 94
2020.80281172, 53.3483211161957, 124.277531717547, 244.774993896484, 2009603, 5, 94
2020.80281172, 53.3483529280738, 124.277526547711, 244.76252746582, 2009603, 5, 94
2020.80281172, 53.3483783908294, 124.2775224245, 244.752182006836, 2009603, 5, 94
2020.80281172, 53.3484102038925, 124.27751725628, 244.731460571289, 2009603, 5, 94
2020.80281172, 53.3484420175583, 124.277512083915, 244.72721862793, 2009603, 5, 94
2020.80281172, 53.3484738304478, 124.277506909711, 244.733993530273, 2009603, 5, 94
2020.80281172, 53.3484992953126, 124.277502785104, 244.747299194336, 2009603, 5, 94
2020.80281172, 53.3485311081484, 124.277497609758, 244.750915527344, 2009603, 5, 96
2020.80281172, 53.3485565738946, 124.277493485678, 244.744079589844, 2009603, 5, 96
2020.80281172, 53.3485883887129, 124.277488313461, 244.736145019531, 2009603, 5, 96
2020.80281172, 53.3486202083043, 124.277483147791, 244.736221313477, 2009603, 5, 96
2020.80281172, 53.3486456734041, 124.277479023813, 244.751327514648, 2009603, 5, 96
2020.80281172, 53.3486774961843, 124.277473861652, 244.751098632812, 2009603, 5, 96
2020.80281172, 53.3487093206537, 124.277468701373, 244.752777099609, 2009603, 5, 96
2020.80281172, 53.3487411345592, 124.277463531399, 244.729309082031, 2009603, 5, 96
2020.80281172, 53.3487729567635, 124.277458371936, 244.729644775391, 2009603, 5, 96
2020.80281172, 53.348798417788, 124.277454250409, 244.745941162109, 2009603, 5, 96
2020.80281172, 53.3488302381894, 124.277449095196, 244.736358642578, 2009603, 5, 96
2020.80281172, 53.3488620494115, 124.277443930411, 244.759094238281, 2009603, 5, 96
2020.80281172, 53.3488875130107, 124.277439816077, 244.755920410156, 2009603, 5, 96
2020.80281172, 53.3489193298103, 124.277434662448, 244.722015380859, 2009603, 5, 96
2020.80281172, 53.3489511355647, 124.27742950154, 244.756011962891, 2009603, 5, 96
2020.80281172, 53.3489829514582, 124.277424353658, 244.740600585938, 2009603, 5, 96
2020.80281172, 53.3490084059134, 124.277420239848, 244.737380981445, 2009603, 5, 95
2020.80281172, 53.3490402153694, 124.277415095384, 244.740005493164, 2009603, 5, 95
2020.80281172, 53.3490720156928, 124.277409941991, 244.742523193359, 2009603, 5, 95
2020.80281172, 53.3491038190773, 124.277404796136, 244.758850097656, 2009603, 5, 95
2020.80281172, 53.3491291921393, 124.277400620795, 244.746765136719, 2009603, 5, 95
2020.80281172, 53.3491610182547, 124.277395504005, 244.742065429688, 2009603, 5, 95
2020.80281172, 53.3491928450105, 124.277390391575, 244.743240356445, 2009603, 5, 95
2020.80281172, 53.3492246581777, 124.277385269739, 244.747375488281, 2009603, 5, 95
2020.80281172, 53.3492564740974, 124.277380159548, 244.751159667969, 2009603, 5, 95
2020.80281172, 53.3492882839692, 124.277375044864, 244.766571044922, 2009603, 5, 95
2020.80281172, 53.3493200966479, 124.277369938647, 244.747177124023, 2009603, 5, 95
2020.80281172, 53.3493519006732, 124.277364828925, 244.73454284668, 2009603, 5, 95
2020.80281172, 53.349377348756, 124.27736075157, 244.738525390625, 2009603, 5, 95
2020.80281172, 53.3494091419517, 124.277355639605, 244.719802856445, 2009603, 5, 95
2020.80281172, 53.3494409315402, 124.277350532141, 244.745727539062, 2009603, 5, 95
2020.80281172, 53.3494727107688, 124.277345422042, 244.742660522461, 2009603, 5, 95
2020.80281172, 53.3495044843939, 124.277340307477, 244.731460571289, 2009603, 5, 94
2020.80281172, 53.3495362549276, 124.277335198057, 244.745223999023, 2009603, 5, 94
2020.80281172, 53.3495616749732, 124.277331117756, 244.739074707031, 2009603, 5, 94
2020.80281172, 53.349593428531, 124.277326000309, 244.736740112305, 2009603, 5, 94
2020.80281172, 53.3496251794349, 124.277320886204, 244.781143188477, 2009603, 5, 94
2020.80281172, 53.3496569242143, 124.277315772911, 244.78742980957, 2009603, 5, 94
2020.80281172, 53.3496886749317, 124.277310673137, 244.757858276367, 2009603, 5, 94
2020.80281172, 53.3497267436328, 124.277304524656, 244.739501953125, 2009603, 5, 94
2020.80281172, 53.3497584674114, 124.277299408411, 244.754974365234, 2009603, 5, 93
2020.80281172, 53.3497901848822, 124.277294290316, 244.773315429688, 2009603, 5, 93
2020.80281172, 53.3498219002749, 124.277289175805, 244.790512084961, 2009603, 5, 93
2020.80281172, 53.3498536031405, 124.277284053723, 244.762344360352, 2009603, 5, 93
2020.80281172, 53.3498852970696, 124.277278931179, 244.758392333984, 2009603, 5, 93
2020.80281172, 53.3499233118237, 124.27727276801, 244.788818359375, 2009603, 5, 93
2020.80281172, 53.3499613292576, 124.277266616356, 244.74967956543, 2009603, 5, 93
2020.80281172, 53.34999299869, 124.277261482054, 244.794509887695, 2009603, 5, 93
2020.80281172, 53.3500309917442, 124.277255316296, 244.784790039062, 2009603, 5, 93
2020.80281172, 53.350062656998, 124.277250187731, 244.751052856445, 2009603, 5, 93
2020.80281172, 53.3501006214462, 124.277244006639, 244.771133422852, 2009603, 5, 94
2020.80281172, 53.3501322630129, 124.277238862062, 244.733413696289, 2009603, 5, 94
2020.80281172, 53.3501638924568, 124.277233708353, 244.766860961914, 2009603, 5, 94
2020.80281172, 53.3501955220828, 124.277228558231, 244.742523193359, 2009603, 5, 94
2020.80281172, 53.3502271423933, 124.277223402516, 244.780914306641, 2009603, 5, 94
2020.80281172, 53.350258767312, 124.277218253312, 244.746551513672, 2009603, 5, 92
2020.80281172, 53.350290372025, 124.277213085152, 244.775894165039, 2009603, 5, 92
2020.80281172, 53.3503219728399, 124.277207918547, 244.748260498047, 2009603, 5, 92
2020.80281172, 53.3503535721002, 124.277202748652, 244.774444580078, 2009603, 5, 92
2020.80281172, 53.3503854499732, 124.277197627918, 244.755813598633, 2009603, 5, 92
2020.80281172, 53.35041694665, 124.27719243193, 244.767150878906, 2009603, 5, 92
2020.80281172, 53.3504421446112, 124.277188277406, 244.746459960938, 2009603, 5, 92
2020.80281172, 53.3504736357778, 124.277183076006, 244.751159667969, 2009603, 5, 92
2020.80281172, 53.3505051215092, 124.277177868115, 244.747421264648, 2009603, 5, 90
2020.80281172, 53.3505365954598, 124.277172649587, 244.749786376953, 2009603, 5, 90
2020.80281172, 53.3505680810689, 124.277167437515, 244.760345458984, 2009603, 5, 90
2020.80281172, 53.3505995613579, 124.27716221662, 244.756195068359, 2009603, 5, 90
2020.80281172, 53.3506310574218, 124.277157008414, 244.820999145508, 2009603, 5, 90
2020.80281172, 53.3506688280911, 124.277150727303, 244.776596069336, 2009603, 5, 90
2020.80281172, 53.3507003207546, 124.277145504082, 244.785522460938, 2009603, 5, 90
2020.80281172, 53.3507318139688, 124.277140277361, 244.789764404297, 2009603, 5, 90
2020.80280966, 49.1745481356981, 124.920355587177, 215.944458007812, 2009589, 6, 86
2020.80280966, 49.1746688455018, 124.920338267971, 215.97981262207, 2009589, 6, 86
2020.80280966, 49.1747895567338, 124.920320984195, 215.945098876953, 2009589, 6, 93
2020.80280966, 49.1749103680001, 124.920303193213, 215.972015380859, 2009589, 6, 93
2020.80280966, 49.1750312027958, 124.920285324467, 215.977584838867, 2009589, 6, 93
2020.80280966, 49.1751520571092, 124.920267403678, 215.947326660156, 2009589, 6, 93
2020.80280966, 49.1752729267103, 124.920249457154, 215.961395263672, 2009589, 6, 93
2020.80280966, 49.1753938111156, 124.920231490105, 215.968658447266, 2009589, 6, 93
2020.80280966, 49.1755083428916, 124.920214479821, 215.973861694336, 2009589, 6, 93
2020.80280966, 49.175622876797, 124.920197492104, 215.964553833008, 2009589, 6, 93
2020.80280966, 49.1757437716001, 124.920179610599, 215.966415405273, 2009589, 6, 93
2020.80280966, 49.1758583000605, 124.920162717757, 215.964385986328, 2009589, 6, 93
2020.80280966, 49.1759728196517, 124.920145891602, 215.963180541992, 2009589, 6, 93
2020.80280966, 49.1760809742606, 124.920129973011, 215.981567382812, 2009589, 6, 93
2020.80280966, 49.1762018134145, 124.920112624894, 215.99348449707, 2009589, 6, 93
2020.80280966, 49.1764434430362, 124.920078049172, 216.017135620117, 2009589, 6, 93
2020.80280966, 49.1767040718862, 124.920040768019, 215.998092651367, 2009589, 6, 90
2020.80280966, 49.1768248243674, 124.920023442901, 215.972244262695, 2009589, 6, 82
2020.80280966, 49.1769392030993, 124.920006979275, 215.959686279297, 2009589, 6, 82
2020.80280966, 49.1770535736755, 124.919990449257, 215.972686767578, 2009589, 6, 81
2020.80280966, 49.1771742779916, 124.919972929402, 215.970489501953, 2009589, 6, 81
2020.80280966, 49.1772886349224, 124.919956436853, 215.973587036133, 2009589, 6, 78
2020.80280966, 49.1774093183485, 124.919938487023, 215.969604492188, 2009589, 6, 78
2020.80280966, 49.1775300029069, 124.919920444971, 215.966720581055, 2009589, 6, 78
2020.80280966, 49.1776506841963, 124.91990235484, 215.955459594727, 2009589, 6, 78
2020.80280966, 49.1777713722716, 124.91988421982, 215.995178222656, 2009589, 6, 70
2020.80280966, 49.1778920670805, 124.919866074298, 215.993911743164, 2009589, 6, 70
2020.80280966, 49.1780127738653, 124.919847931108, 215.993911743164, 2009589, 6, 58
2020.80280966, 49.1781589076506, 124.919826025611, 216.020980834961, 2009589, 6, 58
2020.80281095, 51.7705041998274, 124.529349409272, 464.832916259766, 2002009, 6, 61
2020.80281095, 51.7706443278004, 124.529327705472, 464.831176757812, 2002009, 6, 61
2020.80281095, 51.7707781026388, 124.529307020769, 464.827606201172, 2002009, 6, 68
2020.80281095, 51.7709246173386, 124.529284421158, 464.86328125, 2002009, 6, 68
2020.80281095, 51.771071116029, 124.52926186724, 464.833953857422, 2002009, 6, 77
2020.80281095, 51.774028399898, 124.528805612385, 464.074829101562, 2002009, 6, 66
2020.80281095, 51.7742698879644, 124.528768736422, 464.152435302734, 2002009, 6, 81
2020.80281121, 52.3005578120106, 124.446364569772, 383.732452392578, 2002009, 6, 89
2020.80281121, 52.3009392552464, 124.446303835714, 383.750335693359, 2002009, 6, 84
2020.80281173, 53.3446147683488, 124.279413486416, 244.66845703125, 2009603, 6, 92
2020.80281173, 53.344754699598, 124.279389997517, 244.682647705078, 2009603, 6, 94
2020.80281173, 53.3448818971111, 124.279368808486, 244.701141357422, 2009603, 6, 94
2020.80281173, 53.345034506806, 124.279343651295, 244.725143432617, 2009603, 6, 93
2020.80281173, 53.3451807207775, 124.279319558085, 244.698989868164, 2009603, 6, 93
2020.80281173, 53.3453015147145, 124.2793004896, 244.693740844727, 2009603, 6, 93
2020.80281173, 53.3454222777222, 124.279281624015, 244.690643310547, 2009603, 6, 93
2020.80281173, 53.3455366692291, 124.279263860778, 244.672515869141, 2009603, 6, 96
2020.80281173, 53.3456573903219, 124.27924522348, 244.674499511719, 2009603, 6, 95
2020.80281173, 53.3457717378038, 124.279227619955, 244.686233520508, 2009603, 6, 94
2020.80281173, 53.3458860668858, 124.279210044187, 244.686248779297, 2009603, 6, 94
2020.80281173, 53.3460003786764, 124.279192459093, 244.695709228516, 2009603, 6, 95
2020.80281173, 53.3461210241412, 124.279173855176, 244.687850952148, 2009603, 6, 95
2020.80281173, 53.3462416625888, 124.279155170938, 244.692581176758, 2009603, 6, 95
2020.80281173, 53.3463622929649, 124.279136381903, 244.681625366211, 2009603, 6, 94
2020.80281173, 53.3464829595554, 124.279117602882, 244.693893432617, 2009603, 6, 94
2020.80281173, 53.3465971565705, 124.27909923871, 244.699798583984, 2009603, 6, 94
2020.80281173, 53.3467240556309, 124.279078725297, 244.689712524414, 2009603, 6, 94
2020.80281173, 53.3468446481012, 124.279059105535, 244.708755493164, 2009603, 6, 94
2020.80281173, 53.3469589355329, 124.279040433195, 244.691299438477, 2009603, 6, 94
2020.80281173, 53.3470732666463, 124.279021700812, 244.698547363281, 2009603, 6, 95
2020.80281173, 53.3471876593736, 124.27900290567, 244.699798583984, 2009603, 6, 95
2020.80281173, 53.3473021073298, 124.278984084657, 244.704193115234, 2009603, 6, 94
2020.80281173, 53.3474166146618, 124.278965255265, 244.70671081543, 2009603, 6, 94
2020.80281173, 53.3475311918332, 124.278946410619, 244.725555419922, 2009603, 6, 94
2020.80281173, 53.3476458237961, 124.278927589185, 244.708099365234, 2009603, 6, 94
2020.80281173, 53.3477604460272, 124.278908718397, 244.724334716797, 2009603, 6, 93
2020.80281173, 53.347875367604, 124.278890153582, 244.712219238281, 2009603, 6, 93
2020.80281173, 53.3479839346545, 124.278872627378, 244.709091186523, 2009603, 6, 93
2020.80281173, 53.3480988877222, 124.278854092097, 244.699371337891, 2009603, 6, 94
2020.80281173, 53.3482202077701, 124.278834543624, 244.69450378418, 2009603, 6, 94
2020.80281173, 53.3483351009858, 124.278816018536, 244.707824707031, 2009603, 6, 93
2020.80281173, 53.3484563140852, 124.27879646071, 244.709579467773, 2009603, 6, 93
2020.80281173, 53.348571070945, 124.278777905857, 244.722854614258, 2009603, 6, 94
2020.80281173, 53.3486857362636, 124.27875933358, 244.702529907227, 2009603, 6, 94
2020.80281173, 53.3488003013582, 124.278740724201, 244.713363647461, 2009603, 6, 94
2020.80281173, 53.3489147561474, 124.278722076094, 244.709777832031, 2009603, 6, 94
2020.80281173, 53.3490291922881, 124.278703431571, 244.713287353516, 2009603, 6, 94
2020.80281173, 53.3491432109794, 124.27868458339, 244.723739624023, 2009603, 6, 94
2020.80281173, 53.3492571376125, 124.278665706684, 244.717742919922, 2009603, 6, 94
2020.80281173, 53.3493709943749, 124.278646791125, 244.730438232422, 2009603, 6, 94
2020.80281173, 53.3494848012728, 124.278627857092, 244.732604980469, 2009603, 6, 94
2020.80281173, 53.3496048988034, 124.278607858536, 244.734359741211, 2009603, 6, 92
2020.80281173, 53.349718673462, 124.278588899891, 244.733291625977, 2009603, 6, 92
2020.80281173, 53.3498324575786, 124.278569955618, 244.73095703125, 2009603, 6, 78
2020.80281173, 53.3499526048973, 124.278549975562, 244.733093261719, 2009603, 6, 78
