2019.10417258, 51.4335920658494, 139.300934577925, 7.83924674987793, 1333418, 1, 85
2019.10417258, 51.4343292151349, 139.300820737383, 7.78150033950806, 1333418, 1, 84
2019.10417258, 51.4372099614734, 139.300372614243, 7.56682443618774, 1333418, 1, 78
2019.10417261, 51.4940367456985, 139.291508530082, 9.88461971282959, 2002032, 1, 65
2019.10417261, 51.4942595816818, 139.29147330076, 9.8424072265625, 2002032, 1, 60
2019.10417331, 52.8957233446392, 139.066834819945, 2.38727450370789, 2009603, 1, 94
2019.10417331, 52.8962292208712, 139.066752828611, 2.41825675964355, 2009603, 1, 95
2019.10417331, 52.8968044719599, 139.066659810126, 2.45397186279297, 2009603, 1, 96
2019.10417331, 52.8974831613055, 139.066551316557, 2.55877304077148, 2009603, 1, 97
2019.10417331, 52.8980831935464, 139.06645542519, 2.57414770126343, 2009603, 1, 97
2019.10417333, 52.9412229468002, 139.059355298871, 3.54590439796448, 1326682, 1, 87
2019.10417333, 52.9421479499143, 139.059209610529, 3.49960827827454, 1326682, 1, 93
2019.10417333, 52.9430070528032, 139.059065235323, 3.53614735603333, 1326682, 1, 91
2019.10417333, 52.9439536522943, 139.058899704703, 3.52918791770935, 1326682, 1, 89
2019.10417333, 52.9448645610881, 139.058746021958, 3.69175934791565, 1326682, 1, 61
2019.10417256, 51.3930082130546, 139.353879427182, 5.36270236968994, 2009603, 3, 97
2019.10417256, 51.3944427069582, 139.353655074337, 5.36947584152222, 2009603, 3, 98
2019.10417256, 51.3956723636097, 139.353464466875, 5.31548881530762, 2009603, 3, 97
2019.10417256, 51.3970493092463, 139.35324048722, 5.32939195632935, 2009603, 3, 97
2019.10417256, 51.3984451578771, 139.353023824746, 5.3368763923645, 2009603, 3, 96
2019.10417256, 51.3996271609737, 139.352842471172, 5.3801965713501, 2009603, 3, 97
2019.10417256, 51.4010911682299, 139.352605827118, 5.31792974472046, 2009603, 3, 96
2019.10417256, 51.4024615857625, 139.352387935896, 5.2565770149231, 2009603, 3, 96
2019.10417261, 51.4960989295334, 139.337797567832, 6.6749529838562, 2002032, 3, 92
2019.10417261, 51.4966782985886, 139.337706041591, 6.68496704101562, 2002032, 3, 91
2019.10417333, 52.9319875919458, 139.109077748163, 4.14228391647339, 2009603, 3, 65
2019.10417333, 52.9325359748196, 139.108986157355, 3.95430946350098, 2009603, 3, 93
2019.10417333, 52.9331896171763, 139.108879783549, 3.82640814781189, 1326731, 3, 93
2019.10417333, 52.9368007909615, 139.108279861498, 3.11014270782471, 2009603, 3, 95
2019.10417333, 52.9376229641045, 139.108144627315, 3.66795969009399, 2009603, 3, 95
2019.10417333, 52.9401364534859, 139.107738662016, 4.37215328216553, 2009603, 3, 67
2019.10417333, 52.9471322046427, 139.106569045853, 5.03008270263672, 2009603, 3, 54
2019.10417333, 52.9478099612743, 139.106450370089, 4.24097061157227, 2009603, 3, 95
2019.10417334, 52.9491544772053, 139.106217553941, 2.92770433425903, 2009603, 3, 97
2019.10417334, 52.9498773194749, 139.106107346217, 3.35476684570312, 2009603, 3, 96
2019.10417334, 52.9629461057061, 139.103926658162, 3.75202178955078, 13533, 3, 58
2019.10417334, 52.9639275845104, 139.103766268561, 3.48944664001465, 13533, 3, 70
2019.10417345, 53.1705484546249, 139.070208259085, 2.75020551681519, 164408, 3, 81
2019.10417345, 53.1719966005384, 139.069967818123, 2.71631193161011, 164408, 3, 77
2019.10417345, 53.1739712994886, 139.06963330779, 2.64701080322266, 164408, 3, 95
2019.10417345, 53.1755697310858, 139.069365891242, 2.68301916122437, 164408, 3, 91
2019.10417345, 53.1770438460049, 139.069117283001, 2.6800799369812, 164408, 3, 92
2019.10417345, 53.1785309087415, 139.068877551164, 2.67585515975952, 164408, 3, 86
2019.10417334, 52.9339898287914, 139.109822451548, 5.23218965530396, 1326731, 4, 92
2019.10417334, 52.937553097285, 139.109229060497, 2.55673694610596, 2009603, 4, 95
2019.10417256, 51.3969487240548, 139.399762288978, 7.11009216308594, 2009603, 5, 75
2019.10417256, 51.3985009363739, 139.399520045555, 5.31391000747681, 2009603, 5, 99
2019.10417256, 51.3991602952085, 139.399414960736, 5.1951789855957, 2009603, 5, 99
2019.10417256, 51.3999279453658, 139.399291525757, 5.26245355606079, 2009603, 5, 99
2019.10417256, 51.4006153900092, 139.399186476852, 5.36126613616943, 2009603, 5, 100
2019.10417256, 51.401324400835, 139.399075554125, 5.27550411224365, 2009603, 5, 99
2019.10417256, 51.4020340158175, 139.398956709592, 5.20487594604492, 2009603, 5, 99
2019.10417256, 51.4026875304129, 139.398848410876, 5.18109369277954, 2009603, 5, 98
2019.10417256, 51.4035131066881, 139.398719272481, 5.24864149093628, 2009603, 5, 98
2019.10417256, 51.4049269961657, 139.398502254323, 5.25177574157715, 2009603, 5, 98
2019.10417256, 51.4056815867614, 139.398380309242, 5.30043506622314, 2009603, 5, 98
2019.10417256, 51.4064780692862, 139.398253245677, 5.23517799377441, 2009603, 5, 98
2019.10417256, 51.4072777183782, 139.398131647038, 5.24926805496216, 2009603, 5, 99
2019.10417256, 51.4081704191447, 139.397994830321, 5.34250068664551, 2009603, 5, 99
2019.10417256, 51.4089046296999, 139.397877442031, 5.24263095855713, 2009603, 5, 98
2019.10417257, 51.4097139370211, 139.397743805556, 5.18784713745117, 2009603, 5, 98
2019.10417257, 51.4114883233872, 139.397466485488, 5.21470165252686, 2009603, 5, 99
2019.10417257, 51.4124284458115, 139.397313689522, 5.12193298339844, 2009603, 5, 98
2019.10417257, 51.4134221487902, 139.397164057063, 5.18915271759033, 2009603, 5, 98
2019.10417257, 51.4141884477475, 139.397045611429, 5.17168235778809, 2009603, 5, 98
2019.10417257, 51.4152867472724, 139.396864923848, 5.10461854934692, 2009603, 5, 98
2019.10417257, 51.4166140409898, 139.396660990856, 5.17999505996704, 2009603, 5, 95
2019.10417257, 51.4237258559097, 139.395531150782, 4.98638916015625, 2009603, 5, 98
2019.10417257, 51.4249356244755, 139.395350759325, 4.81287860870361, 2009603, 5, 96
2019.10417257, 51.4264178361551, 139.395122206078, 4.85199356079102, 2009603, 5, 58
2019.10417263, 51.5490013593614, 139.376060386047, 6.60593891143799, 13672, 5, 72
2019.10417264, 51.5499941340054, 139.375904919703, 6.47299909591675, 13672, 5, 77
2019.10417264, 51.5512644457837, 139.375710590576, 6.45107221603394, 13672, 5, 76
2019.10417264, 51.5524757863629, 139.375524961518, 6.39616537094116, 13672, 5, 75
2019.10417264, 51.5535310917619, 139.375354069316, 6.35564661026001, 13672, 5, 81
2019.10417264, 51.5546098249298, 139.375181269713, 6.28498601913452, 13672, 5, 81
2019.10417264, 51.5557637367847, 139.375010690385, 6.35861778259277, 13672, 5, 83
2019.10417264, 51.5572917665784, 139.374767135562, 6.43926668167114, 13672, 5, 82
2019.10417264, 51.558555662904, 139.37457848355, 6.39586019515991, 13672, 5, 82
2019.10417264, 51.5595921479321, 139.374418417132, 6.35223627090454, 13672, 5, 83
2019.10417264, 51.5605306554837, 139.374270986041, 6.33709621429443, 13672, 5, 81
2019.10417264, 51.5615810897626, 139.374114218406, 6.37820816040039, 13672, 5, 82
2019.10417264, 51.5627146457255, 139.373939938327, 6.38224363327026, 13672, 5, 84
2019.10417264, 51.5637581536809, 139.373779607139, 6.29781436920166, 13672, 5, 83
2019.10417264, 51.5647697059363, 139.373617465472, 6.31869840621948, 13672, 5, 82
2019.10417264, 51.5656274631686, 139.373486015848, 6.27320766448975, 13672, 5, 81
2019.10417264, 51.5663790017946, 139.373376458303, 6.41008710861206, 13672, 5, 84
2019.10417264, 51.5671800767436, 139.373255128271, 6.34414291381836, 13672, 5, 87
2019.10417264, 51.5678775538654, 139.373146416742, 6.34960412979126, 13672, 5, 88
2019.10417264, 51.5685503008442, 139.373042244928, 6.44607877731323, 13672, 5, 88
2019.10417265, 51.5693229826732, 139.372921902331, 6.50738000869751, 13672, 5, 87
2019.10417265, 51.5700790871628, 139.372803552341, 6.51133728027344, 13672, 5, 89
2019.10417265, 51.5707529695592, 139.372699108751, 6.51183414459229, 13672, 5, 89
2019.10417265, 51.5715824137742, 139.372572600776, 6.60159635543823, 13672, 5, 91
2019.10417265, 51.5722902660553, 139.372465699474, 6.57131147384644, 13672, 5, 90
2019.10417265, 51.5729348994651, 139.372367460238, 6.55432987213135, 13672, 5, 90
2019.10417265, 51.5737090453862, 139.372247341137, 6.57327795028687, 13672, 5, 90
2019.10417265, 51.5745650109767, 139.372113907763, 6.55378770828247, 13672, 5, 90
2019.10417265, 51.5754287108816, 139.371981023023, 6.62800073623657, 13672, 5, 86
2019.10417265, 51.5763296864725, 139.371844995838, 6.59111022949219, 13672, 5, 88
2019.10417265, 51.5770846586333, 139.371727991682, 6.59314775466919, 13672, 5, 87
2019.10417265, 51.5778072820144, 139.371615527946, 6.48883390426636, 13672, 5, 83
2019.10417265, 51.5785853305587, 139.37149974228, 6.40480947494507, 13672, 5, 77
2019.10417265, 51.5793547757008, 139.371387025643, 6.83562850952148, 13672, 5, 78
2019.1041731, 52.4884871830126, 139.228174388337, 74.6259841918945, 2009601, 5, 54
2019.10417334, 52.9605012331214, 139.152530738178, 2.55635476112366, 2009603, 5, 96
2019.10417334, 52.9611448932785, 139.152424385274, 2.04275798797607, 2009603, 5, 96
2019.10417334, 52.9618138608513, 139.152309304605, 2.12299132347107, 2009603, 5, 94
2019.10417334, 52.9690743481328, 139.151120816465, 3.26893544197083, 13533, 5, 90
2019.10417334, 52.9699137918638, 139.15098721252, 3.19285774230957, 13533, 5, 92
2019.10417334, 52.9706107468918, 139.150876045547, 3.16394853591919, 13533, 5, 94
2019.10417334, 52.9713509569499, 139.150755302462, 3.14505457878113, 13533, 5, 94
2019.10417334, 52.9722465897073, 139.150602164793, 3.2001953125, 13533, 5, 94
2019.10417335, 52.973078816745, 139.150462578929, 3.20810461044312, 13533, 5, 93
2019.10417335, 52.9739179941866, 139.150326856332, 3.22985315322876, 13533, 5, 95
2019.10417335, 52.9746745218322, 139.150199911148, 3.15525102615356, 13533, 5, 96
2019.10417335, 52.9754550060475, 139.150070081007, 3.15290474891663, 13533, 5, 96
2019.10417335, 52.9763155110962, 139.14993369259, 3.18499732017517, 13533, 5, 92
2019.10417335, 52.977158718656, 139.149793502121, 3.13294982910156, 13533, 5, 93
2019.10417335, 52.9780054107866, 139.14965090993, 3.09638857841492, 13533, 5, 95
2019.10417335, 52.9787302644364, 139.149535003339, 3.13105320930481, 13533, 5, 93
2019.10417335, 52.9794522520602, 139.149419361302, 3.16202735900879, 13533, 5, 95
2019.10417335, 52.980155175993, 139.149304493831, 3.18125891685486, 13533, 5, 94
2019.10417335, 52.98081249829, 139.14919724328, 3.11438870429993, 13533, 5, 92
2019.10417335, 52.9815096704966, 139.149087298007, 3.18345713615417, 13533, 5, 90
2019.10417335, 52.9821437181961, 139.148993086321, 3.18690228462219, 13533, 5, 90
2019.10417335, 52.9828825780976, 139.148878442147, 3.19374203681946, 13533, 5, 92
2019.10417335, 52.9836523669494, 139.148741299194, 3.27668190002441, 13533, 5, 91
2019.10417335, 52.9843801540359, 139.148616617669, 3.31996488571167, 13533, 5, 90
2019.10417335, 52.9851123305072, 139.148509067598, 3.34013986587524, 13533, 5, 89
2019.10417335, 52.9857917893345, 139.148406620546, 3.39011693000793, 13533, 5, 74
2019.10417335, 52.9864970033985, 139.148290600493, 3.85353708267212, 13533, 5, 54
2019.10417336, 52.9952496133229, 139.146883992708, 3.2729663848877, 13533, 5, 73
2019.10417339, 53.0695704397956, 139.134945501902, 2.48511028289795, 13524, 5, 84
2019.10417339, 53.0710264890781, 139.13469794388, 2.31048655509949, 13524, 5, 94
2019.10417339, 53.072652920882, 139.134429836395, 2.32677912712097, 13524, 5, 93
2019.1041734, 53.074149373419, 139.134188771041, 2.33955264091492, 13524, 5, 87
2019.1041734, 53.075717259355, 139.133914799204, 2.30474042892456, 13524, 5, 91
2019.1041734, 53.0774357130901, 139.13363329665, 2.23707032203674, 13524, 5, 93
2019.1041734, 53.0790869509675, 139.13335765468, 2.2742006778717, 13524, 5, 93
2019.1041734, 53.0808393694184, 139.133072899267, 2.35253095626831, 13524, 5, 92
2019.1041734, 53.0826627185204, 139.132761517572, 2.76441788673401, 13524, 5, 82
2019.10417342, 53.1168102304449, 139.127240089135, 1.6438570022583, 13524, 5, 95
2019.10417342, 53.1181459503761, 139.127018916219, 1.6141345500946, 13524, 5, 95
2019.10417342, 53.119697092659, 139.126776071756, 1.72975027561188, 13524, 5, 94
2019.10417342, 53.1210050552408, 139.126573574063, 1.74650490283966, 13524, 5, 94
2019.10417342, 53.1225648328728, 139.126328711189, 1.68421542644501, 13524, 5, 95
2019.10417342, 53.1243780363929, 139.126033849542, 1.66862595081329, 13524, 5, 97
2019.10417342, 53.1265195240574, 139.125708672806, 1.67556500434875, 13524, 5, 96
2019.10417342, 53.128109206988, 139.125459372375, 1.70924854278564, 13524, 5, 96
2019.10417342, 53.1297299695849, 139.125203567142, 1.67311930656433, 13524, 5, 95
2019.10417342, 53.1317595991527, 139.124876557725, 1.68564915657043, 13524, 5, 96
2019.10417343, 53.1336761901734, 139.124591959913, 1.82663917541504, 13524, 5, 95
2019.10417343, 53.13521646423, 139.12434696874, 1.95253694057465, 13524, 5, 96
2019.10417343, 53.136619905706, 139.124120099201, 1.99259185791016, 13524, 5, 97
2019.10417343, 53.1381804736343, 139.123874693112, 2.04812026023865, 13524, 5, 95
2019.10417343, 53.1398265054265, 139.123614987668, 2.11267161369324, 13524, 5, 96
2019.10417343, 53.1415877572981, 139.123334804896, 2.10168504714966, 13524, 5, 97
2019.10417343, 53.1432513496683, 139.123075136745, 2.07037758827209, 13524, 5, 97
2019.10417343, 53.1448863743589, 139.122812114909, 2.1145966053009, 13524, 5, 95
2019.10417343, 53.1463545184201, 139.122573819092, 2.10045599937439, 13524, 5, 97
2019.10417343, 53.1478597351713, 139.122339735099, 2.1920280456543, 13524, 5, 93
2019.10417343, 53.149369559751, 139.122097901783, 2.24290013313293, 13524, 5, 95
2019.10417343, 53.1506924591305, 139.12188557074, 2.2698860168457, 13524, 5, 94
2019.10417343, 53.1523628251822, 139.12161365301, 2.34901237487793, 13524, 5, 96
2019.10417344, 53.1539182269678, 139.121365470617, 2.41426086425781, 13524, 5, 94
2019.10417344, 53.155356409912, 139.121131912677, 2.4508376121521, 13524, 5, 92
2019.10417344, 53.1567400263737, 139.120912148544, 2.45651245117188, 13524, 5, 87
2019.10417344, 53.1582039187209, 139.120668297524, 2.54363179206848, 13524, 5, 79
2019.10417344, 53.159610433902, 139.120439165769, 4.31916761398315, 13524, 5, 61
2019.10417266, 51.5787982018926, 139.372657725359, 7.51596117019653, 13672, 6, 76
2019.10417335, 52.969840119159, 139.152160709432, 3.63581824302673, 13533, 6, 90
2019.10417336, 52.9762193418907, 139.151154698177, 3.40196800231934, 13533, 6, 96
2019.10417336, 52.9825910094256, 139.150151089842, 3.31732964515686, 13533, 6, 90
