2021.42010589, 52.9290124310384, 139.235465322131, 6.06622552871704, 164637, 1, 83
2021.42010589, 52.9313908372655, 139.235077103625, 5.87475061416626, 164637, 1, 90
2021.4201059, 52.9416072386803, 139.233414200217, 5.42826175689697, 2009603, 1, 97
2021.42010597, 53.0999326793735, 139.207518704462, 4.49123954772949, 13524, 1, 95
2021.42010598, 53.101971762768, 139.207186574222, 4.84174251556396, 13524, 1, 96
2021.4201059, 52.9290042522981, 139.236856175577, 5.41594457626343, 164637, 2, 78
2021.4201059, 52.9295967210941, 139.236759872786, 5.41443014144897, 164637, 2, 88
2021.4201059, 52.9303277368341, 139.236640634398, 5.38471221923828, 164637, 2, 90
2021.4201059, 52.9311622526248, 139.236502397018, 5.44243764877319, 164637, 2, 90
2021.4201059, 52.9320317086466, 139.236359263188, 5.42723894119263, 164637, 2, 91
2021.4201059, 52.9330469109867, 139.236197275118, 5.42214965820312, 164637, 2, 90
2021.4201059, 52.9343054759828, 139.235987098817, 5.37761497497559, 164637, 2, 84
2021.4201059, 52.935246019534, 139.235831556594, 5.4210410118103, 164637, 2, 90
2021.4201059, 52.9362998158567, 139.235661215321, 5.42780303955078, 164637, 2, 76
2021.42010591, 52.9420924543031, 139.234725200112, 5.38320016860962, 2009603, 2, 95
2021.42010591, 52.9425900985163, 139.234642495882, 5.38174295425415, 2009603, 2, 95
2021.42010591, 52.9430059150672, 139.234572643054, 5.38818836212158, 2009603, 2, 95
2021.42010591, 52.9432228482664, 139.234536071244, 5.37204074859619, 2009603, 2, 95
2021.42010591, 52.9433883125731, 139.234508192366, 5.37219095230103, 2009603, 2, 96
2021.42010591, 52.9435909683002, 139.234473928158, 5.42448568344116, 2009603, 2, 61
2021.42010597, 53.061857258576, 139.215156447116, 4.69655323028564, 13524, 2, 90
2021.42010597, 53.0620804178989, 139.215116320456, 4.70438146591187, 13524, 2, 90
2021.42010597, 53.0634625281382, 139.21488226694, 4.69757461547852, 13524, 2, 96
2021.42010597, 53.065342212476, 139.214583349792, 4.72240686416626, 13524, 2, 96
2021.42010597, 53.0673110478928, 139.214255717246, 4.71385335922241, 13524, 2, 95
2021.42010597, 53.0689329149939, 139.213987225841, 4.70846891403198, 13524, 2, 95
2021.42010597, 53.0705137223954, 139.213728729262, 4.75077486038208, 13524, 2, 96
2021.42010597, 53.0721810139128, 139.213455728637, 4.67208766937256, 13524, 2, 98
2021.42010597, 53.0742702190476, 139.213121233628, 4.72070550918579, 13524, 2, 96
2021.42010597, 53.0764598275939, 139.21275411436, 4.75046110153198, 13524, 2, 95
2021.42010597, 53.0785609378965, 139.212414128172, 4.70593070983887, 13524, 2, 96
2021.42010598, 53.0805178846636, 139.212096964753, 4.68582773208618, 13524, 2, 97
2021.42010599, 53.0991391435532, 139.209045306256, 4.72858428955078, 13524, 2, 81
2021.42010599, 53.1004186566201, 139.208839484995, 4.70555973052979, 13524, 2, 94
2021.42010599, 53.1015073365946, 139.208657277231, 4.69354820251465, 13524, 2, 97
2021.42010599, 53.1025716882898, 139.208490827262, 4.66519689559937, 13524, 2, 96
2021.42010599, 53.1038940091341, 139.208266675989, 4.68819618225098, 13524, 2, 86
2021.42010599, 53.1052140994959, 139.208047644235, 4.58195972442627, 13524, 2, 74
2021.42010589, 52.9285525640157, 139.283691568576, 4.21280241012573, 164635, 3, 96
2021.4201059, 52.9612911093124, 139.278381397477, 5.1161093711853, 1326541, 3, 84
2021.4201059, 52.9635211684935, 139.278019666847, 5.155592918396, 1326541, 3, 87
2021.42010591, 52.9694332760885, 139.277064417795, 5.24083757400513, 2009603, 3, 51
2021.42010591, 52.9697017373806, 139.277020816893, 5.28830623626709, 2009603, 3, 95
2021.42010591, 52.9700269131438, 139.276968215317, 5.27493906021118, 2009603, 3, 97
2021.42010591, 52.970395430384, 139.276908975327, 5.30375480651855, 2009603, 3, 96
2021.42010591, 52.971228947005, 139.276777185093, 5.27791738510132, 2009603, 3, 97
2021.42010591, 52.9724746167966, 139.276573495638, 5.28079652786255, 2009603, 3, 95
2021.42010591, 52.9787435904774, 139.275561063507, 5.13184022903442, 2009603, 3, 70
2021.42010591, 52.9808136359275, 139.275219038647, 5.02020597457886, 2009603, 3, 54
2021.42010592, 52.9920018802873, 139.273402855751, 4.99214029312134, 1326369, 3, 82
2021.42010592, 52.9944365180697, 139.273010961855, 4.80272006988525, 1326369, 3, 65
2021.42010593, 53.009854857272, 139.270511608918, 5.37905883789062, 164558, 3, 93
2021.42010593, 53.0117787518654, 139.27020008474, 4.89571809768677, 164558, 3, 94
2021.4201059, 52.9283720591424, 139.2851432542, 4.09794282913208, 164635, 4, 90
2021.4201059, 52.9294620507947, 139.28498708971, 4.05411529541016, 164635, 4, 95
2021.4201059, 52.9307311981279, 139.284768551701, 4.07165336608887, 164635, 4, 97
2021.4201059, 52.9322127298795, 139.284528276193, 4.09806299209595, 164635, 4, 95
2021.4201059, 52.9340416560127, 139.284230484535, 4.07465124130249, 164635, 4, 94
2021.4201059, 52.9358158253666, 139.283948940977, 4.09727716445923, 164635, 4, 93
2021.42010592, 52.9697504151265, 139.27844913432, 5.19061136245728, 2009603, 4, 95
2021.42010592, 52.969826934217, 139.278436694566, 5.17721128463745, 2009603, 4, 95
2021.42010592, 52.9698970467081, 139.27842537706, 5.18160343170166, 2009603, 4, 95
2021.42010592, 52.970011657353, 139.278406766591, 5.17229032516479, 2009603, 4, 95
2021.42010592, 52.9701324829952, 139.278387041179, 5.13706398010254, 2009603, 4, 95
2021.42010592, 52.9704053108778, 139.27834225543, 5.20063781738281, 2009603, 4, 96
2021.42010592, 52.9708729557203, 139.278264486922, 5.15430402755737, 2009603, 4, 96
2021.42010592, 52.9717745150925, 139.278119208801, 5.20653438568115, 2009603, 4, 95
2021.42010592, 52.9726515333703, 139.277982968169, 5.20971250534058, 2009603, 4, 91
2021.42010593, 52.9835742330507, 139.276204060864, 5.00876569747925, 2009603, 4, 59
2021.42010593, 52.9836882719309, 139.276185330811, 5.07041072845459, 2009603, 4, 59
2021.42010593, 52.9845261879402, 139.276052874619, 5.0564866065979, 2009603, 4, 77
2021.42010593, 52.984893427409, 139.275996691419, 5.11561727523804, 2009603, 4, 82
2021.42010593, 52.9945938566795, 139.274418955187, 4.87844610214233, 1326369, 4, 60
2021.42010594, 53.0103831045611, 139.271858699185, 5.29195690155029, 164558, 4, 92
2021.42010594, 53.0116240214147, 139.271669165014, 5.29299545288086, 164558, 4, 93
2021.42010594, 53.0130213041092, 139.271442607693, 5.21600437164307, 164558, 4, 95
2021.42010594, 53.0145507885185, 139.271196384984, 5.2526388168335, 164558, 4, 93
2021.42010596, 53.0615601710783, 139.263547244088, 4.64536237716675, 13524, 4, 93
2021.42010597, 53.0636058328767, 139.263217284212, 4.69130277633667, 13524, 4, 96
2021.42010597, 53.0659984315522, 139.262828330059, 4.71725702285767, 13524, 4, 96
2021.42010597, 53.0686227446515, 139.262407565024, 4.65953540802002, 13524, 4, 96
2021.42010597, 53.0707579178126, 139.262042367727, 4.69330167770386, 13524, 4, 97
2021.42010597, 53.0728915385384, 139.261697598891, 4.71561145782471, 13524, 4, 86
2021.42010581, 52.7874286605683, 139.354530706865, 3.88084816932678, 13556, 5, 69
2021.42010584, 52.8359066066765, 139.346776140187, 3.89813542366028, 1327205, 5, 73
2021.42010584, 52.8360396930341, 139.346754554574, 3.64043164253235, 1327205, 5, 86
2021.42010589, 52.9300918709223, 139.331657560199, 4.08869981765747, 1326753, 5, 53
2021.42010589, 52.9470535131564, 139.328930765338, 4.91950368881226, 2009603, 5, 82
2021.42010589, 52.9472825327459, 139.32889312235, 4.91378021240234, 2009603, 5, 96
2021.42010589, 52.9475938846608, 139.328842054791, 4.92612743377686, 2009603, 5, 94
2021.42010592, 52.9955746297159, 139.321119336131, 4.63758897781372, 1326321, 5, 90
2021.42010595, 53.0544931957672, 139.311623044977, 4.04142475128174, 13524, 5, 72
2021.42010595, 53.0568125964516, 139.311247480888, 5.16614866256714, 13524, 5, 97
2021.42010583, 52.7875033579416, 139.355845224211, 3.84393930435181, 13556, 6, 60
2021.42010583, 52.7875415211998, 139.35583910665, 3.84931874275208, 13556, 6, 60
2021.42010583, 52.7875860262874, 139.355831890366, 3.85199737548828, 13556, 6, 60
2021.42010583, 52.7876305340699, 139.355824699248, 3.85324883460999, 13556, 6, 60
2021.42010583, 52.7876750404206, 139.355817506287, 3.8514416217804, 13556, 6, 60
2021.42010583, 52.7877195441013, 139.355810324047, 3.85363173484802, 13556, 6, 60
2021.42010583, 52.7877640576746, 139.35580318387, 3.88414239883423, 13556, 6, 71
2021.42010583, 52.7878149157962, 139.35579496881, 3.85528254508972, 13556, 6, 71
2021.42010583, 52.7878911942036, 139.355782637235, 3.86638951301575, 13556, 6, 71
2021.42010583, 52.7881454389759, 139.355741716964, 3.85223031044006, 13556, 6, 73
2021.42010583, 52.789225637638, 139.35557070072, 3.8517735004425, 13556, 6, 86
2021.42010583, 52.7905385188104, 139.355359635211, 3.87776970863342, 13556, 6, 93
2021.42010583, 52.7918493829556, 139.355160418944, 3.87768936157227, 13556, 6, 94
2021.42010583, 52.7933891980733, 139.354911695704, 3.85395336151123, 13556, 6, 95
2021.42010583, 52.7949715971257, 139.354659130033, 3.85832095146179, 13556, 6, 96
2021.42010583, 52.7969038108434, 139.354348441164, 3.88850021362305, 13556, 6, 95
2021.42010583, 52.7985889801951, 139.35408375805, 3.8742413520813, 13556, 6, 94
2021.42010583, 52.8003423766077, 139.353801277774, 3.860591173172, 13556, 6, 92
2021.42010583, 52.8021496432317, 139.353509873929, 3.85973882675171, 13556, 6, 92
2021.42010583, 52.8038231202384, 139.353249491592, 3.86820697784424, 13556, 6, 92
2021.42010583, 52.8054914872563, 139.35297930783, 3.68677115440369, 13556, 6, 60
2021.42010585, 52.8360574163207, 139.348085821801, 3.92790579795837, 1327205, 6, 81
2021.42010585, 52.8369576119797, 139.347947055307, 3.9058985710144, 1327205, 6, 91
2021.42010585, 52.8386018663337, 139.34767762728, 3.91177654266357, 1327205, 6, 72
2021.4201059, 52.9344521144582, 139.332290289293, 4.07884883880615, 1326740, 6, 58
2021.4201059, 52.9352972272212, 139.332149333339, 4.08443069458008, 1326740, 6, 75
2021.4201059, 52.9361055932231, 139.332014580261, 4.09619903564453, 1326740, 6, 69
2021.42010591, 52.9468075121273, 139.330296341651, 4.87258243560791, 2009603, 6, 78
2021.42010591, 52.9468645725278, 139.330286627708, 4.85626125335693, 2009603, 6, 78
2021.42010591, 52.9469976119408, 139.33026406451, 4.87406492233276, 2009603, 6, 78
2021.42010591, 52.9473707474036, 139.330201860108, 4.86029434204102, 2009603, 6, 94
2021.42010591, 52.9477815094952, 139.330137705793, 4.8917555809021, 2009603, 6, 95
2021.42010591, 52.9483374165028, 139.330053957963, 4.90245723724365, 2009603, 6, 80
2021.42010591, 52.9607449113947, 139.328055883872, 4.7258996963501, 1326579, 6, 93
2021.42010591, 52.9620616997605, 139.32783890007, 4.74573945999146, 1326579, 6, 92
2021.42010591, 52.9632155083455, 139.327652893378, 4.72359657287598, 1326579, 6, 91
2021.42010591, 52.9647520323641, 139.327419822394, 4.72237348556519, 1326579, 6, 93
2021.42010591, 52.9662519822986, 139.327173885134, 4.73278665542603, 1326579, 6, 91
2021.42010592, 52.9677464837768, 139.326926958619, 4.74967432022095, 1326579, 6, 91
2021.42010592, 52.9692045001024, 139.326695192965, 4.75331974029541, 1326579, 6, 92
2021.42010593, 52.991260846423, 139.323144571175, 4.68908357620239, 2009603, 6, 73
2021.42010593, 52.9958711210877, 139.32240614883, 4.6228666305542, 1326321, 6, 92
2021.42010593, 52.996979613063, 139.322219691208, 4.63620758056641, 1326321, 6, 93
2021.42010593, 52.9982139282509, 139.322027233451, 4.6375412940979, 1326321, 6, 93
2021.42010593, 52.9994441030168, 139.321826862267, 4.65343952178955, 1326321, 6, 93
2021.42010593, 53.0008293259782, 139.321604627075, 4.61370277404785, 1326321, 6, 87
2021.42010596, 53.0545183190351, 139.312949832263, 4.66501760482788, 13524, 6, 96
2021.42010596, 53.0556505485824, 139.312763575129, 4.70251989364624, 13524, 6, 97
2021.42010596, 53.0568295130238, 139.312574831225, 4.67702674865723, 13524, 6, 98
2021.42010596, 53.0584163890976, 139.312317603566, 4.69316053390503, 13524, 6, 97
2021.42010596, 53.0598710344434, 139.312081684814, 4.69903039932251, 13524, 6, 97
2021.42010596, 53.0613813358912, 139.311828303584, 4.68411731719971, 13524, 6, 96
2021.42010596, 53.0627415319983, 139.311614989638, 4.69513940811157, 13524, 6, 95
2021.42010596, 53.0641068607073, 139.311399787309, 4.68136072158813, 13524, 6, 96
2021.42010596, 53.0659398829147, 139.311099293612, 4.72433185577393, 13524, 6, 93
