2021.58285513, 50.0197904744232, 136.657881211961, 20.3049468994141, 2009598, 1, 92
2021.5828552, 49.8825378297388, 136.637216343422, 21.445650100708, 2009603, 1, 76
2021.5828552, 49.8813280711888, 136.637033313533, 21.4776134490967, 2009603, 1, 93
2021.5828552, 49.8796266311479, 136.636782564557, 21.4305267333984, 2009603, 1, 84
2021.5828552, 49.8781366394364, 136.63655573085, 21.464204788208, 2009603, 1, 91
2021.58285521, 49.8683769539186, 136.635090676452, 21.4822311401367, 1339259, 1, 59
2021.58285521, 49.8641341321061, 136.634450895532, 21.4842548370361, 1339259, 1, 53
2021.58285537, 49.5482155687827, 136.587133479027, 24.1362457275391, 2009603, 1, 68
2021.58285537, 49.5454617921021, 136.586723818216, 24.1525688171387, 2009603, 1, 94
2021.58285561, 49.0654243624542, 136.515483321767, 27.2923469543457, 2009603, 1, 70
2021.58285561, 49.0653157395316, 136.515467758806, 27.3055019378662, 2009603, 1, 70
2021.58285561, 49.0652071288183, 136.515452100728, 27.295223236084, 2009603, 1, 82
2021.58285561, 49.0650921510266, 136.515435394281, 27.2629776000977, 2009603, 1, 82
2021.58285561, 49.0649452964994, 136.515413850103, 27.3284130096436, 2009603, 1, 85
2021.58285561, 49.0645244502773, 136.515350754011, 27.3247718811035, 2009603, 1, 86
2021.58285561, 49.0640540609831, 136.51527764989, 27.3126106262207, 2009603, 1, 86
2021.58285561, 49.063647542433, 136.515214350355, 27.3173236846924, 2009603, 1, 87
2021.58285561, 49.0632598917416, 136.515154995541, 27.3220481872559, 2009603, 1, 87
2021.58285561, 49.0627952253862, 136.515086173892, 27.3168640136719, 2009603, 1, 88
2021.58285561, 49.0621780940414, 136.514996195758, 27.2999095916748, 2009603, 1, 89
2021.58285561, 49.0614733971133, 136.51489256404, 27.2928676605225, 2009603, 1, 97
2021.58285561, 49.0607747901309, 136.514789135455, 27.3085670471191, 2009603, 1, 95
2021.58285561, 49.06018897612, 136.51470271397, 27.3049087524414, 2009603, 1, 91
2021.58285561, 49.0595065365195, 136.514601490746, 27.3006629943848, 2009603, 1, 89
2021.58285561, 49.0590471347716, 136.514532694319, 27.3038425445557, 2009603, 1, 85
2021.58285561, 49.0585567227273, 136.51445961299, 27.2947311401367, 2009603, 1, 81
2021.58285561, 49.0578268778199, 136.514352601187, 27.3303775787354, 2009603, 1, 76
2021.58285561, 49.0571355353153, 136.514251823096, 27.3187923431396, 2009603, 1, 77
2021.58285561, 49.0567145805031, 136.514189543172, 27.2805442810059, 2009603, 1, 78
2021.58285629, 47.6887402577894, 136.315281041652, 195.748138427734, 2006568, 1, 86
2021.58285629, 47.6880211138624, 136.315176655077, 195.571807861328, 2006568, 1, 92
2021.58285629, 47.6875439494243, 136.315107700068, 195.424682617188, 2006568, 1, 89
2021.58285679, 46.6810379134625, 136.172406621563, 227.828399658203, 2009603, 1, 71
2021.58285514, 50.0201204679963, 136.656746406927, 20.2941551208496, 2009598, 2, 57
2021.58285514, 50.019656705136, 136.65667719922, 20.3075275421143, 2009598, 2, 66
2021.58285521, 49.8828840472689, 136.636069629874, 21.4420680999756, 2009603, 2, 59
2021.58285521, 49.8824188999837, 136.636001014085, 21.4641952514648, 2009603, 2, 80
2021.58285521, 49.8821065613188, 136.635955197956, 21.4875659942627, 2009603, 2, 90
2021.58285521, 49.8818644548056, 136.635919598206, 21.4367809295654, 2009603, 2, 92
2021.58285521, 49.881520854593, 136.635868462345, 21.4393405914307, 2009603, 2, 95
2021.58285521, 49.8810890039176, 136.635803257662, 21.4407768249512, 2009603, 2, 94
2021.58285521, 49.8806894541276, 136.635742637838, 21.4554672241211, 2009603, 2, 94
2021.58285521, 49.8803028344969, 136.635684130212, 21.460298538208, 2009603, 2, 93
2021.58285521, 49.8797766407432, 136.635604966952, 21.4187088012695, 2009603, 2, 93
2021.58285521, 49.8792370598684, 136.635523506855, 21.4794425964355, 2009603, 2, 92
2021.58285521, 49.8788301059175, 136.635461529998, 21.4676265716553, 2009603, 2, 92
2021.58285521, 49.8783393660055, 136.635386603688, 21.4581985473633, 2009603, 2, 84
2021.58285562, 49.0659988728218, 136.514381287044, 27.2399845123291, 2009603, 2, 72
2021.58285562, 49.0659732876109, 136.514377582952, 27.256763458252, 2009603, 2, 72
2021.58285562, 49.0659412992304, 136.514372970444, 27.2372570037842, 2009603, 2, 72
2021.58285562, 49.0659156983268, 136.514369256174, 27.2388591766357, 2009603, 2, 72
2021.58285562, 49.0658836923886, 136.514364656568, 27.2175312042236, 2009603, 2, 72
2021.58285562, 49.0658580747467, 136.514360939968, 27.2476596832275, 2009603, 2, 72
2021.58285562, 49.0658324587726, 136.514357263795, 27.2270240783691, 2009603, 2, 72
2021.58285562, 49.0658004331965, 136.514352677359, 27.2303218841553, 2009603, 2, 72
2021.58285562, 49.0657748019883, 136.514348978088, 27.228141784668, 2009603, 2, 72
2021.58285562, 49.0657427643412, 136.514344395288, 27.2783603668213, 2009603, 2, 84
2021.58285562, 49.0657171303349, 136.514340722102, 27.259952545166, 2009603, 2, 84
2021.58285562, 49.0656914911384, 136.514337049018, 27.2637214660645, 2009603, 2, 84
2021.58285562, 49.0656658456966, 136.514333359768, 27.2672786712646, 2009603, 2, 84
2021.58285562, 49.0656402035065, 136.514329693826, 27.2444915771484, 2009603, 2, 84
2021.58285562, 49.0656145579418, 136.514326026155, 27.2540016174316, 2009603, 2, 84
2021.58285562, 49.06558250289, 136.514321461083, 27.2624969482422, 2009603, 2, 84
2021.58285562, 49.0655568492201, 136.514317768154, 27.261869430542, 2009603, 2, 84
2021.58285562, 49.0655312014241, 136.514314106692, 27.2747974395752, 2009603, 2, 84
2021.58285562, 49.065499147933, 136.514309547645, 27.2630462646484, 2009603, 2, 86
2021.58285562, 49.0654734952999, 136.514305861607, 27.2687454223633, 2009603, 2, 86
2021.58285562, 49.0654414355487, 136.514301277738, 27.2601699829102, 2009603, 2, 86
2021.58285562, 49.0654093855934, 136.51429672723, 27.2661609649658, 2009603, 2, 86
2021.58285562, 49.0653773317029, 136.514292147912, 27.2948150634766, 2009603, 2, 86
2021.58285562, 49.0653452825262, 136.514287573742, 27.2713050842285, 2009603, 2, 86
2021.58285562, 49.0653132339018, 136.514282980754, 27.2922077178955, 2009603, 2, 86
2021.58285562, 49.0652811966282, 136.51427840425, 27.2891101837158, 2009603, 2, 86
2021.58285562, 49.0652427456996, 136.51427286063, 27.3222618103027, 2009603, 2, 86
2021.58285562, 49.0651915099745, 136.514265550624, 27.3349781036377, 2009603, 2, 86
2021.58285562, 49.0651402821803, 136.514258177382, 27.3128414154053, 2009603, 2, 86
2021.58285562, 49.0650826817169, 136.514249905482, 27.3395309448242, 2009603, 2, 86
2021.58285562, 49.065018715368, 136.514240684697, 27.3081836700439, 2009603, 2, 86
2021.58285562, 49.0649483877831, 136.51423048338, 27.33909034729, 2009603, 2, 86
2021.58285562, 49.0648653563894, 136.514218465544, 27.3311405181885, 2009603, 2, 86
2021.58285562, 49.0647632572541, 136.514203584807, 27.3331546783447, 2009603, 2, 86
2021.58285562, 49.0646552262573, 136.514187583513, 27.3389739990234, 2009603, 2, 85
2021.58285562, 49.0645219427219, 136.514167764752, 27.3308429718018, 2009603, 2, 85
2021.58285562, 49.0643761278226, 136.514145945625, 27.3483066558838, 2009603, 2, 86
2021.58285562, 49.0642494297262, 136.514126868437, 27.3553886413574, 2009603, 2, 87
2021.58285562, 49.0641164721162, 136.514106803972, 27.3275871276855, 2009603, 2, 87
2021.58285562, 49.064015185588, 136.514091445148, 27.3226261138916, 2009603, 2, 87
2021.58285562, 49.0638822514817, 136.514071266001, 27.3163452148438, 2009603, 2, 86
2021.58285562, 49.0637746137565, 136.514054891592, 27.3405265808105, 2009603, 2, 86
2021.58285562, 49.0636606037981, 136.514037566639, 27.3120613098145, 2009603, 2, 87
2021.58285562, 49.0635593363088, 136.514022190646, 27.3320789337158, 2009603, 2, 87
2021.58285562, 49.0634386379894, 136.514003846718, 27.3175086975098, 2009603, 2, 84
2021.58285562, 49.0633178645867, 136.513985516218, 27.3069000244141, 2009603, 2, 86
2021.58285562, 49.0631906628997, 136.513966288134, 27.3095531463623, 2009603, 2, 86
2021.58285562, 49.0630379402468, 136.513943313414, 27.3223609924316, 2009603, 2, 86
2021.58285562, 49.0629169812699, 136.513925206521, 27.3314762115479, 2009603, 2, 88
2021.58285562, 49.0627896209076, 136.513906255095, 27.3327808380127, 2009603, 2, 88
2021.58285562, 49.0626431410984, 136.513884643772, 27.3091583251953, 2009603, 2, 87
2021.58285562, 49.062471160214, 136.513859388401, 27.3380680084229, 2009603, 2, 90
2021.58285562, 49.0623118287406, 136.513836006907, 27.3438606262207, 2009603, 2, 90
2021.58285562, 49.0621401017192, 136.513811475491, 27.3333759307861, 2009603, 2, 94
2021.58285562, 49.06198747849, 136.513789743407, 27.3179302215576, 2009603, 2, 95
2021.58285562, 49.0618348618865, 136.513767992236, 27.3198375701904, 2009603, 2, 95
2021.58285562, 49.0616695307039, 136.513744389656, 27.3612422943115, 2009603, 2, 97
2021.58285562, 49.0614787433879, 136.513716953645, 27.3114147186279, 2009603, 2, 97
2021.58285562, 49.0613006438461, 136.51369110506, 27.3303680419922, 2009603, 2, 97
2021.58285562, 49.0611415896218, 136.51366778152, 27.3129253387451, 2009603, 2, 96
2021.58285562, 49.0610207688651, 136.513650092847, 27.3039512634277, 2009603, 2, 96
2021.58285562, 49.0608869677719, 136.513629814356, 27.3283214569092, 2009603, 2, 93
2021.58285562, 49.0607340399171, 136.513606461495, 27.321704864502, 2009603, 2, 90
2021.58285562, 49.0606066005507, 136.513586887468, 27.2995147705078, 2009603, 2, 90
2021.58285562, 49.0604664482514, 136.513565340462, 27.3106727600098, 2009603, 2, 88
2021.58285562, 49.0603454336132, 136.513546705614, 27.3023376464844, 2009603, 2, 88
2021.58285562, 49.0601989947712, 136.513524214463, 27.3133068084717, 2009603, 2, 83
2021.58285562, 49.0600208012683, 136.513496909629, 27.3384876251221, 2009603, 2, 84
2021.58285562, 49.0598363619168, 136.513468879642, 27.3088989257812, 2009603, 2, 84
2021.58285562, 49.0596711055011, 136.513444003355, 27.3217945098877, 2009603, 2, 82
2021.58285562, 49.0595061244905, 136.513419657683, 27.3003425598145, 2009603, 2, 82
2021.58285562, 49.0593284838305, 136.513393685261, 27.3215885162354, 2009603, 2, 83
2021.58285562, 49.0591381425899, 136.513366115658, 27.3116302490234, 2009603, 2, 83
2021.58285562, 49.0589604140278, 136.513340507182, 27.3391895294189, 2009603, 2, 83
2021.58285562, 49.0587635102366, 136.513312258867, 27.3075466156006, 2009603, 2, 83
2021.58285562, 49.0585918652988, 136.513287678921, 27.3336887359619, 2009603, 2, 82
2021.58285562, 49.0583818427882, 136.513257602253, 27.3237571716309, 2009603, 2, 84
2021.58285562, 49.0581968975218, 136.513230958785, 27.3182106018066, 2009603, 2, 81
2021.58285562, 49.0580373629346, 136.513207907768, 27.3378372192383, 2009603, 2, 81
2021.58285562, 49.057820299981, 136.513176365342, 27.3380489349365, 2009603, 2, 83
2021.58285562, 49.0576478963176, 136.513151150003, 27.2917976379395, 2009603, 2, 80
2021.58285562, 49.0574882896464, 136.513127710003, 27.3020324707031, 2009603, 2, 77
2021.58285562, 49.05732871848, 136.513104095182, 27.3166675567627, 2009603, 2, 77
2021.58285562, 49.0571691912673, 136.513080427835, 27.3327331542969, 2009603, 2, 76
2021.58285562, 49.0570098972595, 136.513056504293, 27.344087600708, 2009603, 2, 76
2021.58285562, 49.0568737540691, 136.513036012679, 27.2505645751953, 2009603, 2, 78
2021.5828563, 47.6881866314613, 136.314064430672, 196.234024047852, 2006568, 2, 90
2021.5828563, 47.6880279754756, 136.314041829142, 195.450942993164, 2006568, 2, 90
2021.5828563, 47.6878503473546, 136.314016637037, 195.421630859375, 2006568, 2, 92
2021.5828563, 47.6876854570455, 136.313993472626, 195.406997680664, 2006568, 2, 92
2021.5828563, 47.6875015297086, 136.313967975058, 195.390716552734, 2006568, 2, 92
2021.5828563, 47.6873492668436, 136.313947380092, 195.417663574219, 2006568, 2, 88
2021.5828568, 46.6825350270159, 136.171502333942, 228.390640258789, 2009603, 2, 53
2021.5828568, 46.6822489273642, 136.171461945377, 227.873641967773, 2009603, 2, 80
2021.5828568, 46.6821980526818, 136.17145485022, 227.836227416992, 2009603, 2, 80
2021.5828568, 46.68216624938, 136.171450395564, 227.785522460938, 2009603, 2, 80
2021.5828568, 46.6821280912291, 136.171445116967, 227.838912963867, 2009603, 2, 80
2021.5828568, 46.6820962747804, 136.171440655176, 227.802780151367, 2009603, 2, 80
2021.5828568, 46.6820517485423, 136.171434519143, 227.832717895508, 2009603, 2, 80
2021.5828568, 46.6820072073684, 136.171428351002, 227.864639282227, 2009603, 2, 80
2021.58285681, 46.6817398932108, 136.171391668745, 227.819702148438, 2009603, 2, 57
2021.58285681, 46.6817080302824, 136.171387375721, 227.857635498047, 2009603, 2, 57
2021.58285681, 46.681676160626, 136.171383062331, 227.816101074219, 2009603, 2, 57
2021.58285681, 46.6816442921363, 136.171378772032, 227.801727294922, 2009603, 2, 57
2021.58285681, 46.6816124290639, 136.171374519299, 227.816864013672, 2009603, 2, 57
2021.58285681, 46.6815869274119, 136.171371073033, 227.811935424805, 2009603, 2, 57
2021.58285681, 46.6815550554823, 136.17136679798, 227.813400268555, 2009603, 2, 57
2021.58285681, 46.6815231860479, 136.171362530562, 227.801315307617, 2009603, 2, 57
2021.58285514, 49.9959440531051, 136.609201535272, 20.3160953521729, 2009598, 3, 68
2021.58285549, 49.3037208001941, 136.50630491061, 27.3858814239502, 2009603, 3, 91
2021.58285549, 49.3033078480051, 136.506241914436, 27.3331909179688, 2009603, 3, 78
2021.58285556, 49.1612471810697, 136.48531599389, 27.1126861572266, 2009603, 3, 54
2021.58285556, 49.1611392077739, 136.485300196158, 27.0683555603027, 2009603, 3, 54
2021.58285556, 49.1610185466709, 136.485282531761, 27.0665893554688, 2009603, 3, 54
2021.58285556, 49.160891527447, 136.485263912033, 27.0685482025146, 2009603, 3, 71
2021.58285556, 49.160758148009, 136.485244314637, 27.0968990325928, 2009603, 3, 71
2021.58285556, 49.1605612571038, 136.485215372327, 27.0931777954102, 2009603, 3, 71
2021.58285556, 49.1603514069864, 136.485183902196, 27.0930728912354, 2009603, 3, 62
2021.58285556, 49.1601160649073, 136.485148520229, 27.1149272918701, 2009603, 3, 62
2021.58285557, 49.131665828991, 136.480962243523, 27.2239398956299, 2009603, 3, 75
2021.58285557, 49.1315641272448, 136.480946930926, 27.2703475952148, 2009603, 3, 75
2021.58285557, 49.1314878516977, 136.480935508741, 27.3378963470459, 2009603, 3, 91
2021.58285557, 49.1314433585743, 136.480928872574, 27.3092441558838, 2009603, 3, 91
2021.58285557, 49.1313988613671, 136.480922256029, 27.2984390258789, 2009603, 3, 91
2021.58285557, 49.1313543645288, 136.480915659772, 27.2967872619629, 2009603, 3, 91
2021.58285557, 49.1313098332122, 136.480908882716, 27.2940082550049, 2009603, 3, 91
2021.58285557, 49.1312653567544, 136.480902451399, 27.2955417633057, 2009603, 3, 91
2021.58285557, 49.1312208820429, 136.480896039878, 27.3074817657471, 2009603, 3, 95
2021.58285557, 49.1311764006033, 136.480889646135, 27.288911819458, 2009603, 3, 95
2021.58285557, 49.131131918076, 136.480883268959, 27.2951316833496, 2009603, 3, 95
2021.58285557, 49.1310810802284, 136.48087599925, 27.2869911193848, 2009603, 3, 95
2021.58285557, 49.131036591769, 136.480869652672, 27.2943153381348, 2009603, 3, 95
2021.58285557, 49.1309857477954, 136.480862413934, 27.1934833526611, 2009603, 3, 96
2021.58285557, 49.1309348962843, 136.480855188162, 27.183614730835, 2009603, 3, 96
2021.58285557, 49.1308776826567, 136.48084707152, 27.178882598877, 2009603, 3, 96
2021.58285557, 49.1308077477562, 136.480837164024, 27.1628398895264, 2009603, 3, 96
2021.58285557, 49.1307378002407, 136.480827264371, 27.1774387359619, 2009603, 3, 92
2021.58285557, 49.1306614760173, 136.480816466215, 27.1604022979736, 2009603, 3, 92
2021.58285558, 49.1305660494818, 136.480802958997, 27.1047801971436, 2009603, 3, 92
2021.58285558, 49.1304642308153, 136.48078852242, 27.0996627807617, 2009603, 3, 94
2021.58285558, 49.1303623784554, 136.480774039939, 27.1065826416016, 2009603, 3, 94
2021.58285558, 49.1302541231685, 136.480758583669, 27.1042575836182, 2009603, 3, 94
2021.58285558, 49.1301458272673, 136.480743041856, 27.1808643341064, 2009603, 3, 96
2021.58285558, 49.1300183928915, 136.480724731922, 27.1513214111328, 2009603, 3, 96
2021.58285558, 49.1298717024506, 136.480703095431, 27.1868114471436, 2009603, 3, 97
2021.58285558, 49.129673897299, 136.480673655262, 27.2153854370117, 2009603, 3, 96
2021.58285558, 49.1294377344996, 136.480638185926, 27.216495513916, 2009603, 3, 97
2021.58285558, 49.1292079328323, 136.480603459671, 27.2162952423096, 2009603, 3, 96
2021.58285558, 49.1288888801051, 136.480555152486, 27.1996459960938, 2009603, 3, 96
2021.58285558, 49.1286147064036, 136.480513816382, 27.1887245178223, 2009603, 3, 95
2021.58285558, 49.1282898850335, 136.48046533748, 27.2163944244385, 2009603, 3, 64
2021.58285558, 49.1233568742829, 136.479743129839, 27.2577323913574, 2009603, 3, 90
2021.58285558, 49.1227613099933, 136.47965135062, 27.2562808990479, 2009603, 3, 96
2021.58285558, 49.1214782299724, 136.479460437017, 27.2917251586914, 2009603, 3, 71
2021.58285558, 49.1212677945985, 136.479430419694, 27.2767963409424, 2009603, 3, 71
2021.58285558, 49.1211210234279, 136.479409583451, 27.21315574646, 2009603, 3, 77
2021.58285562, 49.0443554229484, 136.468156568255, 27.5945835113525, 2009603, 3, 62
2021.58285563, 49.027172232263, 136.465630392062, 27.6554126739502, 2009603, 3, 75
2021.58285629, 47.6961722452874, 136.273332835784, 188.67887878418, 2006568, 3, 86
2021.58285629, 47.6959045025906, 136.273294599372, 188.703628540039, 2006568, 3, 86
2021.58285629, 47.6954145847336, 136.27322567952, 188.665832519531, 2006568, 3, 88
2021.58285629, 47.6952242041, 136.273199491782, 188.630020141602, 2006568, 3, 63
2021.58285635, 47.5689799833938, 136.255243259831, 196.899002075195, 2006568, 3, 59
2021.58285635, 47.5687953166898, 136.255216983201, 196.991134643555, 2006568, 3, 59
2021.58285679, 46.6912396839485, 136.131661221755, 222.881622314453, 2009603, 3, 55
2021.58285679, 46.6911379820681, 136.131647022306, 222.886764526367, 2009603, 3, 55
2021.58285679, 46.6910299124519, 136.131632220543, 222.862533569336, 2009603, 3, 55
2021.58285679, 46.6909410080516, 136.13161924343, 222.952438354492, 2009603, 3, 65
2021.58285679, 46.6908775126482, 136.131609943116, 223.022323608398, 2009603, 3, 65
2021.58285679, 46.690807663788, 136.131599694275, 222.905242919922, 2009603, 3, 65
2021.58285679, 46.6906425627885, 136.131575452889, 222.765121459961, 2009603, 3, 79
2021.58285515, 49.9956066625095, 136.607972367044, 20.3078842163086, 2009598, 4, 64
2021.58285515, 49.9955684863541, 136.607966525928, 20.2667293548584, 2009598, 4, 64
2021.58285515, 49.9955366661066, 136.607961652182, 20.2457809448242, 2009598, 4, 64
2021.58285515, 49.9955113497332, 136.607957817631, 20.2510662078857, 2009598, 4, 64
2021.58285516, 49.9773619222604, 136.60522122422, 20.3787174224854, 1338759, 4, 58
2021.58285521, 49.8817650737285, 136.59093806876, 21.4574298858643, 2009603, 4, 71
2021.58285521, 49.878488553062, 136.590448006245, 21.4328022003174, 2009603, 4, 57
2021.58285536, 49.5779000887494, 136.545697712121, 23.8312511444092, 2009603, 4, 57
2021.58285536, 49.5770418061809, 136.545569526126, 23.8102626800537, 2009603, 4, 90
2021.5828555, 49.3035967211594, 136.505121224285, 27.3879070281982, 2009603, 4, 91
2021.5828555, 49.3034948793928, 136.505106262057, 27.4344615936279, 2009603, 4, 90
2021.5828555, 49.3034248193275, 136.505095972521, 27.3828735351562, 2009603, 4, 90
2021.5828555, 49.3033738347251, 136.505088484795, 27.3801517486572, 2009603, 4, 90
2021.5828555, 49.3033229627993, 136.505081031276, 27.3931713104248, 2009603, 4, 90
2021.5828555, 49.3032718540115, 136.505073515619, 27.38623046875, 2009603, 4, 90
2021.58285557, 49.1612455593624, 136.484155228406, 27.0801334381104, 2009603, 4, 65
2021.58285557, 49.1612013134107, 136.484148542105, 27.1032962799072, 2009603, 4, 65
2021.58285557, 49.1611507365834, 136.484140887192, 27.0952587127686, 2009603, 4, 65
2021.58285557, 49.1610938152919, 136.484132256691, 27.0816860198975, 2009603, 4, 65
2021.58285557, 49.1610305399821, 136.484122644379, 27.0865345001221, 2009603, 4, 65
2021.58285557, 49.160954566348, 136.48411107856, 27.1149406433105, 2009603, 4, 78
2021.58285557, 49.1608531920355, 136.484095609099, 27.1124572753906, 2009603, 4, 78
2021.58285557, 49.1607454613105, 136.484079203341, 27.12380027771, 2009603, 4, 76
2021.58285557, 49.1606436718677, 136.484063393496, 27.0967979431152, 2009603, 4, 76
2021.58285557, 49.1605354299627, 136.484046579805, 27.1118068695068, 2009603, 4, 76
2021.58285557, 49.1544796635499, 136.483160420934, 27.0526008605957, 2009603, 4, 53
2021.58285557, 49.1544540966647, 136.483156728803, 27.0669288635254, 2009603, 4, 53
2021.58285557, 49.1544287193829, 136.483153210146, 27.0607261657715, 2009603, 4, 53
2021.58285557, 49.1544030847304, 136.483149455405, 27.0687103271484, 2009603, 4, 53
2021.58285557, 49.1543710431828, 136.483144757444, 27.0567035675049, 2009603, 4, 53
2021.58285557, 49.1543454069184, 136.483140994172, 27.0608234405518, 2009603, 4, 53
2021.58285557, 49.1543197614519, 136.483137225542, 27.0786037445068, 2009603, 4, 53
2021.58285557, 49.1542941179257, 136.483133454017, 27.0717430114746, 2009603, 4, 53
2021.58285557, 49.1542620628012, 136.483128734732, 27.0771160125732, 2009603, 4, 53
2021.58285557, 49.1542364144299, 136.483124954821, 27.0691795349121, 2009603, 4, 64
2021.58285557, 49.1542107643698, 136.4831211712, 27.0774993896484, 2009603, 4, 64
2021.58285557, 49.1541851141617, 136.483117384587, 27.0850944519043, 2009603, 4, 64
2021.58285557, 49.1541594646431, 136.483113595179, 27.0622272491455, 2009603, 4, 64
2021.58285557, 49.1541338147655, 136.483109802642, 27.06520652771, 2009603, 4, 64
2021.58285557, 49.1541081645231, 136.483106007428, 27.077241897583, 2009603, 4, 64
2021.58285557, 49.1540825132472, 136.4831022092, 27.0806045532227, 2009603, 4, 64
2021.58285557, 49.1540568665764, 136.483098409595, 27.0475673675537, 2009603, 4, 64
2021.58285557, 49.1540312199303, 136.483094607535, 27.0602645874023, 2009603, 4, 64
2021.58285557, 49.153999169969, 136.483089853669, 27.0438003540039, 2009603, 4, 68
2021.58285557, 49.1539735234889, 136.48308604652, 27.0432720184326, 2009603, 4, 68
2021.58285557, 49.1539414833292, 136.483081288872, 27.0356636047363, 2009603, 4, 68
2021.58285557, 49.1539158483118, 136.483077479769, 27.045581817627, 2009603, 4, 68
2021.58285557, 49.1538838152791, 136.483072718631, 27.0397415161133, 2009603, 4, 68
2021.58285557, 49.153858191769, 136.483068908452, 27.0440616607666, 2009603, 4, 68
2021.58285557, 49.1538325672733, 136.483065096588, 27.0443820953369, 2009603, 4, 68
2021.58285557, 49.153800554814, 136.483060334148, 27.0437984466553, 2009603, 4, 68
2021.58285557, 49.1537749411079, 136.483056521888, 27.0496788024902, 2009603, 4, 68
2021.58285557, 49.1537493386258, 136.483052711211, 27.0563697814941, 2009603, 4, 61
2021.58285557, 49.1537173479864, 136.483047949391, 27.0659885406494, 2009603, 4, 61
2021.58285557, 49.1536917584274, 136.483044139607, 27.0426845550537, 2009603, 4, 61
2021.58285557, 49.1536661747737, 136.483040330725, 27.0648307800293, 2009603, 4, 61
2021.58285557, 49.1536342102082, 136.483035572371, 27.0541973114014, 2009603, 4, 61
2021.58285557, 49.1536086398395, 136.483031765615, 27.0624389648438, 2009603, 4, 61
2021.58285557, 49.1535766956245, 136.483027011317, 27.0478343963623, 2009603, 4, 61
2021.58285557, 49.1535511401955, 136.483023207755, 27.0505695343018, 2009603, 4, 61
2021.58285557, 49.1535255988984, 136.483019407608, 27.0580310821533, 2009603, 4, 61
2021.58285557, 49.1535000642117, 136.483015609122, 27.0348205566406, 2009603, 4, 61
2021.58285557, 49.1533661488274, 136.482995708876, 27.0433712005615, 2009603, 4, 85
2021.58285557, 49.1533406657763, 136.482991926673, 27.0467166900635, 2009603, 4, 85
2021.58285557, 49.1533151929909, 136.482988147969, 27.0349636077881, 2009603, 4, 85
2021.58285557, 49.1532960910159, 136.482985315315, 27.0415458679199, 2009603, 4, 85
2021.58285557, 49.1532706350818, 136.48298154247, 27.0402374267578, 2009603, 4, 85
2021.58285557, 49.1532451876154, 136.48297777325, 27.0716876983643, 2009603, 4, 85
2021.58285557, 49.1532197470811, 136.482974007129, 27.0742282867432, 2009603, 4, 85
2021.58285557, 49.1531943159133, 136.482970244797, 27.0785522460938, 2009603, 4, 85
2021.58285557, 49.1531688934047, 136.482966486164, 27.0795822143555, 2009603, 4, 85
2021.58285557, 49.153143177987, 136.482962639517, 27.0705833435059, 2009603, 4, 85
2021.58285557, 49.1531178706308, 136.482958918298, 27.080717086792, 2009603, 4, 85
2021.58285557, 49.153092576608, 136.482955202151, 27.0664806365967, 2009603, 4, 85
2021.58285557, 49.1530672869585, 136.48295148899, 27.0757923126221, 2009603, 4, 85
2021.58285557, 49.1530420075909, 136.482947780021, 27.0837059020996, 2009603, 4, 85
2021.58285557, 49.1530167326344, 136.482944074421, 27.0739059448242, 2009603, 4, 85
2021.58285557, 49.1529914607707, 136.482940371647, 27.0663757324219, 2009603, 4, 83
2021.58285557, 49.1529661968228, 136.482936672903, 27.066593170166, 2009603, 4, 83
2021.58285557, 49.1529409430846, 136.48293297878, 27.0692939758301, 2009603, 4, 83
2021.58285557, 49.1529156924098, 136.482929287512, 27.060152053833, 2009603, 4, 83
2021.58285557, 49.1528841419446, 136.482924679776, 27.0573310852051, 2009603, 4, 83
2021.58285557, 49.152858900842, 136.482920995974, 27.0680980682373, 2009603, 4, 83
2021.58285557, 49.1528336680619, 136.48291731619, 27.073392868042, 2009603, 4, 83
2021.58285557, 49.1528084345017, 136.482913638885, 27.0699272155762, 2009603, 4, 83
2021.58285557, 49.1527832059272, 136.482909964923, 27.0697689056396, 2009603, 4, 83
2021.58285557, 49.1527579800289, 136.482906294027, 27.0716648101807, 2009603, 4, 83
2021.58285557, 49.1527327498494, 136.482902624444, 27.0598297119141, 2009603, 4, 85
2021.58285557, 49.1527012271738, 136.482898044273, 27.0715560913086, 2009603, 4, 85
2021.58285557, 49.1526760017317, 136.482894381178, 27.0596237182617, 2009603, 4, 85
2021.58285557, 49.1526444807358, 136.482889807961, 27.068151473999, 2009603, 4, 85
2021.58285557, 49.1526192571216, 136.482886150244, 27.0627021789551, 2009603, 4, 85
2021.58285557, 49.1525877356188, 136.482881583457, 27.0805931091309, 2009603, 4, 85
2021.58285557, 49.1525625138656, 136.482877931391, 27.0711765289307, 2009603, 4, 85
2021.58285557, 49.1525372885435, 136.48287428079, 27.0751190185547, 2009603, 4, 85
2021.58285557, 49.1525120607756, 136.4828706318, 27.0765933990479, 2009603, 4, 85
2021.58285557, 49.1524805311543, 136.482866074733, 27.0719966888428, 2009603, 4, 89
2021.58285557, 49.1524552967033, 136.482862429035, 27.0362663269043, 2009603, 4, 89
2021.58285557, 49.1524300671088, 136.482858786207, 27.0338840484619, 2009603, 4, 89
2021.58285558, 49.1524048283675, 136.482855143468, 27.0354251861572, 2009603, 4, 89
2021.58285558, 49.1523795866661, 136.482851501979, 27.0308647155762, 2009603, 4, 89
2021.58285558, 49.152354342648, 136.482847861747, 27.0413494110107, 2009603, 4, 89
2021.58285558, 49.1523290914085, 136.482844221803, 27.0339603424072, 2009603, 4, 89
2021.58285558, 49.1522975254936, 136.482839673714, 27.0427379608154, 2009603, 4, 89
2021.58285558, 49.1522722636858, 136.482836035041, 27.0427684783936, 2009603, 4, 89
2021.58285558, 49.1522469953584, 136.482832396419, 27.026195526123, 2009603, 4, 89
2021.58285558, 49.1522217222605, 136.482828758098, 27.0419521331787, 2009603, 4, 89
2021.58285558, 49.1521964402326, 136.482825119002, 27.0912322998047, 2009603, 4, 89
2021.58285558, 49.1521711579013, 136.482821481385, 27.0810527801514, 2009603, 4, 89
2021.58285558, 49.1521458636896, 136.482817842203, 27.083475112915, 2009603, 4, 89
2021.58285558, 49.1521205602885, 136.482814201925, 27.0802345275879, 2009603, 4, 89
2021.58285558, 49.1520952517537, 136.482810561602, 27.0809555053711, 2009603, 4, 89
2021.58285558, 49.1520636076744, 136.482806010581, 27.0743522644043, 2009603, 4, 89
2021.58285558, 49.1520382793486, 136.48280236763, 27.077507019043, 2009603, 4, 89
2021.58285558, 49.1520129436549, 136.482798723688, 27.0915298461914, 2009603, 4, 89
2021.58285558, 49.1519812723773, 136.482794169019, 27.0795860290527, 2009603, 4, 89
2021.58285558, 49.1519559195596, 136.482790522331, 27.084264755249, 2009603, 4, 89
2021.58285558, 49.1519305545552, 136.482786873139, 27.0879745483398, 2009603, 4, 89
2021.58285558, 49.1518992464011, 136.482782278756, 27.0798759460449, 2009603, 4, 89
2021.58285558, 49.1518737613363, 136.482778634789, 27.0801200866699, 2009603, 4, 89
2021.58285558, 49.1518482667617, 136.482774988484, 27.086332321167, 2009603, 4, 89
2021.58285558, 49.1518227576852, 136.482771338598, 27.0672206878662, 2009603, 4, 89
2021.58285558, 49.1517908744492, 136.482766776174, 27.0997638702393, 2009603, 4, 89
2021.58285558, 49.1517653483501, 136.482763120922, 27.0767135620117, 2009603, 4, 89
2021.58285558, 49.1517334416914, 136.482758550635, 27.0772647857666, 2009603, 4, 88
2021.58285558, 49.1517079035564, 136.482754890044, 27.0809593200684, 2009603, 4, 88
2021.58285558, 49.151675970601, 136.482750309762, 27.0778503417969, 2009603, 4, 88
2021.58285558, 49.1516504152543, 136.482746641448, 27.0916843414307, 2009603, 4, 88
2021.58285558, 49.1516184690862, 136.482742052802, 27.0859775543213, 2009603, 4, 88
2021.58285558, 49.1515928997798, 136.482738376341, 27.0956077575684, 2009603, 4, 88
2021.58285558, 49.1515609419285, 136.48273377814, 27.087121963501, 2009603, 4, 88
2021.58285558, 49.1515353606259, 136.482730093099, 27.099588394165, 2009603, 4, 88
2021.58285558, 49.1515033888745, 136.482725483763, 27.0916175842285, 2009603, 4, 88
2021.58285558, 49.1514777971836, 136.482721789406, 27.1072216033936, 2009603, 4, 80
2021.58285558, 49.1514458144511, 136.482717168376, 27.0944271087646, 2009603, 4, 80
2021.58285558, 49.1514202175468, 136.482713464877, 27.0908813476562, 2009603, 4, 80
2021.58285558, 49.1513882262562, 136.482708831546, 27.0940399169922, 2009603, 4, 80
2021.58285558, 49.1513626309016, 136.482705119514, 27.0761013031006, 2009603, 4, 80
2021.58285558, 49.1513370266628, 136.48270140147, 27.0752906799316, 2009603, 4, 80
2021.58285558, 49.1513050291062, 136.48269674969, 27.0751667022705, 2009603, 4, 80
2021.58285558, 49.1512794207728, 136.482693020654, 27.0890808105469, 2009603, 4, 80
2021.58285558, 49.151247425389, 136.482688356524, 27.061616897583, 2009603, 4, 76
2021.58285558, 49.1512218151624, 136.482684616475, 27.09006690979, 2009603, 4, 76
2021.58285558, 49.1511898182345, 136.482679938241, 27.0759143829346, 2009603, 4, 76
2021.58285558, 49.1511642115735, 136.482676187742, 27.0710697174072, 2009603, 4, 76
2021.58285558, 49.1511322195827, 136.482671495938, 27.079948425293, 2009603, 4, 76
2021.58285558, 49.1511066163803, 136.482667734412, 27.0678787231445, 2009603, 4, 76
2021.58285558, 49.1510746265991, 136.482663028282, 27.1099319458008, 2009603, 4, 76
2021.58285558, 49.1510490263505, 136.482659255066, 27.0906658172607, 2009603, 4, 76
2021.58285558, 49.151017046857, 136.482654535768, 27.0999794006348, 2009603, 4, 76
2021.58285558, 49.1509850645869, 136.482649806942, 27.0862998962402, 2009603, 4, 73
2021.58285558, 49.1509594761725, 136.482646016812, 27.1016387939453, 2009603, 4, 73
2021.58285558, 49.1509211205148, 136.482640326993, 27.1049098968506, 2009603, 4, 73
2021.58285558, 49.1508891499676, 136.48263557391, 27.1312866210938, 2009603, 4, 73
2021.58285558, 49.1508508048391, 136.482629862879, 27.1029720306396, 2009603, 4, 73
2021.58285558, 49.1508188576325, 136.482625095353, 27.0898761749268, 2009603, 4, 73
2021.58285558, 49.1507933009132, 136.482621274953, 27.0960502624512, 2009603, 4, 73
2021.58285558, 49.150761366771, 136.482616494242, 27.0701694488525, 2009603, 4, 73
2021.58285558, 49.1499865876165, 136.482497754976, 27.0823955535889, 2009603, 4, 85
2021.58285558, 49.1499612500511, 136.482493851772, 27.0660953521729, 2009603, 4, 85
2021.58285558, 49.1499295873231, 136.482488979466, 27.0832290649414, 2009603, 4, 85
2021.58285558, 49.1499042498342, 136.482485083829, 27.0867977142334, 2009603, 4, 85
2021.58285558, 49.1498789102059, 136.482481191515, 27.0688438415527, 2009603, 4, 85
2021.58285558, 49.1498472440782, 136.48247633372, 27.0884628295898, 2009603, 4, 85
2021.58285558, 49.1498218974019, 136.482472449381, 27.0620002746582, 2009603, 4, 85
2021.58285558, 49.1497902253716, 136.482467603363, 27.0856685638428, 2009603, 4, 85
2021.58285558, 49.1497648806168, 136.482463730495, 27.0713405609131, 2009603, 4, 85
2021.58285558, 49.149739528415, 136.482459861144, 27.0947399139404, 2009603, 4, 85
2021.58285558, 49.1497078416967, 136.482455033117, 27.06760597229, 2009603, 4, 85
2021.58285558, 49.1496824854849, 136.482451175503, 27.0939197540283, 2009603, 4, 85
2021.58285558, 49.1496507921973, 136.482446362406, 27.0838718414307, 2009603, 4, 85
2021.58285558, 49.1496254254102, 136.482442516035, 27.1023731231689, 2009603, 4, 85
2021.58285558, 49.1495937179843, 136.482437717767, 27.0850505828857, 2009603, 4, 85
2021.58285558, 49.1495620048119, 136.482432928492, 27.0976066589355, 2009603, 4, 85
2021.58285558, 49.1495366226193, 136.482429101937, 27.0908374786377, 2009603, 4, 85
2021.58285558, 49.1495049007024, 136.48242433021, 27.1035633087158, 2009603, 4, 85
2021.58285558, 49.1494795075408, 136.482420517279, 27.0827045440674, 2009603, 4, 73
2021.58285558, 49.1494477719589, 136.482415762684, 27.092981338501, 2009603, 4, 73
2021.58285558, 49.1494223690266, 136.482411963764, 27.1019496917725, 2009603, 4, 73
2021.58285558, 49.1493906094657, 136.482407224678, 27.0829067230225, 2009603, 4, 73
2021.58285558, 49.1493588512701, 136.482402497949, 27.0958423614502, 2009603, 4, 73
2021.58285558, 49.149327255599, 136.482397650984, 27.1022205352783, 2009603, 4, 73
2021.58285558, 49.1493017608401, 136.48239392702, 27.1003322601318, 2009603, 4, 73
2021.58285558, 49.1492698983249, 136.482389284429, 27.1020355224609, 2009603, 4, 73
2021.58285558, 49.1346844987607, 136.480249797304, 27.1622676849365, 2009603, 4, 68
2021.58285558, 49.1346459111506, 136.480244031515, 27.104549407959, 2009603, 4, 68
2021.58285558, 49.1346137550846, 136.480239227173, 27.1279220581055, 2009603, 4, 68
2021.58285558, 49.1345880331747, 136.480235384796, 27.102954864502, 2009603, 4, 68
2021.58285558, 49.1345558987362, 136.480230587071, 27.1330146789551, 2009603, 4, 68
2021.58285558, 49.1345301942839, 136.480226750466, 27.1091270446777, 2009603, 4, 68
2021.58285558, 49.1345109178128, 136.480223874041, 27.1275959014893, 2009603, 4, 68
2021.58285558, 49.1344852291194, 136.480220042609, 27.1420478820801, 2009603, 4, 77
2021.58285558, 49.134459546189, 136.480216214039, 27.1741352081299, 2009603, 4, 77
2021.58285558, 49.134440288113, 136.48021334427, 27.1817646026611, 2009603, 4, 77
2021.58285558, 49.1344210350155, 136.480210476548, 27.1873588562012, 2009603, 4, 77
2021.58285558, 49.1344081993857, 136.480208565131, 27.2104740142822, 2009603, 4, 77
2021.58285558, 49.1343889568577, 136.480205701344, 27.2037925720215, 2009603, 4, 77
2021.58285558, 49.1343761494078, 136.480203797655, 26.284553527832, 2009603, 4, 77
2021.58285558, 49.1343633028009, 136.480201884921, 27.1993942260742, 2009603, 4, 77
2021.58285558, 49.1343440714761, 136.480199026007, 27.2181034088135, 2009603, 4, 77
2021.58285558, 49.1343312507686, 136.480197120759, 27.2028789520264, 2009603, 4, 77
2021.58285558, 49.1343184573208, 136.480195222336, 26.2805080413818, 2009603, 4, 77
2021.58285558, 49.1342992376662, 136.480192368681, 26.2845478057861, 2009603, 4, 77
2021.58285558, 49.1342864290466, 136.480190467772, 26.289249420166, 2009603, 4, 77
2021.58285558, 49.1342736190972, 136.480188567235, 26.2821826934814, 2009603, 4, 77
2021.58285558, 49.1342544135635, 136.48018571959, 26.2995910644531, 2009603, 4, 77
2021.58285558, 49.1342351897329, 136.480182868975, 27.1808643341064, 2009603, 4, 82
2021.58285558, 49.1342159945094, 136.480180026314, 27.1649131774902, 2009603, 4, 82
2021.58285558, 49.1341904113631, 136.48017624079, 27.1571483612061, 2009603, 4, 82
2021.58285558, 49.1341648364352, 136.480172459662, 27.1568355560303, 2009603, 4, 82
2021.58285558, 49.1341456600449, 136.480169626615, 27.1686172485352, 2009603, 4, 82
2021.58285558, 49.1341264935965, 136.480166797315, 27.1999931335449, 2009603, 4, 82
2021.58285558, 49.1341073328184, 136.480163971032, 27.1851406097412, 2009603, 4, 82
2021.58285558, 49.1340881787264, 136.48016114769, 27.1889762878418, 2009603, 4, 82
2021.58285558, 49.13406857392, 136.480158130168, 27.1731300354004, 2009603, 4, 82
2021.58285558, 49.1340431846796, 136.480154430454, 27.1346607208252, 2009603, 4, 82
2021.58285558, 49.1340241444665, 136.480151658098, 27.1246643066406, 2009603, 4, 82
2021.58285558, 49.1339987743144, 136.480147967884, 27.1173362731934, 2009603, 4, 84
2021.58285558, 49.1339797479595, 136.480145202418, 27.1313152313232, 2009603, 4, 84
2021.58285558, 49.1339543939717, 136.480141521004, 27.1104202270508, 2009603, 4, 84
2021.58285558, 49.1339290484639, 136.480137844338, 27.1083641052246, 2009603, 4, 84
2021.58285558, 49.1339037136053, 136.480134172898, 27.095064163208, 2009603, 4, 84
2021.58285558, 49.133878386619, 136.480130505974, 27.1070156097412, 2009603, 4, 84
2021.58285558, 49.1338530718033, 136.480126844277, 27.1171817779541, 2009603, 4, 84
2021.58285558, 49.1338277637319, 136.480123186998, 27.1235694885254, 2009603, 4, 84
2021.58285558, 49.1338024617861, 136.480119533654, 27.1283435821533, 2009603, 4, 84
2021.58285558, 49.1337771679139, 136.480115884566, 27.1504936218262, 2009603, 4, 84
2021.58285558, 49.1337581973804, 136.480113149332, 27.1490211486816, 2009603, 4, 84
2021.58285558, 49.1337329175986, 136.480109507777, 27.1379566192627, 2009603, 4, 85
2021.58285558, 49.1337076397009, 136.480105868904, 27.1404724121094, 2009603, 4, 85
2021.58285558, 49.1336886821577, 136.48010314138, 27.1386985778809, 2009603, 4, 85
2021.58285558, 49.1336634129656, 136.480099508325, 27.1381740570068, 2009603, 4, 85
2021.58285558, 49.1336381511875, 136.480095878796, 27.1457195281982, 2009603, 4, 85
2021.58285558, 49.1336128922775, 136.480092252171, 27.1469287872314, 2009603, 4, 85
2021.58285558, 49.1335939465375, 136.480089533056, 27.1471328735352, 2009603, 4, 85
2021.58285558, 49.1335686911254, 136.480085910473, 27.1681156158447, 2009603, 4, 85
2021.58285558, 49.1335434415556, 136.480082291003, 27.1530303955078, 2009603, 4, 85
2021.58285558, 49.1335181923252, 136.480078673148, 27.147029876709, 2009603, 4, 85
2021.58285558, 49.1334929421479, 136.48007505669, 27.1556434631348, 2009603, 4, 90
2021.58285558, 49.1334740027055, 136.480072344867, 27.1599655151367, 2009603, 4, 90
2021.58285558, 49.1334550661555, 136.480069634504, 27.1571311950684, 2009603, 4, 90
2021.58285558, 49.133429823467, 136.480066022991, 27.1821384429932, 2009603, 4, 90
2021.58285558, 49.133417196865, 136.480064216567, 27.1889476776123, 2009603, 4, 90
2021.58285558, 49.1333982588711, 136.480061508016, 27.1728916168213, 2009603, 4, 90
2021.58285558, 49.1333793258123, 136.480058801072, 27.1715106964111, 2009603, 4, 90
2021.58285558, 49.133360387879, 136.480056093615, 27.1795806884766, 2009603, 4, 90
2021.58285558, 49.1333414503096, 136.480053386766, 27.1833934783936, 2009603, 4, 90
2021.58285558, 49.1333225098799, 136.48005067971, 27.1919860839844, 2009603, 4, 90
2021.58285558, 49.1333035681746, 136.480047972788, 27.1948699951172, 2009603, 4, 90
2021.58285558, 49.1332909380793, 136.48004616775, 27.2108097076416, 2009603, 4, 90
2021.58285558, 49.1332719958907, 136.480043461428, 27.2053413391113, 2009603, 4, 90
2021.58285558, 49.13325936349, 136.480041656217, 27.2257480621338, 2009603, 4, 90
2021.58285558, 49.1332467338077, 136.480039851877, 27.2188377380371, 2009603, 4, 94
2021.58285558, 49.133234123861, 136.480038052382, 26.2873573303223, 2009603, 4, 94
2021.58285558, 49.1332214936892, 136.480036247961, 26.2899551391602, 2009603, 4, 94
2021.58285558, 49.1331898859992, 136.480031729903, 27.2487506866455, 2009603, 4, 94
2021.58285558, 49.1331772487329, 136.480029924309, 27.241039276123, 2009603, 4, 94
2021.58285558, 49.1331646115217, 136.48002811859, 27.2344875335693, 2009603, 4, 94
2021.58285558, 49.1331519704817, 136.480026312075, 27.2443008422852, 2009603, 4, 94
2021.58285558, 49.1331330112808, 136.480023602898, 27.2390956878662, 2009603, 4, 94
2021.58285558, 49.1331203696131, 136.48002179625, 27.2242794036865, 2009603, 4, 94
2021.58285558, 49.1331077226383, 136.480019988314, 27.2345714569092, 2009603, 4, 94
2021.58285558, 49.1330951002425, 136.480018186239, 26.3085899353027, 2009603, 4, 94
2021.58285558, 49.1330761103717, 136.480015469464, 27.2269096374512, 2009603, 4, 94
2021.58285558, 49.1330634605582, 136.480013660688, 27.2354221343994, 2009603, 4, 94
2021.58285558, 49.133050831948, 136.48001185701, 26.2932224273682, 2009603, 4, 94
2021.58285558, 49.1330255009485, 136.480008231418, 27.2213039398193, 2009603, 4, 94
2021.58285558, 49.1330065436258, 136.480005521627, 26.2841720581055, 2009603, 4, 94
2021.58285558, 49.1329938848618, 136.480003710131, 26.2893218994141, 2009603, 4, 94
2021.58285558, 49.1329812004423, 136.480001892248, 27.2060375213623, 2009603, 4, 94
2021.58285558, 49.1329622080371, 136.479999173552, 27.2015209197998, 2009603, 4, 94
2021.58285558, 49.1329495428412, 136.479997359949, 27.2009925842285, 2009603, 4, 94
2021.58285558, 49.1329368737693, 136.479995545132, 27.2106246948242, 2009603, 4, 94
2021.58285558, 49.1329178713642, 136.479992822945, 27.2090148925781, 2009603, 4, 94
2021.58285558, 49.1329051974233, 136.479991006519, 27.2113304138184, 2009603, 4, 94
2021.58285558, 49.1328925473443, 136.479989195579, 26.2896175384521, 2009603, 4, 94
2021.58285558, 49.1328735341234, 136.479986469567, 26.2813491821289, 2009603, 4, 94
2021.58285558, 49.1328608304053, 136.479984645127, 27.2235221862793, 2009603, 4, 94
2021.58285558, 49.1328481496955, 136.479982825834, 27.2112731933594, 2009603, 4, 94
2021.58285558, 49.1328354640618, 136.479981005253, 27.2216930389404, 2009603, 4, 94
2021.58285558, 49.1328227785771, 136.479979184315, 27.2199764251709, 2009603, 4, 94
2021.58285558, 49.1328041502327, 136.479976543833, 26.2922039031982, 2009603, 4, 94
2021.58285558, 49.1327913822168, 136.479974702714, 27.2276439666748, 2009603, 4, 94
2021.58285558, 49.1327786366416, 136.479972866815, 27.2182579040527, 2009603, 4, 94
2021.58285558, 49.1327595146714, 136.479970111437, 27.224910736084, 2009603, 4, 94
2021.58285558, 49.1327467627858, 136.479968273117, 27.2223052978516, 2009603, 4, 96
2021.58285558, 49.1327340064748, 136.479966433352, 27.2180252075195, 2009603, 4, 96
2021.58285558, 49.1327148975757, 136.479963678998, 26.2894039154053, 2009603, 4, 96
2021.58285558, 49.132702114884, 136.479961831898, 27.2139949798584, 2009603, 4, 96
2021.58285558, 49.1326893510738, 136.479959988991, 27.2020778656006, 2009603, 4, 96
2021.58285558, 49.1326765887033, 136.479958145813, 27.2146511077881, 2009603, 4, 96
2021.58285558, 49.1326574414331, 136.479955379453, 27.211935043335, 2009603, 4, 96
2021.58285558, 49.1326446711792, 136.479953533341, 27.2138385772705, 2009603, 4, 96
2021.58285558, 49.13263190035, 136.479951686618, 27.2222900390625, 2009603, 4, 96
2021.58285558, 49.1326127440062, 136.479948915602, 27.227855682373, 2009603, 4, 96
2021.58285558, 49.1325999687427, 136.479947066589, 27.2226810455322, 2009603, 4, 96
2021.58285558, 49.1325871946861, 136.47994521709, 27.2253360748291, 2009603, 4, 96
2021.58285558, 49.1325744144804, 136.479943365865, 27.2247371673584, 2009603, 4, 96
2021.58285558, 49.1325616341305, 136.479941514078, 27.2357234954834, 2009603, 4, 96
2021.58285558, 49.132548875038, 136.479939666851, 26.3257160186768, 2009603, 4, 96
2021.58285558, 49.1325296780311, 136.479936880984, 27.2308444976807, 2009603, 4, 96
2021.58285558, 49.1325168924487, 136.479935026019, 27.2374019622803, 2009603, 4, 96
2021.58285558, 49.1324913389065, 136.479931318508, 26.3065376281738, 2009603, 4, 96
2021.58285558, 49.1324785249265, 136.479929455087, 27.219367980957, 2009603, 4, 96
2021.58285558, 49.1324593393914, 136.47992666711, 27.2119102478027, 2009603, 4, 96
2021.58285558, 49.1324465693992, 136.479924812645, 26.3119316101074, 2009603, 4, 96
2021.58285558, 49.1324337495018, 136.479922945595, 27.2231464385986, 2009603, 4, 96
2021.58285558, 49.1324145577657, 136.479920152994, 27.2100124359131, 2009603, 4, 96
2021.58285558, 49.1324017563634, 136.479918288807, 27.2248783111572, 2009603, 4, 96
2021.58285558, 49.1323825604851, 136.479915492813, 27.2215595245361, 2009603, 4, 96
2021.58285558, 49.1323697818883, 136.479913632299, 26.3047924041748, 2009603, 4, 96
2021.58285558, 49.1323569575652, 136.479911760247, 27.2430095672607, 2009603, 4, 96
2021.58285559, 49.1323377562525, 136.47990895949, 27.2114295959473, 2009603, 4, 96
2021.58285559, 49.1323249496766, 136.479907090109, 27.2150039672852, 2009603, 4, 96
2021.58285559, 49.1323057427579, 136.479904285464, 27.201265335083, 2009603, 4, 96
2021.58285559, 49.1322865332776, 136.479901478653, 27.1934509277344, 2009603, 4, 96
2021.58285559, 49.1322673227314, 136.479898670015, 27.1916408538818, 2009603, 4, 96
2021.58285559, 49.1322481087177, 136.479895858958, 27.1954288482666, 2009603, 4, 95
2021.58285559, 49.1322288956978, 136.479893046452, 27.2061805725098, 2009603, 4, 95
2021.58285559, 49.1322096824436, 136.479890232355, 27.1978054046631, 2009603, 4, 95
2021.58285559, 49.1321904650711, 136.479887415637, 27.1991024017334, 2009603, 4, 95
2021.58285559, 49.1321712486226, 136.479884597495, 27.2031574249268, 2009603, 4, 95
2021.58285559, 49.1321456299136, 136.479880837989, 27.1937084197998, 2009603, 4, 95
2021.58285559, 49.1321264120694, 136.47987801563, 27.1947402954102, 2009603, 4, 95
2021.58285559, 49.1321071931438, 136.479875191333, 27.2024517059326, 2009603, 4, 95
2021.58285559, 49.1320879752924, 136.479872365518, 27.1746597290039, 2009603, 4, 95
2021.58285559, 49.1320687567331, 136.479869537928, 27.1806297302246, 2009603, 4, 95
2021.58285559, 49.1320495370979, 136.479866708387, 27.1950244903564, 2009603, 4, 95
2021.58285559, 49.1320303191183, 136.479863877535, 27.1890296936035, 2009603, 4, 95
2021.58285559, 49.1320175046227, 136.47986198875, 27.2012729644775, 2009603, 4, 95
2021.58285559, 49.1319983124811, 136.479859161163, 26.285831451416, 2009603, 4, 96
2021.58285559, 49.1319662622581, 136.479854429681, 27.202127456665, 2009603, 4, 96
2021.58285559, 49.131947047182, 136.479851592128, 27.1903972625732, 2009603, 4, 96
2021.58285559, 49.1319278343804, 136.479848753241, 27.1820812225342, 2009603, 4, 96
2021.58285559, 49.1319086206858, 136.479845912526, 27.156400680542, 2009603, 4, 96
2021.58285559, 49.1318830043126, 136.479842122927, 27.1177101135254, 2009603, 4, 96
2021.58285559, 49.1318573920572, 136.479838331147, 27.1201190948486, 2009603, 4, 96
2021.58285559, 49.1318317853368, 136.479834537793, 27.1103172302246, 2009603, 4, 96
2021.58285559, 49.1318061774524, 136.479830741201, 27.1172580718994, 2009603, 4, 96
2021.58285559, 49.1317869720729, 136.479827891958, 27.1328926086426, 2009603, 4, 96
2021.58285559, 49.1317613744201, 136.479824092706, 27.1267223358154, 2009603, 4, 96
2021.58285559, 49.1317357794937, 136.479820291141, 27.1443634033203, 2009603, 4, 97
2021.58285559, 49.131710187951, 136.479816487459, 27.1598796844482, 2009603, 4, 97
2021.58285559, 49.1316846004994, 136.479812682138, 27.1518573760986, 2009603, 4, 97
2021.58285559, 49.1316590173436, 136.47980887508, 27.1501293182373, 2009603, 4, 97
2021.58285559, 49.1316334418455, 136.479805067062, 27.1449756622314, 2009603, 4, 97
2021.58285559, 49.1316078694483, 136.479801257213, 27.1339263916016, 2009603, 4, 97
2021.58285559, 49.1315823021614, 136.479797445984, 27.1398944854736, 2009603, 4, 97
2021.58285559, 49.1315567411109, 136.479793633702, 27.1296043395996, 2009603, 4, 97
2021.58285559, 49.1315309365336, 136.479789831781, 27.1291732788086, 2009603, 4, 97
2021.58285559, 49.1315054548876, 136.47978601484, 27.1287403106689, 2009603, 4, 97
2021.58285559, 49.1314799761036, 136.479782196487, 27.1310062408447, 2009603, 4, 97
2021.58285559, 49.1314545037786, 136.479778377471, 27.1376762390137, 2009603, 4, 97
2021.58285559, 49.1314290377451, 136.479774557886, 27.1343269348145, 2009603, 4, 97
2021.58285559, 49.1314099399808, 136.479771692255, 27.1146850585938, 2009603, 4, 97
2021.58285559, 49.1313844841362, 136.479767871811, 27.1496143341064, 2009603, 4, 97
2021.58285559, 49.1313590335434, 136.479764050933, 27.1452541351318, 2009603, 4, 97
2021.58285559, 49.1313335925163, 136.479760230806, 27.1332321166992, 2009603, 4, 97
2021.58285559, 49.1313081532944, 136.479756409693, 27.135856628418, 2009603, 4, 97
2021.58285559, 49.1312827231269, 136.479752589233, 27.1203479766846, 2009603, 4, 97
2021.58285559, 49.1312572947121, 136.479748768329, 27.1235828399658, 2009603, 4, 97
2021.58285559, 49.1312318660617, 136.479744946395, 27.1340198516846, 2009603, 4, 96
2021.58285559, 49.1312000985673, 136.479740172224, 27.1168003082275, 2009603, 4, 96
2021.58285559, 49.1311746873009, 136.479736352803, 27.1277103424072, 2009603, 4, 96
2021.58285559, 49.1311492758654, 136.479732532769, 27.1256237030029, 2009603, 4, 96
2021.58285559, 49.131117525974, 136.479727760795, 27.086368560791, 2009603, 4, 96
2021.58285559, 49.1310921234632, 136.479723942389, 27.0882205963135, 2009603, 4, 96
2021.58285559, 49.1310603874601, 136.479719173218, 27.1075210571289, 2009603, 4, 96
2021.58285559, 49.131034997949, 136.479715358074, 27.0942001342773, 2009603, 4, 96
2021.58285559, 49.1310096122244, 136.479711544135, 27.0977973937988, 2009603, 4, 96
2021.58285559, 49.1309842307043, 136.479707731643, 27.1045398712158, 2009603, 4, 96
2021.58285559, 49.1309588510067, 136.479703920175, 27.1086769104004, 2009603, 4, 96
2021.58285559, 49.1309334743684, 136.479700110062, 27.12282371521, 2009603, 4, 96
2021.58285559, 49.1309144406615, 136.479697252884, 27.1060409545898, 2009603, 4, 96
2021.58285559, 49.1308890703533, 136.479693445868, 27.1262264251709, 2009603, 4, 96
2021.58285559, 49.1308637032881, 136.479689640631, 27.1414279937744, 2009603, 4, 96
2021.58285559, 49.1308383396059, 136.47968583759, 27.1431350708008, 2009603, 4, 96
2021.58285559, 49.130812974798, 136.479682035623, 27.1489734649658, 2009603, 4, 96
2021.58285559, 49.1307939509176, 136.479679184964, 27.1409244537354, 2009603, 4, 96
2021.58285559, 49.1307685895702, 136.479675386478, 27.1326694488525, 2009603, 4, 96
2021.58285559, 49.1307368927194, 136.479670641908, 27.1220951080322, 2009603, 4, 96
2021.58285559, 49.130711529215, 136.479666846769, 27.1181583404541, 2009603, 4, 96
2021.58285559, 49.1306798371645, 136.479662108648, 27.1164436340332, 2009603, 4, 96
2021.58285559, 49.1306481447409, 136.479657373515, 27.1231670379639, 2009603, 4, 96
2021.58285559, 49.1306101114867, 136.47965169558, 27.1514797210693, 2009603, 4, 96
2021.58285559, 49.1305530557867, 136.479643187329, 27.1767463684082, 2009603, 4, 96
2021.58285559, 49.1304896646064, 136.479633749892, 27.2018184661865, 2009603, 4, 96
2021.58285559, 49.1304199292318, 136.479623387432, 27.1844024658203, 2009603, 4, 96
2021.58285559, 49.1303565224979, 136.479613984029, 27.1828594207764, 2009603, 4, 96
2021.58285559, 49.1302867681447, 136.47960366133, 27.1948719024658, 2009603, 4, 96
2021.58285559, 49.1302297515143, 136.479595191979, 27.180362701416, 2009603, 4, 96
2021.58285559, 49.1301598872249, 136.47958494613, 27.1901912689209, 2009603, 4, 96
2021.58285559, 49.1300899927671, 136.479574717139, 27.1976947784424, 2009603, 4, 96
2021.58285559, 49.1300137403491, 136.479563583468, 27.1938419342041, 2009603, 4, 96
2021.58285559, 49.1299374562907, 136.479552468031, 27.1738929748535, 2009603, 4, 96
2021.58285559, 49.1298611354352, 136.47954136761, 27.1917591094971, 2009603, 4, 96
2021.58285559, 49.1297657006812, 136.479527514261, 27.2006721496582, 2009603, 4, 96
2021.58285559, 49.1296320220992, 136.479508151693, 27.1865978240967, 2009603, 4, 95
2021.58285559, 49.1229621783512, 136.478536325589, 27.2390766143799, 2009603, 4, 91
2021.58285559, 49.1229112305697, 136.478528960204, 27.2272529602051, 2009603, 4, 91
2021.58285559, 49.1228539010065, 136.478520646009, 27.2606811523438, 2009603, 4, 91
2021.58285559, 49.1227264910097, 136.478502070206, 27.2605514526367, 2009603, 4, 94
2021.58285559, 49.1225735870632, 136.478479673789, 27.2551002502441, 2009603, 4, 90
2021.58285559, 49.122369443822, 136.478449021559, 27.2768783569336, 2009603, 4, 95
2021.58285559, 49.1221716526942, 136.478419089816, 27.2798404693604, 2009603, 4, 95
2021.58285559, 49.1220474690449, 136.478400223959, 27.2523708343506, 2009603, 4, 95
2021.58285561, 49.0853155911334, 136.47301486602, 27.3513011932373, 2009603, 4, 51
2021.58285561, 49.0850685833154, 136.47297848064, 27.3453407287598, 2009603, 4, 52
2021.58285564, 49.026862032665, 136.464423748816, 27.6791381835938, 2009603, 4, 84
2021.5828563, 47.6958659733981, 136.272171424836, 188.672103881836, 2006568, 4, 55
2021.5828563, 47.6958150154755, 136.272164443922, 188.61408996582, 2006568, 4, 55
2021.5828563, 47.6957831617032, 136.272160067465, 188.617370605469, 2006568, 4, 55
2021.5828563, 47.6957515036802, 136.272155952266, 188.608810424805, 2006568, 4, 55
2021.5828563, 47.6957195748947, 136.272151453766, 188.608871459961, 2006568, 4, 90
2021.5828563, 47.6956876388949, 136.272146943626, 188.626983642578, 2006568, 4, 90
2021.5828563, 47.6956493283263, 136.272141521773, 188.645538330078, 2006568, 4, 90
2021.5828563, 47.6956110107271, 136.272136084752, 188.648284912109, 2006568, 4, 90
2021.5828563, 47.6955663125047, 136.272129726797, 188.633178710938, 2006568, 4, 90
2021.5828563, 47.695521616683, 136.27212335254, 188.637161254883, 2006568, 4, 90
2021.5828563, 47.6954705463286, 136.272116051437, 188.624465942383, 2006568, 4, 87
2021.5828563, 47.6954194831054, 136.272108733051, 188.598129272461, 2006568, 4, 87
2021.5828563, 47.6953684128635, 136.272101395746, 188.628646850586, 2006568, 4, 87
2021.5828563, 47.6952854646449, 136.272089449457, 188.619415283203, 2006568, 4, 87
2021.5828563, 47.6952089277555, 136.272078399252, 188.612289428711, 2006568, 4, 87
2021.5828563, 47.6951196788925, 136.27206548863, 188.590286254883, 2006568, 4, 87
2021.5828563, 47.6950177371865, 136.272050720515, 188.624221801758, 2006568, 4, 87
2021.5828563, 47.6948840546553, 136.272031342785, 188.602630615234, 2006568, 4, 80
2021.5828563, 47.6947886566515, 136.272017521999, 188.615570068359, 2006568, 4, 80
2021.5828563, 47.6947123932269, 136.272006485227, 188.607727050781, 2006568, 4, 80
2021.5828563, 47.694667918709, 136.272000054439, 188.598526000977, 2006568, 4, 80
2021.5828563, 47.6946361722248, 136.271995468879, 188.52702331543, 2006568, 4, 87
2021.5828563, 47.6946107709661, 136.27199180115, 188.542175292969, 2006568, 4, 87
2021.5828563, 47.6945790350817, 136.271987222795, 188.548858642578, 2006568, 4, 87
2021.5828563, 47.6945536494558, 136.271983562944, 188.555404663086, 2006568, 4, 87
2021.5828563, 47.6945282636605, 136.271979905045, 188.534591674805, 2006568, 4, 87
2021.5828563, 47.694496549457, 136.271975339925, 188.528854370117, 2006568, 4, 89
2021.5828563, 47.6944519362499, 136.271968760255, 188.575546264648, 2006568, 4, 89
2021.5828563, 47.6939277612134, 136.271895169687, 189.173538208008, 2006568, 4, 53
2021.5828563, 47.6938645357855, 136.271886287445, 189.160949707031, 2006568, 4, 53
2021.5828563, 47.6938075962185, 136.271878277992, 189.120620727539, 2006568, 4, 53
2021.5828563, 47.6937506296686, 136.271870254383, 189.106536865234, 2006568, 4, 53
2021.5828568, 46.6909922882378, 136.130523323662, 222.776016235352, 2009603, 4, 66
2021.5828568, 46.6909539318068, 136.130517743909, 222.727874755859, 2009603, 4, 66
2021.5828568, 46.690928346499, 136.130514020896, 222.718597412109, 2009603, 4, 66
2021.5828568, 46.6908963666723, 136.130509367782, 222.72575378418, 2009603, 4, 66
2021.5828568, 46.690864374734, 136.130504712842, 222.749755859375, 2009603, 4, 66
2021.5828568, 46.6908259874009, 136.130499129552, 222.739685058594, 2009603, 4, 58
2021.5828568, 46.6907939839389, 136.130494475913, 222.730911254883, 2009603, 4, 58
2021.5828568, 46.6907619921873, 136.130489827326, 222.728744506836, 2009603, 4, 58
2021.58285517, 49.9359772574009, 136.555244907305, 21.4430351257324, 1220, 5, 59
2021.58285518, 49.9334075898124, 136.554861138759, 21.429515838623, 1220, 5, 77
2021.58285518, 49.9301484955531, 136.554384551501, 21.4403533935547, 1220, 5, 86
2021.58285518, 49.9268251152384, 136.553884017232, 21.4232864379883, 1220, 5, 87
2021.58285518, 49.9232314774034, 136.553352807118, 21.4399547576904, 1220, 5, 87
2021.58285518, 49.9195746842838, 136.552810806439, 21.4225425720215, 1220, 5, 87
2021.58285518, 49.9166276826921, 136.552377822899, 21.4241809844971, 1220, 5, 89
2021.58285519, 49.914171065821, 136.552013823382, 21.4044170379639, 1220, 5, 89
2021.58285519, 49.9110874220267, 136.551559601071, 21.4207134246826, 1220, 5, 93
2021.58285519, 49.9067575430191, 136.550919075879, 21.4108867645264, 1220, 5, 92
2021.58285519, 49.9030996855629, 136.550372493431, 21.4069595336914, 1220, 5, 93
2021.58285519, 49.8998986456624, 136.549901883615, 21.4371337890625, 1220, 5, 94
2021.58285519, 49.8967319849456, 136.549425515426, 21.4134960174561, 1220, 5, 93
2021.5828552, 49.8937183816474, 136.548982596317, 21.4147624969482, 1220, 5, 88
2021.5828552, 49.8852000435759, 136.547724177776, 21.4073848724365, 1220, 5, 81
2021.5828552, 49.8817524521912, 136.547208010795, 21.4397583007812, 1220, 5, 80
2021.5828552, 49.8789502448827, 136.546793431205, 21.4086875915527, 1220, 5, 67
2021.58285535, 49.5843544281467, 136.503187284036, 23.8628444671631, 2009603, 5, 80
2021.58285548, 49.3148028549162, 136.463558264525, 26.2723178863525, 2009603, 5, 90
2021.58285548, 49.3146187504516, 136.463530920336, 26.2911014556885, 2009603, 5, 93
2021.58285548, 49.3144855149698, 136.463511208691, 26.2371578216553, 2009603, 5, 79
2021.58285548, 49.3143586588307, 136.463492520061, 26.2361888885498, 2009603, 5, 79
2021.5828555, 49.2921516468491, 136.460239236518, 26.3997611999512, 2009603, 5, 51
2021.5828555, 49.2897312849736, 136.459884346674, 26.4226951599121, 2009603, 5, 61
2021.5828555, 49.2865847050883, 136.459421970733, 26.4213256835938, 2009603, 5, 76
2021.5828555, 49.2859723414546, 136.459334127246, 26.4344940185547, 2009603, 5, 64
2021.5828555, 49.2854188095901, 136.459253258435, 26.4155673980713, 2009603, 5, 73
2021.5828555, 49.2847331381861, 136.459151120501, 26.439847946167, 2009603, 5, 83
2021.5828555, 49.2840981695093, 136.459057241084, 26.4151592254639, 2009603, 5, 85
2021.5828555, 49.2835323811172, 136.458974019194, 26.4175586700439, 2009603, 5, 93
2021.5828555, 49.2832906505987, 136.458938237313, 26.4173393249512, 2009603, 5, 73
2021.5828555, 49.2831697717382, 136.458920406517, 26.4277515411377, 2009603, 5, 62
2021.5828555, 49.282908810464, 136.45888099559, 26.4340286254883, 2009603, 5, 91
2021.5828555, 49.2824378153637, 136.458810276576, 26.4367160797119, 2009603, 5, 93
2021.5828555, 49.2816172859682, 136.458691255157, 26.4330768585205, 2009603, 5, 94
2021.5828555, 49.2807904953204, 136.458574205392, 26.4362182617188, 2009603, 5, 93
2021.5828555, 49.2797007185498, 136.458410672066, 26.448429107666, 2009603, 5, 95
2021.5828555, 49.2785426219011, 136.458243157376, 26.4423332214355, 2009603, 5, 94
2021.5828555, 49.2775376304536, 136.458094780618, 26.4453392028809, 2009603, 5, 95
2021.5828555, 49.2766342805167, 136.457959067331, 26.4417533874512, 2009603, 5, 94
2021.5828555, 49.2757634682072, 136.457832685969, 26.4676837921143, 2009603, 5, 96
2021.5828555, 49.2745610862243, 136.457653367172, 26.4811096191406, 2009603, 5, 95
2021.5828555, 49.2736896130169, 136.457525846242, 26.4454708099365, 2009603, 5, 96
2021.5828555, 49.2728048825692, 136.457398426619, 26.4600124359131, 2009603, 5, 96
2021.58285551, 49.2720464472064, 136.457288158132, 26.450870513916, 2009603, 5, 95
2021.58285551, 49.2710522790606, 136.457145014092, 26.4502582550049, 2009603, 5, 93
2021.58285551, 49.2644538261192, 136.456171330223, 26.3752784729004, 2009603, 5, 70
2021.58285551, 49.2636703235847, 136.456057811869, 26.3759326934814, 2009603, 5, 78
2021.58285551, 49.263051470592, 136.455970826262, 26.3424758911133, 2009603, 5, 54
2021.58285559, 49.0968291856604, 136.431676349279, 27.6381568908691, 2009603, 5, 93
2021.5828556, 49.0823218155214, 136.429567834739, 27.7431411743164, 2009603, 5, 85
2021.5828556, 49.0813080885719, 136.429414444284, 27.7251644134521, 2009603, 5, 68
2021.5828556, 49.0780776301082, 136.42894585624, 27.7357387542725, 2009603, 5, 87
2021.5828556, 49.0769690502612, 136.428790588952, 27.7489376068115, 2009603, 5, 88
2021.58285561, 49.0633531808182, 136.42679908049, 27.7831249237061, 2009603, 5, 63
2021.58285561, 49.0631241334731, 136.426765079941, 27.7603874206543, 2009603, 5, 63
2021.58285561, 49.0606859234603, 136.42640759305, 27.7352676391602, 2009603, 5, 67
2021.58285561, 49.0605714754027, 136.426390588469, 27.7206707000732, 2009603, 5, 67
2021.58285561, 49.0604569875659, 136.426373563566, 27.7148666381836, 2009603, 5, 71
2021.58285561, 49.0603363649601, 136.426355724535, 27.7293338775635, 2009603, 5, 71
2021.58285561, 49.0602220817819, 136.426338827328, 27.7270069122314, 2009603, 5, 72
2021.58285561, 49.0601077845881, 136.426321955066, 27.7269611358643, 2009603, 5, 72
2021.58285561, 49.0599998093671, 136.426306069071, 27.7413177490234, 2009603, 5, 72
2021.58285561, 49.0598917954266, 136.426290197845, 27.7336578369141, 2009603, 5, 72
2021.58285561, 49.0597773686841, 136.426273421871, 27.7251472473145, 2009603, 5, 72
2021.58285561, 49.0595483064688, 136.426239944113, 27.771936416626, 2009603, 5, 85
2021.58285562, 49.0331314332297, 136.42238931258, 27.8734092712402, 2009603, 5, 85
2021.58285564, 49.0044826001511, 136.418205959889, 27.6684856414795, 167862, 5, 61
2021.58285564, 49.0031194960825, 136.418008076163, 27.6727886199951, 167862, 5, 80
2021.5828563, 47.6707333889151, 136.226797050033, 183.468154907227, 2006568, 5, 87
2021.5828563, 47.6702097407175, 136.226722988679, 183.442718505859, 2006568, 5, 89
2021.5828563, 47.6698522980326, 136.226672381501, 183.415893554688, 2006568, 5, 90
2021.58285678, 46.7065183080073, 136.091670996008, 217.58203125, 2009603, 5, 52
2021.58285518, 49.9370415769508, 136.554121468086, 21.464973449707, 1220, 6, 57
2021.58285519, 49.9365633902276, 136.554050082379, 21.4715156555176, 1220, 6, 68
2021.58285519, 49.9360269012934, 136.553971953965, 21.4450435638428, 1220, 6, 75
2021.58285519, 49.9354333831253, 136.553887336303, 21.4234256744385, 1220, 6, 78
2021.58285519, 49.9347831626125, 136.553790926562, 21.4639282226562, 1220, 6, 77
2021.58285519, 49.9339434716224, 136.55365947513, 21.4418678283691, 1220, 6, 76
2021.58285519, 49.9332530614713, 136.553556198412, 21.4752616882324, 1220, 6, 81
2021.58285519, 49.932632036355, 136.553468373653, 21.4608573913574, 1220, 6, 80
2021.58285519, 49.9320069092141, 136.553380035005, 21.4685935974121, 1220, 6, 82
2021.58285519, 49.9312390893736, 136.553268154435, 21.4532814025879, 1220, 6, 86
2021.58285519, 49.9303686249443, 136.553137399697, 21.4632759094238, 1220, 6, 87
2021.58285519, 49.9295611263571, 136.553014183958, 21.4565620422363, 1220, 6, 88
2021.58285519, 49.9287677450506, 136.552896384164, 21.461597442627, 1220, 6, 87
2021.58285519, 49.9279174071746, 136.552780033482, 21.4418659210205, 1220, 6, 86
2021.58285519, 49.9271190490751, 136.552666324972, 21.4293956756592, 1220, 6, 86
2021.58285519, 49.9262820624824, 136.552532632599, 21.4332408905029, 1220, 6, 87
2021.58285519, 49.9256142689521, 136.55242835625, 21.4327526092529, 1220, 6, 86
2021.58285519, 49.9247689878008, 136.552302348787, 21.4378337860107, 1220, 6, 87
2021.58285519, 49.9239302887165, 136.552176043323, 21.4488773345947, 1220, 6, 86
2021.58285519, 49.9232143519275, 136.552068514145, 21.4591827392578, 1220, 6, 86
2021.58285519, 49.9224126841687, 136.551950696854, 21.4550514221191, 1220, 6, 87
2021.58285519, 49.9216961253893, 136.551847530921, 21.4627304077148, 1220, 6, 87
2021.58285519, 49.9209557230231, 136.551741395003, 21.4400062561035, 1220, 6, 87
2021.58285519, 49.920235146907, 136.551636388892, 21.4322834014893, 1220, 6, 87
2021.58285519, 49.9195210449565, 136.551531657947, 21.454963684082, 1220, 6, 87
2021.58285519, 49.9188080054518, 136.551426351831, 21.4517955780029, 1220, 6, 89
2021.58285519, 49.9181074372621, 136.551315480978, 21.458532333374, 1220, 6, 89
2021.58285519, 49.9174653623657, 136.551211570725, 21.4804019927979, 1220, 6, 88
2021.58285519, 49.9168216119876, 136.551118815694, 21.4484004974365, 1220, 6, 88
2021.5828552, 49.9160102675681, 136.551012864432, 21.4562339782715, 1220, 6, 88
2021.5828552, 49.915347889679, 136.550914733706, 21.4515533447266, 1220, 6, 87
2021.5828552, 49.9147319841114, 136.55081523084, 21.4584770202637, 1220, 6, 89
2021.5828552, 49.914072227375, 136.550711184974, 21.4574413299561, 1220, 6, 91
2021.5828552, 49.9132576455297, 136.550590440457, 21.5053806304932, 1220, 6, 94
2021.5828552, 49.9124451665797, 136.550474292128, 21.4512882232666, 1220, 6, 95
2021.5828552, 49.9118284261568, 136.55038752091, 21.4893932342529, 1220, 6, 95
2021.5828552, 49.9111213626531, 136.550286885782, 21.4654502868652, 1220, 6, 95
2021.5828552, 49.9104224377866, 136.550182594258, 21.4548397064209, 1220, 6, 94
2021.5828552, 49.9096734661161, 136.550066448213, 21.4517688751221, 1220, 6, 94
2021.5828552, 49.9089471386881, 136.549954225674, 21.4643955230713, 1220, 6, 93
2021.5828552, 49.9081583443309, 136.549836784788, 21.4600791931152, 1220, 6, 94
2021.5828552, 49.9072689492886, 136.549709705408, 21.4970397949219, 1220, 6, 94
2021.5828552, 49.906549334784, 136.549603882884, 21.456127166748, 1220, 6, 93
2021.5828552, 49.905776402261, 136.549485980641, 21.4677066802979, 1220, 6, 94
2021.5828552, 49.9048722036042, 136.549348903872, 21.4590339660645, 1220, 6, 93
2021.5828552, 49.9039541385763, 136.549212507319, 21.4537887573242, 1220, 6, 94
2021.5828552, 49.9030956622762, 136.549086683979, 21.4658088684082, 1220, 6, 94
2021.5828552, 49.9021909584179, 136.54895421188, 21.4388408660889, 1220, 6, 92
2021.5828552, 49.901360452127, 136.548830509221, 21.4554882049561, 1220, 6, 93
2021.5828552, 49.9006260890121, 136.548721788475, 21.4649467468262, 1220, 6, 93
2021.5828552, 49.899872531538, 136.548613354623, 21.4375991821289, 1220, 6, 96
2021.5828552, 49.8991016161467, 136.548501877391, 21.4502811431885, 1220, 6, 94
2021.5828552, 49.8982702834395, 136.548376106666, 21.4524765014648, 1220, 6, 94
2021.5828552, 49.8974843030266, 136.5482499259, 21.4543704986572, 1220, 6, 91
2021.5828552, 49.8966991303393, 136.548130485374, 21.4488067626953, 1220, 6, 92
2021.58285521, 49.8958474997017, 136.548019449768, 21.443696975708, 1220, 6, 91
2021.58285521, 49.8949259024541, 136.547885871732, 21.436616897583, 1220, 6, 89
2021.58285521, 49.8940440699867, 136.54774842804, 21.43896484375, 1220, 6, 87
2021.58285521, 49.8930587807282, 136.547604320348, 21.4479675292969, 1220, 6, 85
2021.58285521, 49.8920295164732, 136.547442356835, 21.4852962493896, 1220, 6, 83
2021.58285521, 49.8909940529384, 136.547298739923, 21.4581661224365, 1220, 6, 82
2021.58285521, 49.8898305800028, 136.547126965174, 21.4438858032227, 1220, 6, 81
2021.58285521, 49.8872586898274, 136.546733316577, 21.4679908752441, 1220, 6, 78
2021.58285521, 49.886080277001, 136.546551623142, 21.4542293548584, 1220, 6, 77
2021.58285521, 49.8851328662568, 136.546407062903, 21.4738063812256, 1220, 6, 79
2021.58285521, 49.8844326399812, 136.54630278668, 21.4557685852051, 1220, 6, 75
2021.58285521, 49.8837259439074, 136.546202366892, 21.4718647003174, 1220, 6, 74
2021.58285521, 49.8830324963417, 136.546106188482, 21.4554615020752, 1220, 6, 80
2021.58285521, 49.8822195833138, 136.545989046225, 21.4582290649414, 1220, 6, 73
2021.58285521, 49.881452781762, 136.545871902122, 21.4606113433838, 1220, 6, 68
2021.58285521, 49.8807520225051, 136.545761005707, 21.4495620727539, 1220, 6, 68
2021.58285521, 49.879894754621, 136.545628777536, 21.4887199401855, 1220, 6, 63
2021.58285521, 49.8790853447592, 136.545508228097, 21.4780960083008, 1220, 6, 69
2021.58285521, 49.8783802475051, 136.545400633456, 21.4844284057617, 1220, 6, 68
2021.58285521, 49.8777311475536, 136.545304775534, 21.4429569244385, 1220, 6, 67
2021.58285521, 49.8771873172961, 136.545231491178, 21.4739151000977, 1220, 6, 66
2021.58285521, 49.8765540067095, 136.54514594409, 21.4643898010254, 1220, 6, 54
2021.58285536, 49.5848794742515, 136.501987448462, 23.9450397491455, 2009603, 6, 67
2021.58285536, 49.5846690191303, 136.501956223864, 23.9268894195557, 2009603, 6, 62
2021.58285536, 49.5845351616225, 136.501936334868, 23.9155597686768, 2009603, 6, 62
2021.58285548, 49.3472365846284, 136.467041260242, 26.0540046691895, 2009603, 6, 54
2021.58285549, 49.3153764661054, 136.462370298546, 26.3164234161377, 2009603, 6, 81
2021.58285549, 49.3151926051317, 136.462344036207, 26.2975978851318, 2009603, 6, 93
2021.58285549, 49.3149955595133, 136.462316001825, 26.3235950469971, 2009603, 6, 82
2021.58285549, 49.3149128784257, 136.462304275377, 26.2940902709961, 2009603, 6, 82
2021.58285549, 49.3148747034137, 136.462298895542, 26.2917823791504, 2009603, 6, 82
2021.58285549, 49.3148365286682, 136.462293493004, 26.2984638214111, 2009603, 6, 82
2021.58285549, 49.3147856223503, 136.462286293606, 26.3419456481934, 2009603, 6, 82
2021.58285551, 49.291105404958, 136.458824340415, 26.4248600006104, 2009603, 6, 74
2021.58285551, 49.2909341374281, 136.458797730771, 26.4543056488037, 2009603, 6, 80
2021.58285551, 49.2907500646463, 136.458767291791, 26.4386043548584, 2009603, 6, 80
2021.58285551, 49.290591332432, 136.458740472198, 26.4614658355713, 2009603, 6, 58
2021.58285551, 49.2904198646209, 136.458711124001, 26.465705871582, 2009603, 6, 78
2021.58285551, 49.2902737694073, 136.45868599565, 26.4251346588135, 2009603, 6, 78
2021.58285551, 49.2901593886681, 136.458666432043, 26.4581203460693, 2009603, 6, 79
2021.58285551, 49.2900259250138, 136.458643728357, 26.4442253112793, 2009603, 6, 79
2021.58285551, 49.2898796856117, 136.458619230292, 26.4576148986816, 2009603, 6, 80
2021.58285551, 49.289765130761, 136.458600254679, 26.4700298309326, 2009603, 6, 80
2021.58285551, 49.2873456609986, 136.458258451399, 26.4514751434326, 2009603, 6, 69
2021.58285551, 49.2871547041622, 136.458230440736, 26.4362487792969, 2009603, 6, 94
2021.58285551, 49.2869333223992, 136.458196550401, 26.4823055267334, 2009603, 6, 92
2021.58285551, 49.2866621230103, 136.458154510155, 26.4608135223389, 2009603, 6, 92
2021.58285551, 49.2863157596105, 136.458100930891, 26.4611129760742, 2009603, 6, 93
2021.58285551, 49.2860510914399, 136.458060697591, 26.4433727264404, 2009603, 6, 93
2021.58285551, 49.2857539394259, 136.458017197632, 26.4803161621094, 2009603, 6, 92
2021.58285551, 49.2855001671558, 136.45798125633, 26.4326934814453, 2009603, 6, 93
2021.58285551, 49.2851885737829, 136.457937739299, 26.4419498443604, 2009603, 6, 93
2021.58285551, 49.2849464954642, 136.457904019897, 26.4386749267578, 2009603, 6, 94
2021.58285551, 49.2847168572138, 136.45787182868, 26.4446315765381, 2009603, 6, 94
2021.58285551, 49.2844490992356, 136.457833606795, 26.4280643463135, 2009603, 6, 94
2021.58285551, 49.2841302252042, 136.457786992773, 26.4157695770264, 2009603, 6, 94
2021.58285551, 49.2838559750168, 136.457745843257, 26.4315605163574, 2009603, 6, 95
2021.58285551, 49.283639156196, 136.457712678023, 26.3849658966064, 2009603, 6, 95
2021.58285551, 49.2833714069836, 136.457671177697, 26.4664115905762, 2009603, 6, 95
2021.58285551, 49.2831481793075, 136.457635683502, 26.4450054168701, 2009603, 6, 95
2021.58285551, 49.2829060485249, 136.457597333291, 26.4583930969238, 2009603, 6, 95
2021.58285551, 49.2827341991798, 136.457570414876, 26.4761486053467, 2009603, 6, 94
2021.58285551, 49.282518050791, 136.457537090744, 26.4786758422852, 2009603, 6, 94
2021.58285551, 49.2822894620327, 136.457502772222, 26.4900989532471, 2009603, 6, 94
2021.58285551, 49.2820801733922, 136.457472237291, 26.500638961792, 2009603, 6, 95
2021.58285551, 49.2818777717839, 136.457444138957, 26.4838905334473, 2009603, 6, 95
2021.58285551, 49.2816499527639, 136.457413120734, 26.4653854370117, 2009603, 6, 95
2021.58285551, 49.2814154528318, 136.457381511422, 26.4271984100342, 2009603, 6, 95
2021.58285551, 49.2812121944809, 136.457354122758, 26.4843139648438, 2009603, 6, 95
2021.58285551, 49.2810275718489, 136.457329045881, 26.4868068695068, 2009603, 6, 95
2021.58285551, 49.2808041427734, 136.457298204364, 26.4441223144531, 2009603, 6, 95
2021.58285551, 49.2805602649272, 136.457263377315, 26.4622840881348, 2009603, 6, 94
2021.58285551, 49.2802647937319, 136.457220359432, 26.4497203826904, 2009603, 6, 95
2021.58285551, 49.2799760598113, 136.457177642745, 26.461877822876, 2009603, 6, 96
2021.58285551, 49.2796753660359, 136.457132732918, 26.4561595916748, 2009603, 6, 95
2021.58285551, 49.2793573453021, 136.457085157928, 26.4726676940918, 2009603, 6, 95
2021.58285551, 49.2790914272749, 136.457045472046, 26.4723014831543, 2009603, 6, 95
2021.58285551, 49.278788027207, 136.457000392966, 26.4646549224854, 2009603, 6, 94
2021.58285551, 49.2784656912609, 136.456952755739, 26.4586086273193, 2009603, 6, 94
2021.58285551, 49.278218774871, 136.456916526753, 26.472541809082, 2009603, 6, 94
2021.58285551, 49.2780028956668, 136.456885101416, 26.4840850830078, 2009603, 6, 94
2021.58285551, 49.2778312720368, 136.456860034395, 26.4835910797119, 2009603, 6, 94
2021.58285551, 49.2776594895416, 136.456834862357, 26.4922122955322, 2009603, 6, 94
2021.58285551, 49.2775066919243, 136.456812357685, 26.4850807189941, 2009603, 6, 94
2021.58285551, 49.2773283415979, 136.456785915279, 26.4789524078369, 2009603, 6, 94
2021.58285551, 49.277143547549, 136.456758367907, 26.4825897216797, 2009603, 6, 93
2021.58285551, 49.2769460202295, 136.456728581322, 26.4881153106689, 2009603, 6, 93
2021.58285551, 49.2767613133576, 136.45670031606, 26.5058536529541, 2009603, 6, 93
2021.58285551, 49.2765893794597, 136.456673990648, 26.4697933197021, 2009603, 6, 94
2021.58285551, 49.276417464719, 136.456647837192, 26.5218086242676, 2009603, 6, 94
2021.58285551, 49.2762137801345, 136.456617071275, 26.5096130371094, 2009603, 6, 95
2021.58285551, 49.2759592617099, 136.456579188962, 26.4874172210693, 2009603, 6, 95
2021.58285551, 49.2757239277752, 136.456544801074, 26.5108280181885, 2009603, 6, 95
2021.58285551, 49.2754823858388, 136.456510777966, 26.5012035369873, 2009603, 6, 95
2021.58285551, 49.2752408791512, 136.456477101997, 26.5069179534912, 2009603, 6, 95
2021.58285551, 49.2750120863714, 136.456445268437, 26.4860420227051, 2009603, 6, 95
2021.58285551, 49.2747896269387, 136.456414198018, 26.5024852752686, 2009603, 6, 96
2021.58285552, 49.2745418270711, 136.456379452436, 26.4946880340576, 2009603, 6, 96
2021.58285552, 49.2743190567007, 136.456347048562, 26.5215682983398, 2009603, 6, 95
2021.58285552, 49.2741408882793, 136.456320879006, 26.505578994751, 2009603, 6, 95
2021.58285552, 49.2739628164271, 136.456294539672, 26.5104026794434, 2009603, 6, 96
2021.58285552, 49.2737657861834, 136.456265351486, 26.4804267883301, 2009603, 6, 96
2021.58285552, 49.2734927895052, 136.456224788048, 26.4942741394043, 2009603, 6, 96
2021.58285552, 49.2731441410768, 136.45617322063, 26.479320526123, 2009603, 6, 96
2021.58285552, 49.272897483742, 136.45613732403, 26.508975982666, 2009603, 6, 96
2021.58285552, 49.2727266271877, 136.456112403411, 26.5234279632568, 2009603, 6, 96
2021.58285552, 49.2725936175567, 136.456092938727, 26.5133934020996, 2009603, 6, 96
2021.58285552, 49.2724350854469, 136.456069615183, 26.4902896881104, 2009603, 6, 95
2021.58285552, 49.2722444980645, 136.456041390033, 26.4968509674072, 2009603, 6, 93
2021.58285552, 49.2720917244519, 136.456018587681, 26.527759552002, 2009603, 6, 93
2021.58285552, 49.2719387059719, 136.455995611825, 26.5181064605713, 2009603, 6, 60
2021.58285558, 49.1471976877187, 136.437745368875, 27.2380714416504, 2009603, 6, 67
2021.58285558, 49.1470826935336, 136.437728304754, 27.257942199707, 2009603, 6, 67
2021.58285558, 49.147031523094, 136.437720719544, 27.20436668396, 2009603, 6, 67
2021.58285559, 49.1339876934895, 136.435824427052, 27.2620182037354, 2009603, 6, 57
2021.58285559, 49.1337074369119, 136.435783992994, 27.2548294067383, 2009603, 6, 59
2021.5828556, 49.0974845169698, 136.430512317143, 27.6672515869141, 2009603, 6, 90
2021.5828556, 49.0972419699709, 136.4304759322, 27.6814594268799, 2009603, 6, 93
2021.5828556, 49.0970376046407, 136.430445744939, 27.6501426696777, 2009603, 6, 93
2021.5828556, 49.0968077107563, 136.43041220741, 27.6935043334961, 2009603, 6, 89
2021.58285561, 49.0836795823728, 136.42849361085, 27.7436790466309, 2009603, 6, 82
2021.58285561, 49.0835008680874, 136.42846715309, 27.7276992797852, 2009603, 6, 82
2021.58285561, 49.083328986078, 136.428441944018, 27.7567768096924, 2009603, 6, 93
2021.58285561, 49.0831318575056, 136.428413111567, 27.7539482116699, 2009603, 6, 94
2021.58285561, 49.0829602951146, 136.428388145294, 27.7740592956543, 2009603, 6, 93
2021.58285561, 49.0827824796048, 136.428362327798, 27.7684059143066, 2009603, 6, 93
2021.58285561, 49.0826555091665, 136.4283439243, 27.7602252960205, 2009603, 6, 81
2021.58285561, 49.0825412387041, 136.428327412372, 27.728967666626, 2009603, 6, 81
2021.58285561, 49.0774158536292, 136.427573865237, 27.7770385742188, 2009603, 6, 84
2021.58285561, 49.0771540221422, 136.427539458577, 27.8068504333496, 2009603, 6, 84
2021.58285561, 49.0768788950353, 136.427502414615, 27.8079090118408, 2009603, 6, 91
2021.58285561, 49.0766228925428, 136.427467374023, 27.7879238128662, 2009603, 6, 93
2021.58285561, 49.0763414213067, 136.427428154395, 27.806755065918, 2009603, 6, 92
2021.58285561, 49.0760475319592, 136.427386434115, 27.8120365142822, 2009603, 6, 93
2021.58285562, 49.06273916181, 136.425434020209, 27.7663650512695, 2009603, 6, 71
2021.58285562, 49.0627074461439, 136.425429500597, 27.7940635681152, 2009603, 6, 71
2021.58285562, 49.0626757456704, 136.425424952866, 27.7298202514648, 2009603, 6, 71
2021.58285562, 49.0626503763162, 136.425421356022, 27.7352485656738, 2009603, 6, 71
2021.58285562, 49.0626250059779, 136.425417776337, 27.7398929595947, 2009603, 6, 71
2021.58285562, 49.0625996417832, 136.425414190758, 27.7373428344727, 2009603, 6, 71
2021.58285562, 49.0625742783426, 136.425410606285, 27.7280082702637, 2009603, 6, 71
2021.58285562, 49.0625425759512, 136.425406132121, 27.7362365722656, 2009603, 6, 71
2021.58285562, 49.0625172135831, 136.425402566899, 27.727445602417, 2009603, 6, 71
2021.58285562, 49.062491847248, 136.425399018733, 27.7437210083008, 2009603, 6, 73
2021.58285562, 49.0624664809775, 136.425395477462, 27.7351894378662, 2009603, 6, 73
2021.58285562, 49.0624411191286, 136.425391928809, 27.7420463562012, 2009603, 6, 73
2021.58285562, 49.0624157562003, 136.425388389502, 27.7506504058838, 2009603, 6, 73
2021.58285562, 49.0623903963352, 136.425384855273, 27.7348003387451, 2009603, 6, 73
2021.58285562, 49.0623586958314, 136.4253804345, 27.7409610748291, 2009603, 6, 73
2021.58285562, 49.0623333328936, 136.42537691084, 27.7314434051514, 2009603, 6, 73
2021.58285562, 49.0623079662882, 136.425373402424, 27.7233200073242, 2009603, 6, 73
2021.58285562, 49.0622762645249, 136.425369000981, 27.735330581665, 2009603, 6, 73
2021.58285562, 49.0622508970215, 136.425365505107, 27.734546661377, 2009603, 6, 73
2021.58285562, 49.0622191975969, 136.425361103151, 27.7418746948242, 2009603, 6, 73
2021.58285562, 49.0621938244312, 136.42535762611, 27.7406749725342, 2009603, 6, 73
2021.58285562, 49.0621621211655, 136.425353249702, 27.7282638549805, 2009603, 6, 73
2021.58285562, 49.0621304117168, 136.425348884693, 27.7357692718506, 2009603, 6, 73
2021.58285562, 49.0620987075406, 136.425344503689, 27.7160205841064, 2009603, 6, 73
2021.58285562, 49.0620669984971, 136.425340137926, 27.7449283599854, 2009603, 6, 73
2021.58285562, 49.0620416316324, 136.425336646816, 27.7413120269775, 2009603, 6, 73
2021.58285562, 49.0620165484525, 136.425333269271, 27.7424030303955, 2009603, 6, 73
2021.58285562, 49.0619911040649, 136.42532975719, 27.7427005767822, 2009603, 6, 66
2021.58285562, 49.0619656599008, 136.425326246447, 27.7588577270508, 2009603, 6, 66
2021.58285562, 49.0619338558624, 136.425321846092, 27.7527275085449, 2009603, 6, 66
2021.58285562, 49.0619084105227, 136.425318335987, 27.7556648254395, 2009603, 6, 66
2021.58285562, 49.061882961835, 136.425314834431, 27.7664909362793, 2009603, 6, 66
2021.58285562, 49.0618511588642, 136.425310435341, 27.7194271087646, 2009603, 6, 66
2021.58285562, 49.0618257152996, 136.425306922536, 27.7301406860352, 2009603, 6, 66
2021.58285562, 49.0618002704293, 136.42530341745, 27.7160415649414, 2009603, 6, 66
2021.58285562, 49.0617748284066, 136.4252999106, 27.7234745025635, 2009603, 6, 66
2021.58285562, 49.0594231465023, 136.424958495271, 27.8449096679688, 2009603, 6, 84
2021.58285562, 49.0593523991375, 136.424947886593, 27.8291168212891, 2009603, 6, 84
2021.58285562, 49.0593073371958, 136.424941090124, 27.7790985107422, 2009603, 6, 84
2021.58285562, 49.0592751183454, 136.424936261549, 27.7872142791748, 2009603, 6, 84
2021.58285564, 49.0325320968815, 136.421025413541, 27.8986225128174, 2009603, 6, 87
2021.58285564, 49.0322139383115, 136.420982231712, 27.9042987823486, 2009603, 6, 89
2021.58285564, 49.0320611760764, 136.420961221879, 27.9221477508545, 2009603, 6, 89
2021.58285565, 49.0048194536056, 136.416992808721, 27.7317123413086, 167862, 6, 52
2021.58285565, 49.0045018956642, 136.416946345807, 27.7099781036377, 167862, 6, 61
2021.58285565, 49.0041225663083, 136.416889923996, 27.7272930145264, 167862, 6, 59
2021.58285565, 49.0037489656284, 136.416833469524, 27.7185192108154, 167862, 6, 56
2021.58285565, 49.0033928675026, 136.416779282925, 27.718505859375, 167862, 6, 71
2021.58285565, 49.0029115079452, 136.41670558148, 27.7264442443848, 167862, 6, 56
2021.58285565, 49.0023717863876, 136.41662713563, 27.7412300109863, 167862, 6, 59
2021.58285631, 47.6707210671065, 136.225563317249, 183.427215576172, 2006568, 6, 83
2021.58285631, 47.6706188888839, 136.225549647264, 183.422378540039, 2006568, 6, 83
2021.58285631, 47.6705104229504, 136.225535139391, 183.421401977539, 2006568, 6, 83
2021.58285631, 47.6703956756949, 136.225519773233, 183.443649291992, 2006568, 6, 83
2021.58285631, 47.6702492029681, 136.225500024881, 183.439361572266, 2006568, 6, 91
2021.58285631, 47.6701346568232, 136.225484511078, 183.397155761719, 2006568, 6, 89
2021.58285631, 47.6700456107438, 136.225472374376, 183.397796630859, 2006568, 6, 89
2021.58285631, 47.6699566031644, 136.225460156742, 183.395843505859, 2006568, 6, 89
2021.58285631, 47.6698930307625, 136.225451413425, 183.378311157227, 2006568, 6, 89
2021.58285631, 47.6698231271359, 136.225441709463, 183.375137329102, 2006568, 6, 89
2021.58285631, 47.6697595753213, 136.225432882245, 183.390625, 2006568, 6, 89
2021.58285631, 47.6696833339311, 136.225422186968, 183.394561767578, 2006568, 6, 89
2021.58285631, 47.6696197875766, 136.225413270238, 183.453399658203, 2006568, 6, 89
2021.58285713, 46.0233824379485, 135.996309992713, 455.853454589844, 2009603, 6, 74
2021.58285713, 46.0233252187872, 135.996302119001, 455.772613525391, 2009603, 6, 74
2021.58285713, 46.0232807200251, 135.996296048742, 455.865112304688, 2009603, 6, 74
