2021.49132242, 46.8119852238941, 123.386634913365, 140.534103393555, 2009593, 1, 54
2021.49132574, 53.4636391812679, 122.376773263051, 291.108703613281, 2009603, 1, 94
2021.49132574, 53.4645215623199, 122.376624837849, 291.141479492188, 2009603, 1, 94
2021.49132574, 53.4654825138966, 122.376465666949, 291.142242431641, 2009603, 1, 95
2021.49132574, 53.4665844416434, 122.376286120753, 291.183624267578, 2009603, 1, 93
2021.49132574, 53.4677115520332, 122.37609867669, 291.195678710938, 2009603, 1, 83
2021.49132574, 53.4679736083329, 122.376055525401, 291.167449951172, 2009603, 1, 69
2021.49132574, 53.4682296055699, 122.376013424737, 291.1953125, 2009603, 1, 70
2021.49132574, 53.4684407633099, 122.375978737245, 291.181976318359, 2009603, 1, 73
2021.49132574, 53.4685877871087, 122.375954607831, 291.194641113281, 2009603, 1, 61
2021.49132376, 49.4616676435742, 123.004538403997, 505.02685546875, 2009593, 2, 55
2021.49132575, 53.4622814523675, 122.378349645658, 291.052795410156, 2009603, 2, 78
2021.49132575, 53.4623833519303, 122.378332338562, 291.080688476562, 2009603, 2, 78
2021.49132575, 53.4625870059429, 122.378297846712, 291.059814453125, 2009603, 2, 92
2021.49132575, 53.4628469652615, 122.378254788558, 291.105834960938, 2009603, 2, 93
2021.49132575, 53.4630370949629, 122.378223584287, 291.078186035156, 2009603, 2, 93
2021.49132575, 53.4632589289417, 122.378187341143, 291.068603515625, 2009603, 2, 94
2021.49132575, 53.4636078583996, 122.37813056853, 291.099090576172, 2009603, 2, 94
2021.49132575, 53.4639002698056, 122.378082958434, 291.098266601562, 2009603, 2, 94
2021.49132575, 53.4641108156792, 122.378048384825, 291.065643310547, 2009603, 2, 94
2021.49132575, 53.4644043385142, 122.378000094523, 291.098907470703, 2009603, 2, 94
2021.49132575, 53.4646912092789, 122.377952874507, 291.090454101562, 2009603, 2, 94
2021.49132575, 53.46497754757, 122.377905727645, 291.098907470703, 2009603, 2, 94
2021.49132575, 53.4653071695846, 122.377851679845, 291.109130859375, 2009603, 2, 93
2021.49132575, 53.4657054994239, 122.377786308518, 291.116821289062, 2009603, 2, 93
2021.49132575, 53.4661235825165, 122.377716686345, 291.128448486328, 2009603, 2, 93
2021.49132575, 53.4666972079449, 122.377618662644, 291.123809814453, 2009603, 2, 93
2021.49132575, 53.4670942888128, 122.37755061025, 291.127777099609, 2009603, 2, 67
2021.4913255, 52.9852369394856, 122.503468014749, 431.726043701172, 2009603, 3, 60
2021.49132558, 53.1416010297213, 122.478130206186, 408.893951416016, 2009603, 3, 92
2021.49132573, 53.4442056048262, 122.428744992304, 289.965026855469, 2009603, 3, 96
2021.49132378, 49.5040187062727, 123.042885168726, 502.253784179688, 2009593, 4, 58
2021.49132378, 49.5040313865419, 123.042883259311, 502.249206542969, 2009593, 4, 58
2021.49132378, 49.5040440719492, 123.042881347139, 502.247772216797, 2009593, 4, 58
2021.49132378, 49.504063125886, 123.042878474222, 503.189270019531, 2009593, 4, 58
2021.49132378, 49.5040758196612, 123.042876555452, 503.195068359375, 2009593, 4, 58
2021.49132378, 49.5040948624595, 123.042873672272, 503.183532714844, 2009593, 4, 58
2021.49132378, 49.5041075626675, 123.042871746849, 503.181091308594, 2009593, 4, 58
2021.49132378, 49.5041393257691, 123.042866921818, 503.157806396484, 2009593, 4, 58
2021.49132378, 49.5041520400903, 123.042864986995, 503.136169433594, 2009593, 4, 58
2021.49132378, 49.5041711140721, 123.042862080138, 503.115661621094, 2009593, 4, 58
2021.49132378, 49.5041965534882, 123.042858195165, 503.106384277344, 2009593, 4, 58
2021.49132378, 49.5042220109117, 123.04285429963, 503.087524414062, 2009593, 4, 58
2021.49132378, 49.5042474853895, 123.042850393449, 503.05224609375, 2009593, 4, 58
2021.49132551, 52.9854085930236, 122.504797002266, 431.685943603516, 2009603, 4, 69
2021.49132559, 53.1404531052489, 122.479685854997, 408.811218261719, 2009603, 4, 56
2021.49132559, 53.1406995509855, 122.479645952343, 408.803863525391, 2009603, 4, 90
2021.49132559, 53.1408448539754, 122.479622354443, 408.810455322266, 2009603, 4, 84
2021.49132559, 53.1409901674103, 122.479598710443, 408.806274414062, 2009603, 4, 84
2021.49132574, 53.442288393522, 122.430436522616, 289.918670654297, 2009603, 4, 95
2021.49132574, 53.4436428512816, 122.430203530721, 289.885406494141, 2009603, 4, 94
2021.49132574, 53.4440989630127, 122.430128797406, 289.904632568359, 2009603, 4, 93
2021.49132574, 53.4443519730142, 122.4300880204, 289.906585693359, 2009603, 4, 86
2021.49132574, 53.4444911168086, 122.430065735745, 289.778778076172, 2009603, 4, 86
2021.49132241, 46.7892278383442, 123.474553527357, 140.07682800293, 2009593, 5, 86
2021.49132241, 46.7894067136517, 123.474529753687, 140.030426025391, 2009593, 5, 86
2021.49132376, 49.5060242174498, 123.086033927229, 502.148468017578, 2009593, 5, 66
2021.49132376, 49.5061323722888, 123.086018471998, 502.140289306641, 2009593, 5, 66
2021.4913256, 53.1905062856339, 122.518726537069, 403.282775878906, 2009603, 5, 85
2021.4913256, 53.1906209229376, 122.518708686909, 403.284790039062, 2009603, 5, 85
2021.4913256, 53.1908185375052, 122.518677538891, 403.329803466797, 2009603, 5, 92
2021.49132561, 53.2093728798087, 122.515675384489, 400.016967773438, 2009603, 5, 51
2021.49132561, 53.2165806290804, 122.514508934806, 399.480743408203, 2009603, 5, 80
2021.49132561, 53.2167016654864, 122.514490200125, 399.511566162109, 2009603, 5, 80
2021.49132573, 53.4505186459401, 122.476568333678, 289.041656494141, 2009603, 5, 80
2021.49132573, 53.4509568420135, 122.47649903968, 288.988189697266, 2009603, 5, 93
2021.49132573, 53.4516894069683, 122.476380334628, 288.998260498047, 2009603, 5, 94
2021.49132573, 53.4529189393404, 122.476174115228, 288.982208251953, 2009603, 5, 95
2021.49132573, 53.454555836928, 122.475905115559, 288.954223632812, 2009603, 5, 60
2021.49132242, 46.7895587366245, 123.475630013522, 140.052154541016, 2009593, 6, 56
2021.49132242, 46.7897102671946, 123.475608616355, 140.071899414062, 2009593, 6, 56
2021.49132242, 46.7898050478755, 123.475595322613, 140.03581237793, 2009593, 6, 84
2021.49132242, 46.7898683377552, 123.475586321615, 140.041244506836, 2009593, 6, 84
2021.49132242, 46.7899063401335, 123.475580881619, 140.008056640625, 2009593, 6, 84
2021.49132242, 46.7899506873304, 123.475574598404, 140.020385742188, 2009593, 6, 84
2021.49132377, 49.5060240942916, 123.087218900838, 502.111480712891, 2009593, 6, 59
2021.49132377, 49.5060496061505, 123.087215064109, 502.102233886719, 2009593, 6, 59
2021.49132377, 49.5060751186204, 123.087211227018, 502.112762451172, 2009593, 6, 59
2021.49132377, 49.5061006324768, 123.087207389715, 502.118133544922, 2009593, 6, 59
2021.49132377, 49.5061261516586, 123.087203544466, 502.118438720703, 2009593, 6, 59
2021.49132377, 49.5061580456969, 123.087198776124, 502.125823974609, 2009593, 6, 59
2021.49132377, 49.5061835661727, 123.08719494645, 502.123168945312, 2009593, 6, 59
2021.49132377, 49.5062090871122, 123.08719112256, 502.119018554688, 2009593, 6, 59
2021.49132377, 49.5062346107685, 123.087187290774, 502.114654541016, 2009593, 6, 59
2021.49132561, 53.1910031133593, 122.51993412877, 403.221893310547, 2009603, 6, 74
2021.49132561, 53.1910350329002, 122.519928600509, 403.232940673828, 2009603, 6, 74
2021.49132561, 53.1910605752962, 122.519924149017, 403.226196289062, 2009603, 6, 74
2021.49132561, 53.1910861151578, 122.519919707402, 403.225067138672, 2009603, 6, 74
2021.49132561, 53.191118045904, 122.519914160626, 403.224517822266, 2009603, 6, 74
2021.49132561, 53.1911499697614, 122.519908660368, 403.225433349609, 2009603, 6, 74
2021.49132561, 53.1911819006719, 122.519903135114, 403.234741210938, 2009603, 6, 74
2021.49132561, 53.1912138362261, 122.519897592934, 403.2509765625, 2009603, 6, 74
2021.49132561, 53.1912713062931, 122.519887722311, 403.265533447266, 2009603, 6, 90
2021.49132561, 53.1913415523134, 122.519875654499, 403.259582519531, 2009603, 6, 90
2021.49132561, 53.1914373256126, 122.519859339336, 403.282318115234, 2009603, 6, 90
2021.49132561, 53.1915458327538, 122.519841043715, 403.265075683594, 2009603, 6, 90
2021.49132561, 53.1916670669967, 122.519820770292, 403.266906738281, 2009603, 6, 90
2021.49132562, 53.2092917562545, 122.516978440489, 400.065216064453, 2009603, 6, 55
2021.49132562, 53.2093998189194, 122.516960440654, 400.038665771484, 2009603, 6, 55
2021.49132562, 53.2095396897705, 122.516937030901, 400.071441650391, 2009603, 6, 84
2021.49132562, 53.2096668630792, 122.516915625158, 400.043731689453, 2009603, 6, 84
2021.49132563, 53.2170186696271, 122.51572648634, 399.477783203125, 2009603, 6, 81
2021.49132563, 53.2170634098973, 122.515718938951, 399.481811523438, 2009603, 6, 81
2021.49132563, 53.2171017613668, 122.515712480776, 399.480255126953, 2009603, 6, 81
2021.49132563, 53.2171337300068, 122.515707074706, 399.455383300781, 2009603, 6, 81
2021.49132563, 53.2171720848575, 122.515700634573, 399.472229003906, 2009603, 6, 81
2021.49132563, 53.21721683173, 122.515693175416, 399.466491699219, 2009603, 6, 81
2021.49132563, 53.2172615886798, 122.515685676517, 399.46826171875, 2009603, 6, 70
2021.49132563, 53.2173191338282, 122.515675898089, 399.471069335938, 2009603, 6, 70
2021.49132563, 53.217376669006, 122.515666505449, 399.484191894531, 2009603, 6, 70
2021.49132563, 53.2174405885158, 122.515656143803, 399.477081298828, 2009603, 6, 70
2021.49132563, 53.2174853253647, 122.515648950733, 399.454833984375, 2009603, 6, 70
2021.49132563, 53.2175236709151, 122.515642783009, 399.488739013672, 2009603, 6, 70
2021.49132563, 53.217562012076, 122.515636646966, 399.47705078125, 2009603, 6, 70
2021.49132563, 53.2175939659776, 122.515631505204, 399.490783691406, 2009603, 6, 70
2021.49132563, 53.2176259091714, 122.515626419179, 399.478515625, 2009603, 6, 70
2021.49132563, 53.2176578498677, 122.515621353002, 399.481994628906, 2009603, 6, 70
2021.49132563, 53.2176834058885, 122.515617265928, 399.498168945312, 2009603, 6, 70
2021.49132563, 53.217715344504, 122.515612200516, 399.466766357422, 2009603, 6, 70
2021.49132563, 53.2177472731844, 122.515607173477, 399.482574462891, 2009603, 6, 70
2021.49132574, 53.4512661705456, 122.477739577635, 289.022094726562, 2009603, 6, 92
2021.49132574, 53.4514692593326, 122.477705940523, 288.987182617188, 2009603, 6, 92
2021.49132574, 53.4516277400419, 122.477679650796, 289.001708984375, 2009603, 6, 93
2021.49132574, 53.4517987545164, 122.47765133558, 288.967498779297, 2009603, 6, 94
2021.49132574, 53.4520456035911, 122.477610666051, 288.984222412109, 2009603, 6, 94
2021.49132574, 53.4523493509087, 122.477561068201, 288.966217041016, 2009603, 6, 95
2021.49132574, 53.4527103202107, 122.477503171463, 288.949157714844, 2009603, 6, 95
2021.49132574, 53.4531798547277, 122.477428787251, 288.952056884766, 2009603, 6, 95
2021.49132574, 53.4537652201111, 122.477335272987, 288.917175292969, 2009603, 6, 95
2021.49132574, 53.4542181659642, 122.477261082959, 288.946990966797, 2009603, 6, 95
2021.49132574, 53.4546391176599, 122.477190857113, 288.918182373047, 2009603, 6, 88
2021.49132574, 53.4550085499818, 122.477128599594, 288.950256347656, 2009603, 6, 55
