2021.03458541, 49.3076709352192, 137.915911230904, 238.267791748047, 2006423, 1, 72
2021.03458541, 49.3079187561568, 137.915871916027, 238.074508666992, 2006423, 1, 95
2021.03458541, 49.3081792011859, 137.915829623667, 237.972991943359, 2006423, 1, 94
2021.03458541, 49.3084330477351, 137.915786732237, 237.984451293945, 2006423, 1, 59
2021.03458577, 50.016097070346, 137.809563111998, 90.3835754394531, 2009603, 1, 64
2021.03458609, 50.6765674868178, 137.709324542109, 13.4462127685547, 2009603, 1, 95
2021.0345861, 50.6779839264985, 137.709092137781, 13.4601669311523, 2009603, 1, 88
2021.0345861, 50.6807168537898, 137.708625558216, 13.4201736450195, 2009603, 1, 68
2021.0345861, 50.681900530814, 137.708435618093, 13.501859664917, 2009603, 1, 81
2021.0345861, 50.6833839416388, 137.708177694819, 13.5557861328125, 2009603, 1, 61
2021.0345861, 50.6850707934799, 137.707897317887, 13.4756088256836, 2009603, 1, 87
2021.0345861, 50.6863793749096, 137.707677920729, 13.5158061981201, 2009603, 1, 55
2021.0345861, 50.6924183457649, 137.706666107459, 13.4243507385254, 2009603, 1, 60
2021.0345861, 50.6939947059841, 137.706411304289, 13.5560703277588, 2009603, 1, 96
2021.0345861, 50.695475914817, 137.706159168453, 13.5534563064575, 2009603, 1, 97
2021.0345861, 50.6969414867328, 137.705922716226, 13.5192022323608, 2009603, 1, 96
2021.03458611, 50.7007672857622, 137.705303351645, 13.4607105255127, 2009603, 1, 80
2021.03458611, 50.7019807207354, 137.705112341702, 13.4381999969482, 2009603, 1, 86
2021.03458611, 50.7033728462208, 137.704889660472, 13.3753271102905, 2009603, 1, 96
2021.03458611, 50.7048206904585, 137.704668522696, 13.3773651123047, 2009603, 1, 96
2021.03458611, 50.7063630929567, 137.704424110878, 13.4832382202148, 2009603, 1, 96
2021.03458611, 50.7077205539482, 137.704215486145, 13.4156475067139, 2009603, 1, 97
2021.03458611, 50.7092996148074, 137.703965161464, 13.4010562896729, 2009603, 1, 97
2021.03458611, 50.7121628366321, 137.703532142976, 13.3539972305298, 2009603, 1, 96
2021.03458611, 50.7136211364489, 137.703321183482, 13.4264450073242, 2009603, 1, 97
2021.03458611, 50.7149603864888, 137.703106970116, 13.424521446228, 2009603, 1, 96
2021.03458611, 50.716453255328, 137.702904259257, 13.3560409545898, 2009603, 1, 96
2021.03458612, 50.7179090125963, 137.702680390003, 13.4216957092285, 2009603, 1, 96
2021.03458612, 50.7233234001131, 137.701897478999, 13.2492837905884, 2009603, 1, 91
2021.03458612, 50.7242957053557, 137.70176090125, 13.3964319229126, 2009603, 1, 67
2021.03458706, 52.6188446437182, 137.404133125579, 48.5990257263184, 2007706, 1, 95
2021.03458706, 52.6192105343778, 137.40406913209, 48.5770454406738, 2007706, 1, 95
2021.03458706, 52.6196024960383, 137.403999653118, 48.5709953308105, 2007706, 1, 96
2021.03458706, 52.6199743571024, 137.403933026958, 48.5600700378418, 2007706, 1, 95
2021.03458706, 52.6203826602876, 137.403859408701, 48.6130981445312, 2007706, 1, 91
2021.03458708, 52.6443026236032, 137.399650214949, 47.4774856567383, 2007706, 1, 93
2021.03458708, 52.6447268224434, 137.399574508349, 47.4185333251953, 2007706, 1, 96
2021.03458708, 52.6451132830885, 137.399507297703, 47.3932647705078, 2007706, 1, 94
2021.03458708, 52.6455643151569, 137.399431759289, 47.4062423706055, 2007706, 1, 95
2021.03458708, 52.645991316498, 137.399360941576, 47.4016075134277, 2007706, 1, 95
2021.03458708, 52.6464000813297, 137.399291366204, 47.3729820251465, 2007706, 1, 95
2021.03458708, 52.6468349763109, 137.399213739867, 47.355541229248, 2007706, 1, 95
2021.03458708, 52.647256403601, 137.399136895431, 47.336254119873, 2007706, 1, 95
2021.03458708, 52.6477268284324, 137.399052974474, 47.2861633300781, 2007706, 1, 96
2021.03458708, 52.6482321035726, 137.39896801279, 47.6036834716797, 2007706, 1, 95
2021.03458708, 52.6486604460297, 137.398898537418, 48.098690032959, 2007706, 1, 95
2021.03458708, 52.6491019729581, 137.398827002344, 48.3525009155273, 2007706, 1, 54
2021.03458708, 52.6569850465285, 137.397478613481, 48.4752197265625, 2007706, 1, 76
2021.03458708, 52.6574203383827, 137.39741096814, 48.1400527954102, 2007706, 1, 94
2021.03458708, 52.6578507212402, 137.39734316846, 47.6038665771484, 2007706, 1, 95
2021.03458708, 52.658327263135, 137.397264158346, 47.317741394043, 2007706, 1, 93
2021.03458708, 52.65872942023, 137.397195906482, 47.3762893676758, 2007706, 1, 95
2021.03458708, 52.6591523485381, 137.397124551588, 47.2132034301758, 2007706, 1, 95
2021.03458708, 52.6595768165531, 137.39705519998, 47.17626953125, 2007706, 1, 93
2021.03458708, 52.6599939849571, 137.396988236026, 47.0955505371094, 2007706, 1, 95
2021.03458708, 52.6604470373915, 137.396915692832, 47.0547370910645, 2007706, 1, 95
2021.03458708, 52.6609322308622, 137.396835830481, 47.0920753479004, 2007706, 1, 93
2021.03458708, 52.6613286866689, 137.396770686662, 47.1238670349121, 2007706, 1, 92
2021.03458707, 52.6190089178948, 137.405124656365, 48.937744140625, 2007706, 2, 94
2021.03458707, 52.6202149236974, 137.404915764182, 48.6003494262695, 2007706, 2, 93
2021.0345854, 49.2860166182315, 137.964015167684, 252.024505615234, 2006423, 3, 58
2021.0345854, 49.2867681732101, 137.963898554528, 252.432525634766, 2006423, 3, 89
2021.03458611, 50.7045603999925, 137.750661929623, 13.3494386672974, 2009603, 3, 91
2021.03458611, 50.7109070466744, 137.749663563393, 13.2866373062134, 2009603, 3, 97
2021.03458611, 50.7144460428697, 137.749122129423, 13.407940864563, 2009603, 3, 97
2021.03458612, 50.7307032512892, 137.746757369018, 13.234073638916, 2009603, 3, 95
2021.03458708, 52.6491781492518, 137.446828144027, 45.9192008972168, 2007706, 3, 95
2021.03458708, 52.6497765316158, 137.446725849881, 45.9859924316406, 2007706, 3, 96
2021.03458708, 52.6503266157427, 137.446633629699, 45.9847145080566, 2007706, 3, 95
2021.03458708, 52.6509070150013, 137.446537775959, 46.4994087219238, 2007706, 3, 94
2021.03458541, 49.2864855696573, 137.96476971128, 252.290328979492, 2006423, 4, 51
2021.03458541, 49.2871511242642, 137.964657685287, 252.482360839844, 2006423, 4, 92
2021.03458709, 52.6490840242029, 137.447937518502, 45.7908782958984, 2007706, 4, 94
2021.03458512, 48.7269585251481, 138.08969135901, 547.718444824219, 2006423, 5, 79
2021.03458512, 48.7370410093075, 138.088143839803, 543.284484863281, 2006423, 5, 88
2021.03458512, 48.7371235378431, 138.088131185318, 543.170043945312, 2006423, 5, 88
2021.03458512, 48.7371997015498, 138.08811961697, 543.182983398438, 2006423, 5, 88
2021.03458512, 48.7372758124122, 138.088107829895, 543.154357910156, 2006423, 5, 93
2021.03458512, 48.7373582599486, 138.088095175864, 543.164794921875, 2006423, 5, 93
2021.03458512, 48.7374343441329, 138.088083475443, 543.226623535156, 2006423, 5, 93
2021.03458513, 48.7512803158406, 138.085943751927, 519.766967773438, 2006423, 5, 88
2021.03458513, 48.7513634350945, 138.08593116317, 519.797912597656, 2006423, 5, 88
2021.03458513, 48.7514656719463, 138.085915491148, 519.812438964844, 2006423, 5, 88
2021.03458513, 48.7578111596046, 138.084941323763, 516.058227539062, 2006423, 5, 91
2021.03458513, 48.7578874251127, 138.084929566177, 516.068664550781, 2006423, 5, 91
2021.03458513, 48.7579636954311, 138.084917850231, 515.993835449219, 2006423, 5, 91
2021.03458536, 49.2083226459933, 138.019406319389, 288.675109863281, 2006423, 5, 74
2021.03458536, 49.2085658618105, 138.019366584129, 288.609008789062, 2006423, 5, 74
2021.03458536, 49.2091138965307, 138.019276964498, 288.192230224609, 2006423, 5, 68
2021.03458537, 49.2340857221179, 138.015536325375, 277.06591796875, 2006423, 5, 83
2021.03458537, 49.2343535231468, 138.015500190862, 276.773468017578, 2006423, 5, 65
2021.03458538, 49.2458679650827, 138.013945877689, 273.766052246094, 2006423, 5, 83
2021.03458538, 49.2461543545218, 138.013907568976, 273.716674804688, 2006423, 5, 93
2021.03458538, 49.2463961685418, 138.013874992147, 273.679077148438, 2006423, 5, 89
2021.03458538, 49.2467014616964, 138.013833972728, 273.610565185547, 2006423, 5, 89
2021.03458538, 49.2562613450145, 138.012599006939, 264.404449462891, 2006423, 5, 95
2021.03458611, 50.7063758706957, 137.796253449167, 13.1088514328003, 2009603, 5, 71
2021.03458611, 50.7154274784764, 137.794848982999, 13.2414617538452, 2009603, 5, 96
2021.03458611, 50.7231141796677, 137.793697953807, 13.3594560623169, 2009603, 5, 97
2021.03458612, 50.7302265633447, 137.792668179933, 13.2551860809326, 2009603, 5, 98
2021.03458612, 50.7339711206342, 137.792137381085, 13.2361278533936, 2009603, 5, 98
2021.03458612, 50.7376836396505, 137.791632822954, 13.2673311233521, 2009603, 5, 98
2021.03458612, 50.7409668386566, 137.791183707768, 13.1733121871948, 2009603, 5, 97
2021.03458612, 50.7439978661571, 137.7907668104, 13.0874176025391, 2009603, 5, 97
2021.03458613, 50.7565319226106, 137.789042426251, 15.3912935256958, 2009603, 5, 55
2021.03458707, 52.6378336743852, 137.496772851833, 45.1546783447266, 2007706, 5, 94
2021.03458707, 52.638306814724, 137.496691482003, 45.0817832946777, 2007706, 5, 93
2021.03458707, 52.6386856479036, 137.49662612623, 45.2210350036621, 2007706, 5, 95
2021.03458707, 52.6391802504575, 137.496539998113, 45.0950546264648, 2007706, 5, 94
2021.03458513, 48.7271108707451, 138.090552009436, 547.550415039062, 2006423, 6, 81
2021.03458515, 48.7580673296034, 138.085967869863, 515.929870605469, 2006423, 6, 91
2021.03458537, 49.2086176328862, 138.020343167816, 288.579376220703, 2006423, 6, 94
2021.03458708, 52.6395421777343, 137.497388281239, 46.1068840026855, 2007706, 6, 93
