2021.18509635, 47.2892421926711, 121.502519549669, 468.837341308594, 2006419, 1, 61
2021.18509636, 47.3083966103642, 121.499791854748, 473.980865478516, 2006419, 1, 69
2021.18509636, 47.3101741933199, 121.499539717564, 474.176788330078, 2006419, 1, 52
2021.18509636, 47.3104478362818, 121.49950140952, 474.25390625, 2006419, 1, 51
2021.18509636, 47.3122897781273, 121.499239955525, 474.979248046875, 2006419, 1, 65
2021.18509636, 47.3124933817053, 121.499210526345, 474.893249511719, 2006419, 1, 65
2021.18509869, 51.9888671938676, 120.798554045357, 439.694000244141, 2009603, 1, 88
2021.18509871, 52.0235753998726, 120.793053208608, 429.445648193359, 2009603, 1, 94
2021.18509872, 52.0346726137885, 120.791299006635, 428.089935302734, 2009603, 1, 88
2021.18509879, 52.1713707159498, 120.769554527456, 408.101745605469, 2009603, 1, 93
2021.18509879, 52.1727476172754, 120.769338172547, 408.118682861328, 2009603, 1, 92
2021.18509882, 52.2463476246976, 120.757594889631, 404.083282470703, 2009603, 1, 89
2021.18509882, 52.2483997615711, 120.757270193237, 404.025115966797, 2009603, 1, 83
2021.18509883, 52.2503703215242, 120.756957440695, 403.603179931641, 2009603, 1, 66
2021.18509896, 52.5257119160912, 120.712856069115, 385.550048828125, 2009603, 1, 93
2021.18509897, 52.5499610248616, 120.708949177946, 384.170013427734, 2009603, 1, 92
2021.18509925, 53.1001941145168, 120.619752686137, 333.219268798828, 2009603, 1, 92
2021.18509925, 53.1010456927143, 120.619614744386, 333.242156982422, 2009603, 1, 91
2021.18509944, 53.4800567943585, 120.557351596643, 335.850280761719, 2009603, 1, 65
2021.18509957, 53.7371219703072, 120.514757646973, 500.0595703125, 2009603, 1, 79
2021.18509636, 47.2890552318148, 121.503666408081, 468.481353759766, 2006419, 2, 91
2021.18509636, 47.2891696528168, 121.50365046103, 468.712738037109, 2006419, 2, 91
2021.18509636, 47.2892777494658, 121.503635409123, 468.762939453125, 2006419, 2, 72
2021.18509636, 47.2893731390941, 121.503622065475, 468.473175048828, 2006419, 2, 72
2021.18509636, 47.2894749314486, 121.503607849311, 468.334594726562, 2006419, 2, 72
2021.18509872, 52.0172868668287, 120.795280791061, 430.565948486328, 2009603, 2, 60
2021.18509872, 52.017584912672, 120.795235589689, 430.382537841797, 2009603, 2, 81
2021.18509872, 52.0178957711162, 120.795188198247, 430.28369140625, 2009603, 2, 79
2021.18509872, 52.0181370630374, 120.795151009767, 430.160034179688, 2009603, 2, 82
2021.18509872, 52.018314953045, 120.795123152336, 429.746185302734, 2009603, 2, 82
2021.18509872, 52.0183849468503, 120.795111945217, 429.738830566406, 2009603, 2, 82
2021.18509872, 52.0184549539597, 120.795100689669, 429.710906982422, 2009603, 2, 82
2021.18509872, 52.022005027214, 120.79453526989, 429.570526123047, 2009603, 2, 68
2021.18509872, 52.0222918604291, 120.794488996733, 429.522735595703, 2009603, 2, 87
2021.18509872, 52.0228541812444, 120.794399607292, 429.843566894531, 2009603, 2, 90
2021.18509872, 52.023167204229, 120.794350444599, 429.580596923828, 2009603, 2, 87
2021.18509879, 52.1513103380149, 120.773982192385, 408.948852539062, 2009603, 2, 93
2021.18509879, 52.1518471876475, 120.773895908204, 408.962646484375, 2009603, 2, 95
2021.18509879, 52.1523714675138, 120.773815346933, 408.904327392578, 2009603, 2, 88
2021.1850988, 52.1693918615937, 120.771098528235, 408.392242431641, 2009603, 2, 65
2021.1850988, 52.1697671971272, 120.771039477489, 408.092376708984, 2009603, 2, 93
2021.1850988, 52.1701167359042, 120.770984827747, 408.178497314453, 2009603, 2, 95
2021.1850988, 52.170459797368, 120.770930968742, 408.194458007812, 2009603, 2, 95
2021.1850988, 52.1707710988122, 120.770881731807, 408.196411132812, 2009603, 2, 94
2021.1850988, 52.17107617137, 120.770832774453, 408.194122314453, 2009603, 2, 92
2021.1850988, 52.1714322193174, 120.770775370717, 408.153686523438, 2009603, 2, 94
2021.1850988, 52.1717883071167, 120.770718286953, 408.138427734375, 2009603, 2, 92
2021.1850988, 52.1723986947782, 120.770622486165, 408.522003173828, 2009603, 2, 57
2021.18509883, 52.2472197715157, 120.758696142449, 404.079803466797, 2009603, 2, 71
2021.18509883, 52.2476748389196, 120.758622843711, 403.902374267578, 2009603, 2, 82
2021.18509883, 52.2480735254578, 120.758559357758, 403.748596191406, 2009603, 2, 88
2021.18509884, 52.2485177872363, 120.758489801667, 403.691162109375, 2009603, 2, 91
2021.18509884, 52.2489062002377, 120.758429810774, 403.528167724609, 2009603, 2, 91
2021.18509884, 52.2493205800106, 120.758364953076, 403.4267578125, 2009603, 2, 89
2021.18509884, 52.2497858390787, 120.758290103361, 403.687561035156, 2009603, 2, 85
2021.18509926, 53.0996980011649, 120.621089110362, 333.524139404297, 2009603, 2, 62
2021.18509926, 53.0999256253764, 120.621052279041, 333.245452880859, 2009603, 2, 93
2021.18509926, 53.1001792026155, 120.621010795267, 333.078369140625, 2009603, 2, 93
2021.18509926, 53.1004593283201, 120.620964258342, 333.182098388672, 2009603, 2, 93
2021.18509926, 53.1007205370093, 120.620920571438, 333.217742919922, 2009603, 2, 94
2021.18509926, 53.1010453161609, 120.620866217772, 333.199768066406, 2009603, 2, 91
2021.18509926, 53.1013633297465, 120.620813157214, 333.277038574219, 2009603, 2, 88
2021.18509945, 53.4785383603069, 120.55887477956, 336.431518554688, 2009603, 2, 92
2021.18509945, 53.4788868176588, 120.558817785626, 336.212341308594, 2009603, 2, 93
2021.18509945, 53.4792153899652, 120.558765141368, 336.515472412109, 2009603, 2, 94
2021.18509945, 53.4798598915637, 120.558660491457, 335.607543945312, 2009603, 2, 91
2021.18509945, 53.4802146703351, 120.558601093769, 335.624786376953, 2009603, 2, 90
2021.18509957, 53.7300237384688, 120.517214963664, 499.581146240234, 2009603, 2, 78
2021.18509957, 53.7302083113964, 120.517185119435, 499.655609130859, 2009603, 2, 78
2021.18509957, 53.7304054852244, 120.517153107726, 499.807037353516, 2009603, 2, 66
2021.18509633, 47.2577988088682, 121.549661246514, 457.440582275391, 2006419, 3, 66
2021.18509633, 47.2580783530457, 121.549622323468, 457.387634277344, 2006419, 3, 56
2021.18509633, 47.2583269346319, 121.549586178853, 457.237030029297, 2006419, 3, 75
2021.18509868, 51.9545561739767, 120.851087835921, 449.271331787109, 2009603, 3, 77
2021.18509868, 51.9567757860627, 120.850743968894, 449.434844970703, 2009603, 3, 73
2021.18509869, 51.9741287862867, 120.848008598615, 445.722991943359, 2009603, 3, 90
2021.18509944, 53.4875695518183, 120.604941781847, 335.038665771484, 2009603, 3, 93
2021.18509868, 51.9490649432335, 120.853176200096, 449.591979980469, 2009603, 4, 92
2021.18509868, 51.9495136063473, 120.853105379074, 449.601318359375, 2009603, 4, 95
2021.18509869, 51.9552097637721, 120.852209762183, 449.217529296875, 2009603, 4, 77
2021.18509869, 51.9555962933585, 120.852147248011, 449.18896484375, 2009603, 4, 82
2021.18509869, 51.957968866307, 120.851770677373, 449.299926757812, 2009603, 4, 57
2021.1850987, 51.9737911834455, 120.849284631233, 445.597625732422, 2009603, 4, 90
2021.18509928, 53.136687163257, 120.663456820194, 331.385620117188, 2009603, 4, 92
2021.18509928, 53.1373947223294, 120.66334072806, 331.393188476562, 2009603, 4, 92
2021.18509945, 53.4869498982642, 120.606296005874, 335.0625, 2009603, 4, 92
2021.18509945, 53.4878095150283, 120.606159136398, 334.895843505859, 2009603, 4, 95
2021.18509945, 53.488766213344, 120.606005632026, 334.511871337891, 2009603, 4, 93
2021.18509957, 53.7292684245839, 120.566430074216, 491.092864990234, 2009603, 4, 65
2021.18509957, 53.729472743003, 120.566395553876, 491.353485107422, 2009603, 4, 65
2021.1850963, 47.1913147264514, 121.601605591325, 433.416259765625, 2006419, 5, 78
2021.1850963, 47.191543244014, 121.601572601649, 433.439575195312, 2006419, 5, 87
2021.1850963, 47.1916703240188, 121.601554302952, 433.424835205078, 2006419, 5, 87
2021.1850963, 47.1917718709954, 121.601539695811, 433.434387207031, 2006419, 5, 81
2021.1850963, 47.1918866638916, 121.601523295307, 433.421447753906, 2006419, 5, 81
2021.1850963, 47.1920079115529, 121.601506029436, 433.422912597656, 2006419, 5, 67
2021.1850963, 47.1921228432894, 121.601489741811, 433.438201904297, 2006419, 5, 68
2021.1850963, 47.1922505893794, 121.601471723653, 433.45654296875, 2006419, 5, 67
2021.1850963, 47.1924103137446, 121.601449349243, 433.578521728516, 2006419, 5, 67
2021.1850963, 47.1985726027526, 121.600589778306, 435.300476074219, 2006419, 5, 79
2021.18509632, 47.2289534118538, 121.596319400503, 441.650726318359, 2006419, 5, 54
2021.18509866, 51.9200886627527, 120.903491850867, 457.801330566406, 2009603, 5, 65
2021.18509866, 51.9251647301906, 120.902695801735, 456.848876953125, 2009603, 5, 89
2021.18509929, 53.1830191221919, 120.70305617707, 328.393676757812, 2009603, 5, 94
2021.18509631, 47.1897929304959, 121.603033255542, 433.13232421875, 2006419, 6, 86
2021.18509631, 47.1898435051024, 121.603026368882, 433.188842773438, 2006419, 6, 86
2021.18509631, 47.1899130686081, 121.603016917109, 433.242767333984, 2006419, 6, 86
2021.18509631, 47.1899700257018, 121.603009083925, 433.341217041016, 2006419, 6, 86
2021.18509631, 47.1900270046461, 121.603001287597, 433.379211425781, 2006419, 6, 88
2021.18509631, 47.1900776825768, 121.602994317121, 433.381164550781, 2006419, 6, 88
2021.18509631, 47.1901220513289, 121.602988177162, 433.402496337891, 2006419, 6, 88
2021.18509631, 47.1901791126378, 121.602980327278, 433.442687988281, 2006419, 6, 88
2021.18509631, 47.1902298792547, 121.6029732454, 433.450408935547, 2006419, 6, 88
2021.18509631, 47.1902870177753, 121.602965303071, 433.443603515625, 2006419, 6, 88
2021.18509631, 47.1903378422498, 121.602958196849, 433.436737060547, 2006419, 6, 88
2021.18509631, 47.1903759734247, 121.602952882901, 433.41259765625, 2006419, 6, 88
2021.18509631, 47.1904137911969, 121.602947833142, 433.423583984375, 2006419, 6, 88
2021.18509631, 47.1904521029591, 121.602942309775, 433.376373291016, 2006419, 6, 88
2021.18509631, 47.1904904246931, 121.602936806467, 433.398651123047, 2006419, 6, 88
2021.18509631, 47.1905351516622, 121.602930371084, 433.415679931641, 2006419, 6, 80
2021.18509631, 47.1905862871618, 121.602923009349, 433.413269042969, 2006419, 6, 80
2021.18509631, 47.1906310533985, 121.602916513932, 433.407806396484, 2006419, 6, 80
2021.18509631, 47.1906630389791, 121.602911867394, 433.421844482422, 2006419, 6, 80
2021.18509631, 47.1907078234499, 121.602905384823, 433.457794189453, 2006419, 6, 80
2021.18509631, 47.1907590242621, 121.602897923435, 433.499847412109, 2006419, 6, 70
2021.18509631, 47.190816629097, 121.602889552226, 433.487731933594, 2006419, 6, 70
2021.18509631, 47.1908678516371, 121.602882053418, 433.500640869141, 2006419, 6, 70
2021.18509631, 47.1909126677401, 121.60287552489, 433.478790283203, 2006419, 6, 70
2021.18509631, 47.1909574848719, 121.602868986376, 433.503356933594, 2006419, 6, 70
2021.18509631, 47.1987905859987, 121.601770278678, 435.746063232422, 2006419, 6, 76
2021.18509631, 47.1988539888841, 121.601761618848, 435.736907958984, 2006419, 6, 76
2021.18509631, 47.1989047188406, 121.601754648604, 435.779876708984, 2006419, 6, 76
2021.18509631, 47.1989554374602, 121.601747743026, 435.7255859375, 2006419, 6, 76
2021.18509631, 47.1990061549656, 121.601740842023, 435.738342285156, 2006419, 6, 92
2021.18509631, 47.1990632142251, 121.601733099727, 435.763061523438, 2006419, 6, 92
2021.18509631, 47.1991393035265, 121.601722750789, 435.87890625, 2006419, 6, 92
2021.18509631, 47.1992407524311, 121.60170903627, 435.945983886719, 2006419, 6, 92
2021.18509631, 47.1993423441701, 121.601695089396, 436.006286621094, 2006419, 6, 84
2021.18509633, 47.2292615790704, 121.597485590582, 442.095306396484, 2006419, 6, 58
2021.18509633, 47.2293377444144, 121.597475706266, 442.141021728516, 2006419, 6, 58
2021.18509633, 47.2294139063626, 121.597465807144, 442.129547119141, 2006419, 6, 58
2021.18509633, 47.2294837093901, 121.597456743704, 442.105804443359, 2006419, 6, 58
2021.18509633, 47.2295471583615, 121.597448525451, 442.081939697266, 2006419, 6, 74
2021.18509633, 47.2296042621195, 121.597441087829, 442.08935546875, 2006419, 6, 74
2021.18509633, 47.2296867431061, 121.597430280811, 442.180084228516, 2006419, 6, 74
2021.18509867, 51.9203944611492, 120.904781820086, 457.910430908203, 2009603, 6, 56
2021.18509867, 51.9207020834545, 120.904737780522, 457.694091796875, 2009603, 6, 85
2021.18509867, 51.9209782150908, 120.90469960044, 457.593872070312, 2009603, 6, 83
2021.18509867, 51.9221788937568, 120.904521565098, 458.130432128906, 2009603, 6, 64
2021.18509867, 51.9235727737855, 120.904291672211, 457.596466064453, 2009603, 6, 59
2021.18509867, 51.9238277620115, 120.904251450869, 457.667449951172, 2009603, 6, 80
2021.18509867, 51.9240885407633, 120.904211174039, 457.413269042969, 2009603, 6, 88
2021.18509867, 51.9243933413218, 120.904165207427, 457.139434814453, 2009603, 6, 89
2021.18509867, 51.9246660789049, 120.904124758022, 457.023895263672, 2009603, 6, 90
2021.18509944, 53.4769209040879, 120.656806275553, 333.329711914062, 2009603, 6, 71
2021.18509944, 53.4779852710344, 120.656632012059, 333.171875, 2009603, 6, 92
2021.18509958, 53.7470888513439, 120.612646121984, 484.91943359375, 2009603, 6, 69
2021.18509958, 53.7474164967808, 120.612592690638, 484.916595458984, 2009603, 6, 51
