2022.17212423, 45.9224241307454, 128.182290037823, 104.663818359375, 2009603, 1, 63
2022.17212423, 45.9226755258188, 128.182255453838, 104.632423400879, 2009603, 1, 89
2022.17212423, 45.9230614077152, 128.182202019318, 104.600021362305, 2009603, 1, 89
2022.17212423, 45.9234573640136, 128.18214730657, 104.60205078125, 2009603, 1, 90
2022.17212423, 45.9238110504989, 128.182098871946, 104.60262298584, 2009603, 1, 92
2022.17212423, 45.9241073193313, 128.182058389028, 104.61515045166, 2009603, 1, 92
2022.17212423, 45.9245305264665, 128.182000560992, 104.600563049316, 2009603, 1, 93
2022.17212423, 45.9248614064472, 128.181955165547, 104.601692199707, 2009603, 1, 93
2022.17212423, 45.9252837998127, 128.181896539675, 104.612380981445, 2009603, 1, 93
2022.17212423, 45.9256809948544, 128.181840469969, 104.597198486328, 2009603, 1, 93
2022.17212423, 45.9260579898162, 128.181786288704, 104.594085693359, 2009603, 1, 93
2022.17212423, 45.9264142079501, 128.181734462988, 104.592414855957, 2009603, 1, 92
2022.17212423, 45.9267569148041, 128.181684621558, 104.596755981445, 2009603, 1, 93
2022.17212423, 45.9271689246924, 128.181625509039, 104.606559753418, 2009603, 1, 92
2022.17212423, 45.9275747673027, 128.181568496618, 104.616897583008, 2009603, 1, 91
2022.17212423, 45.9283570987418, 128.181463309403, 104.615661621094, 2009603, 1, 76
2022.17212423, 45.9287595193194, 128.181411281421, 104.56623840332, 2009603, 1, 72
2022.17212423, 45.9291496194217, 128.181360956297, 104.606338500977, 2009603, 1, 76
2022.17212423, 45.9295776508557, 128.181304459675, 104.587043762207, 2009603, 1, 52
2022.17212567, 48.8058598516968, 127.771742779289, 249.975128173828, 2009603, 1, 73
2022.17212789, 53.2704685476491, 127.079985087435, 197.854522705078, 2009603, 1, 94
2022.1721279, 53.27444620206, 127.079336346585, 197.880432128906, 2009603, 1, 95
2022.1721279, 53.2751352389819, 127.079226817894, 197.893844604492, 2009603, 1, 95
2022.1721279, 53.2757787269332, 127.079122484094, 197.9150390625, 2009603, 1, 93
2022.17212866, 54.8065297127688, 126.822183076742, 381.580261230469, 2007667, 1, 57
2022.17212866, 54.8065994033007, 126.822171495046, 381.602233886719, 2007667, 1, 57
2022.17212866, 54.8066500798655, 126.822163001464, 381.601165771484, 2007667, 1, 57
2022.17212866, 54.8067133927693, 126.822152446298, 381.570983886719, 2007667, 1, 57
2022.17212866, 54.8153178292326, 126.82067559053, 384.053771972656, 2007667, 1, 70
2022.17212866, 54.8154380118817, 126.820655270555, 384.064208984375, 2007667, 1, 70
2022.17212424, 45.9227561552112, 128.183336448752, 104.700370788574, 2009603, 2, 89
2022.17212424, 45.9239356568264, 128.183172469183, 104.637893676758, 2009603, 2, 91
2022.17212424, 45.9255158363157, 128.182955971215, 104.633895874023, 2009603, 2, 93
2022.17212424, 45.9270808729332, 128.18273670768, 104.610481262207, 2009603, 2, 92
2022.17212425, 45.928680559481, 128.182518043137, 104.617218017578, 2009603, 2, 71
2022.17212868, 54.8153022949299, 126.821996054977, 384.369415283203, 2007667, 2, 87
2022.17212879, 55.0348990378897, 126.784136286567, 432.276245117188, 2007667, 2, 57
2022.17212423, 45.9275445392234, 128.223172939374, 104.560729980469, 2009603, 3, 59
2022.17212423, 45.9279104123797, 128.2231175251, 104.455917358398, 2009603, 3, 87
2022.17212423, 45.9283915824675, 128.223046922346, 104.463882446289, 2009603, 3, 89
2022.17212423, 45.928819783576, 128.222991510726, 104.441467285156, 2009603, 3, 88
2022.17212423, 45.9293103612688, 128.222929183173, 104.45597076416, 2009603, 3, 89
2022.17212423, 45.9298061589399, 128.222862657721, 104.498611450195, 2009603, 3, 88
2022.17212423, 45.9303079468485, 128.222788786286, 104.502670288086, 2009603, 3, 88
2022.17212423, 45.9307340074032, 128.222725336173, 104.456520080566, 2009603, 3, 89
2022.17212423, 45.931237465497, 128.222653313894, 104.479415893555, 2009603, 3, 80
2022.17212424, 45.9339118948948, 128.222300289619, 104.40975189209, 2009603, 3, 66
2022.17212424, 45.9345945912683, 128.222201873541, 104.402633666992, 2009603, 3, 83
2022.17212424, 45.9351087629892, 128.222128164743, 104.40421295166, 2009603, 3, 85
2022.17212424, 45.9355974815922, 128.222060246559, 104.436347961426, 2009603, 3, 82
2022.17212424, 45.9371321442422, 128.221861036381, 104.411895751953, 2009603, 3, 84
2022.17212424, 45.9377762474242, 128.221774134675, 104.446479797363, 2009603, 3, 74
2022.17212808, 53.6550164467086, 127.065463229468, 215.903839111328, 2009603, 3, 88
2022.17212808, 53.6555244622202, 127.065381064859, 215.927459716797, 2009603, 3, 87
2022.17212837, 54.2342528813001, 126.969198709033, 312.838592529297, 2009604, 3, 63
2022.17212837, 54.2354757790939, 126.969002143275, 312.519287109375, 2009604, 3, 87
2022.17212837, 54.2366176959497, 126.968804033574, 312.512908935547, 2009604, 3, 93
2022.17212837, 54.2375251057748, 126.968659220398, 312.561767578125, 2009604, 3, 75
2022.17212862, 54.7205464939427, 126.887150848495, 368.244537353516, 2007667, 3, 73
2022.17212862, 54.7205909306848, 126.887142985883, 368.262664794922, 2007667, 3, 73
2022.17212862, 54.7206481005224, 126.887132866462, 368.261322021484, 2007667, 3, 73
2022.17212862, 54.7207306559837, 126.887118213914, 368.278442382812, 2007667, 3, 73
2022.17212862, 54.7208580695728, 126.88709578929, 368.7802734375, 2007667, 3, 73
2022.17212867, 54.8360652146432, 126.867487912255, 388.066650390625, 2007667, 3, 64
2022.17212867, 54.8362109380986, 126.867463627111, 388.089202880859, 2007667, 3, 64
2022.17212868, 54.8477663451691, 126.865473033605, 389.433135986328, 2007667, 3, 65
2022.17212868, 54.8478942005493, 126.865450023187, 389.437652587891, 2007667, 3, 65
2022.17212869, 54.8753564135589, 126.860752728758, 404.018798828125, 2007667, 3, 79
2022.17212877, 55.0340061046434, 126.833583304352, 428.272583007812, 2007667, 3, 53
2022.17212877, 55.0341586570189, 126.83355612784, 428.331329345703, 2007667, 3, 53
2022.17212877, 55.034285809899, 126.833533715877, 428.375457763672, 2007667, 3, 60
2022.17212877, 55.0344129985424, 126.833511544058, 428.415466308594, 2007667, 3, 60
2022.17212877, 55.0345403094404, 126.833489128241, 428.409362792969, 2007667, 3, 68
2022.17212877, 55.0346675037552, 126.833468138452, 428.371124267578, 2007667, 3, 68
2022.17212877, 55.0347947681794, 126.833447343502, 428.345825195312, 2007667, 3, 64
2022.17212877, 55.0349539585366, 126.833421515189, 428.262756347656, 2007667, 3, 64
2022.17212877, 55.0350941611301, 126.833398832546, 428.211242675781, 2007667, 3, 68
2022.17212877, 55.0352153446346, 126.833379201224, 428.167144775391, 2007667, 3, 68
2022.17212877, 55.0353493830556, 126.833357389189, 428.110321044922, 2007667, 3, 68
2022.17212877, 55.0354835290767, 126.833335393471, 427.978363037109, 2007667, 3, 68
2022.17212877, 55.0356177365596, 126.833313166097, 427.974853515625, 2007667, 3, 53
2022.17212424, 45.9279168137816, 128.224243893633, 104.371978759766, 2009603, 4, 88
2022.17212424, 45.9288453943621, 128.224115020511, 104.413619995117, 2009603, 4, 88
2022.17212424, 45.9303153643686, 128.223913617946, 104.44164276123, 2009603, 4, 89
2022.17212424, 45.9316539354427, 128.223730478291, 104.429092407227, 2009603, 4, 67
2022.17212425, 45.9354634102994, 128.223205132348, 104.399726867676, 2009603, 4, 85
2022.17212425, 45.9379746733048, 128.222860399448, 104.387771606445, 2009603, 4, 79
2022.17212863, 54.7197619396927, 126.888655539896, 368.237579345703, 2007667, 4, 53
2022.17212863, 54.719978124514, 126.888618273522, 368.206634521484, 2007667, 4, 53
2022.17212868, 54.8368359274594, 126.868718108619, 388.087982177734, 2007667, 4, 61
2022.17212869, 54.8473047700857, 126.866929666629, 389.438079833984, 2007667, 4, 80
2022.17212424, 45.9475903777763, 128.262003012822, 104.453887939453, 2009603, 5, 61
2022.17212424, 45.9477562570814, 128.26198156714, 104.436050415039, 2009603, 5, 88
2022.17212424, 45.9479540493386, 128.26195589572, 104.427833557129, 2009603, 5, 88
2022.17212424, 45.9481391106599, 128.261931737836, 104.354431152344, 2009603, 5, 90
2022.17212424, 45.9483178124177, 128.261908195195, 104.337677001953, 2009603, 5, 90
2022.17212424, 45.9484965393632, 128.261884391717, 104.306571960449, 2009603, 5, 90
2022.17212424, 45.9486944534199, 128.26185771748, 104.300155639648, 2009603, 5, 91
2022.17212424, 45.9488732362243, 128.261833242499, 104.27986907959, 2009603, 5, 93
2022.17212424, 45.9490775741711, 128.261804813679, 104.294914245605, 2009603, 5, 92
2022.17212424, 45.9492883093476, 128.261775205551, 104.219734191895, 2009603, 5, 92
2022.17212424, 45.9494926463826, 128.261746295331, 104.271591186523, 2009603, 5, 92
2022.17212424, 45.9496969717317, 128.261717355048, 104.282844543457, 2009603, 5, 92
2022.17212424, 45.9498884616345, 128.261690222521, 104.273750305176, 2009603, 5, 93
2022.17212424, 45.9500798906325, 128.261663268161, 104.260276794434, 2009603, 5, 92
2022.17212424, 45.9502905584077, 128.261633707324, 104.275100708008, 2009603, 5, 93
2022.17212424, 45.9505201483389, 128.261601903019, 104.255783081055, 2009603, 5, 94
2022.17212424, 45.950774854273, 128.261567141175, 104.254531860352, 2009603, 5, 93
2022.17212424, 45.9509719230781, 128.261540610455, 104.280906677246, 2009603, 5, 93
2022.17212424, 45.951168736782, 128.261514477251, 104.27042388916, 2009603, 5, 92
2022.17212424, 45.9513779466702, 128.261487030325, 104.247650146484, 2009603, 5, 93
2022.17212424, 45.9515865310358, 128.261460302839, 104.240425109863, 2009603, 5, 92
2022.17212424, 45.9518078282375, 128.261431891969, 104.249877929688, 2009603, 5, 92
2022.17212424, 45.9520484175613, 128.261400633577, 104.211784362793, 2009603, 5, 92
2022.17212424, 45.9522577827776, 128.261372914298, 104.231369018555, 2009603, 5, 93
2022.17212424, 45.9524740318603, 128.261343714634, 104.211845397949, 2009603, 5, 93
2022.17212424, 45.9526974407244, 128.261312609668, 104.227241516113, 2009603, 5, 93
2022.17212424, 45.9529218052403, 128.261280304992, 104.238311767578, 2009603, 5, 92
2022.17212424, 45.9531335030447, 128.261249654997, 104.221992492676, 2009603, 5, 91
2022.17212424, 45.9533643581964, 128.261216394204, 104.214897155762, 2009603, 5, 93
2022.17212424, 45.9536332026738, 128.261178180943, 104.259696960449, 2009603, 5, 93
2022.17212424, 45.9538822087853, 128.261143493675, 104.283508300781, 2009603, 5, 93
2022.17212424, 45.9541233492411, 128.261111774225, 104.289436340332, 2009603, 5, 93
2022.17212424, 45.954344901942, 128.261082988363, 104.274032592773, 2009603, 5, 93
2022.17212424, 45.9545787419053, 128.261052666637, 104.259422302246, 2009603, 5, 92
2022.17212424, 45.9548629235228, 128.261015390957, 104.28702545166, 2009603, 5, 91
2022.17212424, 45.955128216638, 128.260979958484, 104.274032592773, 2009603, 5, 91
2022.17212424, 45.9553625869452, 128.260947065851, 104.281677246094, 2009603, 5, 90
2022.17212424, 45.9555972728698, 128.260913520719, 104.253547668457, 2009603, 5, 89
2022.17212424, 45.9558640545987, 128.260874915138, 104.240921020508, 2009603, 5, 90
2022.17212424, 45.9561057453739, 128.260839773471, 104.310722351074, 2009603, 5, 89
2022.17212424, 45.9563477531824, 128.260804682641, 104.341949462891, 2009603, 5, 85
2022.17212424, 45.9565707207018, 128.260772940309, 104.38452911377, 2009603, 5, 85
2022.17212424, 45.9568002100472, 128.260740667403, 104.377182006836, 2009603, 5, 68
2022.17212784, 53.1627235316431, 127.19437752705, 194.112884521484, 2009603, 5, 91
2022.17212785, 53.1844975257493, 127.190874761358, 194.786712646484, 2009603, 5, 95
2022.17212785, 53.1857201988803, 127.190670014007, 194.761245727539, 2009603, 5, 95
2022.17212785, 53.1866645001158, 127.190518545223, 194.874160766602, 2009603, 5, 95
2022.17212836, 54.2102831768519, 127.022818804893, 312.6982421875, 2009604, 5, 87
2022.17212836, 54.2114987507617, 127.022614345987, 312.544494628906, 2009604, 5, 93
2022.17212425, 45.949364286732, 128.262897853736, 104.384468078613, 2009603, 6, 89
2022.17212425, 45.9504788236814, 128.262742423278, 104.261589050293, 2009603, 6, 91
2022.17212425, 45.9513720334749, 128.262618600226, 104.238540649414, 2009603, 6, 94
2022.17212425, 45.9523184395851, 128.262491606802, 104.227821350098, 2009603, 6, 93
2022.17212425, 45.9532391921857, 128.262363331496, 104.268699645996, 2009603, 6, 92
2022.17212425, 45.954209094258, 128.262231201835, 104.283348083496, 2009603, 6, 92
2022.17212425, 45.9551738355207, 128.262102287813, 104.2451171875, 2009603, 6, 92
2022.17212426, 45.9562035682259, 128.261957093221, 104.262626647949, 2009603, 6, 90
2022.17212426, 45.9573379207312, 128.261805756487, 104.297470092773, 2009603, 6, 85
