2018.82668687, 52.941551169266, 138.681266939328, 6.74453973770142, 2009603, 1, 92
2018.82668687, 52.9409223429648, 138.681164005024, 6.76823616027832, 2009603, 1, 94
2018.82668687, 52.9388869072576, 138.680828383676, 6.60947370529175, 2009603, 1, 92
2018.82668687, 52.9314753050129, 138.679602047206, 5.98298501968384, 2009603, 1, 87
2018.82668687, 52.9311706541313, 138.679551785476, 6.08305931091309, 2009603, 1, 87
2018.82668687, 52.930305913798, 138.679410867975, 6.54898071289062, 2009603, 1, 75
2018.82668688, 52.941037516925, 138.679958813857, 6.75119018554688, 2009603, 2, 94
2018.82668688, 52.9407234893551, 138.67990662971, 6.7331485748291, 2009603, 2, 94
2018.82668688, 52.9404543589657, 138.679862093699, 6.72266578674316, 2009603, 2, 94
2018.82668688, 52.9309967158962, 138.678318017886, 5.9865870475769, 2009603, 2, 80
2018.82668688, 52.930945653924, 138.678309966671, 6.01208591461182, 2009603, 2, 80
2018.82668688, 52.9308945204059, 138.678301803861, 6.02104377746582, 2009603, 2, 80
2018.82668688, 52.9308497492449, 138.678294663862, 6.00656223297119, 2009603, 2, 80
2018.82668688, 52.9304654175685, 138.678234131364, 6.35732460021973, 2009603, 2, 84
2018.82668688, 52.930362862316, 138.678218130112, 6.38429498672485, 2009603, 2, 84
2018.82668688, 52.9302859170503, 138.678206011697, 6.41101932525635, 2009603, 2, 84
2018.82668688, 52.9302154227401, 138.678194980012, 6.38490343093872, 2009603, 2, 86
2018.82668688, 52.9300873344768, 138.678174963138, 6.46655750274658, 2009603, 2, 86
2018.82668688, 52.9299018312512, 138.678145887685, 6.41765260696411, 2009603, 2, 80
2018.82668688, 52.9297868725239, 138.678127828048, 6.41362190246582, 2009603, 2, 80
2018.82668688, 52.9296466690272, 138.678105708818, 6.39599370956421, 2009603, 2, 80
2018.82668688, 52.9294691653917, 138.678077551038, 6.43142223358154, 2009603, 2, 81
2018.82668688, 52.9293425299995, 138.67805738278, 6.45629119873047, 2009603, 2, 81
2018.82668688, 52.9292286027137, 138.678039091137, 6.44336938858032, 2009603, 2, 81
2018.82668688, 52.9290957423213, 138.67801774969, 6.45966386795044, 2009603, 2, 81
2018.82668688, 52.9289058771076, 138.677986981578, 6.57092142105103, 2009603, 2, 68
2018.82668687, 52.9380787843794, 138.632491608441, 7.64965724945068, 2009603, 3, 53
2018.82668687, 52.9361773527393, 138.63217991023, 7.55607843399048, 2009603, 3, 82
2018.82668687, 52.9360127588562, 138.632152962337, 7.57470846176147, 2009603, 3, 82
2018.82668687, 52.9358355461472, 138.632123947893, 7.5660457611084, 2009603, 3, 95
2018.82668687, 52.9357279580989, 138.632106334182, 7.58581829071045, 2009603, 3, 92
2018.82668687, 52.9356456772423, 138.632092872823, 7.61728239059448, 2009603, 3, 92
2018.82668687, 52.9355697193, 138.632080443754, 7.60370492935181, 2009603, 3, 92
2018.82668687, 52.9354810843862, 138.632065950346, 7.61135005950928, 2009603, 3, 92
2018.82668687, 52.9353924289329, 138.632051442365, 7.62427568435669, 2009603, 3, 92
2018.82668687, 52.9353037529912, 138.632036945685, 7.62289810180664, 2009603, 3, 92
2018.82668687, 52.9352403941977, 138.632026576281, 7.64577054977417, 2009603, 3, 95
2018.82668687, 52.9351834293637, 138.632017249872, 7.64605665206909, 2009603, 3, 95
2018.82668687, 52.9351136171647, 138.632005854816, 7.65310287475586, 2009603, 3, 95
2018.82668687, 52.9350437869269, 138.631994453474, 7.65237474441528, 2009603, 3, 95
2018.82668687, 52.934986642343, 138.631985125738, 7.67067289352417, 2009603, 3, 94
2018.82668687, 52.9349358422497, 138.631976829765, 7.67682647705078, 2009603, 3, 94
2018.82668687, 52.9348913843071, 138.631969564675, 7.67203044891357, 2009603, 3, 94
2018.82668687, 52.934840571093, 138.631961268171, 7.66323614120483, 2009603, 3, 94
2018.82668687, 52.9347643437195, 138.631948825046, 7.64047336578369, 2009603, 3, 94
2018.82668687, 52.9346690499251, 138.631933257701, 7.59166383743286, 2009603, 3, 96
2018.82668687, 52.9345610394748, 138.631915611215, 7.59225654602051, 2009603, 3, 96
2018.82668687, 52.9344593826291, 138.631898994314, 7.62722969055176, 2009603, 3, 94
2018.82668687, 52.9343640800646, 138.631883407996, 7.6116304397583, 2009603, 3, 94
2018.82668687, 52.9342751385942, 138.631868853851, 7.64285373687744, 2009603, 3, 94
2018.82668687, 52.9341862039929, 138.631854305319, 7.63991355895996, 2009603, 3, 95
2018.82668687, 52.9341036308749, 138.631840782416, 7.63537120819092, 2009603, 3, 95
2018.82668687, 52.9340083704081, 138.631825186691, 7.59628486633301, 2009603, 3, 95
2018.82668687, 52.9339003712023, 138.631807514949, 7.58862352371216, 2009603, 3, 95
2018.82668687, 52.9337925807233, 138.631789793974, 7.58009004592896, 2009603, 3, 95
2018.82668687, 52.9336911356514, 138.631773100812, 7.56810235977173, 2009603, 3, 94
2018.82668687, 52.9335770141214, 138.631754341924, 7.56603527069092, 2009603, 3, 94
2018.82668687, 52.933469220258, 138.631736623474, 7.56528091430664, 2009603, 3, 95
2018.82668687, 52.9333614111092, 138.631718918294, 7.55147886276245, 2009603, 3, 95
2018.82668687, 52.9332345367775, 138.631698085293, 7.6258339881897, 2009603, 3, 96
2018.82668687, 52.933094919965, 138.631675203642, 7.5583381652832, 2009603, 3, 96
2018.82668687, 52.9329679306829, 138.631654420051, 7.5605297088623, 2009603, 3, 95
2018.82668687, 52.9328535769377, 138.631635722384, 7.57100200653076, 2009603, 3, 95
2018.82668687, 52.9327391635554, 138.631617039686, 7.56748390197754, 2009603, 3, 96
2018.82668687, 52.932631091723, 138.631599362716, 7.57218837738037, 2009603, 3, 96
2018.82668687, 52.9325228019253, 138.631581819324, 7.56810474395752, 2009603, 3, 96
2018.82668687, 52.9324080903951, 138.631563245606, 7.5851936340332, 2009603, 3, 95
2018.82668687, 52.9322997132713, 138.631545680914, 7.55800724029541, 2009603, 3, 95
2018.82668687, 52.9321849307767, 138.631527064304, 7.56944036483765, 2009603, 3, 95
2018.82668687, 52.932070129986, 138.631508406298, 7.57422637939453, 2009603, 3, 95
2018.82668687, 52.9319616989842, 138.631490740731, 7.59059286117554, 2009603, 3, 95
2018.82668687, 52.9318468961406, 138.631471992829, 7.57084321975708, 2009603, 3, 95
2018.82668687, 52.9317321070325, 138.631453191677, 7.5849814414978, 2009603, 3, 94
2018.82668687, 52.9316173469467, 138.631434333221, 7.56995534896851, 2009603, 3, 94
2018.82668687, 52.931496247399, 138.631414365412, 7.58755683898926, 2009603, 3, 94
2018.82668687, 52.9313878900147, 138.63139653723, 7.58105897903442, 2009603, 3, 94
2018.82668687, 52.9312669666191, 138.631376292972, 7.59173059463501, 2009603, 3, 94
2018.82668688, 52.9382442840439, 138.631320548459, 7.50064754486084, 2009603, 4, 78
2018.82668688, 52.9382188705061, 138.631316424293, 7.51335382461548, 2009603, 4, 78
2018.82668688, 52.9381934621122, 138.631312305308, 7.49605655670166, 2009603, 4, 78
2018.82668688, 52.9381680466978, 138.631308175612, 7.48730897903442, 2009603, 4, 78
2018.82668688, 52.9381426339328, 138.631304047649, 7.50033235549927, 2009603, 4, 78
2018.82668688, 52.9381172235734, 138.631299921816, 7.47722339630127, 2009603, 4, 78
2018.82668688, 52.9380918073, 138.631295786881, 7.48937892913818, 2009603, 4, 78
2018.82668688, 52.9380663930768, 138.631291651226, 7.4801926612854, 2009603, 4, 78
2018.82668688, 52.9380346331677, 138.631286492781, 7.50204467773438, 2009603, 4, 78
2018.82668688, 52.9380028562197, 138.631281311688, 7.53790807723999, 2009603, 4, 78
2018.82668688, 52.936227400233, 138.630989503365, 7.53338575363159, 2009603, 4, 84
2018.82668688, 52.936202008259, 138.630985392793, 7.52230358123779, 2009603, 4, 84
2018.82668688, 52.9361702965064, 138.630980291394, 7.52556657791138, 2009603, 4, 84
2018.82668688, 52.9361449087922, 138.630976189909, 7.52878999710083, 2009603, 4, 84
2018.82668688, 52.936113212034, 138.630971109088, 7.53923225402832, 2009603, 4, 84
2018.82668688, 52.9360815004068, 138.630966016238, 7.55421829223633, 2009603, 4, 84
2018.82668688, 52.936056122442, 138.630961933184, 7.53304243087769, 2009603, 4, 84
2018.82668688, 52.9360244397267, 138.630956880306, 7.52611589431763, 2009603, 4, 84
2018.82668688, 52.9359927488294, 138.63095182053, 7.56221437454224, 2009603, 4, 92
2018.82668688, 52.9359547207169, 138.630945754894, 7.57739400863647, 2009603, 4, 92
2018.82668688, 52.9359103734065, 138.630938704363, 7.55274820327759, 2009603, 4, 92
2018.82668688, 52.9358723548519, 138.630932660977, 7.56735992431641, 2009603, 4, 92
2018.82668688, 52.9358280198105, 138.630925639738, 7.59602832794189, 2009603, 4, 92
2018.82668688, 52.9357963605939, 138.63092064012, 7.53279685974121, 2009603, 4, 92
2018.82668688, 52.9357710363995, 138.630916646138, 7.5381383895874, 2009603, 4, 92
2018.82668688, 52.9357457158249, 138.630912658794, 7.53677272796631, 2009603, 4, 96
2018.82668688, 52.9357204062745, 138.630908687659, 7.53427219390869, 2009603, 4, 96
2018.82668688, 52.935695087132, 138.630904706652, 7.5557222366333, 2009603, 4, 96
2018.82668688, 52.9356697783226, 138.630900739061, 7.54869699478149, 2009603, 4, 96
2018.82668688, 52.9356444699063, 138.630896775523, 7.51868629455566, 2009603, 4, 96
2018.82668688, 52.9356191604704, 138.630892812972, 7.52664661407471, 2009603, 4, 96
2018.82668688, 52.9355938523727, 138.630888854518, 7.52903127670288, 2009603, 4, 96
2018.82668688, 52.9355685504442, 138.630884905902, 7.5252890586853, 2009603, 4, 96
2018.82668688, 52.9355432503773, 138.630880961466, 7.51505756378174, 2009603, 4, 96
2018.82668688, 52.9355179530836, 138.630877022998, 7.51921606063843, 2009603, 4, 96
2018.82668688, 52.9354926582216, 138.630873088832, 7.52830362319946, 2009603, 4, 93
2018.82668688, 52.9354673592491, 138.630869149967, 7.52477121353149, 2009603, 4, 93
2018.82668688, 52.9354420679697, 138.630865224218, 7.5320930480957, 2009603, 4, 93
2018.82668688, 52.9354166928176, 138.630861052415, 7.53521680831909, 2009603, 4, 93
2018.82668688, 52.9353914312668, 138.630857213429, 7.55339670181274, 2009603, 4, 93
2018.82668688, 52.9353661686605, 138.630853375682, 7.5423412322998, 2009603, 4, 93
2018.82668688, 52.9353409115459, 138.630849545303, 7.54962968826294, 2009603, 4, 93
2018.82668688, 52.9353093429421, 138.630844763363, 7.55127239227295, 2009603, 4, 93
2018.82668688, 52.9352840883044, 138.630840938696, 7.53847932815552, 2009603, 4, 93
2018.82668688, 52.9352588231597, 138.630837100303, 7.54074478149414, 2009603, 4, 93
2018.82668688, 52.9352335637636, 138.63083327136, 7.5504674911499, 2009603, 4, 95
2018.82668688, 52.9352020040819, 138.630828503733, 7.54462337493896, 2009603, 4, 95
2018.82668688, 52.9351767386564, 138.630824668463, 7.54348468780518, 2009603, 4, 95
2018.82668688, 52.9351451759004, 138.630819897274, 7.55448055267334, 2009603, 4, 95
2018.82668688, 52.9351199071569, 138.630816057353, 7.54564142227173, 2009603, 4, 95
2018.82668688, 52.935088343761, 138.630811284499, 7.53790140151978, 2009603, 4, 95
2018.82668688, 52.9350630749929, 138.63080744306, 7.54845523834229, 2009603, 4, 95
2018.82668688, 52.9350378124017, 138.630803606047, 7.54290056228638, 2009603, 4, 95
2018.82668688, 52.9350062446531, 138.630798823685, 7.55154943466187, 2009603, 4, 95
2018.82668688, 52.9349809772983, 138.630794980267, 7.55463218688965, 2009603, 4, 95
2018.82668688, 52.9349557120442, 138.63079113751, 7.54047346115112, 2009603, 4, 95
2018.82668688, 52.9349304436928, 138.630787290076, 7.54959011077881, 2009603, 4, 95
2018.82668688, 52.9349051612468, 138.630783423057, 7.54228925704956, 2009603, 4, 95
2018.82668688, 52.9348798845933, 138.630779561564, 7.53697443008423, 2009603, 4, 95
2018.82668688, 52.9348546075592, 138.630775696595, 7.54773950576782, 2009603, 4, 95
2018.82668688, 52.9348293290343, 138.630771825443, 7.53101491928101, 2009603, 4, 95
2018.82668688, 52.934804046099, 138.630767948393, 7.54665660858154, 2009603, 4, 95
2018.82668688, 52.9347724443111, 138.63076310132, 7.56218862533569, 2009603, 4, 95
2018.82668688, 52.9347471516591, 138.630759206395, 7.55414056777954, 2009603, 4, 94
2018.82668688, 52.9347218517338, 138.63075530042, 7.53496026992798, 2009603, 4, 94
2018.82668688, 52.9346965486581, 138.630751386798, 7.55941152572632, 2009603, 4, 94
2018.82668688, 52.9346649289687, 138.630746501223, 7.53566980361938, 2009603, 4, 94
2018.82668688, 52.9346396096244, 138.630742561184, 7.54408407211304, 2009603, 4, 94
2018.82668688, 52.9346142975241, 138.630738624106, 7.53437232971191, 2009603, 4, 94
2018.82668688, 52.9345763308744, 138.630732716936, 7.56519842147827, 2009603, 4, 94
2018.82668688, 52.9343418649797, 138.630695691715, 7.63510608673096, 2009603, 4, 94
2018.82668688, 52.9342467037492, 138.630680458929, 7.59360361099243, 2009603, 4, 64
2018.82668688, 52.9341578895062, 138.630666534535, 7.64160251617432, 2009603, 4, 64
2018.82668688, 52.9340560695161, 138.630649403613, 7.62160682678223, 2009603, 4, 64
2018.82668688, 52.9339350380436, 138.630628875584, 7.58098459243774, 2009603, 4, 64
2018.82668688, 52.9324988254364, 138.630392385371, 7.56753301620483, 2009603, 4, 90
2018.82668688, 52.9324096588484, 138.630378829067, 7.54725885391235, 2009603, 4, 90
2018.82668688, 52.93236505868, 138.630372004893, 7.55627107620239, 2009603, 4, 90
2018.82668688, 52.9323204850633, 138.630365189581, 7.55014085769653, 2009603, 4, 90
2018.82668688, 52.9322822885909, 138.630359337324, 7.53171014785767, 2009603, 4, 90
2018.82668688, 52.9322440952217, 138.630353467728, 7.52105712890625, 2009603, 4, 92
2018.82668688, 52.9322059239936, 138.630347597847, 7.54715585708618, 2009603, 4, 92
2018.82668688, 52.932174114958, 138.630342689189, 7.5134449005127, 2009603, 4, 92
2018.82668688, 52.9321359293808, 138.630336755397, 7.54934978485107, 2009603, 4, 92
2018.82668688, 52.9321041190458, 138.630331801783, 7.48302030563354, 2009603, 4, 92
2018.82668688, 52.9320723098918, 138.630326827846, 7.52490329742432, 2009603, 4, 92
2018.82668688, 52.9320404948518, 138.6303218251, 7.52019262313843, 2009603, 4, 92
2018.82668688, 52.9320087087402, 138.630316833364, 7.55584335327148, 2009603, 4, 92
2018.82668688, 52.9319832629012, 138.630312800573, 7.55256128311157, 2009603, 4, 93
2018.82668688, 52.9319578268258, 138.630308766546, 7.5469651222229, 2009603, 4, 93
2018.82668688, 52.931932401616, 138.630304728834, 7.54575204849243, 2009603, 4, 93
2018.82668688, 52.9319069718743, 138.630300669489, 7.53895902633667, 2009603, 4, 93
2018.82668688, 52.9318815428383, 138.630296595299, 7.52987861633301, 2009603, 4, 93
2018.82668688, 52.9318561195383, 138.630292510426, 7.54841661453247, 2009603, 4, 93
2018.82668688, 52.9318306855567, 138.630288396599, 7.54722452163696, 2009603, 4, 93
2018.82668688, 52.9317989154329, 138.630283256133, 7.54683685302734, 2009603, 4, 93
2018.82668688, 52.9317734955414, 138.630279117752, 7.570481300354, 2009603, 4, 93
2018.82668688, 52.9317480682539, 138.630274955844, 7.55100393295288, 2009603, 4, 94
2018.82668688, 52.9317226551575, 138.630270792696, 7.54935455322266, 2009603, 4, 94
2018.82668688, 52.9316908938896, 138.630265571187, 7.54249286651611, 2009603, 4, 94
2018.82668688, 52.9316654713729, 138.630261357447, 7.54714345932007, 2009603, 4, 94
2018.82668688, 52.9316400592799, 138.630257138707, 7.55507659912109, 2009603, 4, 94
2018.82668688, 52.9316083256921, 138.630252638039, 7.55214595794678, 2009603, 4, 94
2018.82668688, 52.9315829002595, 138.630248140868, 7.54865837097168, 2009603, 4, 94
2018.82668688, 52.931551151546, 138.630242533241, 7.54248237609863, 2009603, 4, 94
2018.82668688, 52.9315257388304, 138.630238015653, 7.53257656097412, 2009603, 4, 94
2018.82668688, 52.9315003291627, 138.630233486358, 7.54420709609985, 2009603, 4, 94
2018.82668688, 52.9314685824124, 138.630227824197, 7.54933834075928, 2009603, 4, 95
2018.82668688, 52.9314431660846, 138.630223258525, 7.55028057098389, 2009603, 4, 95
2018.82668688, 52.9314114249315, 138.630217569767, 7.55528402328491, 2009603, 4, 95
2018.82668688, 52.9313860136982, 138.630212986113, 7.5419487953186, 2009603, 4, 95
2018.82668688, 52.9313542722143, 138.630207269969, 7.54723834991455, 2009603, 4, 95
2018.82668688, 52.931328870827, 138.630202676584, 7.55506753921509, 2009603, 4, 95
2018.82668688, 52.9312971242655, 138.630196934992, 7.58913135528564, 2009603, 4, 95
2018.82668688, 52.9312653884044, 138.630191197069, 7.61132001876831, 2009603, 4, 95
2018.82668688, 52.9312399889352, 138.630186589589, 7.58579349517822, 2009603, 4, 96
2018.82668688, 52.9312082573133, 138.630180846816, 7.60289525985718, 2009603, 4, 96
2018.82668688, 52.9311828570438, 138.630176233355, 7.60090255737305, 2009603, 4, 96
2018.82668688, 52.9311511185024, 138.630170479149, 7.5859317779541, 2009603, 4, 96
2018.82668688, 52.9311193997673, 138.630164747373, 7.60097312927246, 2009603, 4, 96
2018.82668688, 52.931094011328, 138.630160150339, 7.60204267501831, 2009603, 4, 96
2018.82668688, 52.9310622787912, 138.630154411156, 7.6065993309021, 2009603, 4, 96
2018.82668688, 52.9310368821618, 138.630149812439, 7.60086345672607, 2009603, 4, 96
2018.82668688, 52.9310051667895, 138.630144107013, 7.64708566665649, 2009603, 4, 96
2018.82668688, 52.9309797693922, 138.63013951985, 7.60436344146729, 2009603, 4, 95
2018.82668688, 52.9309480530356, 138.630133833152, 7.64520072937012, 2009603, 4, 95
2018.82668688, 52.9309226623198, 138.630129271806, 7.6190767288208, 2009603, 4, 95
2018.82668688, 52.9308909510739, 138.630123614136, 7.65579128265381, 2009603, 4, 95
2018.82668688, 52.9308655614268, 138.630119077322, 7.60378551483154, 2009603, 4, 95
2018.82668688, 52.9308338428164, 138.630113443715, 7.62780237197876, 2009603, 4, 95
2018.82668688, 52.9308021300899, 138.630107837179, 7.60642671585083, 2009603, 4, 95
2018.82668688, 52.9307767383232, 138.630103340726, 7.63818168640137, 2009603, 4, 95
2018.82668688, 52.9307450303387, 138.630097778975, 7.613365650177, 2009603, 4, 95
2018.82668688, 52.9307196463636, 138.630093324906, 7.63428831100464, 2009603, 4, 95
2018.82668688, 52.9306879343272, 138.630087799307, 7.63138389587402, 2009603, 4, 95
2018.82668688, 52.9306562213731, 138.630082301123, 7.63152551651001, 2009603, 4, 95
2018.82668688, 52.9306308396006, 138.630077908184, 7.62842559814453, 2009603, 4, 95
2018.82668688, 52.9305991328058, 138.630072467621, 7.63316440582275, 2009603, 4, 95
2018.82668688, 52.930573747277, 138.630068111597, 7.6418604850769, 2009603, 4, 95
2018.82668688, 52.9305420447439, 138.630062728933, 7.70633792877197, 2009603, 4, 95
2018.82668688, 52.9305166604552, 138.63005841896, 7.64595031738281, 2009603, 4, 95
2018.82668688, 52.9304849634462, 138.630053099432, 7.65358686447144, 2009603, 4, 93
2018.82668688, 52.9304595824687, 138.63004883735, 7.66658020019531, 2009603, 4, 93
2018.82668688, 52.9304342122461, 138.630044611855, 7.6386079788208, 2009603, 4, 93
2018.82668688, 52.9304025140952, 138.630039376888, 7.64454936981201, 2009603, 4, 93
2018.82668688, 52.9303771346937, 138.630035189152, 7.65570259094238, 2009603, 4, 93
2018.82668688, 52.9303517992957, 138.630030193594, 7.65593528747559, 2009603, 4, 93
2018.82668688, 52.9303264207164, 138.630026276919, 7.65709686279297, 2009603, 4, 93
2018.82668688, 52.9303010510791, 138.630022393966, 7.6435694694519, 2009603, 4, 93
2018.82668688, 52.93027566587, 138.630018513429, 7.63562393188477, 2009603, 4, 93
2018.82668688, 52.9302502927882, 138.630014666306, 7.65089797973633, 2009603, 4, 93
2018.82668688, 52.9302185794346, 138.63000989273, 7.64875793457031, 2009603, 4, 82
2018.82668688, 52.9301932032653, 138.630006088478, 7.6297812461853, 2009603, 4, 82
2018.82668688, 52.9301678254539, 138.63000230086, 7.67046642303467, 2009603, 4, 82
2018.82668688, 52.930142450651, 138.629998535383, 7.66549301147461, 2009603, 4, 94
2018.82668688, 52.9301170588304, 138.629994765604, 7.69267845153809, 2009603, 4, 94
2018.82668688, 52.9300853532111, 138.629990118318, 7.66921854019165, 2009603, 4, 94
2018.82668688, 52.9300536343699, 138.629985477594, 7.69147348403931, 2009603, 4, 94
2018.82668688, 52.9300282480619, 138.629981765632, 7.68984889984131, 2009603, 4, 94
2018.82668688, 52.9299965415162, 138.629977178902, 7.71029090881348, 2009603, 4, 92
2018.82668688, 52.9299711668051, 138.629973511205, 7.72694730758667, 2009603, 4, 92
2018.82668688, 52.9299457800266, 138.62996984105, 7.69753885269165, 2009603, 4, 92
2018.82668688, 52.9299140590676, 138.629965281653, 7.70649003982544, 2009603, 4, 92
2018.82668688, 52.9298696746803, 138.629958952945, 7.7671332359314, 2009603, 4, 92
2018.82668688, 52.9297554790758, 138.629942693888, 7.77682781219482, 2009603, 4, 92
2018.82668689, 52.8934497506704, 138.577163472415, 10.0599164962769, 2009603, 5, 95
2018.82668689, 52.893399016305, 138.577155380851, 10.0464487075806, 2009603, 5, 95
2018.82668689, 52.8933482820285, 138.577147274712, 10.0181264877319, 2009603, 5, 95
2018.82668689, 52.8932912047123, 138.577138136808, 9.99974536895752, 2009603, 5, 95
2018.82668689, 52.8932341264544, 138.577128984452, 10.0075397491455, 2009603, 5, 94
2018.82668689, 52.8931770435757, 138.577119819247, 10.0263528823853, 2009603, 5, 94
2018.82668689, 52.8931199569537, 138.57711063729, 10.0391445159912, 2009603, 5, 94
2018.82668689, 52.8930692090896, 138.577102465917, 10.0061197280884, 2009603, 5, 94
2018.82668689, 52.8930121136638, 138.577093267346, 10.0050716400146, 2009603, 5, 94
2018.82668689, 52.890181478558, 138.576642701414, 9.85745811462402, 2009603, 5, 82
2018.82668689, 52.8900291507539, 138.576618762665, 9.84694862365723, 2009603, 5, 82
2018.82668689, 52.8898959243238, 138.576597856516, 9.88955593109131, 2009603, 5, 96
2018.82668689, 52.8897375973516, 138.576573223228, 9.90230560302734, 2009603, 5, 97
2018.82668689, 52.8896046483019, 138.576552572735, 9.88139724731445, 2009603, 5, 97
2018.82668689, 52.8894907088003, 138.576534893136, 9.88255310058594, 2009603, 5, 96
2018.82668689, 52.8893704333524, 138.576516236726, 9.88475608825684, 2009603, 5, 96
2018.82668689, 52.8892628018076, 138.576499547697, 9.89850425720215, 2009603, 5, 96
2018.82668689, 52.8891488096513, 138.576481858474, 9.90761852264404, 2009603, 5, 96
2018.82668689, 52.8890411081219, 138.576465123604, 9.90515804290771, 2009603, 5, 96
2018.82668689, 52.8889333565676, 138.57644837701, 9.91247940063477, 2009603, 5, 95
2018.8266869, 52.8888255450062, 138.576431595889, 9.93177890777588, 2009603, 5, 95
2018.8266869, 52.8887176720594, 138.576414772638, 9.90928363800049, 2009603, 5, 95
2018.8266869, 52.8885843086784, 138.576393916621, 9.94280242919922, 2009603, 5, 95
2018.8266869, 52.8884125723979, 138.576366953646, 9.93556785583496, 2009603, 5, 94
2018.8266869, 52.8882343116114, 138.576338879664, 9.89758682250977, 2009603, 5, 91
2018.8266869, 52.8881196383492, 138.576320785593, 9.91269302368164, 2009603, 5, 91
2018.8266869, 52.8879921679721, 138.576300641776, 9.93040561676025, 2009603, 5, 86
2018.8266869, 52.8878837785743, 138.576283493971, 9.96056842803955, 2009603, 5, 86
2018.8266869, 52.8876669331418, 138.576249163867, 9.94605350494385, 2009603, 5, 93
2018.8266869, 52.887520222948, 138.576225930877, 9.9108943939209, 2009603, 5, 93
2018.8266869, 52.8874054122678, 138.576207790018, 9.89987087249756, 2009603, 5, 96
2018.8266869, 52.8872906118913, 138.576189579933, 9.89386367797852, 2009603, 5, 96
2018.8266869, 52.8871503371428, 138.576167357206, 9.94705295562744, 2009603, 5, 96
2018.8266869, 52.886971880786, 138.576139166012, 9.97087955474854, 2009603, 5, 96
2018.8266869, 52.886761703018, 138.576106075203, 9.96397972106934, 2009603, 5, 96
2018.8266869, 52.8865898726263, 138.576079170811, 9.95285415649414, 2009603, 5, 52
2018.8266869, 52.8929862941678, 138.575873830525, 9.94165420532227, 2009603, 6, 90
2018.8266869, 52.8929608791323, 138.575869800381, 9.92891883850098, 2009603, 6, 90
2018.8266869, 52.8929354671738, 138.575865773471, 9.9245719909668, 2009603, 6, 90
2018.8266869, 52.8929100716566, 138.575861740753, 9.91476440429688, 2009603, 6, 90
2018.8266869, 52.8928783452304, 138.575856694949, 9.89528846740723, 2009603, 6, 90
2018.8266869, 52.8928529726627, 138.575852659339, 9.90166759490967, 2009603, 6, 90
2018.8266869, 52.8928271419704, 138.57584855964, 9.90512943267822, 2009603, 6, 90
2018.8266869, 52.892795594228, 138.57584353938, 9.91467666625977, 2009603, 6, 90
2018.8266869, 52.8927703438546, 138.5758395386, 9.91458988189697, 2009603, 6, 90
2018.8266869, 52.8927388260547, 138.575834513209, 9.91876029968262, 2009603, 6, 90
2018.8266869, 52.8927135925899, 138.575830512846, 9.91682243347168, 2009603, 6, 90
2018.8266869, 52.892682088414, 138.575825492468, 9.9000358581543, 2009603, 6, 90
2018.8266869, 52.8926568708804, 138.575821491165, 9.91639232635498, 2009603, 6, 90
2018.8266869, 52.892625382375, 138.575816471837, 9.90609931945801, 2009603, 6, 90
2018.8266869, 52.8926001749751, 138.575812474596, 9.91230010986328, 2009603, 6, 90
2018.8266869, 52.8925686826543, 138.575807467643, 9.90951633453369, 2009603, 6, 90
2018.8266869, 52.8925372067291, 138.57580245346, 9.91927909851074, 2009603, 6, 90
2018.8266869, 52.8925120111145, 138.575798455499, 9.9316987991333, 2009603, 6, 90
2018.8266869, 52.8924805422296, 138.575793442315, 9.92618846893311, 2009603, 6, 94
2018.8266869, 52.8924490661274, 138.575788436883, 9.91064643859863, 2009603, 6, 94
2018.8266869, 52.8924238703636, 138.57578444435, 9.90811061859131, 2009603, 6, 94
2018.8266869, 52.89239240252, 138.575779436368, 9.9199686050415, 2009603, 6, 94
2018.8266869, 52.8923609229941, 138.575774434915, 9.92433643341064, 2009603, 6, 94
2018.8266869, 52.8923294378881, 138.57576943757, 9.93872928619385, 2009603, 6, 94
2018.8266869, 52.892297955186, 138.575764436688, 9.91927242279053, 2009603, 6, 94
2018.8266869, 52.8922664439295, 138.575759453983, 9.95553588867188, 2009603, 6, 94
2018.8266869, 52.8922349460884, 138.575754457856, 9.93395137786865, 2009603, 6, 68
2018.8266869, 52.8921971525919, 138.575748455104, 9.92077922821045, 2009603, 6, 94
2018.8266869, 52.8921656388643, 138.575743463157, 9.93870449066162, 2009603, 6, 94
2018.8266869, 52.8921404112805, 138.575739475996, 9.90910243988037, 2009603, 6, 94
2018.8266869, 52.8921088873366, 138.575734479119, 9.92908763885498, 2009603, 6, 94
2018.8266869, 52.8920836419682, 138.575730495387, 9.93501091003418, 2009603, 6, 94
2018.8266869, 52.892052097, 138.575725500707, 9.95612335205078, 2009603, 6, 94
2018.8266869, 52.8920268448553, 138.575721510969, 9.99569988250732, 2009603, 6, 94
2018.8266869, 52.8920078966734, 138.57571852108, 10.0028371810913, 2009603, 6, 94
2018.8266869, 52.8919889484169, 138.57571552837, 9.99978256225586, 2009603, 6, 71
2018.8266869, 52.8919763078696, 138.575713537487, 10.0278511047363, 2009603, 6, 71
2018.8266869, 52.8919574077204, 138.575710505477, 9.12856864929199, 2009603, 6, 71
2018.8266869, 52.8919447078749, 138.575708553912, 10.0665445327759, 2009603, 6, 71
2018.8266869, 52.8919257975037, 138.575705521086, 9.13416767120361, 2009603, 6, 71
2018.8266869, 52.8919130950441, 138.575703567192, 10.022027015686, 2009603, 6, 71
2018.8266869, 52.8918878020842, 138.575699572318, 9.96970176696777, 2009603, 6, 71
2018.8266869, 52.8918624897718, 138.575695583504, 9.92071533203125, 2009603, 6, 71
2018.8266869, 52.8918371694696, 138.575691593172, 9.91644859313965, 2009603, 6, 71
2018.8266869, 52.8917928162462, 138.575684622548, 9.92784118652344, 2009603, 6, 71
2018.82668691, 52.8899835563111, 138.575401952538, 9.9361047744751, 2009603, 6, 94
2018.82668691, 52.8899516453325, 138.575396882262, 9.92409610748291, 2009603, 6, 94
2018.82668691, 52.8899197488568, 138.575391811111, 9.92072296142578, 2009603, 6, 94
2018.82668691, 52.8898751276884, 138.575384701849, 9.97380638122559, 2009603, 6, 94
2018.82668691, 52.8898177717494, 138.575375578516, 9.99012184143066, 2009603, 6, 94
2018.82668691, 52.8897159313498, 138.575359344489, 9.9914493560791, 2009603, 6, 96
2018.82668691, 52.8896396437977, 138.575347162798, 9.96251487731934, 2009603, 6, 96
2018.82668691, 52.8895824557706, 138.575338040972, 9.98143100738525, 2009603, 6, 96
2018.82668691, 52.8895253111451, 138.575328918076, 9.98526573181152, 2009603, 6, 96
2018.82668691, 52.8894745538051, 138.575320804399, 9.98378849029541, 2009603, 6, 95
2018.82668691, 52.8894238260289, 138.575312690521, 9.99700832366943, 2009603, 6, 95
2018.82668691, 52.8893857735651, 138.575306623789, 9.97929859161377, 2009603, 6, 95
2018.82668691, 52.8893477675377, 138.575300535373, 10.0044946670532, 2009603, 6, 95
2018.82668691, 52.8893160735366, 138.575295488629, 9.98530006408691, 2009603, 6, 95
2018.82668691, 52.8892844024018, 138.575290430488, 9.96835231781006, 2009603, 6, 95
2018.82668691, 52.8892527550678, 138.575285363217, 9.95858860015869, 2009603, 6, 95
2018.82668691, 52.8892274155344, 138.575281330098, 9.97772979736328, 2009603, 6, 95
2018.82668691, 52.8891957721811, 138.575276272917, 9.98138046264648, 2009603, 6, 95
2018.82668691, 52.8891704462253, 138.575272239885, 9.97103881835938, 2009603, 6, 95
2018.82668691, 52.8891451361627, 138.575268200266, 9.96433639526367, 2009603, 6, 95
2018.82668691, 52.8891135087019, 138.575263150869, 9.96739482879639, 2009603, 6, 95
2018.82668691, 52.8890881981106, 138.575259120321, 9.96603965759277, 2009603, 6, 95
2018.82668691, 52.8890628970194, 138.575255087438, 9.96634006500244, 2009603, 6, 95
2018.82668691, 52.8890312788363, 138.575250045218, 9.97916793823242, 2009603, 6, 95
2018.82668691, 52.8890059803704, 138.575246088165, 9.9840087890625, 2009603, 6, 96
2018.82668691, 52.8889806795459, 138.575242049139, 9.98460578918457, 2009603, 6, 95
2018.82668691, 52.8889553865497, 138.575238007193, 10.0021238327026, 2009603, 6, 95
2018.82668691, 52.8889237848228, 138.575232949758, 10.0187034606934, 2009603, 6, 95
2018.82668691, 52.8888984965506, 138.575228914034, 9.98362636566162, 2009603, 6, 95
2018.82668691, 52.8888732032615, 138.575224882799, 9.9948205947876, 2009603, 6, 95
2018.82668691, 52.8888479174924, 138.575220849782, 9.99937915802002, 2009603, 6, 95
2018.82668691, 52.8888163204538, 138.575215805113, 9.98526763916016, 2009603, 6, 95
2018.82668691, 52.8887910350454, 138.575211777762, 9.98477649688721, 2009603, 6, 95
2018.82668691, 52.8887657485265, 138.575207754606, 9.98371887207031, 2009603, 6, 95
2018.82668691, 52.8887404560536, 138.575203737817, 9.98684215545654, 2009603, 6, 95
2018.82668691, 52.8887151720117, 138.575199718096, 9.99037742614746, 2009603, 6, 95
2018.82668691, 52.8886835754016, 138.575194692333, 9.99365043640137, 2009603, 6, 95
2018.82668691, 52.8886582922275, 138.575190677319, 10.012659072876, 2009603, 6, 95
2018.82668691, 52.8886330057919, 138.575186666343, 10.0183124542236, 2009603, 6, 95
2018.82668691, 52.8886077175356, 138.575182659432, 10.0160703659058, 2009603, 6, 95
2018.82668691, 52.8885824149449, 138.575178664313, 10.0245151519775, 2009603, 6, 95
2018.82668691, 52.8885508101926, 138.575173656672, 10.0491323471069, 2009603, 6, 95
2018.82668691, 52.8885255157136, 138.575169659742, 10.0465984344482, 2009603, 6, 95
2018.82668691, 52.8885002124725, 138.575165671419, 10.0488042831421, 2009603, 6, 95
2018.82668691, 52.8884749183235, 138.575161679584, 10.0441465377808, 2009603, 6, 96
2018.82668691, 52.8884433010308, 138.575156688888, 10.05726146698, 2009603, 6, 96
2018.82668691, 52.8884179952379, 138.575152706593, 10.0552492141724, 2009603, 6, 96
2018.82668691, 52.8883926893744, 138.575148725628, 10.0578670501709, 2009603, 6, 96
2018.82668691, 52.8883673811238, 138.575144746707, 10.0442838668823, 2009603, 6, 96
2018.82668691, 52.8883420614759, 138.575140777487, 10.0500593185425, 2009603, 6, 96
2018.82668691, 52.8883167448625, 138.57513680672, 10.0576448440552, 2009603, 6, 96
2018.82668691, 52.8882914275748, 138.575132836266, 10.0536994934082, 2009603, 6, 96
2018.82668691, 52.8882597839409, 138.57512787397, 10.0719423294067, 2009603, 6, 96
2018.82668691, 52.888234448193, 138.57512391783, 10.0459785461426, 2009603, 6, 96
2018.82668691, 52.8882027952747, 138.575118960932, 10.0562324523926, 2009603, 6, 96
2018.82668691, 52.888177450986, 138.575115011288, 10.0466480255127, 2009603, 6, 96
2018.82668691, 52.8881457861143, 138.57511006181, 10.0724925994873, 2009603, 6, 96
2018.82668691, 52.8881140890561, 138.575105135716, 10.1183643341064, 2009603, 6, 96
2018.82668691, 52.8880760811273, 138.57509920151, 10.0878629684448, 2009603, 6, 96
2018.82668691, 52.8880443873652, 138.575094271736, 10.1211309432983, 2009603, 6, 96
2018.82668691, 52.8880126797611, 138.575089348579, 10.0949182510376, 2009603, 6, 96
2018.82668691, 52.8879873030152, 138.575085415993, 10.127908706665, 2009603, 6, 95
2018.82668691, 52.8879555986722, 138.575080486461, 10.0886163711548, 2009603, 6, 95
2018.82668691, 52.8879302070557, 138.575076561002, 10.0980348587036, 2009603, 6, 95
2018.82668691, 52.8878159561213, 138.575058865321, 10.1841096878052, 2009603, 6, 95
2018.82668691, 52.8874150369267, 138.574997528114, 10.024374961853, 2009603, 6, 90
2018.82668691, 52.8873576728909, 138.574988765346, 9.94025039672852, 2009603, 6, 90
2018.82668691, 52.8873257905997, 138.574983890523, 9.94653987884521, 2009603, 6, 90
2018.82668691, 52.8872875103316, 138.574978040313, 9.96399593353271, 2009603, 6, 90
2018.82668691, 52.8872301025809, 138.574969222722, 9.97930812835693, 2009603, 6, 94
2018.82668691, 52.8871344165912, 138.574954435605, 10.0066680908203, 2009603, 6, 94
2018.82668691, 52.8870131791516, 138.574935546017, 9.98052024841309, 2009603, 6, 94
2018.82668691, 52.8868919108033, 138.574916464846, 9.99131488800049, 2009603, 6, 96
2018.82668691, 52.8867961754778, 138.574901239856, 10.0059213638306, 2009603, 6, 96
2018.82668691, 52.8867260019435, 138.574889965367, 9.99418163299561, 2009603, 6, 95
2018.82668691, 52.8866685715224, 138.57488069521, 9.99035167694092, 2009603, 6, 95
2018.82668691, 52.8866111716403, 138.574871354499, 10.0009326934814, 2009603, 6, 95
2018.82668691, 52.886560146178, 138.5748630145, 10.0002527236938, 2009603, 6, 95
2018.82668691, 52.886509126663, 138.574854636383, 9.99262619018555, 2009603, 6, 95
2018.82668691, 52.88647085889, 138.574848330341, 9.97642707824707, 2009603, 6, 96
2018.82668691, 52.8864388983253, 138.574843344843, 9.96468448638916, 2009603, 6, 96
2018.82668691, 52.886413419896, 138.574839015498, 9.97394847869873, 2009603, 6, 96
2018.82668691, 52.8863816000522, 138.57483357341, 9.97925186157227, 2009603, 6, 96
2018.82668691, 52.8863561382267, 138.574829215625, 9.97648239135742, 2009603, 6, 96
2018.82668691, 52.8863306797389, 138.574824849609, 9.98076248168945, 2009603, 6, 96
2018.82668691, 52.8863052305031, 138.574820472608, 9.98118305206299, 2009603, 6, 96
2018.82668691, 52.8862797663396, 138.574816099405, 9.99909400939941, 2009603, 6, 96
2018.82668691, 52.8862543110323, 138.57481171428, 10.0018358230591, 2009603, 6, 96
2018.82668691, 52.8862288598325, 138.574807322289, 10.0232915878296, 2009603, 6, 95
2018.82668691, 52.8862034116913, 138.574802924099, 10.0276136398315, 2009603, 6, 95
2018.82668691, 52.886171612452, 138.57479741439, 10.031867980957, 2009603, 6, 95
2018.82668691, 52.8861461611971, 138.574793012385, 10.030161857605, 2009603, 6, 95
2018.82668691, 52.8861207240836, 138.574788597547, 10.0233726501465, 2009603, 6, 95
2018.82668691, 52.8860952898034, 138.574784179876, 10.0137338638306, 2009603, 6, 95
2018.82668691, 52.8860698506123, 138.574779766615, 10.0317716598511, 2009603, 6, 95
2018.82668691, 52.8860444147704, 138.574775348269, 10.0283517837524, 2009603, 6, 95
2018.82668691, 52.8860189793047, 138.574770930321, 10.0191631317139, 2009603, 6, 95
