2021.84548725, 53.4047469572812, 118.502065261772, 480.563781738281, 2009603, 1, 82
2021.84548725, 53.404715071065, 118.502059868146, 480.587860107422, 2009603, 1, 82
2021.84548725, 53.4046895482236, 118.502055608951, 480.574157714844, 2009603, 1, 82
2021.84548725, 53.4046640401754, 118.502051306812, 480.567291259766, 2009603, 1, 82
2021.84548725, 53.4046321562798, 118.502045915653, 480.575073242188, 2009603, 1, 82
2021.84548725, 53.4046066432005, 118.502041631582, 480.575775146484, 2009603, 1, 82
2021.84548725, 53.4045747591506, 118.502036256698, 480.587921142578, 2009603, 1, 82
2021.84548725, 53.4045301334262, 118.502028708598, 480.682464599609, 2009603, 1, 82
2021.84548725, 53.3975681962337, 118.500874528627, 477.367279052734, 2009603, 1, 67
2021.84548725, 53.3975107833001, 118.500865671791, 477.323822021484, 2009603, 1, 67
2021.84548725, 53.3974724896215, 118.500859818444, 477.305908203125, 2009603, 1, 66
2021.84548725, 53.3974341982337, 118.500853942389, 477.273132324219, 2009603, 1, 66
2021.84548725, 53.3974022784882, 118.500849059747, 477.268005371094, 2009603, 1, 66
2021.84548725, 53.3973703476307, 118.500844205826, 477.273406982422, 2009603, 1, 66
2021.84548725, 53.397344787969, 118.50084037045, 477.276733398438, 2009603, 1, 66
2021.84548725, 53.397312848436, 118.500835528675, 477.271026611328, 2009603, 1, 66
2021.84548725, 53.3972811585291, 118.500830532617, 477.267181396484, 2009603, 1, 66
2021.84548725, 53.3972427165654, 118.500824790921, 477.274383544922, 2009603, 1, 66
2021.84548725, 53.3972106602044, 118.500820084871, 477.289184570312, 2009603, 1, 66
2021.84548725, 53.3971722056599, 118.500814359983, 477.316772460938, 2009603, 1, 66
2021.84548725, 53.3971401424471, 118.500809650613, 477.266418457031, 2009603, 1, 66
2021.84548725, 53.3971080766298, 118.50080494636, 477.274261474609, 2009603, 1, 66
2021.84548725, 53.3970696103323, 118.500799248204, 477.282135009766, 2009603, 1, 66
2021.84548725, 53.3970375501045, 118.50079452244, 477.266906738281, 2009603, 1, 66
2021.84548725, 53.3970054854348, 118.500789819594, 477.275299072266, 2009603, 1, 66
2021.84548778, 52.3414659268067, 118.329383890459, 419.400299072266, 2009603, 1, 63
2021.84548778, 52.3414273730659, 118.32937762016, 419.393951416016, 2009603, 1, 63
2021.84548778, 52.3413952301483, 118.329372479541, 419.380828857422, 2009603, 1, 63
2021.84548778, 52.3413631016021, 118.329367292011, 419.372985839844, 2009603, 1, 63
2021.84548778, 52.3413309824411, 118.329362091837, 419.388031005859, 2009603, 1, 63
2021.84548778, 52.3412988607563, 118.32935692818, 419.399566650391, 2009603, 1, 63
2021.84548778, 52.3412667384943, 118.329351800805, 419.381408691406, 2009603, 1, 63
2021.84548778, 52.3412282168585, 118.329345593144, 419.384613037109, 2009603, 1, 88
2021.84548778, 52.3411961109863, 118.329340490313, 419.361145019531, 2009603, 1, 88
2021.84548778, 52.3411576040514, 118.329334331244, 419.399078369141, 2009603, 1, 88
2021.84548778, 52.3411191079089, 118.329328195756, 419.396301269531, 2009603, 1, 88
2021.84548778, 52.3410806275084, 118.329322069774, 419.399169921875, 2009603, 1, 88
2021.84548778, 52.3410357604156, 118.32931491564, 419.384124755859, 2009603, 1, 88
2021.84548778, 52.3410037151512, 118.329309865137, 419.359344482422, 2009603, 1, 88
2021.84548778, 52.3409652934598, 118.329303763126, 419.356323242188, 2009603, 1, 90
2021.84548778, 52.3409332741515, 118.329298735354, 419.382141113281, 2009603, 1, 90
2021.84548778, 52.3409012758269, 118.329293697481, 419.353820800781, 2009603, 1, 90
2021.84548778, 52.3408628998885, 118.329287647864, 419.363647460938, 2009603, 1, 90
2021.84548778, 52.3408309267991, 118.329282656392, 419.389495849609, 2009603, 1, 90
2021.84548778, 52.3407922902571, 118.329276396576, 419.379211425781, 2009603, 1, 90
2021.84548778, 52.3407668282682, 118.329272511813, 419.367248535156, 2009603, 1, 90
2021.84548778, 52.3407350226773, 118.329267623319, 419.363189697266, 2009603, 1, 93
2021.84548778, 52.3407032270929, 118.32926276618, 419.365203857422, 2009603, 1, 93
2021.84548778, 52.3406714452489, 118.329257912472, 419.351867675781, 2009603, 1, 93
2021.84548778, 52.340639682053, 118.329253056231, 419.356689453125, 2009603, 1, 93
2021.84548778, 52.3406079272007, 118.32924822311, 419.361938476562, 2009603, 1, 93
2021.84548778, 52.3405761950744, 118.329243362989, 419.349853515625, 2009603, 1, 93
2021.84548778, 52.3405508043979, 118.329239537324, 419.356170654297, 2009603, 1, 93
2021.84548778, 52.3405190818622, 118.32923473173, 419.331970214844, 2009603, 1, 93
2021.84548778, 52.3404873784643, 118.329229901876, 419.357299804688, 2009603, 1, 93
2021.84548778, 52.3404620112461, 118.329226092112, 419.349639892578, 2009603, 1, 93
2021.84548778, 52.3404303227786, 118.329221285904, 419.34423828125, 2009603, 1, 93
2021.84548778, 52.3404049693526, 118.329217480508, 419.344482421875, 2009603, 1, 93
2021.84548778, 52.3403732963369, 118.329212686215, 419.334991455078, 2009603, 1, 93
2021.84548778, 52.340347959347, 118.329208882391, 419.354949951172, 2009603, 1, 93
2021.84548778, 52.3403163001329, 118.329204097144, 419.351959228516, 2009603, 1, 93
2021.84548778, 52.3402909684874, 118.329200306898, 419.350463867188, 2009603, 1, 93
2021.84548778, 52.3402593230335, 118.329195524432, 419.343170166016, 2009603, 1, 93
2021.84548778, 52.340233997542, 118.329191744218, 419.345916748047, 2009603, 1, 92
2021.84548778, 52.3402023601332, 118.32918697235, 419.336883544922, 2009603, 1, 92
2021.84548778, 52.3401770429888, 118.329183193307, 419.345733642578, 2009603, 1, 92
2021.84548778, 52.3401454145749, 118.329178415291, 419.344390869141, 2009603, 1, 92
2021.84548778, 52.3401201069459, 118.329174632504, 419.3720703125, 2009603, 1, 92
2021.84548778, 52.3400884824663, 118.329169861248, 419.361694335938, 2009603, 1, 92
2021.84548778, 52.3400631742702, 118.329166082932, 419.357025146484, 2009603, 1, 92
2021.84548778, 52.3400315518328, 118.329161315688, 419.354553222656, 2009603, 1, 92
2021.84548778, 52.3399999279556, 118.329156556848, 419.365539550781, 2009603, 1, 92
2021.84548778, 52.3399683032729, 118.329151800846, 419.391815185547, 2009603, 1, 92
2021.84548778, 52.3399303552464, 118.32914608706, 419.375122070312, 2009603, 1, 92
2021.84548778, 52.3398987299452, 118.329141330623, 419.365600585938, 2009603, 1, 92
2021.84548778, 52.3398734191173, 118.329137553573, 419.349639892578, 2009603, 1, 92
2021.84548778, 52.3398417911902, 118.329132785167, 419.359405517578, 2009603, 1, 92
2021.84548778, 52.3398101649563, 118.329127993354, 419.362365722656, 2009603, 1, 92
2021.84548778, 52.3397848555971, 118.329124180509, 419.359680175781, 2009603, 1, 92
2021.84548778, 52.3397595444273, 118.329120363202, 419.362854003906, 2009603, 1, 92
2021.84548778, 52.3397279090872, 118.329115563748, 419.37158203125, 2009603, 1, 92
2021.84548778, 52.3397025924808, 118.329111744951, 419.374298095703, 2009603, 1, 92
2021.84548778, 52.339677275316, 118.329107905572, 419.376770019531, 2009603, 1, 92
2021.84548778, 52.3396519532347, 118.329104069285, 419.3740234375, 2009603, 1, 92
2021.84548778, 52.3396203019803, 118.329099248639, 419.379547119141, 2009603, 1, 92
2021.84548778, 52.3395949754264, 118.329095390094, 419.376129150391, 2009603, 1, 92
2021.84548778, 52.3395696379669, 118.329091554279, 419.366760253906, 2009603, 1, 92
2021.84548778, 52.3395382204506, 118.329086915328, 419.377166748047, 2009603, 1, 92
2021.84548778, 52.339512815438, 118.329082981776, 419.376953125, 2009603, 1, 92
2021.84548778, 52.3394873975153, 118.329079079991, 419.377319335938, 2009603, 1, 92
2021.84548778, 52.3394556298242, 118.329074146846, 419.379516601562, 2009603, 1, 92
2021.84548778, 52.3394302106844, 118.329070196827, 419.368194580078, 2009603, 1, 92
2021.84548778, 52.3394047816888, 118.329066264934, 419.378112792969, 2009603, 1, 92
2021.84548778, 52.3393729996744, 118.3290613111, 419.382263183594, 2009603, 1, 92
2021.84548778, 52.3393475689554, 118.329057343946, 419.395904541016, 2009603, 1, 92
2021.84548778, 52.3393221268312, 118.329053402421, 419.388336181641, 2009603, 1, 92
2021.84548778, 52.3392903340679, 118.329048425573, 419.388244628906, 2009603, 1, 92
2021.84548778, 52.3392648848292, 118.329044474169, 419.39892578125, 2009603, 1, 92
2021.84548778, 52.3392330820319, 118.329039479835, 419.38720703125, 2009603, 1, 91
2021.84548778, 52.3392076276152, 118.329035514383, 419.392395019531, 2009603, 1, 91
2021.84548778, 52.33917581803, 118.329030505995, 419.393005371094, 2009603, 1, 91
2021.84548778, 52.3391503652956, 118.329026507813, 419.388153076172, 2009603, 1, 91
2021.84548778, 52.3391249013488, 118.329022532512, 419.389343261719, 2009603, 1, 91
2021.84548778, 52.3390994442069, 118.329018527709, 419.383697509766, 2009603, 1, 91
2021.84548778, 52.3390676251828, 118.329013504423, 419.390472412109, 2009603, 1, 91
2021.84548778, 52.3390421637609, 118.32900948965, 419.395935058594, 2009603, 1, 91
2021.84548778, 52.3390166941234, 118.329005497548, 419.396331787109, 2009603, 1, 91
2021.84548778, 52.338991229749, 118.329001477503, 419.393280029297, 2009603, 1, 91
2021.84548778, 52.3389594010448, 118.328996435681, 419.393707275391, 2009603, 1, 91
2021.84548778, 52.3389339352429, 118.328992410233, 419.398254394531, 2009603, 1, 91
2021.84548778, 52.3389084670648, 118.328988381176, 419.392120361328, 2009603, 1, 91
2021.84548778, 52.3388830007157, 118.328984348381, 419.393524169922, 2009603, 1, 91
2021.84548778, 52.3388575319546, 118.3289803251, 419.395843505859, 2009603, 1, 91
2021.84548778, 52.3388320624164, 118.32897629838, 419.401519775391, 2009603, 1, 91
2021.84548778, 52.3388002306639, 118.328971238088, 419.379089355469, 2009603, 1, 91
2021.84548778, 52.3387747589379, 118.328967212773, 419.382385253906, 2009603, 1, 91
2021.84548778, 52.3387429312208, 118.328962136003, 419.384368896484, 2009603, 1, 88
2021.84548778, 52.338717460273, 118.328958109144, 419.399688720703, 2009603, 1, 88
2021.84548778, 52.3386856318527, 118.328953039014, 419.370513916016, 2009603, 1, 88
2021.84548778, 52.3386601660449, 118.328949001434, 419.40380859375, 2009603, 1, 88
2021.84548778, 52.3386283362284, 118.328943952977, 419.385711669922, 2009603, 1, 88
2021.84548778, 52.3385965176645, 118.328938860678, 419.373504638672, 2009603, 1, 88
2021.84548778, 52.3385646991675, 118.328933780438, 419.432586669922, 2009603, 1, 88
2021.84548778, 52.3385392355524, 118.328929753746, 419.431030273438, 2009603, 1, 88
2021.84548778, 52.3385074142764, 118.328924698584, 419.436950683594, 2009603, 1, 88
2021.84548778, 52.3384692464167, 118.328918580747, 419.434539794922, 2009603, 1, 63
2021.84548778, 52.3384374389817, 118.328913511781, 419.423889160156, 2009603, 1, 63
2021.84548778, 52.3384056321204, 118.328908443459, 419.440093994141, 2009603, 1, 63
2021.84548778, 52.338380185857, 118.328904403052, 419.43701171875, 2009603, 1, 63
2021.84548778, 52.3383483923188, 118.328899312679, 419.436370849609, 2009603, 1, 63
2021.84548778, 52.3383229510663, 118.328895277208, 419.447937011719, 2009603, 1, 63
2021.84548778, 52.3382911631667, 118.328890200602, 419.471008300781, 2009603, 1, 63
2021.84548778, 52.3382592108904, 118.328885045567, 419.425842285156, 2009603, 1, 63
2021.84548917, 49.543974807105, 117.897486873046, 543.207153320312, 2009588, 1, 85
2021.84548917, 49.5439494984735, 117.89748283687, 543.193481445312, 2009588, 1, 85
2021.84548917, 49.5439178719544, 117.89747773796, 543.179809570312, 2009588, 1, 85
2021.84548917, 49.54388622823, 117.897472683675, 543.240600585938, 2009588, 1, 85
2021.84548917, 49.5438482413666, 117.897466657193, 543.192016601562, 2009588, 1, 85
2021.84548917, 49.5438102342199, 117.897460666279, 543.221130371094, 2009588, 1, 85
2021.84548917, 49.5437658750221, 117.89745370457, 543.236938476562, 2009588, 1, 85
2021.84548917, 49.5437215697991, 117.897446369461, 543.221374511719, 2009588, 1, 85
2021.84548917, 49.5436898144101, 117.897441673209, 543.191223144531, 2009588, 1, 85
2021.84548917, 49.5436516998748, 117.8974360454, 543.24169921875, 2009588, 1, 85
2021.84548917, 49.5436135754103, 117.897430413895, 543.204650878906, 2009588, 1, 85
2021.84548917, 49.5435754254251, 117.89742484478, 543.262268066406, 2009588, 1, 85
2021.84548917, 49.5435054477571, 117.897414671738, 543.238525390625, 2009588, 1, 85
2021.84548922, 49.443165458602, 117.882458115476, 546.934692382812, 2009588, 1, 54
2021.84548726, 53.4046207631613, 118.500685478935, 480.555480957031, 2009603, 2, 85
2021.84548726, 53.398269283996, 118.499632638075, 477.30322265625, 2009603, 2, 62
2021.84548779, 52.3404367887853, 118.327916037527, 419.341278076172, 2009603, 2, 83
2021.84548779, 52.3403222699358, 118.327897894401, 419.359710693359, 2009603, 2, 83
2021.84548779, 52.3402140761658, 118.327880802289, 419.387420654297, 2009603, 2, 91
2021.84548779, 52.340105857213, 118.327863769815, 419.378326416016, 2009603, 2, 91
2021.84548779, 52.3399976112584, 118.327846778909, 419.378265380859, 2009603, 2, 91
2021.84548779, 52.3398766205376, 118.32782788223, 419.372314453125, 2009603, 2, 91
2021.84548779, 52.3397492728097, 118.327807911764, 419.386505126953, 2009603, 2, 91
2021.84548779, 52.3396218188308, 118.327788368661, 419.374603271484, 2009603, 2, 91
2021.84548779, 52.3394943823557, 118.327768833222, 419.37646484375, 2009603, 2, 91
2021.84548779, 52.3393669878386, 118.327749288815, 419.355651855469, 2009603, 2, 91
2021.84548779, 52.3392332757639, 118.327728666465, 419.400421142578, 2009603, 2, 92
2021.84548779, 52.3390678237249, 118.327702948152, 419.419281005859, 2009603, 2, 92
2021.84548779, 52.3389152241884, 118.327679025553, 419.385467529297, 2009603, 2, 92
2021.84548779, 52.3387817988691, 118.327657884923, 419.382781982422, 2009603, 2, 92
2021.84548779, 52.3386484708991, 118.327636555808, 419.38525390625, 2009603, 2, 91
2021.84548779, 52.338521433509, 118.327616346255, 419.415832519531, 2009603, 2, 91
2021.84548779, 52.3383631891628, 118.327589994235, 419.421997070312, 2009603, 2, 90
2021.84548779, 52.338255630258, 118.327571949241, 419.421295166016, 2009603, 2, 90
2021.84548779, 52.338148094685, 118.327553848274, 419.430358886719, 2009603, 2, 90
2021.84548779, 52.3380215868406, 118.327532539013, 419.431640625, 2009603, 2, 90
2021.84548779, 52.3378950581331, 118.327511231698, 419.457672119141, 2009603, 2, 84
2021.84548779, 52.3377368286565, 118.327484685185, 419.511901855469, 2009603, 2, 88
2021.84548779, 52.3375721514508, 118.327457285175, 419.448333740234, 2009603, 2, 88
2021.84548779, 52.3374517110214, 118.327437443447, 419.52392578125, 2009603, 2, 66
2021.84548919, 49.5439212667617, 117.896188755209, 543.174194335938, 2009588, 2, 90
2021.84548919, 49.5438070830819, 117.896171895741, 543.163146972656, 2009588, 2, 90
2021.84548919, 49.5436928542374, 117.896155089069, 543.173461914062, 2009588, 2, 90
2021.84548919, 49.543578580828, 117.896138387746, 543.166259765625, 2009588, 2, 90
2021.84548923, 49.4446616554679, 117.881432441627, 546.904846191406, 2009588, 2, 92
2021.84548923, 49.4442296433222, 117.881366743108, 546.886901855469, 2009588, 2, 76
2021.84548731, 53.28099157412, 118.433176563026, 471.571014404297, 2009603, 3, 57
2021.84548731, 53.2809471154341, 118.433169647478, 471.541625976562, 2009603, 3, 57
2021.84548731, 53.2809216849059, 118.433165698619, 471.589324951172, 2009603, 3, 57
2021.84548731, 53.2808898999785, 118.433160757705, 471.575897216797, 2009603, 3, 57
2021.84548731, 53.2808584005175, 118.433155778288, 471.596069335938, 2009603, 3, 57
2021.84548731, 53.2808201015603, 118.433149852369, 471.613464355469, 2009603, 3, 57
2021.84548731, 53.2807881664999, 118.43314491221, 471.614532470703, 2009603, 3, 57
2021.84548731, 53.2807626133811, 118.433140957263, 471.610931396484, 2009603, 3, 57
2021.84548779, 52.3307421916858, 118.280231268817, 420.891906738281, 2009603, 3, 90
2021.84548779, 52.3307293679603, 118.280229211423, 420.89794921875, 2009603, 3, 90
2021.84548779, 52.3307101332899, 118.280226125052, 420.894958496094, 2009603, 3, 90
2021.84548779, 52.3306909031749, 118.280223037211, 420.903656005859, 2009603, 3, 90
2021.84548779, 52.3306780780571, 118.280220980568, 420.909545898438, 2009603, 3, 90
2021.84548779, 52.3306588491921, 118.280217894195, 420.91064453125, 2009603, 3, 90
2021.84548779, 52.3306460239531, 118.280215837995, 420.915130615234, 2009603, 3, 90
2021.84548779, 52.3305947341024, 118.28020761166, 420.906982421875, 2009603, 3, 90
2021.84548779, 52.3305755030563, 118.28020452709, 420.891296386719, 2009603, 3, 90
2021.84548779, 52.330556271437, 118.280201443548, 420.892639160156, 2009603, 3, 90
2021.84548779, 52.3305434486152, 118.280199389466, 420.913970947266, 2009603, 3, 90
2021.84548779, 52.3305241991029, 118.280196313843, 420.010101318359, 2009603, 3, 90
2021.84548779, 52.3304985586981, 118.280192205614, 419.986938476562, 2009603, 3, 91
2021.84548779, 52.330479357321, 118.280189115537, 420.902770996094, 2009603, 3, 91
2021.84548779, 52.330447319521, 118.280183982379, 420.899291992188, 2009603, 3, 91
2021.84548779, 52.3304345035068, 118.28018192992, 420.905670166016, 2009603, 3, 91
2021.84548779, 52.3304152852223, 118.280178849939, 420.895843505859, 2009603, 3, 91
2021.84548779, 52.3303960678473, 118.280175772168, 420.876739501953, 2009603, 3, 91
2021.84548779, 52.3303768491369, 118.280172696006, 420.86328125, 2009603, 3, 91
2021.84548779, 52.3303512331816, 118.280168593939, 420.851348876953, 2009603, 3, 91
2021.84548779, 52.3303256266727, 118.280164491737, 420.86474609375, 2009603, 3, 91
2021.84548779, 52.3303000222299, 118.280160392647, 420.874267578125, 2009603, 3, 91
2021.84548779, 52.3302744222881, 118.280156295054, 420.865020751953, 2009603, 3, 91
2021.84548779, 52.3302552239659, 118.280153223706, 420.866760253906, 2009603, 3, 91
2021.84548779, 52.3302296355, 118.280149129623, 420.852844238281, 2009603, 3, 92
2021.84548779, 52.3301976636396, 118.280144011543, 420.817840576172, 2009603, 3, 92
2021.84548779, 52.3301720926597, 118.280139919922, 420.823425292969, 2009603, 3, 92
2021.84548779, 52.3301465235367, 118.280135831442, 420.810272216797, 2009603, 3, 92
2021.84548779, 52.3301145817154, 118.280130720097, 420.815185546875, 2009603, 3, 92
2021.84548779, 52.3300890342185, 118.280126634546, 420.825317382812, 2009603, 3, 92
2021.84548779, 52.3300698753139, 118.28012357198, 420.828948974609, 2009603, 3, 92
2021.84548779, 52.3300443443195, 118.280119488833, 420.845275878906, 2009603, 3, 92
2021.84548779, 52.3300188247308, 118.280115406986, 420.851928710938, 2009603, 3, 92
2021.84548779, 52.3299996862312, 118.280112348172, 420.879608154297, 2009603, 3, 91
2021.84548779, 52.329980532033, 118.280109296755, 420.004058837891, 2009603, 3, 91
2021.84548779, 52.3299677785057, 118.280107258739, 420.010803222656, 2009603, 3, 91
2021.84548779, 52.3299550534388, 118.280105212409, 420.937744140625, 2009603, 3, 91
2021.84548779, 52.3299359102674, 118.280102163748, 420.012542724609, 2009603, 3, 91
2021.84548779, 52.3299231647261, 118.280100127893, 420.018005371094, 2009603, 3, 91
2021.84548779, 52.3299104234515, 118.280098091342, 420.011566162109, 2009603, 3, 91
2021.84548779, 52.3298909594477, 118.280095085153, 420.022399902344, 2009603, 3, 91
2021.84548779, 52.329878290783, 118.280093036178, 420.942138671875, 2009603, 3, 91
2021.84548779, 52.3298592618663, 118.280089974395, 420.928436279297, 2009603, 3, 91
2021.84548779, 52.3298465769355, 118.280087934509, 420.913879394531, 2009603, 3, 91
2021.84548779, 52.3298338935907, 118.280085895387, 420.899688720703, 2009603, 3, 91
2021.84548779, 52.3298148584841, 118.280082844212, 419.995208740234, 2009603, 3, 91
2021.84548779, 52.3297958671618, 118.280079779031, 420.88720703125, 2009603, 3, 91
2021.84548779, 52.3297768589973, 118.280076722752, 420.878204345703, 2009603, 3, 91
2021.84548779, 52.329764187023, 118.280074686775, 420.874481201172, 2009603, 3, 91
2021.84548779, 52.3297451679218, 118.280071639223, 419.994232177734, 2009603, 3, 91
2021.84548779, 52.3297325253424, 118.280069596571, 420.923004150391, 2009603, 3, 91
2021.84548779, 52.3297135107289, 118.280066551732, 419.990509033203, 2009603, 3, 91
2021.84548779, 52.3297008508395, 118.280064517893, 419.987243652344, 2009603, 3, 91
2021.84548779, 52.3296881935847, 118.280062484859, 419.992492675781, 2009603, 3, 91
2021.84548779, 52.3296692137074, 118.280059434784, 420.021331787109, 2009603, 3, 91
2021.84548779, 52.3296565849504, 118.280057394267, 420.926391601562, 2009603, 3, 91
2021.84548779, 52.329643908888, 118.280055371722, 420.008239746094, 2009603, 3, 91
2021.84548779, 52.3296249385894, 118.280052324665, 420.016082763672, 2009603, 3, 91
2021.84548779, 52.329612290959, 118.28005029506, 420.016540527344, 2009603, 3, 91
2021.84548779, 52.3295933296303, 118.280047250708, 420.025299072266, 2009603, 3, 91
2021.84548779, 52.3295806876812, 118.280045222031, 420.005493164062, 2009603, 3, 91
2021.84548779, 52.3295680684095, 118.280043186481, 420.921356201172, 2009603, 3, 91
2021.84548779, 52.3295490903991, 118.280040152684, 420.016296386719, 2009603, 3, 91
2021.84548779, 52.3295364549369, 118.280038125704, 420.037689208984, 2009603, 3, 91
2021.84548779, 52.3295048945243, 118.280033053576, 420.932830810547, 2009603, 3, 91
2021.84548779, 52.3294922356119, 118.280031038253, 419.987731933594, 2009603, 3, 91
2021.84548779, 52.3294796052128, 118.280029014383, 419.996002197266, 2009603, 3, 91
2021.84548779, 52.3294606889565, 118.280025970638, 420.927795410156, 2009603, 3, 91
2021.84548779, 52.3294480594634, 118.280023949049, 420.935974121094, 2009603, 3, 91
2021.84548779, 52.3294354327947, 118.280021927475, 420.933074951172, 2009603, 3, 91
2021.84548779, 52.3294164736462, 118.280018903766, 420.002838134766, 2009603, 3, 91
2021.84548779, 52.3294038484311, 118.280016884114, 420.007659912109, 2009603, 3, 91
2021.84548779, 52.3293722965967, 118.280011836731, 420.006744384766, 2009603, 3, 91
2021.84548779, 52.3293596755747, 118.280009818927, 419.995330810547, 2009603, 3, 91
2021.84548779, 52.3293407504044, 118.28000679166, 420.020965576172, 2009603, 3, 91
2021.84548779, 52.3293281504076, 118.280004768642, 420.919555664062, 2009603, 3, 91
2021.84548779, 52.3293155103107, 118.280002760689, 420.034240722656, 2009603, 3, 91
2021.84548779, 52.3292966093724, 118.279999729373, 420.932800292969, 2009603, 3, 93
2021.84548779, 52.3292839903613, 118.279997716036, 420.916259765625, 2009603, 3, 93
2021.84548779, 52.3292650456585, 118.279994703263, 420.025238037109, 2009603, 3, 93
2021.84548779, 52.3292524534373, 118.279992682894, 420.938507080078, 2009603, 3, 93
2021.84548779, 52.3292335337194, 118.279989664109, 420.924163818359, 2009603, 3, 93
2021.84548779, 52.3292146121755, 118.279986647652, 420.882751464844, 2009603, 3, 93
2021.84548779, 52.3291893838341, 118.279982628023, 420.867034912109, 2009603, 3, 93
2021.84548779, 52.3291704632981, 118.279979615765, 420.858306884766, 2009603, 3, 93
2021.84548779, 52.3291452376031, 118.279975599754, 420.837707519531, 2009603, 3, 93
2021.84548779, 52.3291200137613, 118.279971585962, 420.858062744141, 2009603, 3, 93
2021.84548779, 52.3291010915565, 118.279968578265, 420.894805908203, 2009603, 3, 93
2021.84548779, 52.3290821493077, 118.27996557886, 419.999816894531, 2009603, 3, 93
2021.84548779, 52.329063253436, 118.279962564153, 420.906982421875, 2009603, 3, 93
2021.84548779, 52.3290506374517, 118.279960561541, 420.929016113281, 2009603, 3, 93
2021.84548779, 52.3290316951107, 118.279957565505, 420.022796630859, 2009603, 3, 93
2021.84548779, 52.3290190770502, 118.279955564273, 420.005554199219, 2009603, 3, 93
2021.84548779, 52.3290001556368, 118.27995256188, 420.003570556641, 2009603, 3, 93
2021.84548779, 52.3289875399356, 118.27995056174, 419.985961914062, 2009603, 3, 92
2021.84548779, 52.3289686395104, 118.279947554226, 420.873931884766, 2009603, 3, 92
2021.84548779, 52.3289560203047, 118.279945555682, 420.887268066406, 2009603, 3, 92
2021.84548779, 52.3289307854674, 118.279941558204, 420.872650146484, 2009603, 3, 92
2021.84548779, 52.328911852551, 118.279938563189, 420.847991943359, 2009603, 3, 92
2021.84548779, 52.3288866142585, 118.27993456912, 420.841674804688, 2009603, 3, 92
2021.84548779, 52.3288613685741, 118.279930577901, 420.841278076172, 2009603, 3, 92
2021.84548779, 52.3288424281574, 118.279927587089, 420.819274902344, 2009603, 3, 92
2021.84548779, 52.3288171799567, 118.27992359772, 420.834045410156, 2009603, 3, 92
2021.84548779, 52.328798235669, 118.279920608783, 420.831878662109, 2009603, 3, 92
2021.84548779, 52.3287729782749, 118.279916623578, 420.850372314453, 2009603, 3, 92
2021.84548779, 52.3287477154289, 118.279912640808, 420.857269287109, 2009603, 3, 91
2021.84548779, 52.3287161314252, 118.279907662859, 420.839447021484, 2009603, 3, 91
2021.84548779, 52.3286908502236, 118.279903685059, 420.818084716797, 2009603, 3, 91
2021.84548779, 52.3286655731217, 118.279899705354, 420.840362548828, 2009603, 3, 91
2021.84548779, 52.3286402886748, 118.279895728086, 420.833770751953, 2009603, 3, 91
2021.84548779, 52.3286152000477, 118.279891646821, 420.874267578125, 2009603, 3, 91
2021.84548779, 52.3285961841031, 118.279888688237, 420.900024414062, 2009603, 3, 91
2021.84548779, 52.3285771427338, 118.279885738061, 419.993713378906, 2009603, 3, 91
2021.84548779, 52.3285644590159, 118.279883767173, 419.999176025391, 2009603, 3, 91
2021.84548779, 52.3285454618291, 118.279880801608, 420.942687988281, 2009603, 3, 91
2021.84548779, 52.3285327508097, 118.279878839544, 420.032135009766, 2009603, 3, 91
2021.84548779, 52.3285137437256, 118.27987587414, 420.93798828125, 2009603, 3, 91
2021.84548779, 52.3285010298629, 118.279873912577, 420.023681640625, 2009603, 3, 91
2021.84548779, 52.3284819947664, 118.279870956038, 420.019378662109, 2009603, 3, 89
2021.84548779, 52.3284693273834, 118.279868976395, 420.957733154297, 2009603, 3, 89
2021.84548779, 52.328443909921, 118.279865044946, 420.012786865234, 2009603, 3, 89
2021.84548779, 52.3284248893555, 118.27986207991, 420.943206787109, 2009603, 3, 89
2021.84548779, 52.3284121662713, 118.279860118149, 420.045776367188, 2009603, 3, 89
2021.84548779, 52.3283994890964, 118.279858139056, 420.945678710938, 2009603, 3, 89
2021.84548779, 52.3283804367124, 118.279855182277, 420.9111328125, 2009603, 3, 89
2021.84548779, 52.3283677072141, 118.279853220208, 420.002502441406, 2009603, 3, 89
2021.84548779, 52.3283486743878, 118.27985025412, 420.934326171875, 2009603, 3, 89
2021.84548779, 52.3283359436437, 118.279848291779, 420.022308349609, 2009603, 3, 89
2021.84548779, 52.3283169068155, 118.279845325046, 420.937774658203, 2009603, 3, 89
2021.84548779, 52.3283041966704, 118.279843352723, 420.952178955078, 2009603, 3, 89
2021.84548779, 52.3282723900337, 118.279838429764, 420.029449462891, 2009603, 3, 89
2021.84548779, 52.3282596740119, 118.27983645689, 420.049774169922, 2009603, 3, 89
2021.8454878, 52.3307082599892, 118.278990992276, 420.975341796875, 2009603, 4, 88
2021.8454878, 52.3306445874538, 118.278980964091, 420.935302734375, 2009603, 4, 88
2021.8454878, 52.3305617744114, 118.278967903149, 420.902496337891, 2009603, 4, 88
2021.8454878, 52.3304597930034, 118.278951787479, 420.849853515625, 2009603, 4, 91
2021.8454878, 52.3303641333277, 118.278936631608, 420.923095703125, 2009603, 4, 91
2021.8454878, 52.3302939557362, 118.278925488738, 420.947692871094, 2009603, 4, 91
2021.8454878, 52.3302173790186, 118.278913306418, 420.922882080078, 2009603, 4, 90
2021.8454878, 52.3301280933665, 118.27889929168, 420.949584960938, 2009603, 4, 90
2021.8454878, 52.3300322518679, 118.27888375885, 420.903961181641, 2009603, 4, 90
2021.8454878, 52.329930009717, 118.278867155009, 420.963897705078, 2009603, 4, 91
2021.8454878, 52.3298661056973, 118.278856766114, 421.016784667969, 2009603, 4, 91
2021.8454878, 52.329821375458, 118.278849491744, 421.026672363281, 2009603, 4, 91
2021.8454878, 52.3297702618976, 118.278841179791, 421.000579833984, 2009603, 4, 91
2021.8454878, 52.329719151135, 118.278832868926, 420.992034912109, 2009603, 4, 92
2021.8454878, 52.3296616597124, 118.278823525106, 420.986999511719, 2009603, 4, 92
2021.8454878, 52.3296041784095, 118.278814189602, 421.021148681641, 2009603, 4, 92
2021.8454878, 52.3295211782781, 118.278800728176, 421.022369384766, 2009603, 4, 92
2021.8454878, 52.3294765195802, 118.278793506833, 421.687957763672, 2009603, 4, 91
2021.8454878, 52.3294254674012, 118.278785251086, 421.834381103516, 2009603, 4, 91
2021.8454878, 52.3293552967868, 118.278773927307, 421.829833984375, 2009603, 4, 91
2021.8454878, 52.3293042621521, 118.278765700614, 421.737670898438, 2009603, 4, 91
2021.8454878, 52.3292532638819, 118.278757506708, 421.747009277344, 2009603, 4, 91
2021.8454878, 52.3292086555024, 118.278750355571, 421.421539306641, 2009603, 4, 91
2021.8454878, 52.329170429929, 118.278744239325, 421.692199707031, 2009603, 4, 90
2021.8454878, 52.3291322185533, 118.278738137388, 421.673034667969, 2009603, 4, 90
2021.8454878, 52.3290940148394, 118.27873204867, 421.698181152344, 2009603, 4, 90
2021.8454878, 52.3290558217401, 118.278725973476, 421.696319580078, 2009603, 4, 90
2021.8454878, 52.3290112774374, 118.278718904846, 420.994018554688, 2009603, 4, 90
2021.8454878, 52.3289667471242, 118.278711855674, 420.993072509766, 2009603, 4, 90
2021.8454878, 52.3289158769501, 118.278703825174, 420.983062744141, 2009603, 4, 90
2021.8454878, 52.3288650243234, 118.278695821644, 420.997528076172, 2009603, 4, 90
2021.8454878, 52.3288140863359, 118.278687691966, 420.971282958984, 2009603, 4, 90
2021.8454878, 52.3287506807825, 118.278677917081, 420.980926513672, 2009603, 4, 90
2021.8454878, 52.3286936400235, 118.278669152089, 420.974670410156, 2009603, 4, 90
2021.8454878, 52.3286429496033, 118.278661383214, 420.973388671875, 2009603, 4, 90
2021.8454878, 52.3285796060953, 118.278651700095, 420.969299316406, 2009603, 4, 90
2021.8454878, 52.3285162812588, 118.278642043513, 420.986572265625, 2009603, 4, 90
2021.8454878, 52.3284719625407, 118.278635296134, 420.322235107422, 2009603, 4, 85
2021.8454878, 52.3284213423091, 118.278627611531, 420.533233642578, 2009603, 4, 85
2021.8454878, 52.3283706801944, 118.27861990673, 420.43115234375, 2009603, 4, 85
2021.8454878, 52.3283074210317, 118.278610324045, 420.633941650391, 2009603, 4, 85
2021.84548732, 53.2647489685881, 118.382040429632, 480.005035400391, 2009603, 5, 84
2021.84548732, 53.2647235686404, 118.382036326611, 480.001129150391, 2009603, 5, 84
2021.84548732, 53.2646918149671, 118.38203120554, 480.018798828125, 2009603, 5, 84
2021.84548732, 53.2646600549611, 118.382026082592, 480.011901855469, 2009603, 5, 84
2021.84548732, 53.2646219338005, 118.38201991694, 480.020324707031, 2009603, 5, 84
2021.84548732, 53.2645710959632, 118.382011728569, 480.05859375, 2009603, 5, 84
2021.84548732, 53.2645138697753, 118.382002441965, 480.081146240234, 2009603, 5, 84
2021.84548778, 52.3357472423448, 118.233566066462, 421.902099609375, 2009603, 5, 91
2021.84548778, 52.3357218603532, 118.233561991384, 421.898498535156, 2009603, 5, 91
2021.84548778, 52.3356964728256, 118.233557914526, 421.883331298828, 2009603, 5, 91
2021.84548778, 52.335664737322, 118.233552856451, 421.904052734375, 2009603, 5, 91
2021.84548778, 52.335639334074, 118.233548775935, 421.918273925781, 2009603, 5, 91
2021.84548778, 52.3356075779198, 118.233543697494, 421.908782958984, 2009603, 5, 91
2021.84548778, 52.3355758231011, 118.233538672478, 421.908508300781, 2009603, 5, 91
2021.84548778, 52.3355504014551, 118.233534609887, 421.916137695312, 2009603, 5, 91
2021.84548778, 52.3355186309472, 118.233529600393, 421.898559570312, 2009603, 5, 91
2021.84548778, 52.3354931965001, 118.233525542292, 421.908264160156, 2009603, 5, 92
2021.84548778, 52.3354616245746, 118.233520384532, 421.901092529297, 2009603, 5, 92
2021.84548778, 52.335429733481, 118.233515439819, 421.906066894531, 2009603, 5, 92
2021.84548778, 52.3353978340049, 118.233510492278, 421.898071289062, 2009603, 5, 92
2021.84548778, 52.3353659260968, 118.233505559237, 421.919311523438, 2009603, 5, 92
2021.84548778, 52.3353403896568, 118.233501595054, 421.925811767578, 2009603, 5, 92
2021.84548778, 52.3353084708664, 118.233496678077, 421.932373046875, 2009603, 5, 92
2021.84548778, 52.3352701710779, 118.233490826675, 421.931701660156, 2009603, 5, 92
2021.84548778, 52.3352254697875, 118.23348397534, 421.980072021484, 2009603, 5, 92
2021.84548778, 52.335180754144, 118.233477098712, 421.957702636719, 2009603, 5, 92
2021.84548778, 52.3351424273961, 118.233471245301, 421.961334228516, 2009603, 5, 92
2021.84548778, 52.3351104866659, 118.233466372593, 421.942749023438, 2009603, 5, 92
2021.84548778, 52.3350785443459, 118.23346150894, 421.939086914062, 2009603, 5, 92
2021.84548778, 52.3350466033059, 118.23345665995, 421.91796875, 2009603, 5, 92
2021.84548778, 52.3350146617908, 118.233451814302, 421.888885498047, 2009603, 5, 92
2021.84548778, 52.3349891063063, 118.233447917808, 421.890014648438, 2009603, 5, 92
2021.84548778, 52.3349571706686, 118.23344310013, 421.877807617188, 2009603, 5, 92
2021.84548778, 52.334931614515, 118.233439210578, 421.890777587891, 2009603, 5, 92
2021.84548778, 52.3348996808212, 118.233434389689, 421.889373779297, 2009603, 5, 92
2021.84548778, 52.3348741278605, 118.233430504246, 421.901000976562, 2009603, 5, 92
2021.84548778, 52.3348421989173, 118.233425690655, 421.893951416016, 2009603, 5, 92
2021.84548778, 52.3348166544216, 118.233421824134, 421.890747070312, 2009603, 5, 92
2021.84548778, 52.3347847328364, 118.23341701577, 421.883972167969, 2009603, 5, 92
2021.84548778, 52.3347591964871, 118.233413147609, 421.883728027344, 2009603, 5, 92
2021.84548778, 52.3347336629328, 118.233409290198, 421.897918701172, 2009603, 5, 94
2021.84548778, 52.334701755912, 118.233404490983, 421.884002685547, 2009603, 5, 94
2021.84548778, 52.3346762285624, 118.233400625415, 421.884887695312, 2009603, 5, 94
2021.84548778, 52.3346507087691, 118.233396771058, 421.880310058594, 2009603, 5, 94
2021.84548778, 52.3346188190615, 118.233391975052, 421.880615234375, 2009603, 5, 94
2021.84548778, 52.3345933082423, 118.233388119449, 421.891784667969, 2009603, 5, 94
2021.84548778, 52.3345678040107, 118.233384262969, 421.901184082031, 2009603, 5, 94
2021.84548778, 52.3345359345322, 118.233379467744, 421.883331298828, 2009603, 5, 94
2021.84548778, 52.3345104389908, 118.23337560063, 421.916137695312, 2009603, 5, 94
2021.84548778, 52.3344785860093, 118.233370808246, 421.880828857422, 2009603, 5, 94
2021.84548778, 52.3344467386257, 118.23336599944, 421.915649414062, 2009603, 5, 94
2021.84548778, 52.3344212606148, 118.233362117403, 421.896240234375, 2009603, 5, 94
2021.84548778, 52.3343830708525, 118.233356366503, 421.939178466797, 2009603, 5, 94
2021.84548778, 52.3343448904301, 118.23335058317, 421.920684814453, 2009603, 5, 94
2021.84548778, 52.3343067221264, 118.233344792789, 421.938568115234, 2009603, 5, 94
2021.84548778, 52.334274923996, 118.233339948806, 421.923614501953, 2009603, 5, 94
2021.84548778, 52.3342431458147, 118.233335146663, 421.888641357422, 2009603, 5, 92
2021.84548778, 52.3342110740587, 118.233330400873, 421.884063720703, 2009603, 5, 92
2021.84548778, 52.3341857378252, 118.233326506106, 421.887786865234, 2009603, 5, 92
2021.84548778, 52.3341604077258, 118.233322601828, 421.896667480469, 2009603, 5, 92
2021.84548778, 52.3341287620779, 118.233317747943, 421.871734619141, 2009603, 5, 92
2021.84548778, 52.3341034458286, 118.233313838209, 421.892486572266, 2009603, 5, 92
2021.84548778, 52.3340781387504, 118.233309939316, 421.898071289062, 2009603, 5, 92
2021.84548778, 52.3340465164203, 118.23330507666, 421.904907226562, 2009603, 5, 92
2021.84548778, 52.3340212190318, 118.233301154644, 421.886657714844, 2009603, 5, 92
2021.84548733, 53.263938217853, 118.380610167439, 480.033416748047, 2009603, 6, 63
2021.84548733, 53.2638179303395, 118.380589592772, 480.02099609375, 2009603, 6, 63
2021.84548779, 52.3359016484283, 118.232386650995, 421.931640625, 2009603, 6, 88
2021.84548779, 52.3357872001047, 118.232368364331, 421.929107666016, 2009603, 6, 88
2021.8454878, 52.3356727601521, 118.23235008475, 421.937225341797, 2009603, 6, 93
2021.8454878, 52.335558104927, 118.232331893591, 421.932312011719, 2009603, 6, 93
2021.8454878, 52.3354434091146, 118.232313764759, 421.924713134766, 2009603, 6, 93
2021.8454878, 52.3352458376743, 118.232282670231, 421.978546142578, 2009603, 6, 94
2021.8454878, 52.3350100375462, 118.232245782282, 421.959136962891, 2009603, 6, 93
2021.8454878, 52.3348125549742, 118.23221506555, 421.944854736328, 2009603, 6, 95
2021.8454878, 52.3346724805054, 118.232193365165, 421.932556152344, 2009603, 6, 94
2021.8454878, 52.3345452064443, 118.232173681175, 421.926513671875, 2009603, 6, 94
2021.8454878, 52.3344306333383, 118.232155845142, 421.926483154297, 2009603, 6, 93
2021.8454878, 52.334316320737, 118.232138364103, 421.916809082031, 2009603, 6, 93
