2021.55845845, 48.0424140099885, 108.593048407385, 1362.8466796875, 2001753, 1, 75
2021.55845845, 48.0420957239921, 108.593002297859, 1362.85217285156, 2001753, 1, 67
2021.55845845, 48.0417647904377, 108.592954308124, 1362.83386230469, 2001753, 1, 67
2021.55845878, 47.3751907227101, 108.497480980424, 1251.189453125, 2001751, 1, 75
2021.55845878, 47.3750570250278, 108.497462502493, 1251.14562988281, 2001751, 1, 75
2021.55845846, 48.0414830065905, 108.591741176467, 1362.75122070312, 2001753, 2, 51
2021.55845846, 48.0414255495652, 108.591733155289, 1362.73425292969, 2001753, 2, 51
2021.55845846, 48.0413615733448, 108.591723576259, 1362.73156738281, 2001753, 2, 51
2021.55845846, 48.041310360265, 108.591715827337, 1362.72741699219, 2001753, 2, 51
2021.55845846, 48.0412463318702, 108.591706155519, 1362.71960449219, 2001753, 2, 83
2021.55845846, 48.0411758764387, 108.591695477698, 1362.72253417969, 2001753, 2, 83
2021.55845846, 48.0411118035493, 108.591685748974, 1362.71838378906, 2001753, 2, 83
2021.55845846, 48.0410605339004, 108.591677945851, 1362.69165039062, 2001753, 2, 83
2021.55845846, 48.0410092535013, 108.591670125502, 1362.68432617188, 2001753, 2, 83
2021.55845879, 47.3754375156484, 108.49635574719, 1251.32995605469, 2001751, 2, 71
2021.55845879, 47.3753479932348, 108.496343441372, 1251.31970214844, 2001751, 2, 71
2021.55845879, 47.3752968207912, 108.49633644374, 1251.27111816406, 2001751, 2, 71
2021.55845879, 47.3752520388696, 108.49633034875, 1251.28393554688, 2001751, 2, 71
2021.55845846, 48.030732074082, 108.548172662522, 1357.83935546875, 2001753, 3, 78
2021.55845846, 48.0306042284477, 108.548153898589, 1357.83471679688, 2001753, 3, 78
2021.55845876, 47.4311060488411, 108.462733189606, 1260.69140625, 2001751, 3, 65
2021.55845876, 47.4308072161571, 108.462689295879, 1260.67749023438, 2001751, 3, 65
2021.55845876, 47.4306039813463, 108.462659152008, 1260.66101074219, 2001751, 3, 64
2021.55845876, 47.4304517151336, 108.46263641035, 1260.65112304688, 2001751, 3, 65
2021.55845876, 47.4302042735351, 108.462599663937, 1260.6201171875, 2001751, 3, 59
2021.55845876, 47.4281386886017, 108.462316847048, 1260.41479492188, 2001751, 3, 76
2021.55845876, 47.4279414201085, 108.462289230405, 1260.39587402344, 2001751, 3, 77
2021.55845876, 47.4277951578086, 108.462268473114, 1260.45324707031, 2001751, 3, 77
2021.55845876, 47.4246752383678, 108.461820033145, 1260.08642578125, 2001751, 3, 71
2021.55845876, 47.4245354341658, 108.461800298505, 1260.11560058594, 2001751, 3, 71
2021.55845876, 47.424408213649, 108.461782302543, 1260.1123046875, 2001751, 3, 52
2021.55845876, 47.4242936005594, 108.461766058244, 1260.1025390625, 2001751, 3, 52
2021.55845847, 48.0307034656614, 108.54695798051, 1357.64575195312, 2001753, 4, 55
2021.55845847, 48.0306780994051, 108.546954387215, 1357.60974121094, 2001753, 4, 55
2021.55845847, 48.0306527389667, 108.546950798151, 1357.62658691406, 2001753, 4, 55
2021.55845847, 48.0306273794796, 108.546947212167, 1357.6533203125, 2001753, 4, 55
2021.55845847, 48.0306083784627, 108.546944528803, 1356.79931640625, 2001753, 4, 55
2021.55845847, 48.0305956728369, 108.546942731903, 1357.69982910156, 2001753, 4, 55
2021.55845847, 48.0305830124149, 108.546940946314, 1356.77734375, 2001753, 4, 55
2021.55845847, 48.0305639696076, 108.546938256833, 1357.69421386719, 2001753, 4, 55
2021.55845847, 48.0305449445524, 108.546935572951, 1357.66564941406, 2001753, 4, 55
2021.55845847, 48.0305132377939, 108.546931103812, 1357.69897460938, 2001753, 4, 55
2021.55845847, 48.0304879454446, 108.546927506554, 1357.71301269531, 2001753, 4, 89
2021.55845847, 48.0304625492184, 108.546923941107, 1357.72106933594, 2001753, 4, 89
2021.55845847, 48.0304371569829, 108.546920379144, 1357.71960449219, 2001753, 4, 89
2021.55845847, 48.0304054153449, 108.546915929728, 1357.71069335938, 2001753, 4, 89
2021.55845847, 48.0303673244746, 108.546910594867, 1357.732421875, 2001753, 4, 89
2021.55845847, 48.0303355686634, 108.546906149631, 1357.78295898438, 2001753, 4, 89
2021.55845847, 48.0303038217261, 108.546901709426, 1357.728515625, 2001753, 4, 89
2021.55845847, 48.0302720656143, 108.546897270168, 1357.72326660156, 2001753, 4, 89
2021.55845877, 47.4269706527566, 108.460968715643, 1260.30395507812, 2001751, 4, 52
2021.55845877, 47.4269131760896, 108.460960756265, 1260.29309082031, 2001751, 4, 52
2021.55845877, 47.4268557024085, 108.460952789701, 1260.29772949219, 2001751, 4, 52
2021.55845877, 47.4267982197399, 108.460944812632, 1260.29235839844, 2001751, 4, 52
2021.55845877, 47.4267279621075, 108.460935051918, 1260.2939453125, 2001751, 4, 87
2021.55845877, 47.4266640873056, 108.46092616678, 1260.28649902344, 2001751, 4, 87
2021.55845877, 47.4266002228707, 108.460917273801, 1260.23669433594, 2001751, 4, 87
2021.55845877, 47.4265363613045, 108.460908371582, 1260.27600097656, 2001751, 4, 87
2021.55845877, 47.4264597359696, 108.460897678137, 1260.28845214844, 2001751, 4, 72
2021.55845877, 47.4263767329051, 108.460886079892, 1260.27404785156, 2001751, 4, 72
2021.55845877, 47.4263065163242, 108.460876258296, 1260.25390625, 2001751, 4, 72
2021.55845877, 47.4262363087848, 108.46086642881, 1260.23400878906, 2001751, 4, 59
2021.55845877, 47.4261533624341, 108.46085480593, 1260.23876953125, 2001751, 4, 59
2021.55845877, 47.4260768166481, 108.460844071393, 1260.22827148438, 2001751, 4, 59
2021.55845848, 47.9798225582871, 108.497703206181, 1347.15380859375, 2001753, 5, 64
2021.55845849, 47.9755551624854, 108.49709663106, 1346.46081542969, 2001753, 5, 56
2021.55845849, 47.9683954283639, 108.49608081111, 1344.89538574219, 2001753, 5, 70
2021.55845849, 47.9682677483559, 108.496062350004, 1344.89428710938, 2001753, 5, 70
2021.55845849, 47.9681017867939, 108.496038351555, 1344.92224121094, 2001753, 5, 87
2021.55845849, 47.9678211019614, 108.495997877416, 1344.833984375, 2001753, 5, 79
2021.55845849, 47.9675280228269, 108.495955734823, 1344.76611328125, 2001753, 5, 79
2021.55845849, 47.967279921163, 108.495920199847, 1344.76403808594, 2001753, 5, 71
2021.55845849, 47.9670321746179, 108.495884827495, 1344.73852539062, 2001753, 5, 64
2021.55845849, 47.9667850639899, 108.495849652828, 1344.71325683594, 2001753, 5, 73
2021.55845849, 47.9665950574562, 108.495822682087, 1344.69860839844, 2001753, 5, 86
2021.55845849, 47.9664366902027, 108.495800212123, 1344.70422363281, 2001753, 5, 58
2021.55845849, 47.966290946619, 108.495779613002, 1344.64904785156, 2001753, 5, 58
2021.55845849, 47.9661451062833, 108.495758998451, 1344.61889648438, 2001753, 5, 54
2021.55845856, 47.8299205254869, 108.476393577615, 1319.91345214844, 2001753, 5, 87
2021.55845856, 47.8296788444944, 108.476359529736, 1319.91735839844, 2001753, 5, 80
2021.55845856, 47.8294623134738, 108.476329172863, 1319.869140625, 2001753, 5, 80
2021.55845856, 47.8292773906361, 108.47630337256, 1319.87255859375, 2001753, 5, 80
2021.55845857, 47.8101434350637, 108.473583595462, 1316.890625, 2001753, 5, 52
2021.55845857, 47.8099524015639, 108.473556070959, 1316.8583984375, 2001753, 5, 52
2021.55845857, 47.809697519814, 108.473519429596, 1316.84826660156, 2001753, 5, 61
2021.55845873, 47.4781255542, 108.426644318229, 1267.85522460938, 2001751, 5, 53
2021.55845873, 47.4779664356533, 108.426621617306, 1267.86071777344, 2001751, 5, 88
2021.55845873, 47.4777627357248, 108.426592403977, 1267.81396484375, 2001751, 5, 88
2021.55845873, 47.4775653892527, 108.426564063819, 1267.8291015625, 2001751, 5, 52
2021.55845849, 47.9876451228248, 108.497678006375, 1347.943359375, 2001753, 6, 64
2021.55845849, 47.9875247136207, 108.49766099495, 1347.93444824219, 2001753, 6, 64
2021.55845849, 47.9846921780995, 108.497257487812, 1347.57312011719, 2001753, 6, 62
2021.55845849, 47.9844501668122, 108.497222168413, 1347.5712890625, 2001753, 6, 56
2021.55845849, 47.984386542209, 108.497212869882, 1347.56518554688, 2001753, 6, 56
2021.55845849, 47.9843293005685, 108.497204523191, 1347.55261230469, 2001753, 6, 56
2021.55845849, 47.9842784251889, 108.497197149058, 1347.55895996094, 2001753, 6, 56
2021.55845849, 47.9842275806754, 108.497189751802, 1347.55493164062, 2001753, 6, 61
2021.55845849, 47.9841767592555, 108.49718235176, 1347.52111816406, 2001753, 6, 61
2021.55845849, 47.9841323012786, 108.497175906719, 1347.51965332031, 2001753, 6, 61
2021.55845849, 47.9840878615663, 108.497169466111, 1347.49438476562, 2001753, 6, 61
2021.55845849, 47.9840434314265, 108.497163051201, 1347.49304199219, 2001753, 6, 61
2021.5584585, 47.9687383250911, 108.494978486587, 1344.99230957031, 2001753, 6, 53
2021.5584585, 47.9686625007906, 108.49496722556, 1344.98229980469, 2001753, 6, 53
2021.5584585, 47.9685992965137, 108.494957827241, 1345.00463867188, 2001753, 6, 53
2021.5584585, 47.9685423909531, 108.494949383826, 1344.98681640625, 2001753, 6, 53
2021.5584585, 47.9657137333759, 108.494544094662, 1344.46069335938, 2001753, 6, 60
2021.5584585, 47.9656564825866, 108.494535648955, 1344.47155761719, 2001753, 6, 60
2021.5584585, 47.96558651989, 108.494525344572, 1344.47436523438, 2001753, 6, 60
2021.5584585, 47.9655038297109, 108.494513262699, 1344.49975585938, 2001753, 6, 60
2021.55845857, 47.8307396398085, 108.475368393335, 1319.98669433594, 2001753, 6, 78
2021.55845857, 47.8306884780009, 108.475360656351, 1320.01037597656, 2001753, 6, 78
2021.55845857, 47.8306181346251, 108.475349915347, 1319.97937011719, 2001753, 6, 78
2021.55845857, 47.8305477685717, 108.475339137084, 1319.9951171875, 2001753, 6, 78
2021.55845857, 47.8304773956892, 108.475328305089, 1319.97729492188, 2001753, 6, 85
2021.55845857, 47.8303878194808, 108.475314476095, 1319.96630859375, 2001753, 6, 85
2021.55845857, 47.8302790366378, 108.475297643655, 1319.95153808594, 2001753, 6, 85
2021.55845857, 47.8302214486037, 108.475288721517, 1319.95166015625, 2001753, 6, 85
2021.55845857, 47.8301830668267, 108.475282751581, 1319.93920898438, 2001753, 6, 85
2021.55845857, 47.8301510732326, 108.475277804616, 1319.97094726562, 2001753, 6, 85
2021.55845857, 47.8301190749126, 108.475272882808, 1319.9794921875, 2001753, 6, 85
2021.55845857, 47.8300806903209, 108.475266944262, 1319.9130859375, 2001753, 6, 85
2021.55845857, 47.8300423066735, 108.475261022345, 1319.88720703125, 2001753, 6, 85
2021.55845857, 47.8300103195563, 108.475256099091, 1319.89147949219, 2001753, 6, 85
2021.55845874, 47.4787262148834, 108.425586618227, 1267.93774414062, 2001751, 6, 76
2021.55845874, 47.47868807151, 108.425581086703, 1267.8955078125, 2001751, 6, 76
2021.55845874, 47.4786499142979, 108.425575571983, 1267.91101074219, 2001751, 6, 76
2021.55845874, 47.4786117533178, 108.425570036998, 1267.90124511719, 2001751, 6, 76
2021.55845874, 47.4785799411653, 108.425565437606, 1267.88500976562, 2001751, 6, 76
2021.55845874, 47.4785481179799, 108.425560852341, 1267.87719726562, 2001751, 6, 76
2021.55845874, 47.4785162907565, 108.425556263048, 1267.88452148438, 2001751, 6, 76
2021.55845874, 47.4784908175603, 108.425552616375, 1267.86157226562, 2001751, 6, 71
2021.55845874, 47.4784589751039, 108.425548036387, 1267.86157226562, 2001751, 6, 71
2021.55845874, 47.4784273905274, 108.425543325945, 1267.87036132812, 2001751, 6, 71
2021.55845874, 47.4783954536441, 108.425538779136, 1267.86682128906, 2001751, 6, 71
2021.55845874, 47.4783635077986, 108.425534248522, 1267.87878417969, 2001751, 6, 71
2021.55845874, 47.478337936382, 108.425530655345, 1267.87805175781, 2001751, 6, 71
2021.55845874, 47.4783059815656, 108.425526122233, 1267.86145019531, 2001751, 6, 71
2021.55845874, 47.4782740200645, 108.425521606205, 1267.896484375, 2001751, 6, 71
