2021.82073211, 50.6922618592126, 137.425802809307, 15.1682815551758, 2009603, 1, 60
2021.82073212, 50.680186789822, 137.424015667423, 15.2301158905029, 2009603, 1, 85
2021.82073212, 50.6798350476537, 137.423956780977, 15.2398204803467, 2009603, 1, 92
2021.82073212, 50.6796183098043, 137.42392075172, 15.2585363388062, 2009603, 1, 93
2021.82073212, 50.6793323925261, 137.423873732585, 15.2768888473511, 2009603, 1, 94
2021.82073212, 50.6790352173601, 137.423825939459, 15.2557849884033, 2009603, 1, 93
2021.82073212, 50.6787515613109, 137.423781075239, 15.2563734054565, 2009603, 1, 93
2021.82073212, 50.6784491197793, 137.42373357024, 15.2484350204468, 2009603, 1, 93
2021.82073212, 50.6781083135485, 137.423680038657, 15.2367887496948, 2009603, 1, 93
2021.82073212, 50.6777725082798, 137.423626527831, 15.2127952575684, 2009603, 1, 95
2021.82073212, 50.6774479921236, 137.423574277804, 15.2427272796631, 2009603, 1, 97
2021.82073212, 50.6770647751165, 137.423512230541, 15.2459754943848, 2009603, 1, 97
2021.82073212, 50.6766356632799, 137.423442614828, 15.2361268997192, 2009603, 1, 96
2021.82073212, 50.676334221951, 137.423393902537, 15.2480325698853, 2009603, 1, 94
2021.82073212, 50.6760397789568, 137.423345860673, 15.2064456939697, 2009603, 1, 96
2021.82073212, 50.6756508788129, 137.423281205723, 15.1558218002319, 2009603, 1, 96
2021.82073212, 50.6752455244724, 137.423211977134, 15.2005052566528, 2009603, 1, 95
2021.82073212, 50.6748045733587, 137.423134954367, 15.2242918014526, 2009603, 1, 96
2021.82073212, 50.6744770297118, 137.423077768445, 15.2167873382568, 2009603, 1, 92
2021.82073212, 50.6741550528016, 137.423022069813, 15.2216491699219, 2009603, 1, 92
2021.82073212, 50.6738123548906, 137.422963984179, 15.2110290527344, 2009603, 1, 94
2021.82073212, 50.6735195792304, 137.422914787614, 15.2309522628784, 2009603, 1, 94
2021.82073212, 50.6731433387488, 137.422851650639, 15.2440118789673, 2009603, 1, 93
2021.82073212, 50.6728179121481, 137.422796810305, 15.232253074646, 2009603, 1, 93
2021.82073212, 50.6724098083207, 137.422727259975, 15.2131071090698, 2009603, 1, 96
2021.82073212, 50.6719396633234, 137.422645625247, 15.2620182037354, 2009603, 1, 96
2021.82073212, 50.6715789745319, 137.422582032546, 15.2259473800659, 2009603, 1, 96
2021.82073212, 50.671201114042, 137.42251429084, 15.2291469573975, 2009603, 1, 96
2021.82073212, 50.6708728438657, 137.42245591422, 15.2353668212891, 2009603, 1, 96
2021.82073212, 50.670651029263, 137.422417023727, 15.2185249328613, 2009603, 1, 96
2021.82073212, 50.6705366143865, 137.422397101751, 15.2161293029785, 2009603, 1, 96
2021.82073212, 50.6703967937185, 137.422372787016, 15.2541913986206, 2009603, 1, 96
2021.82073212, 50.6701978002028, 137.422339426594, 15.2295083999634, 2009603, 1, 95
2021.82073212, 50.670069185826, 137.422317951315, 15.2079277038574, 2009603, 1, 95
2021.82073212, 50.6699855415902, 137.422304023127, 15.2191123962402, 2009603, 1, 95
2021.82073212, 50.6698890101294, 137.422287933261, 15.2104568481445, 2009603, 1, 95
2021.82073212, 50.6698053618254, 137.422273964063, 15.2158012390137, 2009603, 1, 95
2021.82073212, 50.6697603343875, 137.422266441405, 15.2138605117798, 2009603, 1, 95
2021.82073212, 50.6697024547908, 137.422256714143, 15.2202291488647, 2009603, 1, 95
2021.82073212, 50.669625321377, 137.422243664745, 15.2361898422241, 2009603, 1, 94
2021.82073212, 50.6695354300569, 137.422228480974, 15.2017993927002, 2009603, 1, 94
2021.82073212, 50.6694328198142, 137.422210967689, 15.226243019104, 2009603, 1, 95
2021.82073212, 50.669298410823, 137.422187805695, 15.2376470565796, 2009603, 1, 95
2021.82073212, 50.6691384999996, 137.422160280628, 15.2682962417603, 2009603, 1, 94
2021.82073212, 50.6690054198497, 137.42213624471, 15.2500791549683, 2009603, 1, 94
2021.82073212, 50.6688979470319, 137.422116562347, 15.2106218338013, 2009603, 1, 94
2021.82073212, 50.6687025257091, 137.422080606645, 15.2600126266479, 2009603, 1, 95
2021.82073212, 50.6684260407296, 137.422029289856, 15.2428321838379, 2009603, 1, 96
2021.82073212, 50.6681814316376, 137.421983882902, 15.2495985031128, 2009603, 1, 96
2021.82073212, 50.6678804753089, 137.421928226624, 15.2535858154297, 2009603, 1, 96
2021.82073212, 50.6674458075844, 137.421851357945, 15.2275352478027, 2009603, 1, 96
2021.82073212, 50.6670914755375, 137.421789198013, 15.2309904098511, 2009603, 1, 95
2021.82073212, 50.6668120474457, 137.421739969868, 15.2519912719727, 2009603, 1, 96
2021.82073212, 50.666468009868, 137.421678466434, 15.2598600387573, 2009603, 1, 95
2021.82073212, 50.6661230132759, 137.421615029161, 15.2176561355591, 2009603, 1, 96
2021.82073212, 50.6657841267465, 137.421552821319, 15.2633790969849, 2009603, 1, 97
2021.82073212, 50.66539431374, 137.421482035541, 15.2376937866211, 2009603, 1, 96
2021.82073212, 50.6650180886728, 137.421415649041, 15.260401725769, 2009603, 1, 95
2021.82073212, 50.6646172173183, 137.4213459092, 15.2591705322266, 2009603, 1, 96
2021.82073212, 50.6614437488117, 137.420765897283, 15.236629486084, 2009603, 1, 77
2021.82073212, 50.6613236764789, 137.42074292958, 15.2438888549805, 2009603, 1, 87
2021.82073212, 50.6610963596175, 137.420699039889, 15.2371015548706, 2009603, 1, 86
2021.82073213, 50.6732774224763, 137.420975221377, 15.2228927612305, 2009603, 2, 94
2021.82073213, 50.6701365030125, 137.420385002579, 15.2204303741455, 2009603, 2, 96
2021.82073213, 50.6691195039216, 137.420195692304, 15.243932723999, 2009603, 2, 95
2021.82073213, 50.668161689563, 137.420015511807, 15.2326192855835, 2009603, 2, 96
2021.82073213, 50.6670108849377, 137.419805669549, 15.2470264434814, 2009603, 2, 95
2021.82073213, 50.6656158893336, 137.41955339428, 15.2755651473999, 2009603, 2, 95
2021.82073213, 50.6626607733745, 137.419005758053, 15.2645635604858, 2009603, 2, 55
2021.82073214, 50.6618661127375, 137.418867946579, 15.2172260284424, 2009603, 2, 85
2021.8207321, 50.7139537576151, 137.382884593916, 15.1696605682373, 2009603, 3, 90
2021.8207321, 50.7135930114474, 137.382839347338, 15.1932210922241, 2009603, 3, 90
2021.8207321, 50.711285253186, 137.382560732275, 15.1703662872314, 2009603, 3, 93
2021.8207321, 50.7089366817568, 137.38227258408, 15.1443796157837, 2009603, 3, 92
2021.8207321, 50.7084087769011, 137.38220663685, 15.1750898361206, 2009603, 3, 91
2021.8207321, 50.7080615238844, 137.382162864642, 15.1413173675537, 2009603, 3, 72
2021.82073211, 50.6847284154274, 137.379000178567, 15.2983236312866, 2009603, 3, 96
2021.82073211, 50.683236168696, 137.378775822016, 15.2744255065918, 2009603, 3, 97
2021.82073212, 50.6814333910274, 137.378485771648, 15.302191734314, 2009603, 3, 95
2021.82073212, 50.6802551875264, 137.378311044892, 15.2675733566284, 2009603, 3, 96
2021.82073212, 50.678442480625, 137.378007299699, 15.286111831665, 2009603, 3, 97
2021.82073212, 50.6766401921814, 137.377717041862, 15.2826681137085, 2009603, 3, 97
2021.82073212, 50.6761196286042, 137.377624131363, 15.2214059829712, 2009603, 3, 97
2021.82073212, 50.6858752285192, 137.377476850869, 15.3383922576904, 2009603, 4, 85
2021.82073213, 50.6830120346075, 137.37694763025, 15.3097400665283, 2009603, 4, 96
2021.82073213, 50.6788502786232, 137.376169016571, 15.2943954467773, 2009603, 4, 95
2021.82073213, 50.6767839608045, 137.375787723658, 15.2572383880615, 2009603, 4, 97
