2021.32179467, 46.82307866916, 123.547399227226, 136.592269897461, 2009593, 1, 89
2021.32179467, 46.8235952232394, 123.547326776211, 136.493667602539, 2009593, 1, 84
2021.32179467, 46.8240034174129, 123.547269308387, 136.491989135742, 2009593, 1, 81
2021.32179467, 46.824398473361, 123.547213224369, 136.510238647461, 2009593, 1, 80
2021.32179467, 46.8246079270095, 123.547183255985, 136.473617553711, 2009593, 1, 73
2021.32179467, 46.8247602190191, 123.547161502732, 136.479888916016, 2009593, 1, 68
2021.32179467, 46.8249315827256, 123.547137051086, 136.492370605469, 2009593, 1, 68
2021.32179467, 46.8251157619979, 123.54711080209, 136.455108642578, 2009593, 1, 61
2021.32179473, 46.9527627747612, 123.529148343007, 138.377838134766, 2009593, 1, 71
2021.32179473, 46.9532396210639, 123.529080176812, 138.363235473633, 2009593, 1, 68
2021.32179473, 46.9537301596425, 123.529009647858, 138.370223999023, 2009593, 1, 87
2021.32179473, 46.9541896488352, 123.528944254013, 138.352355957031, 2009593, 1, 91
2021.32179473, 46.9546305345651, 123.528882716952, 138.403427124023, 2009593, 1, 92
2021.32179473, 46.9551796724181, 123.528806706329, 138.386291503906, 2009593, 1, 93
2021.32179473, 46.9556256009297, 123.528744626251, 138.366790771484, 2009593, 1, 86
2021.32179473, 46.9560384892299, 123.528686265165, 138.395980834961, 2009593, 1, 82
2021.32179474, 46.9564636223795, 123.528625602044, 138.378448486328, 2009593, 1, 83
2021.32179474, 46.9569078064277, 123.52856197675, 138.409530639648, 2009593, 1, 78
2021.32179474, 46.9573080160523, 123.52850442161, 138.411560058594, 2009593, 1, 73
2021.32179474, 46.9576446399793, 123.528456312811, 138.429931640625, 2009593, 1, 71
2021.32179474, 46.9579684251717, 123.528410531533, 138.359497070312, 2009593, 1, 76
2021.32179474, 46.9582285029264, 123.528374014103, 138.377670288086, 2009593, 1, 78
2021.32179474, 46.958710424222, 123.528307005911, 138.638153076172, 2009593, 1, 65
2021.32179474, 46.9589961349189, 123.528267297987, 138.684158325195, 2009593, 1, 65
2021.32179474, 46.9645765695077, 123.527479930869, 138.659744262695, 2009593, 1, 75
2021.32179474, 46.9653553211725, 123.527369552166, 138.564804077148, 2009593, 1, 92
2021.32179466, 46.7872953567964, 123.553608088499, 136.291290283203, 2009593, 2, 86
2021.32179466, 46.7874482357202, 123.553585902304, 136.295318603516, 2009593, 2, 86
2021.32179468, 46.8225472410548, 123.548650789501, 136.994659423828, 2009593, 2, 89
2021.32179468, 46.8228143585782, 123.548614529769, 136.922958374023, 2009593, 2, 88
2021.32179468, 46.8230437870691, 123.548583411273, 136.595565795898, 2009593, 2, 87
2021.32179468, 46.8231784243961, 123.548565257707, 136.519912719727, 2009593, 2, 87
2021.32179468, 46.8233260706497, 123.548545454378, 136.508377075195, 2009593, 2, 82
2021.32179468, 46.8234609679797, 123.548527329054, 136.548263549805, 2009593, 2, 82
2021.32179468, 46.8235894369248, 123.548509786585, 136.515838623047, 2009593, 2, 77
2021.32179468, 46.8237050646156, 123.548494121538, 136.506790161133, 2009593, 2, 77
2021.32179468, 46.8238334585914, 123.548476549637, 136.503509521484, 2009593, 2, 77
2021.32179468, 46.8239489024051, 123.548460507512, 136.491714477539, 2009593, 2, 77
2021.32179468, 46.8240578345426, 123.548445373094, 136.463073730469, 2009593, 2, 72
2021.32179468, 46.8241666425186, 123.548430147121, 136.538650512695, 2009593, 2, 72
2021.32179468, 46.8242369672228, 123.548420217598, 136.544540405273, 2009593, 2, 72
2021.32179468, 46.8242820160563, 123.548413958812, 136.480209350586, 2009593, 2, 66
2021.32179468, 46.824320206254, 123.548408510499, 136.473190307617, 2009593, 2, 66
2021.32179468, 46.8243584049508, 123.548403247179, 136.51188659668, 2009593, 2, 66
2021.32179468, 46.8244028950441, 123.548396706576, 136.54557800293, 2009593, 2, 66
2021.32179468, 46.8244410332227, 123.548391256354, 136.525329589844, 2009593, 2, 66
2021.32179468, 46.8244791533225, 123.54838580561, 136.498199462891, 2009593, 2, 66
2021.32179468, 46.8245172677136, 123.548380396651, 136.522155761719, 2009593, 2, 60
2021.32179468, 46.8245616966169, 123.548373931895, 136.548889160156, 2009593, 2, 60
2021.32179468, 46.8245997850204, 123.548368546396, 136.532302856445, 2009593, 2, 60
2021.32179468, 46.824644181564, 123.548362067091, 136.523361206055, 2009593, 2, 60
2021.32179468, 46.8246949106772, 123.548354732529, 136.547225952148, 2009593, 2, 60
2021.32179468, 46.824745622397, 123.54834738451, 136.522323608398, 2009593, 2, 60
2021.32179468, 46.8248026448169, 123.548339032792, 136.576095581055, 2009593, 2, 56
2021.32179468, 46.8248402555838, 123.548333613303, 136.447662353516, 2009593, 2, 56
2021.32179475, 46.9569989741656, 123.529732280265, 138.43424987793, 2009593, 2, 81
2021.32179475, 46.9571262944726, 123.529714306379, 138.430633544922, 2009593, 2, 86
2021.32179475, 46.9572281291302, 123.529699855723, 138.447204589844, 2009593, 2, 86
2021.32179475, 46.9573235933022, 123.529686322749, 138.392196655273, 2009593, 2, 91
2021.32179475, 46.9574190615664, 123.529672837835, 138.456741333008, 2009593, 2, 91
2021.32179475, 46.9575145376905, 123.529659426658, 138.415679931641, 2009593, 2, 91
2021.32179475, 46.9576418055362, 123.529641241147, 138.411926269531, 2009593, 2, 91
2021.32179475, 46.9577500242532, 123.529626045247, 138.439498901367, 2009593, 2, 89
2021.32179475, 46.9578773487559, 123.529608113438, 138.422470092773, 2009593, 2, 89
2021.32179475, 46.9579791433305, 123.529593706846, 138.399063110352, 2009593, 2, 89
2021.32179475, 46.9580365267381, 123.529585735093, 138.358413696289, 2009593, 2, 83
2021.32179475, 46.958412688396, 123.529533300735, 138.735885620117, 2009593, 2, 78
2021.32179475, 46.9585210643221, 123.529518272961, 138.726181030273, 2009593, 2, 80
2021.32179475, 46.958610303339, 123.529505936561, 138.721832275391, 2009593, 2, 80
2021.32179475, 46.9587058690709, 123.529492506491, 138.731018066406, 2009593, 2, 78
2021.32179475, 46.95880143336, 123.529479256401, 138.718399047852, 2009593, 2, 78
2021.32179475, 46.9588969470222, 123.529465814057, 138.707931518555, 2009593, 2, 78
2021.32179475, 46.9589860724511, 123.529453307614, 138.678283691406, 2009593, 2, 78
2021.32179475, 46.9590751652435, 123.529440759946, 138.707656860352, 2009593, 2, 76
2021.32179475, 46.9591642435779, 123.529428296785, 138.709487915039, 2009593, 2, 76
2021.32179475, 46.9592724266445, 123.529413034284, 138.695526123047, 2009593, 2, 73
2021.32179475, 46.9593866627282, 123.529396817312, 138.712738037109, 2009593, 2, 73
2021.32179475, 46.9595071934655, 123.529379518167, 138.730117797852, 2009593, 2, 68
2021.32179475, 46.9595960099376, 123.529366836305, 138.739456176758, 2009593, 2, 68
2021.32179475, 46.9596848170794, 123.529354089028, 138.732009887695, 2009593, 2, 68
2021.32179475, 46.9597609516096, 123.529343206132, 138.718032836914, 2009593, 2, 72
2021.32179475, 46.9598307696067, 123.529333371167, 138.74089050293, 2009593, 2, 72
2021.32179475, 46.9599132605464, 123.529321486902, 138.714813232422, 2009593, 2, 72
2021.32179475, 46.9599894378115, 123.529310608701, 138.781204223633, 2009593, 2, 72
2021.32179475, 46.9600656496138, 123.529299858477, 138.740310668945, 2009593, 2, 72
2021.32179475, 46.9601482127976, 123.529288032284, 138.709671020508, 2009593, 2, 72
2021.32179475, 46.9602181279343, 123.529278265533, 138.708602905273, 2009593, 2, 72
2021.32179475, 46.9602880500707, 123.52926841502, 138.68701171875, 2009593, 2, 70
2021.32179475, 46.9603643470605, 123.529257614901, 138.701049804688, 2009593, 2, 70
2021.32179475, 46.9604279391179, 123.529248547851, 138.704254150391, 2009593, 2, 70
2021.32179475, 46.9604849234058, 123.529240485691, 138.688385009766, 2009593, 2, 70
2021.32179475, 46.9605423548238, 123.529232454526, 138.708267211914, 2009593, 2, 67
2021.32179475, 46.9605998170761, 123.529224575486, 138.70182800293, 2009593, 2, 67
2021.32179475, 46.9606508942082, 123.52921750303, 138.717742919922, 2009593, 2, 67
2021.32179475, 46.9607083686441, 123.529209621899, 138.690795898438, 2009593, 2, 67
2021.32179475, 46.9607658267966, 123.529201639057, 138.690658569336, 2009593, 2, 59
2021.32179475, 46.9608105456659, 123.529195652172, 138.705215454102, 2009593, 2, 59
2021.32179475, 46.9608616302911, 123.529188672601, 138.698318481445, 2009593, 2, 59
2021.32179475, 46.9609190743848, 123.529180674612, 138.692413330078, 2009593, 2, 59
2021.32179475, 46.9609701320369, 123.529173633585, 138.724990844727, 2009593, 2, 59
2021.32179475, 46.9610275585572, 123.529165710466, 138.692596435547, 2009593, 2, 57
2021.32179475, 46.9610849839718, 123.529157913021, 138.695358276367, 2009593, 2, 57
2021.32179475, 46.9611423622801, 123.529149927941, 138.723754882812, 2009593, 2, 57
2021.32179475, 46.9611997392055, 123.52914210112, 138.713317871094, 2009593, 2, 57
2021.32179475, 46.9612570709212, 123.529134130549, 138.700088500977, 2009593, 2, 53
2021.32179475, 46.9613143625954, 123.529126057131, 138.684753417969, 2009593, 2, 53
2021.32179475, 46.9613652854305, 123.529119072342, 138.70149230957, 2009593, 2, 53
2021.32179475, 46.9614161658935, 123.529111935316, 138.709442138672, 2009593, 2, 53
2021.32179475, 46.9614670245493, 123.529104827901, 138.696334838867, 2009593, 2, 53
2021.32179475, 46.9615178410649, 123.529097611315, 138.66047668457, 2009593, 2, 51
2021.32179475, 46.9615623145862, 123.529091521677, 138.694747924805, 2009593, 2, 51
2021.32179475, 46.9616194307374, 123.529083465192, 138.704360961914, 2009593, 2, 51
2021.32179475, 46.9616765028353, 123.529075324818, 138.703872680664, 2009593, 2, 51
2021.32179475, 46.961727227852, 123.52906825412, 138.712005615234, 2009593, 2, 51
2021.32179475, 46.9617782208938, 123.529061315681, 138.711334228516, 2009593, 2, 53
2021.32179475, 46.9618349795136, 123.52905301331, 138.704040527344, 2009593, 2, 53
2021.32179475, 46.9618917070507, 123.529044681021, 138.714385986328, 2009593, 2, 53
2021.32179475, 46.9619484285827, 123.52903649729, 138.705642700195, 2009593, 2, 53
2021.32179475, 46.9620113968053, 123.529027154341, 138.725296020508, 2009593, 2, 53
2021.32179475, 46.9620806658591, 123.529017033117, 138.713119506836, 2009593, 2, 53
2021.32179475, 46.9621310450291, 123.529009746105, 138.708831787109, 2009593, 2, 53
2021.32179475, 46.9662859739284, 123.528421000071, 138.747039794922, 2009593, 2, 90
2021.32179465, 46.7808972573713, 123.595680120689, 136.346664428711, 2009593, 3, 52
2021.32179465, 46.7961456621627, 123.593547312349, 136.265975952148, 2009593, 3, 72
2021.32179465, 46.7967452903632, 123.593463807789, 136.288162231445, 2009593, 3, 87
2021.32179466, 46.8052443808382, 123.592276537465, 136.284652709961, 2009593, 3, 88
2021.32179466, 46.8056460728584, 123.592221689286, 136.40592956543, 2009593, 3, 72
2021.32179476, 47.01148460681, 123.563402414707, 138.857696533203, 2009593, 3, 93
2021.32179476, 47.013023044111, 123.563187530841, 138.886169433594, 2009593, 3, 92
2021.32179476, 47.0135538804247, 123.563108605178, 138.908569335938, 2009593, 3, 85
2021.32179476, 47.0138667201802, 123.563062887642, 138.915405273438, 2009593, 3, 80
2021.32179476, 47.0141089499392, 123.563028123938, 138.897399902344, 2009593, 3, 80
2021.32179476, 47.0145274562532, 123.562971107391, 138.8935546875, 2009593, 3, 67
2021.32179602, 49.5309813982689, 123.200103399173, 469.696075439453, 2009593, 3, 57
2021.32179602, 49.5314508079806, 123.200033097859, 469.936401367188, 2009593, 3, 73
2021.32179665, 50.7985453603787, 123.009259040324, 549.920532226562, 2002008, 3, 51
2021.32179466, 46.7967814643065, 123.594669574089, 136.277038574219, 2009593, 4, 57
2021.32179466, 46.7969342398152, 123.5946484185, 136.279296875, 2009593, 4, 57
2021.32179466, 46.7970996927365, 123.594625420132, 136.274642944336, 2009593, 4, 67
2021.32179466, 46.7972905440739, 123.5945989788, 136.274475097656, 2009593, 4, 76
2021.32179466, 46.7974876507337, 123.594571625089, 136.266983032227, 2009593, 4, 76
2021.32179466, 46.7976592168151, 123.594547713876, 136.252914428711, 2009593, 4, 82
2021.32179466, 46.7978052157899, 123.594527495186, 136.259170532227, 2009593, 4, 83
2021.32179467, 46.797970206311, 123.594504599571, 136.259719848633, 2009593, 4, 83
2021.32179467, 46.7981097747236, 123.594485136347, 136.282424926758, 2009593, 4, 55
2021.32179467, 46.7982176157456, 123.594470051378, 136.251022338867, 2009593, 4, 55
2021.32179467, 46.8046702555283, 123.593568204772, 136.214599609375, 2009593, 4, 81
2021.32179467, 46.8049124583106, 123.593537281491, 136.240798950195, 2009593, 4, 92
2021.32179467, 46.8051359061491, 123.593508341159, 136.250564575195, 2009593, 4, 77
2021.32179477, 47.0122706500383, 123.564509962031, 138.922409057617, 2009593, 4, 82
2021.32179477, 47.0127647875506, 123.564437453079, 138.89436340332, 2009593, 4, 93
2021.32179477, 47.0131252831134, 123.564386421737, 138.938049316406, 2009593, 4, 92
2021.32179477, 47.0133657479546, 123.564352406575, 138.853576660156, 2009593, 4, 93
2021.32179477, 47.013467096045, 123.564338196872, 138.827178955078, 2009593, 4, 93
2021.32179477, 47.0135875164689, 123.564321197419, 138.865646362305, 2009593, 4, 93
2021.32179477, 47.0136953510263, 123.564305997646, 138.864852905273, 2009593, 4, 93
2021.32179477, 47.0138096062959, 123.564289729687, 138.831665039062, 2009593, 4, 93
2021.32179477, 47.0139049071342, 123.564276211704, 138.829345703125, 2009593, 4, 93
2021.32179477, 47.0139874577272, 123.564264630466, 138.847518920898, 2009593, 4, 93
2021.32179477, 47.0140702958839, 123.564252676106, 138.835815429688, 2009593, 4, 93
2021.32179477, 47.0141340534298, 123.56424349987, 138.83171081543, 2009593, 4, 93
2021.32179477, 47.0142169893161, 123.564231613366, 138.841369628906, 2009593, 4, 93
2021.32179477, 47.0142935546296, 123.564220477138, 138.842025756836, 2009593, 4, 92
2021.32179477, 47.0143573952159, 123.564211307599, 138.861968994141, 2009593, 4, 92
2021.32179477, 47.0144212359759, 123.564202024272, 138.877548217773, 2009593, 4, 92
2021.32179477, 47.0144723337649, 123.56419469835, 138.824249267578, 2009593, 4, 92
2021.32179477, 47.0145234372896, 123.564187371426, 138.86296081543, 2009593, 4, 90
2021.32179477, 47.0145745267349, 123.56417993814, 138.811950683594, 2009593, 4, 90
2021.32179477, 47.0146192402707, 123.564173483007, 138.834045410156, 2009593, 4, 90
2021.32179477, 47.0146511927728, 123.564168957129, 138.813522338867, 2009593, 4, 90
2021.32179477, 47.0146831336356, 123.564164362453, 138.815673828125, 2009593, 4, 90
2021.32179477, 47.0147214526081, 123.564158779761, 138.823928833008, 2009593, 4, 90
2021.32179477, 47.0147534083431, 123.564154285808, 138.83659362793, 2009593, 4, 89
2021.32179477, 47.0147853489406, 123.564149720681, 138.85139465332, 2009593, 4, 89
2021.32179477, 47.0148236643146, 123.56414414687, 138.836242675781, 2009593, 4, 89
2021.32179477, 47.0148556170504, 123.564139669127, 138.858947753906, 2009593, 4, 89
2021.32179477, 47.0148875523963, 123.564135093878, 138.835678100586, 2009593, 4, 89
2021.32179477, 47.0149194927993, 123.564130576099, 138.879592895508, 2009593, 4, 89
2021.32179477, 47.0149514254247, 123.56412602137, 138.86735534668, 2009593, 4, 89
2021.32179477, 47.0149897316919, 123.564120513634, 138.868423461914, 2009593, 4, 89
2021.32179477, 47.0150216599552, 123.564115981036, 138.858856201172, 2009593, 4, 87
2021.32179477, 47.0150472098115, 123.564112427563, 138.877807617188, 2009593, 4, 87
2021.32179477, 47.0150791340938, 123.56410791734, 138.833511352539, 2009593, 4, 87
2021.32179477, 47.0151174275722, 123.56410244097, 138.832595825195, 2009593, 4, 87
2021.32179477, 47.0151493433804, 123.564097940561, 138.837020874023, 2009593, 4, 87
2021.32179477, 47.015181256909, 123.564093462855, 138.845993041992, 2009593, 4, 87
2021.32179477, 47.015206789498, 123.564089923713, 138.844131469727, 2009593, 4, 87
2021.32179477, 47.0152388566362, 123.564085381179, 138.833892822266, 2009593, 4, 87
2021.32179477, 47.0152770625611, 123.564079992916, 138.830657958984, 2009593, 4, 80
2021.32179477, 47.015308912804, 123.56407561317, 138.842330932617, 2009593, 4, 80
2021.32179477, 47.0153471112682, 123.564070258093, 138.844375610352, 2009593, 4, 80
2021.32179477, 47.0153789544313, 123.564065901787, 138.861373901367, 2009593, 4, 80
2021.32179477, 47.0154171504784, 123.564060629633, 138.86083984375, 2009593, 4, 80
2021.32179477, 47.0154617010151, 123.564054431272, 138.881271362305, 2009593, 4, 80
2021.32179477, 47.0155126168947, 123.564047413711, 138.891326904297, 2009593, 4, 68
2021.32179477, 47.0155635406114, 123.564040509972, 138.925994873047, 2009593, 4, 68
2021.32179477, 47.0156208050158, 123.564032652223, 138.864944458008, 2009593, 4, 68
2021.32179477, 47.0156971460199, 123.564022151816, 138.911758422852, 2009593, 4, 68
2021.32179477, 47.0157607840653, 123.5640135907, 138.873580932617, 2009593, 4, 56
2021.32179477, 47.0158180483317, 123.564005839442, 138.857528686523, 2009593, 4, 56
2021.32179477, 47.0158752961157, 123.563998010251, 138.865951538086, 2009593, 4, 55
2021.32179477, 47.0159198362802, 123.563991997753, 138.870788574219, 2009593, 4, 55
2021.32179477, 47.0159643840965, 123.563986029729, 138.842636108398, 2009593, 4, 55
2021.32179477, 47.0173615300154, 123.563796999543, 138.795761108398, 2009593, 4, 56
2021.32179666, 50.7953878154429, 123.011032171529, 548.907104492188, 2002008, 4, 59
2021.32179467, 46.8424411425726, 123.629423692073, 136.6220703125, 1352345, 5, 51
2021.32179476, 47.0190218909691, 123.604833936169, 139.263702392578, 2009593, 5, 61
2021.32179476, 47.0191300537856, 123.604818773151, 139.279220581055, 2009593, 5, 61
2021.32179476, 47.0192445870793, 123.604802649673, 139.293640136719, 2009593, 5, 61
2021.32179476, 47.0193528136799, 123.604786953486, 139.280502319336, 2009593, 5, 82
2021.32179476, 47.0194674061676, 123.604770307236, 139.282485961914, 2009593, 5, 82
2021.32179476, 47.0195756375097, 123.604754514283, 139.243850708008, 2009593, 5, 93
2021.32179476, 47.0196902299336, 123.604737806535, 139.248046875, 2009593, 5, 96
2021.32179476, 47.0198048133867, 123.604721117314, 139.257888793945, 2009593, 5, 96
2021.32179476, 47.0199130272712, 123.604705374564, 139.247085571289, 2009593, 5, 96
2021.32179476, 47.0200275841331, 123.604688817397, 139.267669677734, 2009593, 5, 95
2021.32179476, 47.0201357700588, 123.604673230583, 139.258087158203, 2009593, 5, 95
2021.32179476, 47.0202439315396, 123.604657781143, 139.266830444336, 2009593, 5, 95
2021.32179476, 47.0203520747964, 123.604642461357, 139.269424438477, 2009593, 5, 96
2021.32179476, 47.0204538840903, 123.604627910634, 139.279556274414, 2009593, 5, 96
2021.32179476, 47.0205619328186, 123.60461316296, 139.263198852539, 2009593, 5, 95
2021.32179476, 47.0206636122909, 123.604599370093, 139.276184082031, 2009593, 5, 95
2021.32179476, 47.0207779918614, 123.604583974591, 139.267562866211, 2009593, 5, 95
2021.32179476, 47.0208923637736, 123.604568651163, 139.273239135742, 2009593, 5, 95
2021.32179476, 47.0210067363955, 123.604553388372, 139.267700195312, 2009593, 5, 95
2021.32179476, 47.0211147611028, 123.604538995187, 139.271530151367, 2009593, 5, 95
2021.32179476, 47.0212227982247, 123.60452457198, 139.266693115234, 2009593, 5, 95
2021.32179476, 47.0213308492732, 123.604510131075, 139.264465332031, 2009593, 5, 94
2021.32179476, 47.0214389115539, 123.604495664139, 139.281158447266, 2009593, 5, 94
2021.32179476, 47.021546998569, 123.604481113556, 139.267028808594, 2009593, 5, 82
2021.32179476, 47.0216551060397, 123.604466477882, 139.270751953125, 2009593, 5, 82
2021.32179476, 47.0217632133771, 123.604451836882, 139.273849487305, 2009593, 5, 74
2021.32179476, 47.0218714368637, 123.604436761186, 139.263824462891, 2009593, 5, 74
2021.32179476, 47.0219796824644, 123.604421585763, 139.27995300293, 2009593, 5, 74
2021.32179476, 47.0220943048526, 123.604405437377, 139.26985168457, 2009593, 5, 75
2021.32179476, 47.0222089357905, 123.6043892323, 139.251663208008, 2009593, 5, 75
2021.32179476, 47.0223235651611, 123.604372985335, 139.268859863281, 2009593, 5, 77
2021.32179476, 47.0224318255252, 123.604357605968, 139.272888183594, 2009593, 5, 77
2021.32179476, 47.0225464400092, 123.604341333966, 139.263092041016, 2009593, 5, 74
2021.32179476, 47.0226610439098, 123.604325050062, 139.295303344727, 2009593, 5, 74
2021.32179476, 47.0227756254398, 123.604308815546, 139.289352416992, 2009593, 5, 63
2021.32179476, 47.0228838261953, 123.604293495841, 139.286712646484, 2009593, 5, 63
2021.32179476, 47.0229984215735, 123.604277203932, 139.305801391602, 2009593, 5, 63
2021.32179476, 47.0231128537455, 123.604261338583, 139.296905517578, 2009593, 5, 54
2021.32179468, 46.8396700240681, 123.631051545047, 136.512557983398, 1352345, 6, 53
2021.32179468, 46.839834036556, 123.631030637619, 136.510864257812, 1352345, 6, 54
2021.32179468, 46.8399850616931, 123.631011464186, 136.516296386719, 1352345, 6, 54
2021.32179468, 46.8401421091834, 123.630991469139, 136.506652832031, 1352345, 6, 53
2021.32179468, 46.8402990226651, 123.630971427384, 136.540313720703, 1352345, 6, 54
2021.32179468, 46.8404370995975, 123.630953692656, 136.500457763672, 1352345, 6, 54
2021.32179477, 47.0200304456457, 123.605936470093, 139.224578857422, 2009593, 6, 52
2021.32179477, 47.0200555410399, 123.605933364178, 139.197723388672, 2009593, 6, 52
2021.32179477, 47.0200869091861, 123.605929456518, 139.21662902832, 2009593, 6, 52
2021.32179477, 47.020112007803, 123.605926346136, 139.216995239258, 2009593, 6, 52
2021.32179477, 47.0201371168549, 123.605923248323, 139.201583862305, 2009593, 6, 52
2021.32179477, 47.0201622265838, 123.605920141102, 139.215133666992, 2009593, 6, 52
2021.32179477, 47.020193615873, 123.605916225533, 139.225448608398, 2009593, 6, 52
2021.32179477, 47.0202187366726, 123.605913107939, 139.198989868164, 2009593, 6, 52
2021.32179477, 47.0202438666123, 123.605910009683, 139.220596313477, 2009593, 6, 52
2021.32179477, 47.0202690006453, 123.60590688852, 139.211975097656, 2009593, 6, 65
2021.32179477, 47.0203004224851, 123.605902967809, 139.215377807617, 2009593, 6, 65
2021.32179477, 47.0203255721272, 123.605899854591, 139.220077514648, 2009593, 6, 65
2021.32179477, 47.0203569102523, 123.605895925814, 139.222366333008, 2009593, 6, 65
2021.32179477, 47.0203821058908, 123.605892787531, 139.198989868164, 2009593, 6, 65
2021.32179477, 47.0204073076405, 123.605889629135, 139.20442199707, 2009593, 6, 65
2021.32179477, 47.0204325257002, 123.605886505112, 139.206832885742, 2009593, 6, 65
2021.32179477, 47.0204640473127, 123.605882531204, 139.200942993164, 2009593, 6, 65
2021.32179477, 47.020489278217, 123.605879354532, 139.184692382812, 2009593, 6, 65
2021.32179477, 47.0205145238843, 123.605876210158, 139.208648681641, 2009593, 6, 77
2021.32179477, 47.0205397699954, 123.60587301985, 139.20524597168, 2009593, 6, 77
2021.32179477, 47.0205713415976, 123.605869013694, 139.210876464844, 2009593, 6, 77
2021.32179477, 47.0205966121444, 123.605865817914, 139.219909667969, 2009593, 6, 77
2021.32179477, 47.0206218944218, 123.605862619787, 139.202560424805, 2009593, 6, 77
2021.32179477, 47.0206471835083, 123.605859398603, 139.201400756836, 2009593, 6, 77
2021.32179477, 47.0206724830059, 123.605856171239, 139.206665039062, 2009593, 6, 77
2021.32179477, 47.0206977920511, 123.605852933442, 139.210418701172, 2009593, 6, 77
2021.32179477, 47.0207294367042, 123.605848849381, 139.209869384766, 2009593, 6, 77
2021.32179477, 47.0207547668434, 123.605845592768, 139.209686279297, 2009593, 6, 77
2021.32179477, 47.0207801063449, 123.605842312901, 139.193740844727, 2009593, 6, 77
2021.32179477, 47.0208054615955, 123.605839051123, 139.216873168945, 2009593, 6, 77
2021.32179477, 47.0208308213048, 123.605835755365, 139.198059082031, 2009593, 6, 77
2021.32179477, 47.0208561922015, 123.605832449048, 139.197875976562, 2009593, 6, 77
2021.32179477, 47.020887916722, 123.605828284641, 139.212509155273, 2009593, 6, 77
2021.32179477, 47.0209133133073, 123.605824968815, 139.213912963867, 2009593, 6, 77
2021.32179477, 47.0209387162166, 123.605821623026, 139.228973388672, 2009593, 6, 77
2021.32179477, 47.0209704780201, 123.605817409772, 139.223815917969, 2009593, 6, 77
2021.32179477, 47.0210022609298, 123.605813191843, 139.226104736328, 2009593, 6, 87
2021.32179477, 47.0210276978441, 123.605809801523, 139.224548339844, 2009593, 6, 87
2021.32179477, 47.0210531484002, 123.60580641925, 139.211883544922, 2009593, 6, 87
2021.32179477, 47.0210849654817, 123.605802131046, 139.216857910156, 2009593, 6, 87
2021.32179477, 47.0211104344109, 123.60579870593, 139.217300415039, 2009593, 6, 87
2021.32179477, 47.0211359146235, 123.605795278286, 139.212478637695, 2009593, 6, 87
2021.32179477, 47.0211614020671, 123.605791828436, 139.209518432617, 2009593, 6, 87
2021.32179477, 47.0211868950711, 123.605788363391, 139.225570678711, 2009593, 6, 87
2021.32179477, 47.0212187733642, 123.605783993742, 139.221481323242, 2009593, 6, 87
2021.32179477, 47.0212442945078, 123.605780528114, 139.221450805664, 2009593, 6, 87
2021.32179477, 47.0212761946379, 123.605776112344, 139.20768737793, 2009593, 6, 91
2021.32179477, 47.0213017284566, 123.605772592832, 139.225280761719, 2009593, 6, 91
2021.32179477, 47.0213272750883, 123.605769075075, 139.219039916992, 2009593, 6, 91
2021.32179477, 47.0213592085211, 123.605764617251, 139.225173950195, 2009593, 6, 91
2021.32179477, 47.0213847708857, 123.605761078419, 139.225921630859, 2009593, 6, 91
2021.32179477, 47.0214103371489, 123.60575750573, 139.230331420898, 2009593, 6, 91
2021.32179477, 47.0214423030382, 123.605753007483, 139.231338500977, 2009593, 6, 91
2021.32179477, 47.0214678893253, 123.605749425292, 139.222213745117, 2009593, 6, 95
2021.32179477, 47.0214934790489, 123.605745815948, 139.239761352539, 2009593, 6, 95
2021.32179477, 47.0215254699387, 123.605741267755, 139.220687866211, 2009593, 6, 96
2021.32179477, 47.0215510742445, 123.605737632225, 139.219467163086, 2009593, 6, 96
2021.32179477, 47.0215766871814, 123.605734010085, 139.225021362305, 2009593, 6, 96
2021.32179477, 47.0216022997634, 123.605730353627, 139.212188720703, 2009593, 6, 96
2021.32179477, 47.0216341957267, 123.605726082638, 139.228790283203, 2009593, 6, 96
2021.32179477, 47.0216598612363, 123.605722300898, 139.233581542969, 2009593, 6, 96
2021.32179477, 47.0216855340826, 123.605718524551, 139.228881835938, 2009593, 6, 96
2021.32179477, 47.0217112112824, 123.605714741433, 139.231094360352, 2009593, 6, 96
2021.32179477, 47.0217368895952, 123.605710937802, 139.233856201172, 2009593, 6, 96
2021.32179477, 47.0217689888969, 123.605706158767, 139.233047485352, 2009593, 6, 96
2021.32179477, 47.0217946758819, 123.605702356213, 139.223907470703, 2009593, 6, 96
2021.32179477, 47.0218267816471, 123.605697568885, 139.244033813477, 2009593, 6, 96
2021.32179477, 47.021852471132, 123.605693740649, 139.21061706543, 2009593, 6, 96
2021.32179477, 47.0218781661619, 123.60568993005, 139.239273071289, 2009593, 6, 96
2021.32179477, 47.0219038563989, 123.605686093004, 139.225677490234, 2009593, 6, 96
2021.32179477, 47.0219359697652, 123.605681287043, 139.22412109375, 2009593, 6, 96
2021.32179477, 47.0219616652016, 123.605677464862, 139.235260009766, 2009593, 6, 96
2021.32179477, 47.0219873578329, 123.605673630338, 139.23991394043, 2009593, 6, 96
2021.32179477, 47.0220194672881, 123.605668811697, 139.224487304688, 2009593, 6, 96
2021.32179477, 47.0220451558028, 123.605664985543, 139.226684570312, 2009593, 6, 96
2021.32179477, 47.0220708459338, 123.605661162879, 139.216949462891, 2009593, 6, 96
2021.32179477, 47.0221029508602, 123.605656364252, 139.243118286133, 2009593, 6, 96
2021.32179477, 47.0221286325458, 123.605652527215, 139.204193115234, 2009593, 6, 96
2021.32179477, 47.0221543146709, 123.605648726781, 139.234024047852, 2009593, 6, 96
2021.32179477, 47.022186406681, 123.605643940474, 139.223434448242, 2009593, 6, 96
2021.32179477, 47.0222120794761, 123.605640134634, 139.228744506836, 2009593, 6, 96
2021.32179477, 47.0222377463755, 123.605636320768, 139.239898681641, 2009593, 6, 96
2021.32179477, 47.0222698208968, 123.605631570368, 139.226989746094, 2009593, 6, 95
2021.32179477, 47.0223018897036, 123.605626826039, 139.251449584961, 2009593, 6, 95
2021.32179477, 47.022327541022, 123.60562305085, 139.241760253906, 2009593, 6, 95
2021.32179477, 47.0223531853118, 123.605619277073, 139.240921020508, 2009593, 6, 95
2021.32179477, 47.0223852291756, 123.605614561714, 139.242477416992, 2009593, 6, 95
2021.32179477, 47.0224108617951, 123.605610819122, 139.232177734375, 2009593, 6, 95
2021.32179477, 47.0224364861552, 123.605607083265, 139.246124267578, 2009593, 6, 95
2021.32179477, 47.0224685001789, 123.605602396658, 139.238174438477, 2009593, 6, 95
2021.32179477, 47.0224941108831, 123.60559868986, 139.24201965332, 2009593, 6, 95
2021.32179477, 47.0225197113779, 123.605594980145, 139.241134643555, 2009593, 6, 96
2021.32179477, 47.0225516981771, 123.605590343844, 139.241073608398, 2009593, 6, 96
2021.32179477, 47.0225772849512, 123.605586679272, 139.238128662109, 2009593, 6, 96
2021.32179478, 47.0226092483566, 123.605582077194, 139.223220825195, 2009593, 6, 96
2021.32179478, 47.0226348162973, 123.605578438256, 139.22900390625, 2009593, 6, 96
2021.32179478, 47.0226603729915, 123.605574798567, 139.234832763672, 2009593, 6, 96
2021.32179478, 47.0226859186057, 123.605571169431, 139.231597900391, 2009593, 6, 96
2021.32179478, 47.0227178360152, 123.605566632886, 139.226654052734, 2009593, 6, 96
2021.32179478, 47.0227433659993, 123.605563045331, 139.232376098633, 2009593, 6, 96
2021.32179478, 47.0227688868464, 123.605559470782, 139.23811340332, 2009593, 6, 94
2021.32179478, 47.0228007695548, 123.605554994124, 139.227554321289, 2009593, 6, 94
2021.32179478, 47.0228262661897, 123.605551436993, 139.229217529297, 2009593, 6, 94
2021.32179478, 47.0228517595016, 123.605547914064, 139.232437133789, 2009593, 6, 94
2021.32179478, 47.0228772389959, 123.605544392171, 139.225341796875, 2009593, 6, 94
2021.32179478, 47.022902960408, 123.605540350499, 139.23210144043, 2009593, 6, 94
2021.32179478, 47.0229346961583, 123.605536145742, 139.242752075195, 2009593, 6, 94
2021.32179478, 47.0229600761897, 123.605532811242, 139.23486328125, 2009593, 6, 94
2021.32179478, 47.022985448347, 123.605529490344, 139.225845336914, 2009593, 6, 94
2021.32179478, 47.0230108155225, 123.605526200186, 139.249618530273, 2009593, 6, 91
2021.32179478, 47.0230361716347, 123.605522909023, 139.237518310547, 2009593, 6, 91
2021.32179478, 47.0230678510124, 123.605518789035, 139.258163452148, 2009593, 6, 91
2021.32179478, 47.0230931902836, 123.60551553259, 139.231735229492, 2009593, 6, 91
2021.32179478, 47.0231248463541, 123.605511441612, 139.235885620117, 2009593, 6, 91
2021.32179478, 47.0231501681945, 123.605508196333, 139.227096557617, 2009593, 6, 91
2021.32179478, 47.0231754850358, 123.605504972806, 139.243026733398, 2009593, 6, 91
2021.32179478, 47.0232007926303, 123.605501738464, 139.230545043945, 2009593, 6, 91
2021.32179478, 47.0232324146606, 123.605497685769, 139.250518798828, 2009593, 6, 90
2021.32179478, 47.023257713952, 123.605494491308, 139.230331420898, 2009593, 6, 90
2021.32179478, 47.0232830045493, 123.605491285567, 139.240264892578, 2009593, 6, 90
2021.32179478, 47.0233146056477, 123.605487264061, 139.218246459961, 2009593, 6, 90
2021.32179478, 47.0233461991182, 123.605483251071, 139.230102539062, 2009593, 6, 90
2021.32179478, 47.02337147833, 123.605480081743, 139.230041503906, 2009593, 6, 90
2021.32179478, 47.0233967466616, 123.605476879492, 139.222869873047, 2009593, 6, 90
2021.32179478, 47.0234283268615, 123.60547287663, 139.231857299805, 2009593, 6, 90
2021.32179478, 47.0234535892029, 123.605469687908, 139.234100341797, 2009593, 6, 90
2021.32179478, 47.0234788522377, 123.605466510993, 139.222793579102, 2009593, 6, 90
2021.32179478, 47.0235104229997, 123.605462514283, 139.240768432617, 2009593, 6, 93
2021.32179478, 47.0235356747419, 123.605459315389, 139.21354675293, 2009593, 6, 93
2021.32179478, 47.0235609317583, 123.605456129117, 139.248870849609, 2009593, 6, 93
2021.32179478, 47.023586183424, 123.605452928365, 139.244720458984, 2009593, 6, 93
2021.32179478, 47.023611440006, 123.605449747703, 139.220352172852, 2009593, 6, 93
2021.32179478, 47.023643002805, 123.605445728827, 139.24055480957, 2009593, 6, 93
2021.32179478, 47.0236682577549, 123.605442536697, 139.24723815918, 2009593, 6, 93
2021.32179478, 47.0236935125103, 123.6054393265, 139.253219604492, 2009593, 6, 93
2021.32179478, 47.023725074642, 123.605435278659, 139.246627807617, 2009593, 6, 93
2021.32179478, 47.0237503275802, 123.605432048862, 139.24186706543, 2009593, 6, 93
2021.32179478, 47.0237755870648, 123.605428832345, 139.238693237305, 2009593, 6, 93
2021.32179478, 47.0238071571627, 123.605424760312, 139.243698120117, 2009593, 6, 93
2021.32179478, 47.0238324205684, 123.605421517693, 139.228302001953, 2009593, 6, 93
2021.32179478, 47.0238639986599, 123.605417428035, 139.245681762695, 2009593, 6, 93
2021.32179478, 47.0238892646564, 123.60541415159, 139.241592407227, 2009593, 6, 93
2021.32179478, 47.0239145383667, 123.605410878582, 139.251037597656, 2009593, 6, 93
2021.32179478, 47.0239461257233, 123.605406734922, 139.233901977539, 2009593, 6, 93
2021.32179478, 47.0239714067642, 123.605403448121, 139.240432739258, 2009593, 6, 93
2021.32179478, 47.0240030066557, 123.605399275569, 139.243545532227, 2009593, 6, 91
2021.32179478, 47.024028294273, 123.605395943115, 139.244537353516, 2009593, 6, 91
2021.32179478, 47.0240535880335, 123.605392601233, 139.229629516602, 2009593, 6, 91
2021.32179478, 47.0240852081317, 123.605388385998, 139.234161376953, 2009593, 6, 91
2021.32179478, 47.024110510041, 123.605385004853, 139.235748291016, 2009593, 6, 91
2021.32179478, 47.0241358231367, 123.605381630116, 139.248962402344, 2009593, 6, 91
2021.32179478, 47.0241672615138, 123.605377790923, 139.235092163086, 2009593, 6, 91
2021.32179478, 47.0241926386681, 123.605374264247, 139.242202758789, 2009593, 6, 91
2021.32179478, 47.0242180194635, 123.605370702709, 139.244201660156, 2009593, 6, 91
2021.32179478, 47.0242497497655, 123.605366216388, 139.2255859375, 2009593, 6, 91
2021.32179478, 47.0242751450618, 123.605362631209, 139.240829467773, 2009593, 6, 91
2021.32179478, 47.0243005475862, 123.605359040142, 139.240158081055, 2009593, 6, 91
2021.32179478, 47.0243259543138, 123.605355428523, 139.236190795898, 2009593, 6, 91
2021.32179478, 47.0243577154052, 123.60535086977, 139.247924804688, 2009593, 6, 91
2021.32179478, 47.0243831347993, 123.605347235015, 139.233947753906, 2009593, 6, 91
2021.32179478, 47.0244085576646, 123.605343582933, 139.247009277344, 2009593, 6, 91
2021.32179478, 47.024440340507, 123.605338972012, 139.237106323242, 2009593, 6, 91
2021.32179478, 47.0244657786079, 123.605335304995, 139.241195678711, 2009593, 6, 91
2021.32179478, 47.0244912198037, 123.605331606598, 139.237152099609, 2009593, 6, 91
2021.32179478, 47.0245230227458, 123.605326950967, 139.245269775391, 2009593, 6, 84
2021.32179478, 47.0245484783024, 123.605323249128, 139.230606079102, 2009593, 6, 84
2021.32179478, 47.0245739351057, 123.605319519335, 139.244964599609, 2009593, 6, 84
2021.32179478, 47.0246057550655, 123.605314819587, 139.233840942383, 2009593, 6, 84
2021.32179478, 47.0246312265695, 123.605311090133, 139.257553100586, 2009593, 6, 84
2021.32179478, 47.0246630611777, 123.605306360988, 139.234878540039, 2009593, 6, 84
2021.32179478, 47.0246885373378, 123.605302591631, 139.240661621094, 2009593, 6, 84
2021.32179478, 47.0247140222461, 123.605298827802, 139.228897094727, 2009593, 6, 84
2021.32179478, 47.0247458737252, 123.605294072249, 139.250015258789, 2009593, 6, 84
2021.32179478, 47.0247713628967, 123.605290274556, 139.239227294922, 2009593, 6, 69
2021.32179478, 47.0247968595699, 123.605286489268, 139.233154296875, 2009593, 6, 69
2021.32179478, 47.0248287229252, 123.605281702017, 139.239868164062, 2009593, 6, 69
2021.32179478, 47.0248542247228, 123.605277891011, 139.241561889648, 2009593, 6, 69
2021.32179478, 47.0248797275795, 123.605274064227, 139.253875732422, 2009593, 6, 69
2021.32179478, 47.0249052345462, 123.605270238145, 139.244247436523, 2009593, 6, 69
2021.32179478, 47.0249307464351, 123.605266418026, 139.264068603516, 2009593, 6, 69
2021.32179478, 47.0249562589554, 123.605262588454, 139.257400512695, 2009593, 6, 69
2021.32179478, 47.0249817749871, 123.605258750007, 139.260757446289, 2009593, 6, 69
2021.32179602, 49.5267714178972, 123.246672640459, 439.070251464844, 2009593, 6, 54
2021.32179602, 49.5269116713403, 123.246650892653, 439.072540283203, 2009593, 6, 54
