2020.68562809, 50.5477621498217, 115.34525876776, 602.105346679688, 2009603, 1, 93
2020.68562809, 50.5477813280425, 115.345255983301, 602.101013183594, 2009603, 1, 93
2020.68562809, 50.5478068928206, 115.345252275458, 602.09130859375, 2009603, 1, 93
2020.68562809, 50.5478324527157, 115.345248567215, 602.078857421875, 2009603, 1, 93
2020.68562809, 50.5478580131492, 115.345244851701, 602.088500976562, 2009603, 1, 93
2020.68562809, 50.5478835698082, 115.345241134071, 602.078552246094, 2009603, 1, 93
2020.68562809, 50.5479155040377, 115.345236489633, 602.056579589844, 2009603, 1, 93
2020.68562809, 50.5479410496009, 115.345232769829, 602.059020996094, 2009603, 1, 93
2020.68562809, 50.5479665975259, 115.345229035579, 602.08251953125, 2009603, 1, 93
2020.68562809, 50.5479985195793, 115.345224374563, 602.046264648438, 2009603, 1, 93
2020.6856281, 50.5838201440322, 115.339747164286, 600.404418945312, 2009603, 1, 52
2020.6856281, 50.5838517528859, 115.339742498604, 600.407165527344, 2009603, 1, 52
2020.6856281, 50.5838770425965, 115.339738756019, 600.406372070312, 2009603, 1, 52
2020.6856281, 50.583914972012, 115.339733156032, 600.405151367188, 2009603, 1, 52
2020.6856281, 50.5839465827983, 115.339728480897, 600.48779296875, 2009603, 1, 52
2020.6856281, 50.5839845151982, 115.339722871156, 600.481628417969, 2009603, 1, 52
2020.6856281, 50.5840224410878, 115.339717270048, 600.478088378906, 2009603, 1, 52
2020.6856281, 50.584054057761, 115.339712580009, 600.466125488281, 2009603, 1, 52
2020.6856281, 50.5840856613213, 115.339707906377, 600.470092773438, 2009603, 1, 52
2020.6856281, 50.5841174502461, 115.339703213748, 600.474548339844, 2009603, 1, 52
2020.6856281, 50.5841553188156, 115.339697587976, 600.514892578125, 2009603, 1, 52
2020.6856281, 50.5841868777114, 115.339692894899, 600.473815917969, 2009603, 1, 52
2020.6856281, 50.5842247415744, 115.339687272048, 600.49072265625, 2009603, 1, 52
2020.6856281, 50.5842563066509, 115.339682566589, 600.514465332031, 2009603, 1, 59
2020.6856281, 50.5842878777401, 115.339677850691, 600.477111816406, 2009603, 1, 59
2020.6856281, 50.584319442782, 115.339673141444, 600.487060546875, 2009603, 1, 59
2020.6856281, 50.58434470712, 115.339669357163, 600.483337402344, 2009603, 1, 59
2020.6856281, 50.5843762886282, 115.339664626475, 600.483215332031, 2009603, 1, 59
2020.6856281, 50.5844078761838, 115.339659887566, 600.515197753906, 2009603, 1, 59
2020.6856281, 50.5844457903296, 115.33965418755, 600.533447265625, 2009603, 1, 59
2020.6856281, 50.5844837128984, 115.339648479384, 600.4912109375, 2009603, 1, 59
2020.68562869, 51.7702741005366, 115.155672394887, 538.064819335938, 2009603, 1, 86
2020.68562869, 51.7703058361846, 115.155667779611, 538.084350585938, 2009603, 1, 86
2020.68562869, 51.7703312304222, 115.155664057708, 538.080383300781, 2009603, 1, 86
2020.68562869, 51.7703629558263, 115.155659417495, 538.100158691406, 2009603, 1, 86
2020.68562869, 51.7703946813818, 115.155654747712, 538.094543457031, 2009603, 1, 86
2020.68562869, 51.7704264019986, 115.155650061882, 538.091857910156, 2009603, 1, 86
2020.68562869, 51.7704517836457, 115.155646286588, 538.084777832031, 2009603, 1, 86
2020.68562869, 51.7704834998549, 115.155641558379, 538.088073730469, 2009603, 1, 86
2020.68562869, 51.770515213444, 115.155636807554, 538.097229003906, 2009603, 1, 94
2020.68562869, 51.7705469204316, 115.15563203933, 538.093017578125, 2009603, 1, 94
2020.68562869, 51.7705786321681, 115.155627231855, 538.096130371094, 2009603, 1, 94
2020.68562869, 51.7706103304879, 115.155622413914, 538.084716796875, 2009603, 1, 94
2020.68562869, 51.7706420304196, 115.155617565199, 538.074279785156, 2009603, 1, 94
2020.68562869, 51.7706673965423, 115.155613654884, 538.070861816406, 2009603, 1, 94
2020.68562869, 51.7706990900042, 115.155608761607, 538.081909179688, 2009603, 1, 94
2020.68562869, 51.7707245896944, 115.155605414266, 538.080627441406, 2009603, 1, 94
2020.68562869, 51.7707562299013, 115.15560025151, 538.087768554688, 2009603, 1, 94
2020.68562869, 51.7707878718263, 115.15559505506, 538.088317871094, 2009603, 1, 94
2020.68562869, 51.7708131868777, 115.155590872848, 538.09423828125, 2009603, 1, 94
2020.68562869, 51.7708448265517, 115.155585627157, 538.082580566406, 2009603, 1, 94
2020.68562869, 51.7708764676061, 115.155580356849, 538.074096679688, 2009603, 1, 94
2020.68562869, 51.7709081027781, 115.155575072688, 538.1025390625, 2009603, 1, 94
2020.68562869, 51.7709397464, 115.155569754598, 538.098937988281, 2009603, 1, 94
2020.68562869, 51.770965063214, 115.155565479671, 538.097045898438, 2009603, 1, 94
2020.68562869, 51.7709967090124, 115.155560122873, 538.100646972656, 2009603, 1, 94
2020.68562869, 51.7710283561151, 115.155554748016, 538.090637207031, 2009603, 1, 94
2020.68562869, 51.7710600015707, 115.15554935806, 538.08642578125, 2009603, 1, 94
2020.68562869, 51.7710916534111, 115.155543949717, 538.106628417969, 2009603, 1, 94
2020.68562869, 51.7711233101256, 115.155538523135, 538.079223632812, 2009603, 1, 94
2020.68562869, 51.7711613022269, 115.155531994677, 538.125183105469, 2009603, 1, 94
2020.68562869, 51.7711929666462, 115.155526539721, 538.113647460938, 2009603, 1, 94
2020.68562869, 51.7712246380427, 115.155521070912, 538.085327148438, 2009603, 1, 94
2020.68562869, 51.7712563125146, 115.155515591393, 538.09765625, 2009603, 1, 93
2020.68562869, 51.7712879939097, 115.155510105704, 538.087524414062, 2009603, 1, 93
2020.68562869, 51.7713196810281, 115.155504613345, 538.098388671875, 2009603, 1, 93
2020.68562869, 51.7713577134944, 115.155498016029, 538.104309082031, 2009603, 1, 93
2020.68562869, 51.7713957586714, 115.155491405395, 538.118835449219, 2009603, 1, 93
2020.68562869, 51.7714401578561, 115.155483690245, 538.109375, 2009603, 1, 93
2020.68562869, 51.7714845639709, 115.155475983829, 538.135437011719, 2009603, 1, 93
2020.6856281, 50.547818872205, 115.346484751257, 602.055236816406, 2009603, 2, 91
2020.6856281, 50.5479269252431, 115.346468780384, 602.046569824219, 2009603, 2, 91
2020.68562811, 50.5845208464526, 115.340875501986, 600.414184570312, 2009603, 2, 51
2020.68562811, 50.584680285332, 115.340851284188, 600.416748046875, 2009603, 2, 51
2020.68562811, 50.5848333898116, 115.340828011326, 600.466979980469, 2009603, 2, 53
2020.68562811, 50.584948213746, 115.340810537336, 600.474426269531, 2009603, 2, 53
2020.6856287, 51.7703294679183, 115.1569329885, 538.061645507812, 2009603, 2, 88
2020.6856287, 51.7704374356136, 115.156916039403, 538.055419921875, 2009603, 2, 88
2020.6856287, 51.7705453773725, 115.15689917637, 538.056335449219, 2009603, 2, 93
2020.6856287, 51.7706598104126, 115.156881168843, 538.058654785156, 2009603, 2, 93
2020.6856287, 51.7707802085354, 115.156862795108, 538.048461914062, 2009603, 2, 94
2020.6856287, 51.7708879391387, 115.156846418236, 538.054382324219, 2009603, 2, 94
2020.6856287, 51.7710083516522, 115.15682814336, 538.042114257812, 2009603, 2, 94
2020.6856287, 51.7711351395902, 115.156808905328, 538.036987304688, 2009603, 2, 94
2020.6856287, 51.7712619968283, 115.156789629811, 538.059387207031, 2009603, 2, 93
2020.6856287, 51.771395285169, 115.156769306715, 538.065307617188, 2009603, 2, 93
2020.68562689, 48.1407505620289, 115.746202958557, 611.820556640625, 2006567, 3, 55
2020.68562689, 48.140776072674, 115.746199164732, 611.833068847656, 2006567, 3, 55
2020.68562689, 48.1408015861109, 115.746195379669, 611.829406738281, 2006567, 3, 55
2020.68562689, 48.140827101214, 115.74619159356, 611.826538085938, 2006567, 3, 55
2020.68562689, 48.1408526196275, 115.746187820275, 611.811279296875, 2006567, 3, 55
2020.68562689, 48.1408781344119, 115.74618403583, 611.815673828125, 2006567, 3, 55
2020.68562689, 48.1409100224559, 115.746179292884, 611.828552246094, 2006567, 3, 55
2020.68562689, 48.1409355373214, 115.746175517092, 611.848754882812, 2006567, 3, 55
2020.68562689, 48.1409610523593, 115.746171735134, 611.857482910156, 2006567, 3, 55
2020.68562689, 48.1409865738573, 115.746167969592, 611.838012695312, 2006567, 3, 55
2020.6856281, 50.5845146452136, 115.385220186762, 598.217468261719, 2009603, 3, 84
2020.6856281, 50.5845716862795, 115.385211493537, 598.202819824219, 2009603, 3, 84
2020.6856281, 50.5846223978995, 115.385203806756, 598.214782714844, 2009603, 3, 84
2020.6856281, 50.5846730827259, 115.385196074754, 598.223327636719, 2009603, 3, 84
2020.6856281, 50.5847237573231, 115.385188341532, 598.196044921875, 2009603, 3, 84
2020.6856281, 50.5847680821133, 115.38518154315, 598.206359863281, 2009603, 3, 92
2020.6856281, 50.5848060829424, 115.385175744759, 598.209228515625, 2009603, 3, 92
2020.6856281, 50.5848440631584, 115.385169900088, 598.198059082031, 2009603, 3, 92
2020.6856281, 50.5848757176125, 115.385165042761, 598.164794921875, 2009603, 3, 92
2020.6856281, 50.5849073649109, 115.385160170788, 598.194580078125, 2009603, 3, 92
2020.6856281, 50.5849326909918, 115.385156301223, 598.19189453125, 2009603, 3, 92
2020.6856281, 50.5849643380999, 115.385151431207, 598.180358886719, 2009603, 3, 92
2020.6856281, 50.5850023035381, 115.385145561274, 598.190734863281, 2009603, 3, 76
2020.6856281, 50.585027624266, 115.385141672686, 598.209533691406, 2009603, 3, 76
2020.6856281, 50.5850592638367, 115.385136786367, 598.206970214844, 2009603, 3, 76
2020.6856281, 50.5850908967391, 115.385131880489, 598.205383300781, 2009603, 3, 76
2020.6856281, 50.5851162143167, 115.385127981182, 598.2001953125, 2009603, 3, 76
2020.6856281, 50.5851541683596, 115.385122083044, 598.27392578125, 2009603, 3, 76
2020.6856281, 50.5851858132458, 115.38511719781, 598.211975097656, 2009603, 3, 76
2020.6856281, 50.5852174513219, 115.385112292519, 598.212097167969, 2009603, 3, 76
2020.6856281, 50.5852490890911, 115.385107381942, 598.20166015625, 2009603, 3, 76
2020.6856281, 50.5852807183046, 115.385102448589, 598.204345703125, 2009603, 3, 59
2020.6856281, 50.5853123596126, 115.385097536206, 598.198791503906, 2009603, 3, 59
2020.6856281, 50.5853376748999, 115.38509360735, 598.198669433594, 2009603, 3, 59
2020.6856281, 50.5853693065803, 115.385088668034, 598.210876464844, 2009603, 3, 59
2020.6856281, 50.585394630784, 115.38508474847, 598.187683105469, 2009603, 3, 59
2020.6856281, 50.5854261897347, 115.385079876308, 598.170349121094, 2009603, 3, 59
2020.6856281, 50.5854515296015, 115.385075920016, 598.181213378906, 2009603, 3, 59
2020.6856281, 50.585483194945, 115.38507094475, 598.171752929688, 2009603, 3, 59
2020.6856281, 50.5855148673616, 115.38506597828, 598.181213378906, 2009603, 3, 69
2020.6856281, 50.5855402113533, 115.385062016152, 598.1650390625, 2009603, 3, 69
2020.6856281, 50.5855655532422, 115.38505804627, 598.157775878906, 2009603, 3, 69
2020.6856281, 50.5855972313629, 115.385053074765, 598.168640136719, 2009603, 3, 69
2020.6856281, 50.5856289075194, 115.385048088384, 598.16552734375, 2009603, 3, 69
2020.6856281, 50.5856542613131, 115.385044124275, 598.163818359375, 2009603, 3, 69
2020.6856281, 50.5856859427786, 115.385039136372, 598.121887207031, 2009603, 3, 69
2020.6856281, 50.5857176328575, 115.385034161223, 598.133361816406, 2009603, 3, 69
2020.6856281, 50.5857493241212, 115.385029181183, 598.146362304688, 2009603, 3, 69
2020.6856281, 50.5857810166677, 115.385024203597, 598.149475097656, 2009603, 3, 70
2020.6856281, 50.5858127250031, 115.385019249077, 598.176940917969, 2009603, 3, 70
2020.6856281, 50.5858444193683, 115.385014253769, 598.139465332031, 2009603, 3, 70
2020.6856281, 50.5858761248395, 115.385009279965, 598.173095703125, 2009603, 3, 70
2020.6856281, 50.5859141810444, 115.385003321887, 598.212097167969, 2009603, 3, 70
2020.6856281, 50.5859585858407, 115.384996369031, 598.177429199219, 2009603, 3, 63
2020.6856281, 50.5859966428426, 115.384990400418, 598.129699707031, 2009603, 3, 63
2020.68562869, 51.7668264776851, 115.202998292303, 535.939025878906, 2009603, 3, 66
2020.68562869, 51.7668643326188, 115.202992145942, 535.928344726562, 2009603, 3, 66
2020.68562869, 51.7669021950548, 115.202986031201, 535.952453613281, 2009603, 3, 66
2020.68562869, 51.7669400528607, 115.202979927895, 535.930053710938, 2009603, 3, 66
2020.68562869, 51.7669780137477, 115.202973751351, 535.936340332031, 2009603, 3, 66
2020.68562869, 51.7670220960753, 115.202966667448, 535.961608886719, 2009603, 3, 92
2020.68562869, 51.7670598892052, 115.202960622549, 535.93505859375, 2009603, 3, 92
2020.68562869, 51.7670976742642, 115.202954571434, 535.924499511719, 2009603, 3, 92
2020.68562869, 51.7671354596222, 115.202948523723, 535.931518554688, 2009603, 3, 92
2020.68562869, 51.7671732466461, 115.202942486682, 535.950439453125, 2009603, 3, 92
2020.68562869, 51.7672173280138, 115.202935428492, 535.965454101562, 2009603, 3, 92
2020.68562869, 51.7672551211567, 115.202929400827, 535.955017089844, 2009603, 3, 90
2020.68562869, 51.7672929329907, 115.202923402936, 535.958862304688, 2009603, 3, 90
2020.68562869, 51.7673370395497, 115.202916378005, 535.966491699219, 2009603, 3, 90
2020.68562869, 51.767381157913, 115.202909370318, 535.960510253906, 2009603, 3, 90
2020.68562869, 51.767418996948, 115.202903395272, 535.966857910156, 2009603, 3, 90
2020.68562869, 51.7674568371151, 115.202897406001, 535.966430664062, 2009603, 3, 90
2020.68562869, 51.7674883810053, 115.20289242114, 535.932556152344, 2009603, 3, 90
2020.68562869, 51.767519933095, 115.202887438941, 535.940795898438, 2009603, 3, 91
2020.68562869, 51.7675514967753, 115.202882466426, 535.939392089844, 2009603, 3, 91
2020.68562869, 51.7675830672808, 115.202877493064, 535.922973632812, 2009603, 3, 91
2020.68562869, 51.7676209588525, 115.20287151593, 535.94384765625, 2009603, 3, 91
2020.68562869, 51.7676588725247, 115.202865554491, 535.931823730469, 2009603, 3, 91
2020.68562869, 51.767696802386, 115.20285959718, 535.914489746094, 2009603, 3, 91
2020.68562869, 51.7677284349713, 115.202854665767, 535.957275390625, 2009603, 3, 91
2020.6856269, 48.1410832392864, 115.747394991663, 611.862426757812, 2006567, 4, 57
2020.6856269, 48.1411914537061, 115.747379324258, 611.867553710938, 2006567, 4, 57
2020.68562811, 50.5850227268095, 115.386432427148, 598.132080078125, 2009603, 4, 89
2020.68562811, 50.5851625540371, 115.386410814863, 598.105346679688, 2009603, 4, 89
2020.68562811, 50.5853342768325, 115.386384167392, 598.123413085938, 2009603, 4, 72
2020.68562811, 50.5854679413964, 115.386363371623, 598.112121582031, 2009603, 4, 72
2020.68562811, 50.5863035446315, 115.38623333898, 598.102722167969, 2009603, 4, 63
2020.68562811, 50.586412092194, 115.386216566294, 598.09912109375, 2009603, 4, 63
2020.6856287, 51.7672599594662, 115.204253687182, 535.926513671875, 2009603, 4, 88
2020.6856287, 51.7674004073935, 115.204232462352, 535.906677246094, 2009603, 4, 90
2020.6856287, 51.7675280746436, 115.204213081335, 535.943603515625, 2009603, 4, 91
2020.6856287, 51.7676556917809, 115.204193649368, 535.973754882812, 2009603, 4, 91
2020.6856287, 51.7677896188215, 115.204173177488, 535.948913574219, 2009603, 4, 90
2020.6856287, 51.767917077791, 115.20415361533, 535.965881347656, 2009603, 4, 90
2020.6856287, 51.7680508083796, 115.204132980318, 535.958312988281, 2009603, 4, 78
2020.6856287, 51.768203514374, 115.204109361257, 535.973327636719, 2009603, 4, 78
2020.6856281, 50.5927667560635, 115.429620007008, 596.366638183594, 2009603, 5, 71
2020.6856281, 50.5928050051226, 115.429614274254, 596.353698730469, 2009603, 5, 71
2020.6856281, 50.5928369070451, 115.429609568105, 596.337280273438, 2009603, 5, 71
2020.6856281, 50.5928688073707, 115.429604814958, 596.335144042969, 2009603, 5, 71
2020.6856281, 50.5929007157629, 115.429600049782, 596.333984375, 2009603, 5, 71
2020.6856281, 50.5929326423535, 115.429595323723, 596.328796386719, 2009603, 5, 71
2020.6856281, 50.5929645890606, 115.42959064582, 596.309631347656, 2009603, 5, 71
2020.6856281, 50.5929965239835, 115.429585874261, 596.298583984375, 2009603, 5, 71
2020.68562869, 51.7780010906918, 115.248136665174, 533.881591796875, 2009603, 5, 91
2020.68562869, 51.778032602089, 115.248131824782, 533.910583496094, 2009603, 5, 91
2020.68562869, 51.7780641162386, 115.248126986029, 533.886962890625, 2009603, 5, 91
2020.68562869, 51.7780956360003, 115.248122131608, 533.893737792969, 2009603, 5, 91
2020.68562869, 51.778120865105, 115.248118287586, 533.882995605469, 2009603, 5, 91
2020.68562869, 51.7781523886505, 115.24811339158, 533.904968261719, 2009603, 5, 91
2020.68562869, 51.7781839100817, 115.248108452553, 533.892456054688, 2009603, 5, 91
2020.68562869, 51.7782154519371, 115.248103559985, 533.884582519531, 2009603, 5, 91
2020.68562869, 51.7782469921443, 115.248098625703, 533.90380859375, 2009603, 5, 91
2020.68562869, 51.778278555696, 115.248093763877, 533.918151855469, 2009603, 5, 92
2020.68562869, 51.778310119673, 115.248088842171, 533.892456054688, 2009603, 5, 92
2020.68562869, 51.7783480031087, 115.24808289996, 533.907897949219, 2009603, 5, 92
2020.68562869, 51.778392087933, 115.248076208954, 533.917663574219, 2009603, 5, 92
2020.68562869, 51.778436387259, 115.248068982976, 533.903564453125, 2009603, 5, 92
2020.68562869, 51.7784680546947, 115.24806387745, 533.898620605469, 2009603, 5, 92
2020.68562869, 51.7784997247022, 115.248058738868, 533.866516113281, 2009603, 5, 92
2020.68562869, 51.7785314085991, 115.248053593125, 533.882019042969, 2009603, 5, 53
2020.68562869, 51.7785567717302, 115.248049521889, 533.870483398438, 2009603, 5, 53
2020.68562869, 51.7785884698913, 115.248044353561, 533.881958007812, 2009603, 5, 53
2020.68562869, 51.7786201772838, 115.248039177489, 533.875366210938, 2009603, 5, 53
2020.68562869, 51.7786518909884, 115.248033981175, 533.913940429688, 2009603, 5, 53
2020.68562869, 51.778689973574, 115.248027817612, 533.94775390625, 2009603, 5, 53
2020.68562869, 51.7787471071178, 115.248018470784, 533.943542480469, 2009603, 5, 53
2020.68562811, 50.5930089510434, 115.430841133041, 596.325256347656, 2009603, 6, 67
2020.68562811, 50.5931299348843, 115.430822784537, 596.345153808594, 2009603, 6, 67
2020.68562812, 50.5932445555415, 115.430805282238, 596.343383789062, 2009603, 6, 67
2020.6856287, 51.7780638676285, 115.249400593732, 533.879211425781, 2009603, 6, 91
2020.6856287, 51.7781847138162, 115.249382126304, 533.88330078125, 2009603, 6, 91
2020.6856287, 51.7783119237715, 115.249362719979, 533.876098632812, 2009603, 6, 91
2020.6856287, 51.7784390374479, 115.249343033083, 533.883666992188, 2009603, 6, 91
