2021.99581902, 54.7941979944037, 125.744241388423, 412.872406005859, 2009604, 1, 84
2021.99581902, 54.7941213374216, 125.744229536005, 412.765777587891, 2009604, 1, 84
2021.99581902, 54.7940510800195, 125.744218721573, 412.706420898438, 2009604, 1, 84
2021.99581902, 54.7939808244282, 125.744207961724, 412.570068359375, 2009604, 1, 89
2021.99581902, 54.7939233337964, 125.744199232807, 412.447937011719, 2009604, 1, 89
2021.99581902, 54.7938594829507, 125.744189500313, 412.356323242188, 2009604, 1, 89
2021.99581902, 54.7937892670498, 125.744178759945, 412.331207275391, 2009604, 1, 89
2021.99581902, 54.7937318217917, 125.744169989321, 412.322814941406, 2009604, 1, 89
2021.99581902, 54.7936616218806, 125.744159253938, 412.328002929688, 2009604, 1, 89
2021.99581902, 54.7935914695063, 125.744148396491, 412.190246582031, 2009604, 1, 89
2021.99581902, 54.7935340824883, 125.744139479154, 412.171447753906, 2009604, 1, 89
2021.99581902, 54.7934639653695, 125.744128514798, 412.117218017578, 2009604, 1, 89
2021.99581902, 54.7934066155696, 125.744119482648, 412.123168945312, 2009604, 1, 89
2021.99581902, 54.7933429248357, 125.74410933681, 412.105560302734, 2009604, 1, 89
2021.99581902, 54.7932856284849, 125.744100109255, 412.091979980469, 2009604, 1, 89
2021.99581902, 54.7932283593506, 125.744090789709, 412.111541748047, 2009604, 1, 91
2021.99581902, 54.7931647577102, 125.744080307292, 412.112518310547, 2009604, 1, 91
2021.99581902, 54.7931011688347, 125.744069759564, 412.119781494141, 2009604, 1, 91
2021.99581902, 54.7930311825169, 125.744058566497, 412.110229492188, 2009604, 1, 91
2021.99581902, 54.7929677557767, 125.744047113791, 412.155426025391, 2009604, 1, 87
2021.99581902, 54.7928980191824, 125.744034376062, 412.170043945312, 2009604, 1, 87
2021.99581902, 54.7928219905726, 125.744020307985, 412.175750732422, 2009604, 1, 87
2021.99581902, 54.7927586425167, 125.744008548521, 412.134643554688, 2009604, 1, 87
2021.99581904, 54.7469565935895, 125.73613690894, 405.936004638672, 2009604, 1, 91
2021.99581904, 54.7468930761875, 125.736126014366, 405.963562011719, 2009604, 1, 91
2021.99581904, 54.7468295622844, 125.736115227114, 405.867919921875, 2009604, 1, 91
2021.99581904, 54.7467597329321, 125.73610335174, 405.85546875, 2009604, 1, 91
2021.99581904, 54.7466899286872, 125.736091524989, 405.85498046875, 2009604, 1, 90
2021.99581904, 54.7466138209118, 125.736078633009, 405.867553710938, 2009604, 1, 90
2021.99581904, 54.7465440726979, 125.736066880879, 405.913757324219, 2009604, 1, 90
2021.99581904, 54.7464806910702, 125.736056220588, 405.940887451172, 2009604, 1, 71
2021.99581904, 54.7464046581316, 125.736043477339, 406.045959472656, 2009604, 1, 71
2021.99581904, 54.7463286735555, 125.736030701807, 406.119567871094, 2009604, 1, 71
2021.99581904, 54.746259033577, 125.736019063493, 406.127716064453, 2009604, 1, 71
2021.99581949, 53.8619900454641, 125.586380652948, 289.660675048828, 2009603, 1, 89
2021.99581949, 53.8617686276107, 125.586341909762, 289.649017333984, 2009603, 1, 89
2021.99581949, 53.8615656402921, 125.5863069951, 289.778381347656, 2009603, 1, 91
2021.99581949, 53.8613433013724, 125.586268922792, 289.894592285156, 2009603, 1, 89
2021.99581949, 53.861127063395, 125.586232019645, 289.999267578125, 2009603, 1, 67
2021.99581986, 53.1059773615042, 125.461460804836, 218.129379272461, 2009603, 1, 79
2021.99581986, 53.1059078646727, 125.461449385593, 218.201324462891, 2009603, 1, 79
2021.99581986, 53.1057751371917, 125.461427714813, 218.193954467773, 2009603, 1, 79
2021.99581986, 53.105705765812, 125.461416462926, 218.216064453125, 2009603, 1, 92
2021.99581986, 53.1056490084441, 125.461407312524, 218.117492675781, 2009603, 1, 92
2021.99581986, 53.105585958074, 125.461397139207, 218.128707885742, 2009603, 1, 92
2021.99581986, 53.105522912885, 125.461386975288, 218.160095214844, 2009603, 1, 92
2021.99581986, 53.1054535615512, 125.461375826671, 218.117630004883, 2009603, 1, 93
2021.99581986, 53.1053842157062, 125.461364651769, 218.076217651367, 2009603, 1, 93
2021.99581986, 53.1053211680363, 125.461354491588, 218.084106445312, 2009603, 1, 93
2021.99581986, 53.1052581105882, 125.461344341139, 218.094268798828, 2009603, 1, 93
2021.99581986, 53.1051887254983, 125.46133318687, 218.11474609375, 2009603, 1, 94
2021.99581986, 53.1051256178388, 125.461323080067, 218.103103637695, 2009603, 1, 94
2021.99581986, 53.1050688185418, 125.461313937786, 218.12385559082, 2009603, 1, 94
2021.99581986, 53.104999370993, 125.461302743443, 218.12092590332, 2009603, 1, 94
2021.99581986, 53.104942506625, 125.461293640639, 218.104553222656, 2009603, 1, 94
2021.99581986, 53.1048793214666, 125.461283434221, 218.106399536133, 2009603, 1, 94
2021.99581986, 53.1048224122827, 125.46127429498, 218.121856689453, 2009603, 1, 94
2021.99581986, 53.1047401621863, 125.461261054409, 218.108016967773, 2009603, 1, 95
2021.99581986, 53.1046705374857, 125.461249767042, 218.155380249023, 2009603, 1, 95
2021.99581986, 53.1046008343897, 125.461238567194, 218.10090637207, 2009603, 1, 95
2021.99581986, 53.104537488843, 125.46122839582, 218.099151611328, 2009603, 1, 95
2021.99581986, 53.104467675959, 125.461217028717, 218.110443115234, 2009603, 1, 94
2021.99581986, 53.1044041528522, 125.461206728376, 218.113342285156, 2009603, 1, 94
2021.99581986, 53.1043405885741, 125.461196402465, 218.098007202148, 2009603, 1, 94
2021.99581986, 53.1042706179916, 125.461185032077, 218.104858398438, 2009603, 1, 94
2021.99581986, 53.1042006009953, 125.461173637783, 218.123733520508, 2009603, 1, 95
2021.99581986, 53.1041369131524, 125.461163244384, 218.09521484375, 2009603, 1, 95
2021.99581986, 53.104066815815, 125.461151782755, 218.098129272461, 2009603, 1, 95
2021.99581986, 53.1040030478741, 125.46114137715, 218.11930847168, 2009603, 1, 95
2021.99581986, 53.1039328484677, 125.461129958332, 218.132354736328, 2009603, 1, 95
2021.99581986, 53.1038690160416, 125.461119508221, 218.10774230957, 2009603, 1, 95
2021.99581986, 53.103805133691, 125.461109113794, 218.129806518555, 2009603, 1, 95
2021.99581986, 53.1037348404841, 125.461097653414, 218.105316162109, 2009603, 1, 94
2021.99581986, 53.103670919425, 125.461087195219, 218.108200073242, 2009603, 1, 94
2021.99581986, 53.1036069645656, 125.461076777618, 218.088760375977, 2009603, 1, 94
2021.99581986, 53.1035430022522, 125.461066323904, 218.076416015625, 2009603, 1, 94
2021.99581986, 53.1034726249554, 125.461054822528, 218.127944946289, 2009603, 1, 94
2021.99581986, 53.1033958224413, 125.46104230859, 218.120193481445, 2009603, 1, 94
2021.99581986, 53.1033254078774, 125.461030855466, 218.108856201172, 2009603, 1, 94
2021.99581986, 53.1032550855595, 125.461019477687, 218.107086181641, 2009603, 1, 94
2021.99581986, 53.1031974053628, 125.461010068124, 218.143981933594, 2009603, 1, 94
2021.99581986, 53.1031205118474, 125.460997509476, 218.112838745117, 2009603, 1, 94
2021.99581986, 53.1030500261398, 125.460986034293, 218.16780090332, 2009603, 1, 94
2021.99581986, 53.1029859561188, 125.460975637054, 218.156723022461, 2009603, 1, 94
2021.99581986, 53.1029155218913, 125.460964147267, 218.180892944336, 2009603, 1, 94
2021.99581986, 53.102851483485, 125.460953809721, 218.218154907227, 2009603, 1, 94
2021.99581986, 53.1027810775472, 125.460942439999, 218.23600769043, 2009603, 1, 94
2021.99581986, 53.1027171074293, 125.460932112999, 218.195236206055, 2009603, 1, 94
2021.99581986, 53.1026531737353, 125.460921790617, 218.113189697266, 2009603, 1, 94
2021.99581986, 53.1025956524623, 125.460912553001, 218.15998840332, 2009603, 1, 94
2021.99581986, 53.1025253959561, 125.460901272324, 218.207107543945, 2009603, 1, 94
2021.99581986, 53.1024551794033, 125.460890051396, 218.203308105469, 2009603, 1, 86
2021.99581986, 53.1023850250199, 125.460878817628, 218.218688964844, 2009603, 1, 86
2021.99581986, 53.102321264172, 125.460868725745, 218.164535522461, 2009603, 1, 86
2021.99582021, 52.4119398677187, 125.349065873485, 305.727233886719, 2002009, 1, 74
2021.99581903, 54.793944829078, 125.742737799992, 412.556976318359, 2009604, 2, 90
2021.99581903, 54.7936781948319, 125.742690954779, 412.228149414062, 2009604, 2, 91
2021.99581903, 54.7934303775351, 125.742647054747, 412.117004394531, 2009604, 2, 91
2021.99581903, 54.7931885517662, 125.74260379863, 412.066070556641, 2009604, 2, 92
2021.99581903, 54.7929210379256, 125.74255596441, 412.057220458984, 2009604, 2, 92
2021.99581903, 54.7926535878457, 125.742508728818, 412.086273193359, 2009604, 2, 77
2021.9958195, 53.8619989453827, 125.584944931809, 290.000030517578, 2009603, 2, 88
2021.99581987, 53.106474658386, 125.460136981298, 218.150390625, 2009603, 2, 60
2021.99581987, 53.1062709707674, 125.460103387804, 218.137924194336, 2009603, 2, 60
2021.99581987, 53.1060225685674, 125.460062934439, 218.132095336914, 2009603, 2, 83
2021.99581987, 53.1057229165231, 125.46001502091, 218.116790771484, 2009603, 2, 93
2021.99581987, 53.1054425289779, 125.459970631812, 218.077621459961, 2009603, 2, 94
2021.99581987, 53.1051878772059, 125.459930416881, 218.059051513672, 2009603, 2, 96
2021.99581987, 53.1049589762857, 125.459894294743, 218.081573486328, 2009603, 2, 95
2021.99581987, 53.1046860435528, 125.459851000384, 218.086151123047, 2009603, 2, 96
2021.99581987, 53.1044199907962, 125.459808464478, 218.068984985352, 2009603, 2, 95
2021.99581987, 53.1041286126342, 125.459761270115, 218.102645874023, 2009603, 2, 95
2021.99581987, 53.1038369927408, 125.459713368962, 218.058212280273, 2009603, 2, 96
2021.99581987, 53.1035386508323, 125.459663858408, 218.023529052734, 2009603, 2, 96
2021.99581987, 53.1032584132669, 125.459616383181, 218.149444580078, 2009603, 2, 96
2021.99581987, 53.1030098005417, 125.459574358074, 218.153350830078, 2009603, 2, 95
2021.99581988, 53.1027483961874, 125.459530593572, 218.11946105957, 2009603, 2, 96
2021.99582022, 52.412646558867, 125.347810177651, 305.690399169922, 2002009, 2, 69
2021.99582022, 52.4124180707695, 125.347773888929, 305.662170410156, 2002009, 2, 73
2021.99582022, 52.4121704910568, 125.347734850694, 305.3603515625, 2002009, 2, 85
2021.99581901, 54.8131920466195, 125.696961263401, 416.340118408203, 2009604, 3, 83
2021.99581901, 54.8131159535993, 125.696948298227, 416.392242431641, 2009604, 3, 83
2021.99581901, 54.8130335125979, 125.69693426138, 416.433227539062, 2009604, 3, 83
2021.99581901, 54.8129510408926, 125.696920225105, 416.773986816406, 2009604, 3, 89
2021.99581901, 54.8128622306426, 125.696905126151, 416.921508789062, 2009604, 3, 89
2021.99581901, 54.8127036675895, 125.696878028762, 416.69482421875, 2009604, 3, 66
2021.99581901, 54.8126209774097, 125.696864135249, 416.544189453125, 2009604, 3, 66
2021.99581901, 54.8125382683418, 125.696850239577, 416.493560791016, 2009604, 3, 66
2021.99581903, 54.7844999669801, 125.692066190666, 410.264068603516, 2009604, 3, 53
2021.99581903, 54.784430725617, 125.69205465774, 410.104034423828, 2009604, 3, 53
2021.99581903, 54.7843614848001, 125.692043136407, 410.053436279297, 2009604, 3, 53
2021.99581903, 54.7842796468433, 125.692029528393, 410.047180175781, 2009604, 3, 53
2021.99581903, 54.7841977602939, 125.692015910949, 409.997467041016, 2009604, 3, 89
2021.99581903, 54.7841158334012, 125.692002283842, 410.071258544922, 2009604, 3, 89
2021.99581903, 54.7840275356493, 125.691987583868, 410.053741455078, 2009604, 3, 88
2021.99581903, 54.7839454695243, 125.691973903266, 410.030822753906, 2009604, 3, 91
2021.99581903, 54.7838570089663, 125.69195913227, 409.986602783203, 2009604, 3, 91
2021.99581903, 54.7837621202021, 125.691943250339, 410.048828125, 2009604, 3, 91
2021.99581903, 54.7836734510591, 125.691928369299, 410.064514160156, 2009604, 3, 90
2021.99581903, 54.7835846626715, 125.691913420901, 410.024780273438, 2009604, 3, 90
2021.99581903, 54.7834834075645, 125.691896350758, 410.018157958984, 2009604, 3, 84
2021.99581903, 54.7833812247045, 125.691878969577, 410.0673828125, 2009604, 3, 84
2021.99581903, 54.7832917186163, 125.691863685674, 410.051086425781, 2009604, 3, 84
2021.99581904, 54.7532203644482, 125.686729978867, 408.764739990234, 2009604, 3, 70
2021.99581904, 54.7531315320398, 125.686714946879, 408.612548828125, 2009604, 3, 70
2021.99581904, 54.753042704097, 125.686699996887, 408.556121826172, 2009604, 3, 70
2021.99581904, 54.7529474619538, 125.686683945759, 408.514953613281, 2009604, 3, 90
2021.99581904, 54.752839843475, 125.686666363255, 408.486694335938, 2009604, 3, 90
2021.99581904, 54.7527575327129, 125.68665296666, 408.3486328125, 2009604, 3, 90
2021.99581904, 54.7526815380452, 125.686640625855, 408.285552978516, 2009604, 3, 91
2021.99581904, 54.7525865296467, 125.686625220217, 408.246154785156, 2009604, 3, 91
2021.99581904, 54.7524914811414, 125.68660981069, 408.250915527344, 2009604, 3, 89
2021.99581904, 54.752409072163, 125.68659643861, 408.228210449219, 2009604, 3, 89
2021.99581904, 54.7523075796292, 125.686579930694, 408.240081787109, 2009604, 3, 89
2021.99581904, 54.7521996684978, 125.686562311805, 408.279602050781, 2009604, 3, 81
2021.99581904, 54.7520916623811, 125.68654458172, 408.261657714844, 2009604, 3, 81
2021.99581904, 54.751996290922, 125.686528832391, 408.246765136719, 2009604, 3, 81
2021.99581904, 54.7519071975404, 125.686514025473, 408.257446289062, 2009604, 3, 81
2021.99581904, 54.7518307870735, 125.686501252114, 408.249664306641, 2009604, 3, 81
2021.99581985, 53.1244769193865, 125.415971930565, 219.013961791992, 2009603, 3, 55
2021.99581985, 53.1244065830728, 125.415960405674, 218.908081054688, 2009603, 3, 55
2021.99581985, 53.1243362522669, 125.415948889268, 219.006896972656, 2009603, 3, 55
2021.99581985, 53.1242467605759, 125.41593425274, 219.242721557617, 2009603, 3, 55
2021.99581985, 53.1241636754991, 125.415920681877, 219.43196105957, 2009603, 3, 55
2021.99581985, 53.1240806081542, 125.415907121295, 219.48567199707, 2009603, 3, 55
2021.99581985, 53.1239847845938, 125.415891552492, 219.584030151367, 2009603, 3, 53
2021.99581985, 53.1238954052479, 125.415877064089, 219.566543579102, 2009603, 3, 53
2021.99581985, 53.1238060658435, 125.415862612688, 219.650894165039, 2009603, 3, 53
2021.99581985, 53.1237231727333, 125.415849236831, 219.69010925293, 2009603, 3, 73
2021.99581985, 53.1236403261601, 125.415835896402, 219.669021606445, 2009603, 3, 73
2021.99581985, 53.1235511808661, 125.415821577546, 219.555160522461, 2009603, 3, 73
2021.99581985, 53.1234621137582, 125.415807307228, 219.464538574219, 2009603, 3, 90
2021.99581985, 53.1233794816648, 125.415794100532, 219.353393554688, 2009603, 3, 90
2021.99581985, 53.1232143935183, 125.415767796301, 218.868545532227, 2009603, 3, 93
2021.99581985, 53.1231319682902, 125.415754707381, 218.77587890625, 2009603, 3, 93
2021.99581985, 53.1230622545017, 125.415743652473, 218.857406616211, 2009603, 3, 93
2021.99581985, 53.122979935566, 125.415730621312, 218.833633422852, 2009603, 3, 94
2021.99581985, 53.1229103288888, 125.415719618961, 218.84651184082, 2009603, 3, 94
2021.99581986, 53.1228280079424, 125.415706589287, 218.887130737305, 2009603, 3, 94
2021.99581986, 53.1227523206183, 125.415694701031, 218.913970947266, 2009603, 3, 94
2021.99581986, 53.1226703414257, 125.415681829588, 218.884674072266, 2009603, 3, 94
2021.99581986, 53.1225757965754, 125.415666992784, 218.901260375977, 2009603, 3, 94
2021.99581986, 53.122500158011, 125.415655119439, 218.885177612305, 2009603, 3, 94
2021.99581986, 53.1224182269412, 125.415642253888, 218.903045654297, 2009603, 3, 86
2021.99581986, 53.1223425745481, 125.415630362458, 218.886871337891, 2009603, 3, 86
2021.99581986, 53.1222732107282, 125.415619448277, 218.892333984375, 2009603, 3, 86
2021.99581986, 53.1181977250063, 125.414949909535, 219.265380859375, 2009603, 3, 52
2021.99581986, 53.1181086980605, 125.414935102214, 219.250686645508, 2009603, 3, 52
2021.99581986, 53.1166728641605, 125.414707365665, 220.342239379883, 2009603, 3, 64
2021.99581986, 53.116596557901, 125.414695552137, 220.2490234375, 2009603, 3, 64
2021.99581986, 53.1165202977143, 125.414683729171, 220.220123291016, 2009603, 3, 64
2021.99581986, 53.1164313604939, 125.414669924069, 220.166397094727, 2009603, 3, 84
2021.99581986, 53.1163492285071, 125.414657125198, 220.130706787109, 2009603, 3, 84
2021.99581986, 53.1162734617226, 125.414645286847, 220.067993164062, 2009603, 3, 84
2021.99581986, 53.1161914185342, 125.414632428371, 219.988586425781, 2009603, 3, 93
2021.99581986, 53.1161220134376, 125.41462151414, 219.94548034668, 2009603, 3, 93
2021.99581986, 53.1159516982124, 125.414594577948, 219.668731689453, 2009603, 3, 95
2021.99581986, 53.1158696899124, 125.414581522762, 219.615936279297, 2009603, 3, 95
2021.99581986, 53.1157876514806, 125.414568399906, 219.556182861328, 2009603, 3, 95
2021.99581986, 53.115705569106, 125.414555205248, 219.576110839844, 2009603, 3, 95
2021.99581986, 53.1156171345231, 125.414540918816, 219.563125610352, 2009603, 3, 95
2021.99581986, 53.1155223092581, 125.414525512862, 219.621704101562, 2009603, 3, 95
2021.99581986, 53.1154400505883, 125.414512074211, 219.576477050781, 2009603, 3, 96
2021.99581986, 53.1153640690352, 125.414499602866, 219.584518432617, 2009603, 3, 96
2021.99581986, 53.1152880191608, 125.414487062437, 219.561630249023, 2009603, 3, 96
2021.99581986, 53.1151994969742, 125.414472395067, 219.558853149414, 2009603, 3, 96
2021.99581986, 53.1151037471229, 125.414456453596, 219.590026855469, 2009603, 3, 96
2021.99581986, 53.1150270973117, 125.414443633237, 219.560455322266, 2009603, 3, 96
2021.99581986, 53.11494404074, 125.414429687381, 219.533615112305, 2009603, 3, 94
2021.99581986, 53.1148673639475, 125.414416765021, 219.581359863281, 2009603, 3, 94
2021.99581986, 53.1147842870484, 125.414402711819, 219.578277587891, 2009603, 3, 94
2021.99581986, 53.1147076427106, 125.414389709636, 219.56071472168, 2009603, 3, 93
2021.99581986, 53.1146374052758, 125.414377761628, 219.596710205078, 2009603, 3, 93
2021.99581986, 53.1145480512316, 125.414362519926, 219.588241577148, 2009603, 3, 93
2021.99581986, 53.1144715379768, 125.414349441795, 219.579666137695, 2009603, 3, 93
2021.99581986, 53.1143887329966, 125.414335265585, 219.595657348633, 2009603, 3, 93
2021.99581986, 53.1143123551208, 125.414322167196, 219.596298217773, 2009603, 3, 93
2021.99581986, 53.1142233642305, 125.414306894359, 219.550598144531, 2009603, 3, 90
2021.99581986, 53.114147183416, 125.414293813775, 219.540542602539, 2009603, 3, 90
2021.99581986, 53.1140584299766, 125.414278576221, 219.508743286133, 2009603, 3, 90
2021.99581986, 53.1139824534262, 125.414265538438, 219.577178955078, 2009603, 3, 84
2021.99581986, 53.1139063662628, 125.414252538235, 219.591720581055, 2009603, 3, 84
2021.99581986, 53.1129521429081, 125.414091737607, 219.489181518555, 2009603, 3, 60
2021.99581986, 53.1128762162622, 125.414079444682, 219.507064819336, 2009603, 3, 60
2021.99581986, 53.1128064756278, 125.414068221753, 219.483489990234, 2009603, 3, 60
2021.99582021, 52.4057002896614, 125.300385445547, 306.369079589844, 2002009, 3, 81
2021.99582021, 52.4056235453905, 125.300373127187, 306.105865478516, 2002009, 3, 81
2021.99582021, 52.4055787922263, 125.300365934004, 305.942749023438, 2002009, 3, 81
2021.99582021, 52.4055468318414, 125.300360793673, 305.909423828125, 2002009, 3, 81
2021.99582021, 52.4055148823233, 125.300355653464, 305.915954589844, 2002009, 3, 81
2021.99582021, 52.4054893176194, 125.300351536654, 305.904846191406, 2002009, 3, 70
2021.99582021, 52.405463762188, 125.300347421096, 305.928863525391, 2002009, 3, 70
2021.99582021, 52.4054318297684, 125.300342277904, 305.950073242188, 2002009, 3, 70
2021.99582021, 52.4054126709885, 125.300339190849, 305.979309082031, 2002009, 3, 70
2021.99582021, 52.4053998976036, 125.300337131885, 306.015686035156, 2002009, 3, 70
2021.99582021, 52.4053807472458, 125.300334045843, 306.031799316406, 2002009, 3, 70
2021.99582021, 52.4053679788475, 125.300331987638, 306.041442871094, 2002009, 3, 70
2021.99582021, 52.4053551861176, 125.300329919784, 305.125518798828, 2002009, 3, 70
2021.99582021, 52.4053424205333, 125.300327861808, 305.11279296875, 2002009, 3, 70
2021.99582021, 52.4053296787577, 125.300325812459, 306.042633056641, 2002009, 3, 70
2021.99582021, 52.4053041551218, 125.300321697226, 306.05029296875, 2002009, 3, 70
2021.99582021, 52.4052850160132, 125.300318611406, 306.038696289062, 2002009, 3, 70
2021.99582021, 52.4052594979904, 125.3003144961, 306.014587402344, 2002009, 3, 70
2021.99582021, 52.4052403670403, 125.300311411678, 306.020263671875, 2002009, 3, 70
2021.99582021, 52.4052276128076, 125.300309354936, 306.017181396484, 2002009, 3, 70
2021.99582021, 52.4052084853266, 125.300306270781, 305.994415283203, 2002009, 3, 70
2021.99582021, 52.4051829879314, 125.30030215973, 305.973480224609, 2002009, 3, 70
2021.99582021, 52.4051575062977, 125.300298053534, 306.020782470703, 2002009, 3, 70
2021.99582021, 52.4051320072523, 125.300293940337, 306.086395263672, 2002009, 3, 70
2021.99582021, 52.4050937847062, 125.300287778896, 306.136627197266, 2002009, 3, 70
2021.99582021, 52.4050301383591, 125.300277529321, 306.445465087891, 2002009, 3, 70
2021.99582021, 52.4048839320877, 125.300254016052, 308.768005371094, 2002009, 3, 60
2021.99582021, 52.4048140478363, 125.300242785447, 308.809997558594, 2002009, 3, 67
2021.99582021, 52.4047377372695, 125.300230433481, 308.890777587891, 2002009, 3, 53
2021.99582021, 52.4046681611093, 125.300219430368, 308.889465332031, 2002009, 3, 53
2021.99582021, 52.4045922908976, 125.300207436992, 308.811920166016, 2002009, 3, 53
2021.99582021, 52.4045164730771, 125.300195458593, 308.55078125, 2002009, 3, 53
2021.99582021, 52.4042070108548, 125.300146486725, 308.055236816406, 2002009, 3, 58
2021.99582021, 52.404105939592, 125.30013042652, 307.557434082031, 2002009, 3, 58
2021.99582021, 52.4040301148646, 125.300118347607, 307.325775146484, 2002009, 3, 58
2021.99582021, 52.4038847040901, 125.300095095606, 306.919891357422, 2002009, 3, 67
2021.99582021, 52.4038087571111, 125.300082894212, 306.8330078125, 2002009, 3, 67
2021.99581904, 54.7838560814726, 125.69064242895, 410.050018310547, 2009604, 4, 87
2021.99581904, 54.7835890752754, 125.69059843981, 410.054168701172, 2009604, 4, 88
2021.99581904, 54.7832900483788, 125.69054954708, 410.005249023438, 2009604, 4, 90
2021.99581904, 54.7829783219346, 125.690498338446, 410.053771972656, 2009604, 4, 89
2021.99581904, 54.782673108897, 125.69044760037, 410.076599121094, 2009604, 4, 83
2021.9958195, 53.8464549609298, 125.533143704761, 293.138671875, 2009603, 4, 64
2021.99581987, 53.1243059486729, 125.414685847578, 219.719772338867, 2009603, 4, 77
2021.99581987, 53.1240259136045, 125.414638984585, 219.360656738281, 2009603, 4, 77
2021.99581987, 53.1237650424932, 125.414595348153, 219.033279418945, 2009603, 4, 86
2021.99581987, 53.1234851627844, 125.414548787193, 218.92594909668, 2009603, 4, 95
2021.99581987, 53.1232371728574, 125.414507893942, 218.890472412109, 2009603, 4, 95
2021.99581987, 53.1229574897474, 125.41446240588, 218.890426635742, 2009603, 4, 94
2021.99581987, 53.1226842585003, 125.414418632145, 218.875579833984, 2009603, 4, 80
2021.99581987, 53.1174068212828, 125.413563346598, 220.161560058594, 2009603, 4, 57
2021.99581987, 53.1171654447023, 125.413523888269, 220.13053894043, 2009603, 4, 57
2021.99581987, 53.1168921790562, 125.413479611391, 219.995880126953, 2009603, 4, 64
2021.99581987, 53.1166187656129, 125.413435804725, 219.700775146484, 2009603, 4, 82
2021.99581987, 53.1163706676482, 125.4133964743, 219.52409362793, 2009603, 4, 91
2021.99581987, 53.1161226021663, 125.413357332208, 219.550674438477, 2009603, 4, 95
2021.99581987, 53.1158619180804, 125.413316255736, 219.569717407227, 2009603, 4, 95
2021.99581987, 53.1155632581855, 125.413269082766, 219.588241577148, 2009603, 4, 96
2021.99581987, 53.1152458813826, 125.413218615864, 219.565567016602, 2009603, 4, 96
2021.99581987, 53.1149476890618, 125.41317074176, 219.579956054688, 2009603, 4, 94
2021.99581987, 53.1146430386679, 125.413121305851, 219.599334716797, 2009603, 4, 86
2021.99581987, 53.1143699143418, 125.413076552302, 219.565414428711, 2009603, 4, 70
2021.99582022, 52.4049657268687, 125.299025440938, 305.971984863281, 2002009, 4, 80
2021.99582022, 52.4049084812271, 125.29901667339, 306.0419921875, 2002009, 4, 80
2021.99582022, 52.4048639443475, 125.299009849435, 306.037567138672, 2002009, 4, 80
2021.99582022, 52.4048130290154, 125.299002044154, 306.018005371094, 2002009, 4, 80
2021.99582022, 52.404736630976, 125.298990318442, 305.855346679688, 2002009, 4, 68
2021.99582022, 52.4046283426748, 125.298973661357, 305.908416748047, 2002009, 4, 68
2021.99582022, 52.4035185866094, 125.298796557505, 306.570434570312, 2002009, 4, 70
2021.99582023, 52.4032445997917, 125.298750642984, 306.620758056641, 2002009, 4, 62
2021.99582023, 52.4029454150593, 125.298700646574, 306.461944580078, 2002009, 4, 64
2021.99581901, 54.8164314126568, 125.647041211305, 417.786163330078, 2009604, 5, 63
2021.99581901, 54.8163616660812, 125.647029887867, 417.822326660156, 2009604, 5, 63
2021.99581901, 54.8162918863291, 125.647018491841, 417.811859130859, 2009604, 5, 63
2021.99581901, 54.8162220935214, 125.647007133729, 417.922058105469, 2009604, 5, 88
2021.99581901, 54.8161522796875, 125.64699579585, 418.063293457031, 2009604, 5, 88
2021.99581901, 54.8160761032725, 125.646983471723, 418.303070068359, 2009604, 5, 88
2021.99581901, 54.8160125830314, 125.646973073547, 418.327362060547, 2009604, 5, 88
2021.99581901, 54.8159363571568, 125.646960733619, 418.310485839844, 2009604, 5, 88
2021.99581901, 54.8158601082663, 125.646948395779, 418.272491455078, 2009604, 5, 88
2021.99581901, 54.8157839111058, 125.646935978624, 418.21142578125, 2009604, 5, 88
2021.99581901, 54.8157202664374, 125.646925625333, 418.217071533203, 2009604, 5, 85
2021.99581901, 54.8156566217226, 125.646915344547, 418.262878417969, 2009604, 5, 85
2021.99581901, 54.8155865987515, 125.646904002901, 418.402984619141, 2009604, 5, 85
2021.99581901, 54.8155101888776, 125.646891576951, 418.564117431641, 2009604, 5, 85
2021.99581901, 54.8154401461829, 125.64688020441, 418.605499267578, 2009604, 5, 57
2021.99581901, 54.8153637190533, 125.646867694168, 418.621246337891, 2009604, 5, 57
2021.99581901, 54.8153000235204, 125.646857225261, 418.621551513672, 2009604, 5, 57
2021.99581949, 53.8473272067644, 125.485277850505, 295.954376220703, 2009603, 5, 92
2021.99581949, 53.8471376955299, 125.485247146131, 296.011932373047, 2009603, 5, 91
2021.99581949, 53.8469101728321, 125.485210121551, 296.021942138672, 2009603, 5, 92
2021.99581949, 53.8467076985444, 125.485176958359, 296.023071289062, 2009603, 5, 92
2021.99581949, 53.8464985684657, 125.485142463363, 296.027008056641, 2009603, 5, 92
2021.99581949, 53.8463080807526, 125.48511083301, 296.020141601562, 2009603, 5, 92
2021.99581949, 53.8461041023983, 125.485076321742, 296.023559570312, 2009603, 5, 90
2021.9958195, 53.8458999219975, 125.485041770721, 296.030792236328, 2009603, 5, 64
2021.99581985, 53.1331984612256, 125.368931714568, 220.274444580078, 2009603, 5, 92
2021.99581985, 53.1331290651831, 125.368920631404, 220.231781005859, 2009603, 5, 92
2021.99581985, 53.1330660020799, 125.368910504235, 220.184356689453, 2009603, 5, 92
2021.99581985, 53.1330092803854, 125.368901452102, 220.245132446289, 2009603, 5, 92
2021.99581985, 53.1329462713221, 125.368891383432, 220.218887329102, 2009603, 5, 94
2021.99581985, 53.1328706855049, 125.368879343309, 220.22868347168, 2009603, 5, 94
2021.99581985, 53.1328139932257, 125.368870293081, 220.23600769043, 2009603, 5, 94
2021.99581985, 53.1327510053168, 125.368860276789, 220.249633789062, 2009603, 5, 94
2021.99581985, 53.1326880025971, 125.368850234087, 220.242721557617, 2009603, 5, 94
2021.99581985, 53.1326312799904, 125.368841185977, 220.233169555664, 2009603, 5, 94
2021.99581985, 53.1325619345998, 125.368830177153, 220.212280273438, 2009603, 5, 94
2021.99581985, 53.1324925502642, 125.368819153637, 220.204727172852, 2009603, 5, 93
2021.99581985, 53.132423115116, 125.368808113086, 220.202011108398, 2009603, 5, 93
2021.99581985, 53.13235362024, 125.36879704248, 220.176483154297, 2009603, 5, 93
2021.99581985, 53.1322967313148, 125.368788043883, 220.224731445312, 2009603, 5, 93
2021.99581985, 53.1322336524971, 125.36877794497, 220.202026367188, 2009603, 5, 94
2021.99581985, 53.1321700982256, 125.368767881368, 220.195617675781, 2009603, 5, 94
2021.99581985, 53.1321001366083, 125.36875684688, 220.187225341797, 2009603, 5, 94
2021.99581985, 53.1320428452872, 125.368747775416, 220.176208496094, 2009603, 5, 94
2021.99581985, 53.1319791393321, 125.368737665021, 220.20832824707, 2009603, 5, 93
2021.99581985, 53.1319153941995, 125.368727569624, 220.207183837891, 2009603, 5, 93
2021.99581985, 53.1318516060197, 125.368717426843, 220.227661132812, 2009603, 5, 93
2021.99581985, 53.1317814106591, 125.368706332068, 220.231170654297, 2009603, 5, 93
2021.99581985, 53.1317239298296, 125.368697135235, 220.20036315918, 2009603, 5, 94
2021.99581985, 53.1316600517651, 125.368686981431, 220.237014770508, 2009603, 5, 94
2021.99581985, 53.1315897521728, 125.368675732783, 220.216705322266, 2009603, 5, 94
2021.99581985, 53.1315194435773, 125.368664536804, 220.243621826172, 2009603, 5, 94
2021.99581985, 53.1314555044106, 125.368654287147, 220.209884643555, 2009603, 5, 94
2021.99581985, 53.1313915573485, 125.368644010626, 220.212448120117, 2009603, 5, 94
2021.99581985, 53.1313339973873, 125.368634727209, 220.222244262695, 2009603, 5, 94
2021.99581985, 53.1312828383663, 125.368626481272, 220.247299194336, 2009603, 5, 94
2021.99581985, 53.1312252797133, 125.368617149644, 220.206024169922, 2009603, 5, 93
2021.99581985, 53.1311485657415, 125.368604774078, 220.218780517578, 2009603, 5, 93
2021.99581985, 53.1310782435295, 125.368593322438, 220.221557617188, 2009603, 5, 93
2021.99581985, 53.1309440166795, 125.368571537437, 220.197769165039, 2009603, 5, 93
2021.99581985, 53.1308802428739, 125.368561011007, 220.219100952148, 2009603, 5, 93
2021.99581985, 53.1308164950954, 125.368550484061, 220.249374389648, 2009603, 5, 93
2021.99581985, 53.1307527691002, 125.368539916307, 220.282791137695, 2009603, 5, 93
2021.99581985, 53.1306890820114, 125.368529409974, 220.377029418945, 2009603, 5, 94
2021.99581985, 53.1306190502822, 125.368517823968, 220.423980712891, 2009603, 5, 94
2021.99581985, 53.130549044967, 125.368506189233, 220.375671386719, 2009603, 5, 94
2021.99581985, 53.1304854318125, 125.368495628751, 220.236938476562, 2009603, 5, 93
2021.99581985, 53.130415493847, 125.368484047299, 220.16130065918, 2009603, 5, 93
2021.99581985, 53.1303519288019, 125.368473460979, 220.133697509766, 2009603, 5, 93
2021.99581985, 53.1302756999576, 125.368460856445, 220.175735473633, 2009603, 5, 93
2021.99581985, 53.1302185427564, 125.368451378576, 220.215606689453, 2009603, 5, 89
2021.99581985, 53.130155053855, 125.368440843484, 220.19270324707, 2009603, 5, 89
2021.99581985, 53.1300979420996, 125.36843142489, 220.214416503906, 2009603, 5, 89
2021.99581985, 53.1300344941575, 125.368420930636, 220.195953369141, 2009603, 5, 89
2021.99581985, 53.1299710697452, 125.368410487438, 220.158477783203, 2009603, 5, 67
2021.99581985, 53.1299139974273, 125.368401064496, 220.22119140625, 2009603, 5, 67
2021.99581985, 53.1298442741566, 125.368389670149, 220.36506652832, 2009603, 5, 67
2021.99581985, 53.1297808891072, 125.36837925064, 220.53076171875, 2009603, 5, 67
2021.99581985, 53.1289701216517, 125.368248725019, 220.802734375, 2009603, 5, 57
2021.99581985, 53.1288940824408, 125.368236652429, 220.794387817383, 2009603, 5, 57
2021.99581985, 53.1288180117333, 125.368224503254, 220.709762573242, 2009603, 5, 57
2021.99581985, 53.128748252832, 125.368213313286, 220.6181640625, 2009603, 5, 83
2021.99581985, 53.1286911725545, 125.368204203791, 220.53662109375, 2009603, 5, 83
2021.99581985, 53.1286213941974, 125.368193066197, 220.519729614258, 2009603, 5, 83
2021.99581985, 53.1285515915216, 125.368181904835, 220.451522827148, 2009603, 5, 83
2021.99581985, 53.1284817772334, 125.368170769443, 220.504287719727, 2009603, 5, 84
2021.99581985, 53.1284119738787, 125.36815962488, 220.324890136719, 2009603, 5, 84
2021.99581985, 53.1283547680676, 125.368150366576, 220.199798583984, 2009603, 5, 84
2021.99581985, 53.1282912039037, 125.368140141819, 220.128723144531, 2009603, 5, 84
2021.99581951, 53.8461008066417, 125.483786323304, 296.017974853516, 2009603, 6, 81
2021.99581951, 53.8453198570891, 125.48366357782, 296.025146484375, 2009603, 6, 92
2021.99581986, 53.1334765369941, 125.367705916159, 220.363906860352, 2009603, 6, 77
2021.99581986, 53.1332291613816, 125.367665680282, 220.204666137695, 2009603, 6, 94
2021.99581986, 53.1329309133774, 125.367617180912, 220.139053344727, 2009603, 6, 94
2021.99581986, 53.1326577656929, 125.367572939245, 220.218215942383, 2009603, 6, 94
2021.99581986, 53.1324223971797, 125.367534831369, 220.213195800781, 2009603, 6, 95
2021.99581986, 53.1321609862392, 125.367492471309, 220.240005493164, 2009603, 6, 94
2021.99581986, 53.1319187559886, 125.367453375483, 220.213317871094, 2009603, 6, 94
2021.99581986, 53.1316513012822, 125.367410400852, 220.182571411133, 2009603, 6, 94
2021.99581986, 53.1313652303002, 125.367364724541, 220.230377197266, 2009603, 6, 95
2021.99581986, 53.1310737182543, 125.367318492277, 220.219802856445, 2009603, 6, 93
2021.99581986, 53.1307893093312, 125.367273604276, 220.157638549805, 2009603, 6, 93
2021.99581986, 53.1305364569094, 125.367233544116, 220.23095703125, 2009603, 6, 90
2021.99581986, 53.1303022793328, 125.367196273665, 220.489044189453, 2009603, 6, 80
2021.99581986, 53.1300550018211, 125.367156555262, 220.593032836914, 2009603, 6, 62
2021.99581986, 53.1297877375347, 125.367112985935, 220.680297851562, 2009603, 6, 51
2021.99581986, 53.1289707224494, 125.366978810426, 220.725799560547, 2009603, 6, 82
2021.99581986, 53.1287029972694, 125.366935186997, 220.414825439453, 2009603, 6, 89
2021.99582023, 52.394896264243, 125.249789443479, 312.577606201172, 2002009, 6, 55
