2018.89105067, 49.2562198454777, 119.42846596461, 595.273010253906, 2009588, 1, 59
2018.89105067, 49.2563153328992, 119.428452944944, 595.304260253906, 2009588, 1, 93
2018.89105067, 49.256391727829, 119.42844252327, 595.326232910156, 2009588, 1, 93
2018.89105067, 49.256468041133, 119.428432110834, 595.330749511719, 2009588, 1, 93
2018.89105068, 49.2633184238416, 119.427460778178, 595.041931152344, 2009588, 1, 82
2018.89105068, 49.2634333278933, 119.427444258521, 595.065856933594, 2009588, 1, 82
2018.89105068, 49.2635609150558, 119.427426027778, 595.0693359375, 2009588, 1, 87
2018.89105068, 49.2636756720211, 119.427409715168, 595.079406738281, 2009588, 1, 87
2018.89105068, 49.263790351002, 119.427393486683, 595.078247070312, 2009588, 1, 87
2018.89105068, 49.2638985940434, 119.427378223697, 595.080322265625, 2009588, 1, 87
2018.89105068, 49.2640132146108, 119.427362107176, 595.065734863281, 2009588, 1, 58
2018.89105068, 49.2641148139714, 119.427347861382, 595.067321777344, 2009588, 1, 58
2018.89105068, 49.2642227145295, 119.427332756336, 595.095581054688, 2009588, 1, 58
2018.89105068, 49.2700839943563, 119.426495856789, 594.90771484375, 2009588, 1, 77
2018.89105068, 49.270198327909, 119.426479758604, 594.888122558594, 2009588, 1, 77
2018.89105068, 49.2703063380151, 119.426464552271, 594.882080078125, 2009588, 1, 68
2018.89105068, 49.2704143750928, 119.42644932617, 594.90380859375, 2009588, 1, 68
2018.89105068, 49.270497081504, 119.426437724806, 594.949645996094, 2009588, 1, 68
2018.89105122, 50.355129041332, 119.263684043795, 509.857666015625, 2009588, 1, 66
2018.89105122, 50.3554035965382, 119.263642596769, 509.88525390625, 2009588, 1, 74
2018.89105122, 50.3556397910825, 119.263606168655, 509.864624023438, 2009588, 1, 70
2018.89105122, 50.3558631041416, 119.263570912109, 509.880432128906, 2009588, 1, 51
2018.89105122, 50.3560671859285, 119.2635384757, 509.859039306641, 2009588, 1, 51
2018.89105122, 50.3563094032041, 119.263499944018, 509.873931884766, 2009588, 1, 91
2018.89105122, 50.3565029861213, 119.263469283653, 509.547546386719, 2009588, 1, 59
2018.89105127, 50.4648413430484, 119.246916339518, 502.324249267578, 2009588, 1, 86
2018.89105127, 50.4648984358209, 119.246907862344, 502.337524414062, 2009588, 1, 86
2018.89105127, 50.4649555635089, 119.246899416447, 502.2001953125, 2009588, 1, 86
2018.89105127, 50.4650696076657, 119.24688236391, 502.144622802734, 2009588, 1, 91
2018.89105127, 50.4653293371986, 119.246843487112, 502.111389160156, 2009588, 1, 74
2018.89105127, 50.4655891116864, 119.246804608066, 502.175628662109, 2009588, 1, 84
2018.89105127, 50.4658109937396, 119.24677144993, 502.256927490234, 2009588, 1, 90
2018.89105128, 50.4660013072737, 119.246743067626, 502.215698242188, 2009588, 1, 60
2018.89105129, 50.4942274164429, 119.242452984866, 501.761199951172, 2009588, 1, 59
2018.89105129, 50.4944878952554, 119.24241241515, 501.470489501953, 2009588, 1, 59
2018.89105129, 50.4947039577978, 119.242378937895, 501.49267578125, 2009588, 1, 72
2018.89105129, 50.4956723080091, 119.242229089169, 501.527618408203, 2009588, 1, 82
2018.89105129, 50.495806576709, 119.24220810723, 501.498138427734, 2009588, 1, 92
2018.89105129, 50.495947231965, 119.242186088395, 501.501953125, 2009588, 1, 92
2018.89105129, 50.4960942337094, 119.242163039328, 501.542388916016, 2009588, 1, 56
2018.89105129, 50.4961645108685, 119.242152009044, 500.880859375, 2009588, 1, 56
2018.89105129, 50.5042543955927, 119.240883073888, 500.969787597656, 2009588, 1, 93
2018.89105129, 50.5045086954884, 119.240842680408, 500.966064453125, 2009588, 1, 93
2018.89105129, 50.504737169611, 119.240805798349, 500.956481933594, 2009588, 1, 93
2018.89105129, 50.5049465233692, 119.240771866578, 500.989471435547, 2009588, 1, 92
2018.89105129, 50.5051748915688, 119.240734866461, 501.002563476562, 2009588, 1, 91
2018.89105129, 50.505447758994, 119.240690891772, 501.013458251953, 2009588, 1, 90
2018.89105241, 52.7443982214564, 118.889166674812, 394.138305664062, 2009603, 1, 72
2018.89105241, 52.7446272743869, 118.889130017466, 394.321075439453, 2009603, 1, 73
2018.89105241, 52.7448499207969, 118.889093886419, 394.500427246094, 2009603, 1, 55
2018.89105241, 52.745402844767, 118.889000934452, 394.553314208984, 2009603, 1, 51
2018.89105241, 52.7456316933243, 118.888962191826, 394.281768798828, 2009603, 1, 81
2018.89105241, 52.7458669782161, 118.888922514304, 394.181945800781, 2009603, 1, 90
2018.89105241, 52.7461405378933, 118.888876813206, 393.998748779297, 2009603, 1, 92
2018.89105241, 52.7464335242823, 118.888828996014, 393.93310546875, 2009603, 1, 91
2018.89105241, 52.7466946154579, 118.888786897971, 393.963287353516, 2009603, 1, 91
2018.89105241, 52.7469746398222, 118.888742147658, 393.914489746094, 2009603, 1, 90
2018.89105241, 52.7472861577112, 118.888692643319, 393.919403076172, 2009603, 1, 90
2018.89105241, 52.7475781079081, 118.888646217587, 393.942291259766, 2009603, 1, 90
2018.89105241, 52.7478506962779, 118.888602754372, 394.018371582031, 2009603, 1, 86
2018.89105241, 52.7480788501572, 118.888566308655, 394.275207519531, 2009603, 1, 59
2018.89105258, 53.074822091272, 118.835513612226, 412.203430175781, 2009603, 1, 83
2018.89105258, 53.075025370065, 118.835479384359, 411.922058105469, 2009603, 1, 73
2018.89105068, 49.2565296953343, 119.429544151037, 595.247314453125, 2009588, 2, 59
2018.89105068, 49.2565613802315, 119.42953976664, 595.290832519531, 2009588, 2, 59
2018.89105068, 49.2565867205628, 119.429536265024, 595.302490234375, 2009588, 2, 59
2018.89105068, 49.2566120566837, 119.429532767666, 595.267150878906, 2009588, 2, 59
2018.89105068, 49.256637397962, 119.429529270619, 595.249633789062, 2009588, 2, 59
2018.89105068, 49.2566690759604, 119.429524900279, 595.259155273438, 2009588, 2, 59
2018.89105068, 49.2567070778611, 119.42951966057, 595.245178222656, 2009588, 2, 59
2018.89105069, 49.2637917173913, 119.428459787662, 595.142028808594, 2009588, 2, 59
2018.89105069, 49.2638426723863, 119.42845199846, 595.050048828125, 2009588, 2, 59
2018.89105069, 49.2638808551935, 119.428446164427, 595.051391601562, 2009588, 2, 59
2018.89105069, 49.2639063267923, 119.428442267988, 595.025512695312, 2009588, 2, 59
2018.89105069, 49.2639382204422, 119.428437404481, 595.004333496094, 2009588, 2, 59
2018.89105069, 49.2639636637933, 119.428433506661, 594.988159179688, 2009588, 2, 59
2018.89105069, 49.2639890735742, 119.428429618617, 594.996765136719, 2009588, 2, 59
2018.89105069, 49.2640144946197, 119.428425726432, 594.939636230469, 2009588, 2, 83
2018.89105069, 49.2640462550946, 119.428420865194, 594.945922851562, 2009588, 2, 83
2018.89105069, 49.2640716795843, 119.428416970177, 594.957153320312, 2009588, 2, 83
2018.89105069, 49.2641034327687, 119.428412109629, 594.973999023438, 2009588, 2, 83
2018.89105069, 49.2641288469409, 119.428408216744, 594.983581542969, 2009588, 2, 83
2018.89105069, 49.2641605926983, 119.428403357623, 595.068725585938, 2009588, 2, 83
2018.89105069, 49.264192339045, 119.428398497386, 595.037170410156, 2009588, 2, 83
2018.89105069, 49.2642240882982, 119.42839363651, 595.087646484375, 2009588, 2, 83
2018.89105069, 49.2642494918013, 119.42838974629, 595.072143554688, 2009588, 2, 83
2018.89105069, 49.2642812192868, 119.42838489263, 595.082946777344, 2009588, 2, 89
2018.89105069, 49.2643066130187, 119.428381006157, 595.104858398438, 2009588, 2, 89
2018.89105069, 49.2643383381688, 119.428376154045, 595.090576171875, 2009588, 2, 89
2018.89105069, 49.2643700714856, 119.428371300059, 595.099182128906, 2009588, 2, 89
2018.89105069, 49.2644017929143, 119.428366450715, 595.036987304688, 2009588, 2, 89
2018.89105069, 49.2644335129244, 119.428361602618, 595.031127929688, 2009588, 2, 89
2018.89105069, 49.2644652300812, 119.428356757136, 595.047546386719, 2009588, 2, 89
2018.89105069, 49.2700513299738, 119.427509737535, 594.8857421875, 2009588, 2, 76
2018.89105069, 49.2700831347934, 119.427504865044, 594.894958496094, 2009588, 2, 76
2018.89105069, 49.2701085860439, 119.427500965582, 594.882385253906, 2009588, 2, 76
2018.89105069, 49.2701340448541, 119.427497064573, 594.899047851562, 2009588, 2, 76
2018.89105069, 49.2701595091555, 119.42749316271, 594.89453125, 2009588, 2, 76
2018.89105069, 49.2701849638502, 119.427489264724, 594.878540039062, 2009588, 2, 76
2018.89105069, 49.2702104256569, 119.427485365351, 594.883850097656, 2009588, 2, 76
2018.89105069, 49.2702422409635, 119.427480495968, 594.887023925781, 2009588, 2, 76
2018.89105113, 50.1475539256883, 119.29608424661, 516.039367675781, 2009588, 2, 54
2018.89105113, 50.1475858808173, 119.296079433764, 516.022705078125, 2009588, 2, 54
2018.89105113, 50.1476178095311, 119.296074628291, 516.000427246094, 2009588, 2, 54
2018.89105113, 50.1476433817674, 119.296070774295, 515.981262207031, 2009588, 2, 54
2018.89105113, 50.1476753167816, 119.296065964752, 515.999328613281, 2009588, 2, 54
2018.89105113, 50.1477008839292, 119.296062110042, 515.946472167969, 2009588, 2, 54
2018.89105113, 50.147732832701, 119.296057293008, 515.95751953125, 2009588, 2, 54
2018.89105113, 50.1477647644569, 119.296052478747, 515.949523925781, 2009588, 2, 66
2018.89105113, 50.1477967161727, 119.296047655648, 515.967834472656, 2009588, 2, 66
2018.89105113, 50.1478286522362, 119.296042834763, 515.981506347656, 2009588, 2, 66
2018.89105113, 50.1478542090795, 119.29603897336, 515.958740234375, 2009588, 2, 66
2018.89105113, 50.1478861518404, 119.296034144734, 515.966735839844, 2009588, 2, 66
2018.89105113, 50.1479180702383, 119.296029319786, 515.936218261719, 2009588, 2, 66
2018.89105113, 50.1479436246369, 119.2960254512, 515.940734863281, 2009588, 2, 66
2018.89105113, 50.1479755483478, 119.296020617819, 515.941833496094, 2009588, 2, 66
2018.89105113, 50.1480074668055, 119.296015781535, 515.917297363281, 2009588, 2, 57
2018.89105113, 50.1480394020253, 119.296010936272, 515.981384277344, 2009588, 2, 57
2018.89105113, 50.1480713211482, 119.296006091326, 515.969909667969, 2009588, 2, 57
2018.89105113, 50.1481032515042, 119.296001411823, 515.973754882812, 2009588, 2, 57
2018.89105123, 50.3482227895119, 119.265752386669, 509.532501220703, 2009588, 2, 68
2018.89105123, 50.348280035894, 119.265743423391, 509.578704833984, 2009588, 2, 51
2018.89105123, 50.348349969447, 119.265732462272, 509.570709228516, 2009588, 2, 51
2018.89105123, 50.3484072181202, 119.26572347354, 509.528594970703, 2009588, 2, 51
2018.89105123, 50.3484771563287, 119.265712484935, 509.490295410156, 2009588, 2, 51
2018.89105123, 50.348540763202, 119.26570247844, 509.514251708984, 2009588, 2, 72
2018.89105123, 50.3486107083334, 119.265691470381, 509.518493652344, 2009588, 2, 72
2018.89105123, 50.3486679561037, 119.265682453247, 509.548126220703, 2009588, 2, 72
2018.89105123, 50.3487315473467, 119.265672437023, 509.638916015625, 2009588, 2, 72
2018.89105123, 50.3505511039323, 119.265386589505, 509.494506835938, 2009588, 2, 61
2018.89105123, 50.3506019658962, 119.265378400729, 509.475891113281, 2009588, 2, 61
2018.89105123, 50.3506718781114, 119.265367139768, 509.684600830078, 2009588, 2, 61
2018.89105123, 50.3507290813918, 119.265357920812, 509.844940185547, 2009588, 2, 61
2018.89105129, 50.4652579295176, 119.247925556199, 502.190795898438, 2009588, 2, 91
2018.89105129, 50.4653154078931, 119.247916798691, 502.217346191406, 2009588, 2, 91
2018.89105129, 50.4653728677372, 119.247908035971, 502.202301025391, 2009588, 2, 91
2018.89105129, 50.4654239616779, 119.247900231012, 502.22412109375, 2009588, 2, 91
2018.89105129, 50.4654877979184, 119.247890468219, 502.233673095703, 2009588, 2, 91
2018.89105129, 50.4655516335351, 119.247880686559, 502.25634765625, 2009588, 2, 93
2018.89105129, 50.4656218249019, 119.247869910968, 502.259704589844, 2009588, 2, 93
2018.89105129, 50.4656856171298, 119.247860096202, 502.243530273438, 2009588, 2, 93
2018.89105129, 50.4657429954325, 119.247851253251, 502.241180419922, 2009588, 2, 93
2018.89105129, 50.465800377017, 119.247842389392, 502.244201660156, 2009588, 2, 84
2018.89105129, 50.4658513709321, 119.24783449687, 502.272125244141, 2009588, 2, 84
2018.89105129, 50.4659087021959, 119.247825608831, 502.225128173828, 2009588, 2, 84
2018.89105129, 50.465972377241, 119.247815717331, 502.204376220703, 2009588, 2, 84
2018.8910513, 50.4935505179891, 119.243489904337, 501.583404541016, 2009588, 2, 55
2018.8910513, 50.4936329593824, 119.243477204262, 501.615325927734, 2009588, 2, 55
2018.8910513, 50.4937789033556, 119.243454746578, 501.661499023438, 2009588, 2, 72
2018.8910513, 50.4938423977443, 119.243444986585, 501.499450683594, 2009588, 2, 72
2018.8910513, 50.4939185962999, 119.243433286471, 501.513671875, 2009588, 2, 72
2018.8910513, 50.4939821135316, 119.24342354279, 501.512603759766, 2009588, 2, 72
2018.8910513, 50.4955736073018, 119.243180750846, 501.572021484375, 2009588, 2, 88
2018.8910513, 50.4956370206086, 119.243171036856, 501.543701171875, 2009588, 2, 88
2018.8910513, 50.4957067523733, 119.243160335847, 501.551330566406, 2009588, 2, 88
2018.8910513, 50.495782818817, 119.243148634743, 501.541534423828, 2009588, 2, 89
2018.8910513, 50.4958715237044, 119.243134954805, 501.529998779297, 2009588, 2, 89
2018.8910513, 50.49597287876, 119.243119272568, 501.517456054688, 2009588, 2, 89
2018.8910513, 50.504042163289, 119.241876401514, 500.944000244141, 2009588, 2, 83
2018.8910513, 50.5041245259213, 119.241863782147, 500.925140380859, 2009588, 2, 83
2018.8910513, 50.5042069846396, 119.241851046853, 500.935028076172, 2009588, 2, 83
2018.8910513, 50.5042766325629, 119.24184049965, 500.929565429688, 2009588, 2, 92
2018.8910513, 50.5043594271083, 119.241827240038, 500.957214355469, 2009588, 2, 92
2018.89105131, 50.504442318836, 119.241813880065, 500.95263671875, 2009588, 2, 92
2018.89105131, 50.50451888342, 119.241801481171, 500.958587646484, 2009588, 2, 92
2018.89105131, 50.5046018680187, 119.241787995076, 500.981506347656, 2009588, 2, 92
2018.89105131, 50.504684950671, 119.241774451011, 500.978546142578, 2009588, 2, 92
2018.89105131, 50.5047552652003, 119.241762974187, 500.97314453125, 2009588, 2, 92
2018.89105131, 50.5048256041189, 119.241751489202, 500.978790283203, 2009588, 2, 92
2018.89105131, 50.5048959584992, 119.241740007193, 500.980041503906, 2009588, 2, 91
2018.89105131, 50.5049599284891, 119.2417295791, 500.964904785156, 2009588, 2, 91
2018.89105131, 50.5050303284734, 119.241718121585, 500.976379394531, 2009588, 2, 92
2018.89105131, 50.5051071156581, 119.241705662012, 500.953430175781, 2009588, 2, 92
2018.89105131, 50.5051902834165, 119.241692221793, 500.962860107422, 2009588, 2, 92
2018.89105131, 50.5052606571296, 119.241680899759, 500.954559326172, 2009588, 2, 83
2018.89105131, 50.5053374360262, 119.241668606192, 500.946228027344, 2009588, 2, 83
2018.89105131, 50.5054077746457, 119.241657408917, 500.968872070312, 2009588, 2, 83
2018.89105131, 50.5054717032621, 119.241647287778, 500.950592041016, 2009588, 2, 83
2018.89105242, 52.7450216291044, 118.890186807796, 394.445220947266, 2009603, 2, 55
2018.89105242, 52.7450785905005, 118.890177550513, 394.530609130859, 2009603, 2, 55
2018.89105242, 52.7451418642056, 118.890167247796, 394.579620361328, 2009603, 2, 55
2018.89105242, 52.7451988023472, 118.890157961986, 394.601287841797, 2009603, 2, 55
2018.89105242, 52.7460412430588, 118.890020610227, 394.356414794922, 2009603, 2, 59
2018.89105242, 52.7461047956222, 118.890010454954, 394.326477050781, 2009603, 2, 59
2018.89105242, 52.7461683553463, 118.890000321408, 394.268310546875, 2009603, 2, 59
2018.89105242, 52.7462319570293, 118.889990200897, 394.233123779297, 2009603, 2, 68
2018.89105242, 52.746295564873, 118.88998010029, 394.160675048828, 2009603, 2, 87
2018.89105242, 52.7463592055673, 118.889970012284, 394.223052978516, 2009603, 2, 87
2018.89105242, 52.7464228515176, 118.889959941253, 394.319091796875, 2009603, 2, 87
2018.89105242, 52.7464865157548, 118.889949882937, 394.287292480469, 2009603, 2, 87
2018.89105242, 52.7465501560572, 118.889939844651, 394.232238769531, 2009603, 2, 90
2018.89105242, 52.7466074656687, 118.889930814121, 394.113647460938, 2009603, 2, 90
2018.89105242, 52.7466775165681, 118.889919787643, 394.014984130859, 2009603, 2, 90
2018.89105242, 52.7467412211109, 118.88990976853, 393.985260009766, 2009603, 2, 90
2018.89105242, 52.7468240184355, 118.889896758092, 393.955596923828, 2009603, 2, 90
2018.89105242, 52.7469068230424, 118.889883753674, 393.9501953125, 2009603, 2, 90
2018.89105242, 52.7469895995471, 118.889870758904, 393.980224609375, 2009603, 2, 90
2018.89105242, 52.7470787336385, 118.889856765625, 393.940032958984, 2009603, 2, 89
2018.89105242, 52.7471614895282, 118.889843769384, 393.925506591797, 2009603, 2, 89
2018.89105242, 52.7472315009493, 118.889832804064, 393.921447753906, 2009603, 2, 89
2018.89105242, 52.7473014971618, 118.889821769376, 393.9072265625, 2009603, 2, 92
2018.89105242, 52.7473714617376, 118.889810732158, 393.913452148438, 2009603, 2, 92
2018.89105242, 52.7474541118343, 118.889797682221, 393.939208984375, 2009603, 2, 92
2018.89105242, 52.747530384769, 118.889785626018, 393.916198730469, 2009603, 2, 92
2018.89105242, 52.7476066301059, 118.889773561448, 393.907775878906, 2009603, 2, 92
2018.89105242, 52.7476764674523, 118.889762500945, 393.924682617188, 2009603, 2, 92
2018.89105242, 52.7477336091313, 118.889753441226, 393.910705566406, 2009603, 2, 92
2018.89105242, 52.7477843631772, 118.889745389375, 393.931457519531, 2009603, 2, 90
2018.89105242, 52.7478097471472, 118.889741359345, 393.875915527344, 2009603, 2, 90
2018.89105242, 52.7478351182663, 118.889737330442, 393.894439697266, 2009603, 2, 90
2018.89105242, 52.7478668140244, 118.88973229581, 393.888305664062, 2009603, 2, 90
2018.89105242, 52.7478921747175, 118.889728265364, 393.877593994141, 2009603, 2, 90
2018.89105242, 52.7479238696087, 118.88972322621, 393.887481689453, 2009603, 2, 90
2018.89105242, 52.7479745700357, 118.889715160617, 393.9462890625, 2009603, 2, 90
2018.89105242, 52.748037925624, 118.889705074038, 393.944885253906, 2009603, 2, 90
2018.89105242, 52.7481075834517, 118.889693975053, 394.008728027344, 2009603, 2, 90
2018.89105242, 52.7481961706343, 118.889679848036, 393.936187744141, 2009603, 2, 90
2018.89105242, 52.7482657627837, 118.889668739669, 394.052673339844, 2009603, 2, 75
2018.89105242, 52.7483353301254, 118.88965762779, 394.05908203125, 2009603, 2, 75
2018.89105242, 52.7483985355906, 118.889647527355, 394.175415039062, 2009603, 2, 75
2018.89105242, 52.748468042141, 118.88963641487, 394.240600585938, 2009603, 2, 75
2018.89105257, 53.0493159749153, 118.840769256214, 407.206298828125, 2009603, 2, 56
2018.89105257, 53.0493862432508, 118.840757777033, 407.212158203125, 2009603, 2, 56
2018.89105257, 53.0495457496334, 118.840731711978, 407.19482421875, 2009603, 2, 59
2018.89105257, 53.0496286392279, 118.840718161281, 407.245941162109, 2009603, 2, 59
2018.89105257, 53.0497114940245, 118.84070461285, 407.300598144531, 2009603, 2, 59
2018.89105257, 53.0497880271644, 118.840692099681, 407.262115478516, 2009603, 2, 80
2018.89105257, 53.0498642321986, 118.840679631982, 407.263763427734, 2009603, 2, 80
2018.89105257, 53.049934064175, 118.840668205461, 407.299835205078, 2009603, 2, 80
2018.89105257, 53.0500101875387, 118.840655749685, 407.302093505859, 2009603, 2, 59
2018.89105257, 53.0500736323168, 118.840645366837, 407.261566162109, 2009603, 2, 59
2018.89105257, 53.0501497283816, 118.84063291402, 407.342926025391, 2009603, 2, 59
2018.89105257, 53.0502321113232, 118.840619433675, 407.378448486328, 2009603, 2, 59
2018.89105258, 53.066436270911, 118.837994829792, 410.523742675781, 2009603, 2, 81
2018.89105258, 53.0665189416677, 118.837981459006, 410.515014648438, 2009603, 2, 73
2018.89105258, 53.066601571877, 118.837968084985, 410.494201660156, 2009603, 2, 73
2018.89105258, 53.0666778490229, 118.837955728999, 410.498077392578, 2009603, 2, 73
2018.89105259, 53.074798208296, 118.836627911209, 412.021118164062, 2009603, 2, 90
2018.89105259, 53.0748741209865, 118.836615676033, 411.988342285156, 2009603, 2, 90
2018.89105259, 53.074956407632, 118.836602407455, 411.938079833984, 2009603, 2, 90
2018.89105069, 49.2875473175576, 119.468357487285, 596.761047363281, 2009588, 3, 81
2018.89105069, 49.2876557037461, 119.46834130494, 596.766967773438, 2009588, 3, 81
2018.89105069, 49.287764136053, 119.468325092025, 596.767272949219, 2009588, 3, 91
2018.89105069, 49.2878726025846, 119.468308855606, 596.763793945312, 2009588, 3, 91
2018.89105069, 49.2879811019855, 119.46829261306, 596.760803222656, 2009588, 3, 91
2018.89105069, 49.2880896212837, 119.46827632654, 596.749694824219, 2009588, 3, 91
2018.89105069, 49.2881981587134, 119.468259960968, 596.767272949219, 2009588, 3, 91
2018.89105069, 49.2883067011654, 119.468243589495, 596.766418457031, 2009588, 3, 91
2018.89105069, 49.288408860994, 119.468228157842, 596.753662109375, 2009588, 3, 91
2018.89105069, 49.2885173961721, 119.468211759062, 596.753051757812, 2009588, 3, 63
2018.89105069, 49.2886450684487, 119.468192454549, 596.742980957031, 2009588, 3, 63
2018.89105114, 50.2062574944851, 119.331444340169, 515.479370117188, 2009588, 3, 80
2018.89105114, 50.2066756663979, 119.331382582948, 515.406066894531, 2009588, 3, 78
2018.89105114, 50.2078568831783, 119.331210145203, 515.400512695312, 2009588, 3, 59
2018.89105116, 50.2408302299175, 119.326357557594, 514.873596191406, 2009588, 3, 92
2018.89105118, 50.2787962859989, 119.320510949092, 514.320922851562, 2009588, 3, 82
2018.89105118, 50.2835256828032, 119.31980000104, 514.028503417969, 2009588, 3, 63
2018.89105118, 50.2836601897331, 119.319780620341, 513.904418945312, 2009588, 3, 63
2018.89105118, 50.2838073624902, 119.319759273935, 513.961059570312, 2009588, 3, 93
2018.89105118, 50.2839479428257, 119.319738704214, 513.991333007812, 2009588, 3, 93
2018.89105121, 50.3492675195282, 119.30997253226, 511.089385986328, 2009588, 3, 60
2018.89105122, 50.3494905457861, 119.309939838198, 511.082305908203, 2009588, 3, 60
2018.89105122, 50.3497452550322, 119.309902740851, 511.064514160156, 2009588, 3, 93
2018.89105122, 50.349993296682, 119.309866710481, 511.067932128906, 2009588, 3, 94
2018.89105122, 50.3662683695831, 119.307440769586, 511.266967773438, 1337281, 3, 82
2018.89105122, 50.3665606206432, 119.30739694154, 511.252838134766, 1337281, 3, 89
2018.89105122, 50.3668593690886, 119.307351886249, 511.270538330078, 1337281, 3, 82
2018.89105133, 50.582014176941, 119.274677942397, 497.568725585938, 2009588, 3, 63
2018.89105133, 50.5822359344609, 119.274644508326, 497.567626953125, 2009588, 3, 63
2018.89105133, 50.5880683144488, 119.273761036941, 497.563110351562, 2009588, 3, 67
2018.89105244, 52.8047592182864, 118.927466291943, 391.806030273438, 2009603, 3, 81
2018.89105244, 52.8049950137512, 118.927427943543, 391.768920898438, 2009603, 3, 81
2018.89105244, 52.805262519851, 118.927383826813, 391.732574462891, 2009603, 3, 83
2018.89105244, 52.8055361840856, 118.927338278751, 391.646240234375, 2009603, 3, 82
2018.89105244, 52.8058222918533, 118.927290324431, 391.754364013672, 2009603, 3, 81
2018.89105244, 52.8060953170789, 118.927244598574, 391.702850341797, 2009603, 3, 85
2018.89105244, 52.806362016491, 118.927200303658, 391.748779296875, 2009603, 3, 85
2018.89105244, 52.8066098133751, 118.927159691491, 391.645721435547, 2009603, 3, 87
2018.89105244, 52.8068896479013, 118.927114533513, 391.607330322266, 2009603, 3, 87
2018.89105244, 52.8071508223535, 118.927073289889, 391.585205078125, 2009603, 3, 89
2018.89105244, 52.8074506673017, 118.927026757812, 391.540466308594, 2009603, 3, 90
2018.89105244, 52.8077633101999, 118.926978003005, 391.555084228516, 2009603, 3, 93
2018.89105244, 52.8080502549669, 118.926932572218, 391.542755126953, 2009603, 3, 92
2018.89105244, 52.8082923435313, 118.926893588167, 391.494812011719, 2009603, 3, 93
2018.89105244, 52.8085338928081, 118.926853221031, 391.528564453125, 2009603, 3, 93
2018.89105244, 52.8088514007768, 118.926799561666, 391.526489257812, 2009603, 3, 93
2018.89105244, 52.8091242768474, 118.926753325766, 391.485229492188, 2009603, 3, 93
2018.89105244, 52.8094097832292, 118.926705318291, 391.505950927734, 2009603, 3, 92
2018.89105244, 52.8096446105257, 118.926666455602, 391.474151611328, 2009603, 3, 93
2018.89105244, 52.8099304647679, 118.926620233449, 391.442901611328, 2009603, 3, 93
2018.89105244, 52.8102544206193, 118.926568762013, 391.459686279297, 2009603, 3, 93
2018.89105244, 52.8105465650417, 118.926522919302, 391.435302734375, 2009603, 3, 92
2018.89105244, 52.8108006464497, 118.926483208337, 391.438659667969, 2009603, 3, 92
2018.89105244, 52.8110606209374, 118.926442899109, 391.439788818359, 2009603, 3, 91
2018.89105244, 52.8113398010247, 118.926399225034, 391.468505859375, 2009603, 3, 92
2018.89105244, 52.8116384273362, 118.926351728092, 391.433715820312, 2009603, 3, 92
2018.89105244, 52.8119121105079, 118.926307327937, 391.448699951172, 2009603, 3, 94
2018.89105244, 52.8122183291245, 118.926256536295, 391.40625, 2009603, 3, 93
2018.8910507, 49.287005005893, 119.469331335412, 596.728637695312, 2009588, 4, 88
2018.8910507, 49.2870367206275, 119.469326764553, 596.722900390625, 2009588, 4, 88
2018.8910507, 49.2870684567001, 119.469322136356, 596.773864746094, 2009588, 4, 88
2018.8910507, 49.2871001709558, 119.469317556023, 596.714965820312, 2009588, 4, 88
2018.8910507, 49.2871382091415, 119.469312098591, 596.72607421875, 2009588, 4, 88
2018.8910507, 49.2871762785164, 119.469306558323, 596.767456054688, 2009588, 4, 88
2018.8910507, 49.2872206607053, 119.469300160157, 596.7666015625, 2009588, 4, 88
2018.8910507, 49.2872587262217, 119.469294619976, 596.747253417969, 2009588, 4, 91
2018.8910507, 49.2872967723516, 119.469289123423, 596.748229980469, 2009588, 4, 91
2018.8910507, 49.2873284941427, 119.469284500161, 596.736389160156, 2009588, 4, 91
2018.8910507, 49.2873602135431, 119.46927988161, 596.733764648438, 2009588, 4, 91
2018.8910507, 49.2873982664048, 119.46927436533, 596.718811035156, 2009588, 4, 91
2018.8910507, 49.2874299891371, 119.469269734375, 596.761169433594, 2009588, 4, 91
2018.8910507, 49.2874617137368, 119.469265105055, 596.726318359375, 2009588, 4, 91
2018.8910507, 49.287487103902, 119.469261376136, 596.725341796875, 2009588, 4, 91
2018.8910507, 49.2875251747958, 119.46925582116, 596.728210449219, 2009588, 4, 72
2018.8910507, 49.2875505710361, 119.469252080633, 596.726684570312, 2009588, 4, 72
2018.8910507, 49.2875822997155, 119.469247449186, 596.715148925781, 2009588, 4, 72
2018.8910507, 49.2876077079753, 119.469243683542, 596.7275390625, 2009588, 4, 72
2018.8910507, 49.2876331084048, 119.469239934517, 596.731140136719, 2009588, 4, 72
2018.8910507, 49.2876648511792, 119.469235275678, 596.712158203125, 2009588, 4, 72
2018.8910507, 49.2876902690547, 119.469231495789, 596.686157226562, 2009588, 4, 72
2018.8910507, 49.287722021736, 119.469226819451, 596.720092773438, 2009588, 4, 72
2018.8910507, 49.2877474462755, 119.469223029224, 596.689697265625, 2009588, 4, 72
2018.89105115, 50.2058128960742, 119.33260600592, 515.418212890625, 2009588, 4, 86
2018.89105115, 50.2059146691013, 119.332590751511, 515.46142578125, 2009588, 4, 86
2018.89105115, 50.2060162484416, 119.332575544396, 515.453002929688, 2009588, 4, 81
2018.89105115, 50.2061176593969, 119.332560327687, 515.463317871094, 2009588, 4, 81
2018.89105115, 50.2070276342316, 119.332424579773, 515.422973632812, 2009588, 4, 65
2018.89105115, 50.2070714181057, 119.332418102309, 515.431701660156, 2009588, 4, 65
2018.89105115, 50.2071089700527, 119.332412558609, 515.421569824219, 2009588, 4, 65
2018.89105115, 50.2071465375215, 119.332407036896, 515.397033691406, 2009588, 4, 65
2018.89105115, 50.2071841502657, 119.332401468963, 515.382202148438, 2009588, 4, 65
2018.89105116, 50.2072468783653, 119.332392248974, 515.382141113281, 2009588, 4, 65
2018.89105116, 50.2073159886689, 119.332382081514, 515.379638671875, 2009588, 4, 65
2018.89105116, 50.2073852295235, 119.332371880651, 515.421997070312, 2009588, 4, 65
2018.89105116, 50.2074608750274, 119.332360826634, 515.428894042969, 2009588, 4, 65
2018.89105116, 50.2075366918417, 119.332349726056, 515.438781738281, 2009588, 4, 71
2018.89105116, 50.2076063484048, 119.332339509905, 515.379699707031, 2009588, 4, 71
2018.89105116, 50.2076824893419, 119.332328373712, 515.374450683594, 2009588, 4, 71
2018.89105117, 50.2407776147492, 119.327295632349, 514.871765136719, 2009588, 4, 58
2018.89105117, 50.2408537942327, 119.327284055004, 514.848205566406, 2009588, 4, 58
2018.89105117, 50.2409173433091, 119.327274458512, 514.860534667969, 2009588, 4, 58
2018.89105117, 50.2409555168146, 119.327268636396, 514.850646972656, 2009588, 4, 58
2018.89105117, 50.2409873233514, 119.327263828199, 514.812438964844, 2009588, 4, 58
2018.89105117, 50.2410191478341, 119.327258999978, 514.804077148438, 2009588, 4, 94
2018.89105117, 50.2410573447376, 119.327253221219, 514.833251953125, 2009588, 4, 94
2018.89105117, 50.2411401511482, 119.327240704199, 514.851257324219, 2009588, 4, 94
2018.89105118, 50.2612550325604, 119.324166191707, 514.328857421875, 2009588, 4, 73
2018.89105118, 50.2612806462817, 119.324162368879, 514.321960449219, 2009588, 4, 73
2018.89105118, 50.2613126594685, 119.324157622684, 514.315856933594, 2009588, 4, 73
2018.89105118, 50.2613382960316, 119.324153776956, 514.332824707031, 2009588, 4, 73
2018.89105118, 50.2613703329246, 119.324149020164, 514.307434082031, 2009588, 4, 73
2018.89105118, 50.2613959897294, 119.324145164299, 514.313110351562, 2009588, 4, 73
2018.89105118, 50.2614280597977, 119.324140368312, 514.368408203125, 2009588, 4, 73
2018.89105118, 50.2614601421534, 119.324135560827, 514.333374023438, 2009588, 4, 73
2018.89105118, 50.2614922194659, 119.324130784886, 514.331909179688, 2009588, 4, 73
2018.89105118, 50.2615179063689, 119.32412691738, 514.327392578125, 2009588, 4, 91
2018.89105118, 50.2615500017529, 119.32412212324, 514.318054199219, 2009588, 4, 91
2018.89105118, 50.2615757031069, 119.324118240791, 514.330322265625, 2009588, 4, 91
2018.89105118, 50.2616078214313, 119.32411342081, 514.344482421875, 2009588, 4, 91
2018.89105118, 50.261639935281, 119.324108622332, 514.318908691406, 2009588, 4, 91
2018.89105118, 50.2616720656595, 119.32410379386, 514.321044921875, 2009588, 4, 91
2018.89105118, 50.26170420631, 119.324098947366, 514.37109375, 2009588, 4, 91
2018.89105118, 50.2617427875186, 119.324093109969, 514.372863769531, 2009588, 4, 91
2018.89105118, 50.2617877942288, 119.324086312922, 514.380065917969, 2009588, 4, 80
2018.89105118, 50.2618392162018, 119.324078589473, 514.392822265625, 2009588, 4, 80
2018.89105118, 50.2618842336136, 119.324071773581, 514.354858398438, 2009588, 4, 80
2018.89105118, 50.2619356614996, 119.324064024481, 514.355773925781, 2009588, 4, 80
2018.89105118, 50.2619935257924, 119.324055265646, 514.391540527344, 2009588, 4, 80
2018.89105118, 50.2620642270027, 119.324044579588, 514.386291503906, 2009588, 4, 65
2018.89105118, 50.2621284750362, 119.324034876956, 514.390014648438, 2009588, 4, 65
2018.89105118, 50.2622055262113, 119.324023266593, 514.373413085938, 2009588, 4, 65
2018.89105118, 50.262276139679, 119.324012567817, 514.389953613281, 2009588, 4, 61
2018.89105118, 50.2623531120575, 119.324000931564, 514.417846679688, 2009588, 4, 61
2018.89105118, 50.262430016517, 119.323989319737, 514.388061523438, 2009588, 4, 94
2018.89105118, 50.2625196963441, 119.32397576784, 514.388122558594, 2009588, 4, 94
2018.89105118, 50.2626090577026, 119.323962450993, 514.3896484375, 2009588, 4, 94
2018.89105118, 50.2626983252073, 119.32394913331, 514.399047851562, 2009588, 4, 94
2018.89105118, 50.2627938471321, 119.323934913324, 514.36376953125, 2009588, 4, 93
2018.89105118, 50.2628574900048, 119.323925382056, 514.36328125, 2009588, 4, 93
2018.89105118, 50.2629146914926, 119.323916890317, 514.365966796875, 2009588, 4, 93
2018.89105118, 50.2629591708723, 119.323910250344, 514.343994140625, 2009588, 4, 93
2018.89105118, 50.2629909449234, 119.323905467882, 514.319763183594, 2009588, 4, 93
2018.89105118, 50.2630226815424, 119.323900747628, 514.325866699219, 2009588, 4, 92
2018.89105118, 50.2630544312208, 119.323895969324, 514.370300292969, 2009588, 4, 92
2018.89105118, 50.2630861403057, 119.323891258554, 514.332092285156, 2009588, 4, 92
2018.89105118, 50.2631178500199, 119.323886524996, 514.321472167969, 2009588, 4, 92
2018.89105118, 50.2631432275939, 119.323882695069, 514.332336425781, 2009588, 4, 92
2018.89105118, 50.2631749280263, 119.323877937276, 514.325378417969, 2009588, 4, 92
2018.89105118, 50.2632066098106, 119.323873201645, 514.333129882812, 2009588, 4, 92
2018.89105118, 50.2632319610093, 119.323869380365, 514.335632324219, 2009588, 4, 92
2018.89105118, 50.2632636352268, 119.323864619764, 514.333435058594, 2009588, 4, 61
2018.89105118, 50.2633016192299, 119.323858931683, 514.356750488281, 2009588, 4, 61
2018.89105118, 50.2633396007276, 119.323853223959, 514.32421875, 2009588, 4, 61
2018.89105118, 50.2633839122706, 119.323846525134, 514.353698730469, 2009588, 4, 61
2018.89105118, 50.2634471646361, 119.323837009141, 514.372619628906, 2009588, 4, 61
2018.89105119, 50.2785188746574, 119.321578689582, 514.140563964844, 2009588, 4, 83
2018.89105119, 50.2785956605795, 119.321567256649, 514.123779296875, 2009588, 4, 83
2018.89105119, 50.2786852264484, 119.321553869706, 514.1142578125, 2009588, 4, 83
2018.89105119, 50.2837659980181, 119.320784429532, 513.960632324219, 2009588, 4, 90
2018.89105119, 50.2838040983722, 119.320778538253, 513.937683105469, 2009588, 4, 90
2018.89105119, 50.2838485428045, 119.320771677436, 513.978332519531, 2009588, 4, 90
2018.89105119, 50.2838929615581, 119.320764878035, 513.949157714844, 2009588, 4, 90
2018.89105119, 50.2839310399684, 119.320759032023, 513.929931640625, 2009588, 4, 90
2018.89105119, 50.2839754319569, 119.320752299361, 513.958679199219, 2009588, 4, 90
2018.89105119, 50.2840325110085, 119.320743640429, 513.979125976562, 2009588, 4, 79
2018.89105119, 50.2841213469109, 119.320730102238, 513.935729980469, 2009588, 4, 79
2018.89105119, 50.2841972073132, 119.320719161978, 513.9521484375, 2009588, 4, 79
2018.89105123, 50.3483245883371, 119.311156939713, 511.073150634766, 2009588, 4, 57
2018.89105123, 50.3483945001173, 119.311146114385, 511.053985595703, 2009588, 4, 57
2018.89105123, 50.3484771108438, 119.311133336748, 511.089416503906, 2009588, 4, 57
2018.89105123, 50.3495634733789, 119.31097027497, 511.100952148438, 2009588, 4, 69
2018.89105123, 50.3496397814727, 119.310958905814, 511.064971923828, 2009588, 4, 69
2018.89105123, 50.349722446945, 119.310946557237, 511.082794189453, 2009588, 4, 69
2018.89105123, 50.349792405837, 119.310936052912, 511.071685791016, 2009588, 4, 93
2018.89105123, 50.3498623805578, 119.310925474255, 511.065582275391, 2009588, 4, 93
2018.89105123, 50.3499387413155, 119.310913826641, 511.063812255859, 2009588, 4, 93
2018.89105123, 50.3500087433001, 119.310903086334, 511.074859619141, 2009588, 4, 54
2018.89105123, 50.3500851092828, 119.310891316318, 511.058349609375, 2009588, 4, 54
2018.89105123, 50.3501615012828, 119.310879414642, 511.095092773438, 2009588, 4, 54
2018.89105123, 50.350225177858, 119.310869408789, 511.202209472656, 2009588, 4, 54
2018.89105123, 50.3660772048017, 119.308396491472, 511.215545654297, 1337281, 4, 74
2018.89105123, 50.3661663985869, 119.308381862454, 511.241973876953, 1337281, 4, 74
2018.89105123, 50.3662683400939, 119.308365198596, 511.243194580078, 1337281, 4, 74
2018.89105123, 50.366370318441, 119.30834852493, 511.238830566406, 1337281, 4, 74
2018.89105123, 50.3664723134912, 119.30833188438, 511.237182617188, 1337281, 4, 74
2018.89105123, 50.3665742985634, 119.308315350213, 511.241027832031, 1337281, 4, 88
2018.89105123, 50.3666762613428, 119.308298937748, 511.233978271484, 1337281, 4, 88
2018.89105123, 50.3667782565718, 119.308282502486, 511.246887207031, 1337281, 4, 85
2018.89105123, 50.3668801480376, 119.308266416362, 511.254638671875, 1337281, 4, 85
2018.89105123, 50.3669820011924, 119.308250473983, 511.255859375, 1337281, 4, 85
2018.89105134, 50.5835629571995, 119.275494583231, 498.0078125, 2009588, 4, 56
2018.89105134, 50.5836392296117, 119.275483627392, 497.980377197266, 2009588, 4, 56
2018.89105134, 50.58372179486, 119.275471811681, 497.981414794922, 2009588, 4, 56
2018.89105134, 50.5837979660809, 119.275460894125, 497.994995117188, 2009588, 4, 77
2018.89105134, 50.5838677643402, 119.275450848187, 497.962554931641, 2009588, 4, 77
2018.89105134, 50.5839375123187, 119.275440820196, 497.995391845703, 2009588, 4, 77
2018.89105134, 50.5840072144985, 119.275430782882, 498.006317138672, 2009588, 4, 77
2018.89105134, 50.584076877859, 119.275420726354, 497.990875244141, 2009588, 4, 77
2018.89105134, 50.5841528266536, 119.275409731522, 498.019744873047, 2009588, 4, 77
2018.89105134, 50.5842224053802, 119.275399613832, 497.994720458984, 2009588, 4, 77
2018.89105134, 50.5842984059094, 119.275388656764, 498.107360839844, 2009588, 4, 69
2018.89105134, 50.5843803815389, 119.275376448726, 498.100616455078, 2009588, 4, 69
2018.89105134, 50.5844686143605, 119.275363247878, 498.098114013672, 2009588, 4, 69
2018.89105134, 50.5845442188237, 119.275351878638, 498.167572021484, 2009588, 4, 56
2018.89105134, 50.5865928978701, 119.27503613142, 498.517944335938, 2009588, 4, 54
2018.89105134, 50.5866886724229, 119.275021489916, 498.070556640625, 2009588, 4, 54
2018.89105134, 50.5867844480983, 119.275006822486, 498.024627685547, 2009588, 4, 83
2018.89105134, 50.5868547320939, 119.274996048198, 498.028778076172, 2009588, 4, 83
2018.89105134, 50.5869312481979, 119.274984302486, 498.004943847656, 2009588, 4, 83
2018.89105134, 50.5870268590109, 119.274969647734, 498.001525878906, 2009588, 4, 83
2018.89105134, 50.5871097023053, 119.274956949764, 497.994293212891, 2009588, 4, 83
2018.89105134, 50.5872052488379, 119.274942342985, 497.987640380859, 2009588, 4, 83
2018.89105134, 50.5872943816624, 119.274928755728, 498.000396728516, 2009588, 4, 81
2018.89105134, 50.5873771127184, 119.274916179925, 497.986083984375, 2009588, 4, 81
2018.89105134, 50.587459828089, 119.274903592001, 498.018524169922, 2009588, 4, 81
2018.89105134, 50.5875552007002, 119.274889185947, 497.988708496094, 2009588, 4, 81
2018.89105134, 50.5876378414363, 119.274876691806, 498.015411376953, 2009588, 4, 81
2018.89105134, 50.5877522773761, 119.274859295804, 499.168792724609, 2009588, 4, 53
2018.89105135, 50.5976822106122, 119.273342793561, 497.804901123047, 2009588, 4, 63
2018.89105135, 50.5977905968351, 119.273325857113, 497.363311767578, 2009588, 4, 63
2018.89105135, 50.5978799170997, 119.273311770948, 497.652404785156, 2009588, 4, 63
2018.89105135, 50.5979691977225, 119.273297805576, 497.651306152344, 2009588, 4, 63
2018.89105135, 50.5980648174042, 119.273282958186, 497.693420410156, 2009588, 4, 83
2018.89105135, 50.598147671333, 119.273270148314, 497.640747070312, 2009588, 4, 83
2018.89105135, 50.5982305190214, 119.273257378427, 497.722351074219, 2009588, 4, 83
2018.89105135, 50.5983133365622, 119.27324456317, 497.762268066406, 2009588, 4, 67
2018.89105135, 50.5983961276522, 119.273232228347, 497.663360595703, 2009588, 4, 67
2018.89105135, 50.5984852625171, 119.273219008648, 497.663818359375, 2009588, 4, 67
2018.89105135, 50.5985680262994, 119.273206727873, 497.651489257812, 2009588, 4, 51
2018.89105135, 50.5986698232356, 119.273191745514, 497.686889648438, 2009588, 4, 51
2018.89105135, 50.5987461786853, 119.273180449628, 497.676605224609, 2009588, 4, 51
2018.89105135, 50.5988288383207, 119.273168312324, 497.645416259766, 2009588, 4, 54
2018.89105135, 50.5989178282347, 119.273155243153, 497.662017822266, 2009588, 4, 54
2018.89105135, 50.5989940985693, 119.273143985834, 497.644470214844, 2009588, 4, 54
2018.89105135, 50.599070338758, 119.273132737213, 497.658721923828, 2009588, 4, 64
2018.89105135, 50.5991719492284, 119.273117724559, 497.671722412109, 2009588, 4, 64
2018.89105135, 50.5992671785204, 119.273103585457, 497.649688720703, 2009588, 4, 75
2018.89105135, 50.5993496829018, 119.273091291313, 497.651794433594, 2009588, 4, 75
2018.89105135, 50.5994321810286, 119.273078898421, 497.632843017578, 2009588, 4, 75
2018.89105135, 50.5995146339524, 119.273066508264, 497.612884521484, 2009588, 4, 83
2018.89105135, 50.5995590110963, 119.273059977044, 497.585540771484, 2009588, 4, 83
2018.89105135, 50.5995907310972, 119.273055077439, 497.568817138672, 2009588, 4, 83
2018.89105135, 50.5996161065971, 119.273051141468, 497.565307617188, 2009588, 4, 83
2018.89105135, 50.5996478085088, 119.273046256516, 497.539489746094, 2009588, 4, 83
2018.89105135, 50.5996731852689, 119.273042300045, 497.5693359375, 2009588, 4, 83
2018.89105135, 50.5997048772211, 119.273037410595, 497.538208007812, 2009588, 4, 83
2018.89105135, 50.5997302515927, 119.273033439996, 497.54931640625, 2009588, 4, 83
2018.89105135, 50.5997619389725, 119.27302853679, 497.563659667969, 2009588, 4, 81
2018.89105135, 50.599793638685, 119.273023591545, 497.565795898438, 2009588, 4, 81
2018.89105135, 50.5998316776966, 119.273017636499, 497.609588623047, 2009588, 4, 81
2018.89105135, 50.5998950697742, 119.273007696669, 497.608367919922, 2009588, 4, 81
2018.89105245, 52.8065483817934, 118.92824087203, 391.799835205078, 2009603, 4, 61
2018.89105245, 52.8066247815219, 118.92822903388, 391.767303466797, 2009603, 4, 61
2018.89105245, 52.8066947882427, 118.928218269927, 391.807250976562, 2009603, 4, 61
2018.89105245, 52.8067584880767, 118.928208358383, 391.825347900391, 2009603, 4, 66
2018.89105245, 52.8068158432888, 118.928199394452, 391.799468994141, 2009603, 4, 66
2018.89105245, 52.8068792302733, 118.92818960682, 391.686950683594, 2009603, 4, 66
2018.89105245, 52.8069623806353, 118.928176651436, 391.602294921875, 2009603, 4, 66
2018.89105245, 52.807045546485, 118.928163642323, 391.594207763672, 2009603, 4, 69
2018.89105245, 52.8071222997124, 118.928151637586, 391.555053710938, 2009603, 4, 69
2018.89105245, 52.8072054404652, 118.928138576253, 391.509033203125, 2009603, 4, 69
2018.89105245, 52.8072821683374, 118.928126472828, 391.507751464844, 2009603, 4, 73
2018.89105245, 52.8073588626563, 118.928114336494, 391.509185791016, 2009603, 4, 73
2018.89105245, 52.8074355228177, 118.928102138306, 391.4931640625, 2009603, 4, 73
2018.89105245, 52.8075121362691, 118.928089902017, 391.464538574219, 2009603, 4, 77
2018.89105245, 52.8076014092616, 118.92807566448, 391.452056884766, 2009603, 4, 77
2018.89105245, 52.8076842637011, 118.92806229956, 391.466217041016, 2009603, 4, 77
2018.89105245, 52.8077733521639, 118.928047971814, 391.44287109375, 2009603, 4, 79
2018.89105245, 52.8078559919678, 118.928034595845, 391.454833984375, 2009603, 4, 79
2018.89105245, 52.8079448762747, 118.928020162395, 391.430877685547, 2009603, 4, 79
2018.89105245, 52.8080336322378, 118.928005720953, 391.441223144531, 2009603, 4, 78
2018.89105245, 52.8081285831053, 118.927990238549, 391.454254150391, 2009603, 4, 82
2018.89105245, 52.8082297189569, 118.927973718689, 391.461303710938, 2009603, 4, 82
2018.89105245, 52.8083114850876, 118.927960127627, 391.447204589844, 2009603, 4, 82
2018.89105245, 52.8084119964146, 118.927943461542, 391.447143554688, 2009603, 4, 82
2018.89105245, 52.8085061264072, 118.927927898119, 391.453491210938, 2009603, 4, 83
2018.89105245, 52.808587670826, 118.927914419992, 391.473785400391, 2009603, 4, 83
2018.89105245, 52.8086629131047, 118.927902027322, 391.435882568359, 2009603, 4, 83
2018.89105245, 52.8087569475064, 118.92788660561, 391.47509765625, 2009603, 4, 84
2018.89105245, 52.8088447120355, 118.927872304849, 391.482818603516, 2009603, 4, 84
2018.89105245, 52.8089262297022, 118.927859091165, 391.446258544922, 2009603, 4, 84
2018.89105245, 52.8090140567946, 118.927844952419, 391.462921142578, 2009603, 4, 87
2018.89105245, 52.8090956784629, 118.927831862749, 391.495880126953, 2009603, 4, 87
2018.89105245, 52.8091836294735, 118.927817897708, 391.478088378906, 2009603, 4, 87
2018.89105245, 52.8092779609486, 118.927803037529, 391.464080810547, 2009603, 4, 90
2018.89105245, 52.8093661125331, 118.927789241723, 391.471374511719, 2009603, 4, 90
2018.89105245, 52.8094479477949, 118.927776413911, 391.426666259766, 2009603, 4, 90
2018.89105245, 52.8095302034124, 118.927764028459, 391.400299072266, 2009603, 4, 92
2018.89105245, 52.809631581743, 118.927748820622, 391.425109863281, 2009603, 4, 93
2018.89105245, 52.809726751181, 118.927734602521, 391.424591064453, 2009603, 4, 93
2018.89105245, 52.8098156593794, 118.927721387928, 391.422637939453, 2009603, 4, 93
2018.89105245, 52.8099301259484, 118.927704327589, 391.412384033203, 2009603, 4, 93
2018.89105245, 52.8100256155377, 118.927690066622, 391.403381347656, 2009603, 4, 93
2018.89105245, 52.810108445129, 118.927677645046, 391.406768798828, 2009603, 4, 93
2018.89105245, 52.8101976999067, 118.9276642072, 391.406188964844, 2009603, 4, 93
2018.89105245, 52.8102997520737, 118.927648768943, 391.427795410156, 2009603, 4, 92
2018.89105245, 52.8104146391411, 118.927631193094, 391.492370605469, 2009603, 4, 92
2018.89105245, 52.8105040094472, 118.927617419217, 391.482482910156, 2009603, 4, 93
2018.89105245, 52.8105998165534, 118.927602430273, 391.480285644531, 2009603, 4, 93
2018.89105245, 52.8106956661969, 118.927587542584, 391.420928955078, 2009603, 4, 93
2018.89105245, 52.810778602706, 118.927574073899, 391.421661376953, 2009603, 4, 93
2018.89105245, 52.8108551685416, 118.927561499206, 391.426361083984, 2009603, 4, 93
2018.89105245, 52.8109508556249, 118.927545663849, 391.465301513672, 2009603, 4, 93
2018.89105245, 52.8110401280568, 118.927530817634, 391.422729492188, 2009603, 4, 94
2018.89105245, 52.8111357612765, 118.927514780034, 391.410980224609, 2009603, 4, 94
2018.89105245, 52.8112313666719, 118.927498655684, 391.427734375, 2009603, 4, 93
2018.89105245, 52.8113269122464, 118.927482526019, 391.410247802734, 2009603, 4, 93
2018.89105245, 52.8114097201691, 118.927468440457, 391.404205322266, 2009603, 4, 93
2018.89105245, 52.8114988568331, 118.927453274793, 391.392822265625, 2009603, 4, 93
2018.89105245, 52.8115879625065, 118.927438091534, 391.388031005859, 2009603, 4, 93
2018.89105245, 52.811677022652, 118.927422951725, 391.404510498047, 2009603, 4, 93
2018.89105245, 52.811778764898, 118.927405676445, 391.424530029297, 2009603, 4, 93
2018.89105245, 52.8118677752255, 118.927390554697, 391.409301757812, 2009603, 4, 93
2018.89105245, 52.8119440054399, 118.927377572071, 391.380187988281, 2009603, 4, 93
2018.89105245, 52.8120265937082, 118.927363795448, 391.410797119141, 2009603, 4, 94
2018.89105245, 52.8121091556801, 118.927350084975, 391.343811035156, 2009603, 4, 94
2018.89105245, 52.8122043930515, 118.927334329496, 391.373443603516, 2009603, 4, 94
2018.89105245, 52.8122995827195, 118.927318709375, 391.318359375, 2009603, 4, 93
2018.89105245, 52.8123884237612, 118.927304153429, 391.386169433594, 2009603, 4, 93
2018.89105245, 52.8124899139054, 118.927287646247, 391.379302978516, 2009603, 4, 93
2018.89105245, 52.8125850262216, 118.927272296076, 391.348937988281, 2009603, 4, 93
2018.89105245, 52.812686456921, 118.927256012904, 391.407928466797, 2009603, 4, 93
2018.89105245, 52.8127688807651, 118.927242794276, 391.482513427734, 2009603, 4, 90
2018.89105245, 52.8128512841566, 118.927229656241, 391.396881103516, 2009603, 4, 90
2018.89105245, 52.8129399811277, 118.92721566573, 391.333557128906, 2009603, 4, 90
2018.89105245, 52.8130223837271, 118.927202612457, 391.345275878906, 2009603, 4, 56
2018.89105245, 52.8131174552459, 118.92718761517, 391.358337402344, 2009603, 4, 56
2018.89105245, 52.8132125781272, 118.927172629841, 391.323638916016, 2009603, 4, 56
2018.89105245, 52.8133202218688, 118.927155923534, 391.335754394531, 2009603, 4, 56
2018.89105245, 52.8134089141904, 118.927142114263, 391.363189697266, 2009603, 4, 56
2018.89105245, 52.8134912675936, 118.927129342664, 391.387023925781, 2009603, 4, 56
2018.89105256, 53.0245925552219, 118.89308741554, 402.626403808594, 2009603, 4, 87
2018.89105256, 53.0246945015756, 118.89307114127, 402.763641357422, 2009603, 4, 87
2018.89105069, 49.2973767240077, 119.511294021738, 598.109191894531, 2009588, 5, 78
2018.89105069, 49.2975294819436, 119.511270668426, 598.134460449219, 2009588, 5, 93
2018.89105069, 49.2976884036179, 119.511246184102, 598.120178222656, 2009588, 5, 92
2018.89105119, 50.3036764167354, 119.362137854698, 513.867797851562, 2009588, 5, 57
2018.89105119, 50.307178004699, 119.361617349035, 513.577758789062, 2009588, 5, 81
2018.89105119, 50.3073241731072, 119.361596613659, 513.572204589844, 2009588, 5, 90
2018.89105119, 50.3075085109907, 119.361570406695, 513.579345703125, 2009588, 5, 90
2018.89105119, 50.3076802172102, 119.361545801676, 513.610229492188, 2009588, 5, 90
2018.8910512, 50.3215530832762, 119.359462782031, 513.203857421875, 2009588, 5, 55
2018.8910512, 50.3218261598309, 119.35942274389, 513.188049316406, 2009588, 5, 93
2018.8910512, 50.3221123122891, 119.359380550327, 513.15966796875, 2009588, 5, 94
2018.8910512, 50.3223544253476, 119.359344482277, 513.169738769531, 2009588, 5, 90
2018.8910512, 50.3300791446351, 119.358190114375, 513.060546875, 2009588, 5, 68
2018.8910512, 50.3303087336807, 119.358155448996, 513.092346191406, 2009588, 5, 93
2018.8910512, 50.3305446115484, 119.358119580018, 513.141235351562, 2009588, 5, 82
2018.89105121, 50.3426803371145, 119.356325249528, 512.372680664062, 2009588, 5, 83
2018.89105121, 50.3428981527234, 119.356294363295, 512.387451171875, 2009588, 5, 93
2018.89105121, 50.3431031965113, 119.356265252801, 512.346862792969, 2009588, 5, 85
2018.89105121, 50.3478153811311, 119.355579528071, 512.239501953125, 2009588, 5, 73
2018.89105121, 50.3480254785766, 119.355549142587, 512.141906738281, 2009588, 5, 84
2018.89105121, 50.3501243000949, 119.355243878441, 511.733367919922, 2009588, 5, 86
2018.89105121, 50.3503013023806, 119.355217339516, 511.810913085938, 2009588, 5, 92
2018.89105135, 50.6183165238611, 119.314879517919, 497.086120605469, 2009588, 5, 65
2018.89105135, 50.6185568716404, 119.314842298471, 497.511047363281, 2009588, 5, 65
2018.89105135, 50.6187914224828, 119.314806781087, 497.631286621094, 2009588, 5, 56
2018.89105135, 50.6198342256877, 119.314649363078, 497.719390869141, 2009588, 5, 58
2018.89105135, 50.6200956368975, 119.314609420284, 497.082489013672, 2009588, 5, 78
2018.89105135, 50.6203060246034, 119.314576936668, 497.072296142578, 2009588, 5, 79
2018.89105135, 50.6205481903824, 119.314539534033, 497.032379150391, 2009588, 5, 65
2018.89105247, 52.8737445521497, 118.964356193071, 388.733154296875, 2009603, 5, 67
2018.89105247, 52.874017226584, 118.964311554575, 388.714172363281, 2009603, 5, 93
2018.89105247, 52.8743280092932, 118.964261247032, 388.724060058594, 2009603, 5, 93
2018.89105247, 52.874620028096, 118.964214985229, 388.729888916016, 2009603, 5, 94
2018.89105247, 52.8749058514943, 118.964169719946, 388.703247070312, 2009603, 5, 93
2018.89105247, 52.8751918158508, 118.964124172018, 388.658966064453, 2009603, 5, 93
2018.89105247, 52.8754778986411, 118.964078081891, 388.805114746094, 2009603, 5, 93
2018.89105247, 52.8757767715616, 118.964029040589, 388.552307128906, 2009603, 5, 93
2018.89105247, 52.8760884143664, 118.963977145378, 388.435028076172, 2009603, 5, 93
2018.89105247, 52.8763873864491, 118.963927422633, 388.493591308594, 2009603, 5, 93
2018.89105247, 52.8767118308831, 118.963874022238, 388.451293945312, 2009603, 5, 93
2018.89105247, 52.8770108440784, 118.96382580887, 388.446624755859, 2009603, 5, 80
2018.89105253, 52.9833651289203, 118.946842347075, 396.110443115234, 2009603, 5, 86
2018.89105253, 52.9836828391132, 118.946790517005, 396.131256103516, 2009603, 5, 90
2018.8910507, 49.2973553008665, 119.512234067831, 598.217407226562, 2009588, 6, 86
2018.8910507, 49.2973934125384, 119.512228247756, 598.132690429688, 2009588, 6, 86
2018.8910507, 49.2974315327632, 119.512222395718, 598.118591308594, 2009588, 6, 86
2018.8910507, 49.297469641392, 119.51221660533, 598.097351074219, 2009588, 6, 86
2018.8910507, 49.2975014171558, 119.512211688582, 598.096435546875, 2009588, 6, 76
2018.8910507, 49.2975332005582, 119.512206734448, 598.095947265625, 2009588, 6, 76
2018.8910507, 49.2975776790166, 119.51219991386, 598.11279296875, 2009588, 6, 76
2018.8910507, 49.2976221743456, 119.512193005715, 598.111145019531, 2009588, 6, 76
2018.8910507, 49.2976603286034, 119.512187030576, 598.106384277344, 2009588, 6, 76
2018.8910507, 49.2976921354055, 119.51218200577, 598.144165039062, 2009588, 6, 76
2018.8910507, 49.2977366550513, 119.512175042428, 598.114807128906, 2009588, 6, 76
2018.8910512, 50.3077816838366, 119.362589107778, 513.568542480469, 2009588, 6, 85
2018.8910512, 50.3078198954652, 119.362583449164, 513.567321777344, 2009588, 6, 85
2018.8910512, 50.3078707736084, 119.362576089525, 513.587219238281, 2009588, 6, 85
2018.8910512, 50.3079089256171, 119.36257044375, 513.5751953125, 2009588, 6, 85
2018.8910512, 50.3079533878824, 119.362563939303, 513.581665039062, 2009588, 6, 85
2018.8910512, 50.3079978207153, 119.362557407395, 513.569885253906, 2009588, 6, 85
2018.8910512, 50.3080358729391, 119.362551826888, 513.553466796875, 2009588, 6, 93
2018.8910512, 50.3080739066701, 119.36254622168, 513.584228515625, 2009588, 6, 93
2018.8910512, 50.3081248579974, 119.362538982854, 513.55859375, 2009588, 6, 93
2018.8910512, 50.3081627256447, 119.362533244558, 513.564575195312, 2009588, 6, 93
2018.8910512, 50.3082005597758, 119.362527561594, 513.582641601562, 2009588, 6, 93
2018.89105121, 50.3217904687654, 119.360518079181, 513.189880371094, 2009588, 6, 93
2018.89105121, 50.321859939079, 119.360508023346, 513.209411621094, 2009588, 6, 93
2018.89105121, 50.321910452411, 119.360500681684, 513.162536621094, 2009588, 6, 93
2018.89105121, 50.3219672842901, 119.360492353865, 513.18603515625, 2009588, 6, 91
2018.89105121, 50.3220303979384, 119.360483215548, 513.185974121094, 2009588, 6, 95
2018.89105121, 50.3220999553316, 119.360473262015, 513.205078125, 2009588, 6, 95
2018.89105121, 50.3221692669294, 119.360463093347, 513.203552246094, 2009588, 6, 95
2018.89105121, 50.3222322784128, 119.360453843104, 513.1982421875, 2009588, 6, 95
2018.89105121, 50.3222952807776, 119.360444660895, 513.1875, 2009588, 6, 71
2018.89105121, 50.3223583118366, 119.360435357105, 513.18310546875, 2009588, 6, 71
2018.89105121, 50.3224339491829, 119.360424305257, 513.287963867188, 2009588, 6, 71
2018.89105121, 50.330032520883, 119.359321225868, 513.068115234375, 2009588, 6, 90
2018.89105121, 50.3300896758757, 119.35931266812, 513.093444824219, 2009588, 6, 90
2018.89105121, 50.3301531915998, 119.359303099728, 513.077758789062, 2009588, 6, 90
2018.89105121, 50.3302230769319, 119.359292490303, 513.104553222656, 2009588, 6, 90
2018.89105121, 50.3302802588448, 119.359283836468, 513.132446289062, 2009588, 6, 94
2018.89105121, 50.3303374411576, 119.359275227267, 513.145629882812, 2009588, 6, 94
2018.89105121, 50.3303946614189, 119.359266456986, 513.106567382812, 2009588, 6, 94
2018.89105121, 50.3304518684622, 119.359257842408, 513.060974121094, 2009588, 6, 94
2018.89105121, 50.3305154817807, 119.359248092551, 513.053588867188, 2009588, 6, 58
2018.89105121, 50.3305727449775, 119.359239352398, 513.031555175781, 2009588, 6, 58
2018.89105121, 50.3306363996578, 119.359229587819, 513.04296875, 2009588, 6, 58
2018.89105121, 50.3307064557397, 119.359218809237, 513.032958984375, 2009588, 6, 58
2018.89105122, 50.3425471207036, 119.35747859693, 512.381164550781, 2009588, 6, 65
2018.89105122, 50.342611048319, 119.357469379552, 512.368835449219, 2009588, 6, 65
2018.89105122, 50.3426685911326, 119.35746115334, 512.359313964844, 2009588, 6, 65
2018.89105122, 50.3427261612351, 119.357452868408, 512.331970214844, 2009588, 6, 65
2018.89105122, 50.3427837401953, 119.357444603051, 512.359619140625, 2009588, 6, 92
2018.89105122, 50.3428413273313, 119.357436365507, 512.362426757812, 2009588, 6, 92
2018.89105122, 50.3428925248826, 119.357429031615, 512.363220214844, 2009588, 6, 92
2018.89105122, 50.3429501437429, 119.357420698192, 512.348754882812, 2009588, 6, 92
2018.89105122, 50.3430077695181, 119.357412334238, 512.35693359375, 2009588, 6, 59
2018.89105122, 50.3430717988576, 119.357403055021, 512.334167480469, 2009588, 6, 59
2018.89105122, 50.3431358247932, 119.357393782595, 512.338073730469, 2009588, 6, 59
2018.89105122, 50.3431998668142, 119.357384377794, 512.406494140625, 2009588, 6, 59
2018.89105122, 50.3477682201979, 119.35669826193, 512.400085449219, 2009588, 6, 82
2018.89105122, 50.3478254624328, 119.356689641019, 512.2431640625, 2009588, 6, 82
2018.89105122, 50.3478827181051, 119.356680981467, 512.158142089844, 2009588, 6, 82
2018.89105122, 50.3479399850584, 119.356672292861, 512.084350585938, 2009588, 6, 82
2018.89105122, 50.3479908994863, 119.356664528179, 512.107482910156, 2009588, 6, 82
2018.89105122, 50.3480481829378, 119.356655809303, 512.116943359375, 2009588, 6, 87
2018.89105122, 50.3481054678082, 119.356647113531, 512.131225585938, 2009588, 6, 87
2018.89105122, 50.348156411681, 119.356639273362, 512.126892089844, 2009588, 6, 87
2018.89105122, 50.3482137113046, 119.356630532162, 512.113342285156, 2009588, 6, 87
2018.89105122, 50.350281934496, 119.356316287353, 511.775970458984, 2009588, 6, 91
2018.89105122, 50.350339203372, 119.356307460652, 511.780120849609, 2009588, 6, 91
2018.89105122, 50.3504028176927, 119.356297679111, 511.782928466797, 2009588, 6, 91
2018.89105122, 50.3504600783987, 119.356288779771, 511.778717041016, 2009588, 6, 91
2018.89105136, 50.6190119055748, 119.315757929107, 497.059509277344, 2009588, 6, 55
2018.89105136, 50.619075902396, 119.31574833955, 497.087585449219, 2009588, 6, 55
2018.89105136, 50.6192550633064, 119.315721322074, 497.419342041016, 2009588, 6, 62
2018.89105136, 50.6193318016738, 119.315709754393, 497.460174560547, 2009588, 6, 62
2018.89105136, 50.6194021047426, 119.31569919076, 497.333862304688, 2009588, 6, 62
2018.89105136, 50.6194787643343, 119.315687654264, 497.187652587891, 2009588, 6, 62
2018.89105136, 50.6206980477538, 119.315499578044, 497.147155761719, 2009588, 6, 72
2018.89105136, 50.620773896961, 119.315487671686, 497.063812255859, 2009588, 6, 74
2018.89105136, 50.6208370846593, 119.315477787025, 497.020935058594, 2009588, 6, 74
2018.89105136, 50.6208939566871, 119.315468821218, 497.050109863281, 2009588, 6, 74
2018.89105136, 50.6209571307382, 119.315458940917, 497.030151367188, 2009588, 6, 74
2018.89105248, 52.8745716009285, 118.965374731387, 388.724090576172, 2009603, 6, 56
2018.89105248, 52.8746469984709, 118.965363637345, 388.729339599609, 2009603, 6, 56
2018.89105248, 52.8747286903634, 118.965351505304, 388.748077392578, 2009603, 6, 56
2018.89105248, 52.8748103838265, 118.965339402364, 388.74560546875, 2009603, 6, 93
2018.89105248, 52.8748983811766, 118.965326359687, 388.740570068359, 2009603, 6, 93
2018.89105248, 52.8749801416415, 118.965314165117, 388.717407226562, 2009603, 6, 93
2018.89105248, 52.8750493501631, 118.965303877526, 388.699951171875, 2009603, 6, 93
2018.89105248, 52.8751249165313, 118.96529250074, 388.708557128906, 2009603, 6, 93
2018.89105248, 52.8752068372376, 118.965280184907, 388.681915283203, 2009603, 6, 93
2018.89105248, 52.8752888339666, 118.965267816657, 388.638092041016, 2009603, 6, 93
2018.89105248, 52.8753642281851, 118.96525647379, 388.663146972656, 2009603, 6, 93
2018.89105248, 52.8754403682252, 118.965244755048, 388.682678222656, 2009603, 6, 93
2018.89105248, 52.8755102376558, 118.965233907637, 388.658447265625, 2009603, 6, 93
2018.89105248, 52.8755928696297, 118.965221094977, 388.639709472656, 2009603, 6, 93
2018.89105248, 52.8756692156227, 118.965209180345, 388.631378173828, 2009603, 6, 93
2018.89105248, 52.8757456243264, 118.965197148475, 388.628601074219, 2009603, 6, 93
2018.89105248, 52.8758347947349, 118.965183231644, 388.631774902344, 2009603, 6, 93
2018.89105248, 52.8759176489975, 118.965170204037, 388.618957519531, 2009603, 6, 93
2018.89105248, 52.8760005402334, 118.965157087745, 388.578674316406, 2009603, 6, 94
2018.89105248, 52.8760961753442, 118.965142106854, 388.612609863281, 2009603, 6, 94
2018.89105248, 52.8761918334174, 118.965127015965, 388.528686523438, 2009603, 6, 94
2018.89105248, 52.8762747391745, 118.965113905379, 388.548156738281, 2009603, 6, 94
2018.89105248, 52.8763639927202, 118.965099873124, 388.518035888672, 2009603, 6, 94
2018.89105248, 52.8764468640585, 118.965086754777, 388.518859863281, 2009603, 6, 94
2018.89105248, 52.8765360597179, 118.96507276035, 388.519348144531, 2009603, 6, 95
2018.89105248, 52.8766124865933, 118.965060751232, 388.525512695312, 2009603, 6, 95
2018.89105248, 52.8767080604693, 118.965045764225, 388.535675048828, 2009603, 6, 95
2018.89105248, 52.8767651484727, 118.965036893074, 388.520080566406, 2009603, 6, 94
2018.89105248, 52.8768222250523, 118.965028017962, 388.582641601562, 2009603, 6, 94
2018.89105248, 52.8769046273172, 118.965015327484, 388.512023925781, 2009603, 6, 94
2018.89105248, 52.8769933685185, 118.965001602285, 388.491363525391, 2009603, 6, 94
2018.89105248, 52.8770757565972, 118.964988905766, 388.433532714844, 2009603, 6, 94
2018.89105248, 52.8771518237757, 118.964977138543, 388.443176269531, 2009603, 6, 94
2018.89105248, 52.8772342351034, 118.964964434866, 388.427581787109, 2009603, 6, 94
2018.89105248, 52.8773039892268, 118.964953652275, 388.445007324219, 2009603, 6, 93
2018.89105248, 52.8773864463986, 118.964940959819, 388.455169677734, 2009603, 6, 93
2018.89105248, 52.8774625938943, 118.964929239993, 388.432189941406, 2009603, 6, 93
2018.89105248, 52.8775324424914, 118.964918406149, 388.424377441406, 2009603, 6, 92
2018.89105249, 52.8776213942112, 118.964904617645, 388.445922851562, 2009603, 6, 92
2018.89105249, 52.8777104112642, 118.964890805716, 388.412261962891, 2009603, 6, 92
2018.89105254, 52.9833556892798, 118.947914823455, 396.180267333984, 2009603, 6, 66
2018.89105254, 52.9834509638208, 118.947899809927, 396.153778076172, 2009603, 6, 66
2018.89105254, 52.9835397865041, 118.94788546576, 396.099548339844, 2009603, 6, 89
2018.89105254, 52.9836158570744, 118.947873186616, 396.121215820312, 2009603, 6, 89
2018.89105254, 52.9836982073499, 118.947859907229, 396.126373291016, 2009603, 6, 89
2018.89105254, 52.9837804869623, 118.947846719644, 396.138153076172, 2009603, 6, 86
2018.89105254, 52.9838564027349, 118.947834485094, 396.156616210938, 2009603, 6, 86
2018.89105254, 52.983932280422, 118.947822267853, 396.125701904297, 2009603, 6, 86
