2022.68218376, 52.2510926984972, 117.86096400034, 431.710662841797, 2009603, 1, 94
2022.68218376, 52.250288796679, 117.860836224278, 431.732299804688, 2009603, 1, 96
2022.68218376, 52.2495358627493, 117.860718534492, 431.714813232422, 2009603, 1, 96
2022.68218376, 52.2488093008062, 117.860599567049, 431.779510498047, 2009603, 1, 95
2022.68218376, 52.2481702746935, 117.86049660535, 431.777008056641, 2009603, 1, 76
2022.68218377, 52.2506821111205, 117.859620049335, 431.692199707031, 2009603, 2, 91
2022.68218377, 52.250443832297, 117.859581364978, 431.717834472656, 2009603, 2, 94
2022.68218377, 52.2502051081033, 117.859542836813, 431.702972412109, 2009603, 2, 95
2022.68218377, 52.2500115130911, 117.859511720156, 431.707153320312, 2009603, 2, 95
2022.68218377, 52.2497857547934, 117.85947561553, 431.778259277344, 2009603, 2, 95
2022.68218377, 52.2495870090949, 117.859445019426, 431.736419677734, 2009603, 2, 95
2022.68218377, 52.2493886601531, 117.859414619932, 431.767761230469, 2009603, 2, 95
2022.68218377, 52.2491970664214, 117.859385331411, 431.781005859375, 2009603, 2, 96
2022.68218377, 52.2489994159074, 117.859355218164, 431.732940673828, 2009603, 2, 96
2022.68218377, 52.248795663306, 117.859323854319, 431.787109375, 2009603, 2, 96
2022.68218377, 52.2485985027565, 117.859293380275, 431.801116943359, 2009603, 2, 96
2022.68218377, 52.2483822811283, 117.859259492898, 431.795104980469, 2009603, 2, 96
2022.68218377, 52.2481659829705, 117.859224937403, 431.782043457031, 2009603, 2, 96
2022.68218377, 52.2479372847026, 117.859188207191, 431.802062988281, 2009603, 2, 95
2022.68218377, 52.2477090042182, 117.85915190465, 431.820831298828, 2009603, 2, 91
2022.68218377, 52.2474558715716, 117.859112022905, 431.826232910156, 2009603, 2, 64
2022.68218377, 52.2315566315686, 117.810485764534, 433.155090332031, 2009603, 3, 82
2022.68218377, 52.2310036044435, 117.810398756131, 433.164520263672, 2009603, 3, 94
2022.68218377, 52.2304275785673, 117.810305091148, 433.151947021484, 2009603, 3, 95
2022.68218377, 52.2299024741663, 117.810220272316, 432.740509033203, 2009603, 3, 53
2022.68218378, 52.2314993677566, 117.80914939673, 433.160583496094, 2009603, 4, 91
2022.68218378, 52.2312380634658, 117.809108001372, 433.154754638672, 2009603, 4, 95
2022.68218378, 52.2309771271586, 117.809065881673, 433.171051025391, 2009603, 4, 96
2022.68218378, 52.2307037544321, 117.809021518428, 433.193267822266, 2009603, 4, 94
2022.68218378, 52.2304497099357, 117.808980044244, 433.154541015625, 2009603, 4, 93
2022.68218378, 52.230094443422, 117.808922092612, 433.179138183594, 2009603, 4, 93
2022.68218378, 52.2298662477611, 117.808885093838, 433.184844970703, 2009603, 4, 91
2022.68218377, 52.2417082468104, 117.764690707987, 434.19873046875, 2009603, 5, 90
2022.68218377, 52.2415876625619, 117.764671445685, 434.223022460938, 2009603, 5, 90
2022.68218377, 52.2414671469929, 117.764652122873, 434.20068359375, 2009603, 5, 92
2022.68218377, 52.241353026626, 117.764633797347, 434.197357177734, 2009603, 5, 92
2022.68218377, 52.2412452745187, 117.764616491634, 434.195892333984, 2009603, 5, 93
2022.68218377, 52.2411248752694, 117.764597164494, 434.199005126953, 2009603, 5, 93
2022.68218377, 52.2410108216357, 117.764578898553, 434.191223144531, 2009603, 5, 93
2022.68218377, 52.240896765223, 117.764560681324, 434.182983398438, 2009603, 5, 93
2022.68218377, 52.24078268849, 117.764542549711, 434.159393310547, 2009603, 5, 93
2022.68218377, 52.2406559093145, 117.764522484576, 434.181182861328, 2009603, 5, 94
2022.68218377, 52.2405417657284, 117.764504528485, 434.184356689453, 2009603, 5, 94
2022.68218377, 52.2404276091229, 117.764486452095, 434.16455078125, 2009603, 5, 94
2022.68218377, 52.2403069528064, 117.764468044935, 434.186584472656, 2009603, 5, 94
2022.68218377, 52.2401798768, 117.764448747225, 434.176361083984, 2009603, 5, 95
2022.68218377, 52.2400590862349, 117.764430469655, 434.165863037109, 2009603, 5, 95
2022.68218377, 52.2399382465826, 117.764412184573, 434.158721923828, 2009603, 5, 94
2022.68218377, 52.2398236958, 117.76439486286, 434.171722412109, 2009603, 5, 94
2022.68218377, 52.2397091082782, 117.764377479716, 434.165374755859, 2009603, 5, 94
2022.68218377, 52.2395881074011, 117.764359055183, 434.166564941406, 2009603, 5, 94
2022.68218377, 52.239467072771, 117.764340525295, 434.159332275391, 2009603, 5, 94
2022.68218377, 52.2393460033591, 117.764321869192, 434.147613525391, 2009603, 5, 94
2022.68218377, 52.2392312924522, 117.7643040669, 434.156127929688, 2009603, 5, 94
2022.68218377, 52.2391165894498, 117.764286242535, 434.152008056641, 2009603, 5, 94
2022.68218377, 52.239001807595, 117.76426787154, 434.141784667969, 2009603, 5, 94
2022.68218377, 52.2388806577871, 117.764248371743, 434.142517089844, 2009603, 5, 94
2022.68218377, 52.2387595434807, 117.764228766897, 434.139495849609, 2009603, 5, 94
2022.68218377, 52.2386448406682, 117.764210142732, 434.156524658203, 2009603, 5, 94
2022.68218377, 52.2385238140855, 117.764190462391, 434.137573242188, 2009603, 5, 94
2022.68218377, 52.2384092121817, 117.76417182173, 434.137969970703, 2009603, 5, 63
2022.68218377, 52.2382883096928, 117.764152175947, 434.138885498047, 2009603, 5, 63
2022.68218378, 52.2422292776642, 117.763530668423, 434.227722167969, 2009603, 6, 90
2022.68218378, 52.2421975952763, 117.763525312455, 434.208282470703, 2009603, 6, 90
2022.68218378, 52.2421722326927, 117.763521013936, 434.229248046875, 2009603, 6, 90
2022.68218378, 52.242146871897, 117.763516734039, 434.214172363281, 2009603, 6, 90
2022.68218378, 52.2421151727544, 117.763511408048, 434.201446533203, 2009603, 6, 90
2022.68218378, 52.2420897982206, 117.763507138357, 434.22314453125, 2009603, 6, 90
2022.68218378, 52.2420580904499, 117.763501839777, 434.208374023438, 2009603, 6, 90
2022.68218378, 52.2420263665721, 117.763496544789, 434.232330322266, 2009603, 6, 93
2022.68218378, 52.2420009756091, 117.763492305528, 434.20703125, 2009603, 6, 93
2022.68218378, 52.2419692493848, 117.763487054462, 434.201751708984, 2009603, 6, 93
2022.68218378, 52.2419440132726, 117.763482616469, 434.187316894531, 2009603, 6, 93
2022.68218378, 52.2419122127246, 117.763477477315, 434.178100585938, 2009603, 6, 93
2022.68218378, 52.24188675673, 117.76347335974, 434.192474365234, 2009603, 6, 93
2022.68218378, 52.2418549379505, 117.763468240093, 434.191680908203, 2009603, 6, 93
2022.68218378, 52.2418231180439, 117.763463147448, 434.194274902344, 2009603, 6, 93
2022.68218378, 52.2417976527691, 117.763459077743, 434.182861328125, 2009603, 6, 93
2022.68218378, 52.2417658178803, 117.763454007812, 434.182342529297, 2009603, 6, 93
2022.68218378, 52.2417403368563, 117.763449948228, 434.178192138672, 2009603, 6, 93
2022.68218378, 52.2417084961708, 117.76344491601, 434.209289550781, 2009603, 6, 93
2022.68218378, 52.2416830108219, 117.7634408862, 434.2080078125, 2009603, 6, 93
2022.68218378, 52.24165115791, 117.763435880359, 434.221496582031, 2009603, 6, 93
2022.68218378, 52.2416256689352, 117.763431873082, 434.209869384766, 2009603, 6, 93
2022.68218378, 52.2415938082889, 117.76342689602, 434.223815917969, 2009603, 6, 93
2022.68218378, 52.241568309433, 117.76342291009, 434.201446533203, 2009603, 6, 93
2022.68218378, 52.2415364445427, 117.763417962115, 434.215667724609, 2009603, 6, 93
2022.68218378, 52.2415109395901, 117.763413995749, 434.214477539062, 2009603, 6, 93
2022.68218378, 52.2414790678289, 117.763409072036, 434.248474121094, 2009603, 6, 93
2022.68218378, 52.2414535586398, 117.76340512614, 434.224517822266, 2009603, 6, 93
2022.68218378, 52.2414216853626, 117.763400233544, 434.199279785156, 2009603, 6, 93
2022.68218378, 52.2413898019544, 117.763395339152, 434.204711914062, 2009603, 6, 93
2022.68218378, 52.2413642889592, 117.763391424935, 434.209381103516, 2009603, 6, 93
2022.68218378, 52.2413324089179, 117.763386565363, 434.194671630859, 2009603, 6, 93
2022.68218378, 52.2413005209272, 117.763381708436, 434.190948486328, 2009603, 6, 93
2022.68218378, 52.2412750031203, 117.763377813922, 434.183319091797, 2009603, 6, 93
2022.68218378, 52.2412431181791, 117.763372985776, 434.219848632812, 2009603, 6, 93
2022.68218378, 52.2412112329132, 117.763368161547, 434.201354980469, 2009603, 6, 93
2022.68218378, 52.2411857142346, 117.763364293749, 434.207702636719, 2009603, 6, 93
2022.68218378, 52.2411538291273, 117.763359493729, 434.198791503906, 2009603, 6, 93
2022.68218378, 52.2411283134174, 117.763355640657, 434.210723876953, 2009603, 6, 93
2022.68218378, 52.2410964231171, 117.76335084463, 434.19873046875, 2009603, 6, 93
2022.68218378, 52.2410645438277, 117.76334607221, 434.203796386719, 2009603, 6, 93
2022.68218378, 52.2410390305419, 117.763342240656, 434.202484130859, 2009603, 6, 93
2022.68218378, 52.2410071460361, 117.763337466594, 434.212188720703, 2009603, 6, 93
2022.68218378, 52.2409752644909, 117.763332701197, 434.203796386719, 2009603, 6, 94
2022.68218378, 52.2409433845923, 117.763327940953, 434.200805664062, 2009603, 6, 94
2022.68218378, 52.2409115065805, 117.76332318529, 434.207550048828, 2009603, 6, 94
2022.68218378, 52.240879632157, 117.763318439796, 434.193969726562, 2009603, 6, 94
2022.68218378, 52.2408477581013, 117.763313690661, 434.194702148438, 2009603, 6, 94
2022.68218378, 52.2408158875465, 117.763308949501, 434.195495605469, 2009603, 6, 94
2022.68218378, 52.2407840259798, 117.76330421584, 434.194885253906, 2009603, 6, 94
2022.68218378, 52.2407521636859, 117.763299480387, 434.215789794922, 2009603, 6, 94
2022.68218378, 52.2407139397206, 117.763293814073, 434.193023681641, 2009603, 6, 94
2022.68218378, 52.240681993185, 117.763289155889, 434.214141845703, 2009603, 6, 94
2022.68218378, 52.2406565340124, 117.76328534664, 434.196319580078, 2009603, 6, 94
2022.68218378, 52.2406247143982, 117.763280592742, 434.208984375, 2009603, 6, 94
2022.68218378, 52.2405929036629, 117.763275845006, 434.19775390625, 2009603, 6, 94
2022.68218378, 52.2405610960427, 117.763271092316, 434.197326660156, 2009603, 6, 94
2022.68218378, 52.2405292944647, 117.763266349864, 434.198608398438, 2009603, 6, 94
2022.68218378, 52.2404974966263, 117.763261603054, 434.186431884766, 2009603, 6, 95
2022.68218378, 52.2404656959998, 117.763256846081, 434.189453125, 2009603, 6, 95
2022.68218378, 52.2404402566579, 117.763253035351, 434.198486328125, 2009603, 6, 95
2022.68218378, 52.2404084671422, 117.763248280821, 434.191467285156, 2009603, 6, 94
2022.68218378, 52.2403766872759, 117.763243535836, 434.193115234375, 2009603, 6, 94
2022.68218378, 52.2403449056891, 117.763238779034, 434.199768066406, 2009603, 6, 94
2022.68218378, 52.2403131259821, 117.763234016916, 434.194793701172, 2009603, 6, 94
2022.68218378, 52.2402813510564, 117.763229255004, 434.179809570312, 2009603, 6, 94
2022.68218378, 52.2402495736402, 117.763224482892, 434.202514648438, 2009603, 6, 94
2022.68218378, 52.2402178054394, 117.763219716049, 434.195770263672, 2009603, 6, 94
2022.68218378, 52.2401860349872, 117.763214939613, 434.2060546875, 2009603, 6, 94
2022.68218378, 52.240154272615, 117.763210166308, 434.181701660156, 2009603, 6, 94
2022.68218378, 52.240122512685, 117.763205385728, 434.165618896484, 2009603, 6, 94
2022.68218378, 52.2400970983225, 117.763201547007, 434.175445556641, 2009603, 6, 94
2022.68218378, 52.2400653392104, 117.763196756051, 434.181671142578, 2009603, 6, 94
2022.68218378, 52.2400335819397, 117.763191963588, 434.164001464844, 2009603, 6, 94
2022.68218378, 52.2400018342868, 117.76318717796, 434.155181884766, 2009603, 6, 94
2022.68218378, 52.2399700775501, 117.763182370522, 434.166290283203, 2009603, 6, 93
2022.68218378, 52.2399446742983, 117.763178518459, 434.180267333984, 2009603, 6, 93
2022.68218378, 52.2399129315956, 117.763173720439, 434.150299072266, 2009603, 6, 93
2022.68218378, 52.2398875247356, 117.763169854193, 434.158905029297, 2009603, 6, 93
2022.68218378, 52.239855776415, 117.76316503266, 434.183319091797, 2009603, 6, 93
2022.68218378, 52.2398240316354, 117.763160214323, 434.156433105469, 2009603, 6, 93
2022.68218378, 52.2397986311504, 117.763156341482, 434.174102783203, 2009603, 6, 93
2022.68218378, 52.2397668788354, 117.763151497253, 434.191680908203, 2009603, 6, 93
2022.68218378, 52.2397351345545, 117.763146658815, 434.179595947266, 2009603, 6, 89
2022.68218378, 52.2397033897781, 117.763141810437, 434.168731689453, 2009603, 6, 89
2022.68218378, 52.2396716392861, 117.763136952426, 434.191009521484, 2009603, 6, 89
2022.68218378, 52.2396398909036, 117.763132090126, 434.187866210938, 2009603, 6, 89
2022.68218378, 52.2396081413492, 117.763127224017, 434.196044921875, 2009603, 6, 89
2022.68218378, 52.2395763921464, 117.763122350878, 434.172729492188, 2009603, 6, 89
2022.68218378, 52.2395446448818, 117.763117477309, 434.156280517578, 2009603, 6, 89
2022.68218378, 52.239512891008, 117.76311259086, 434.156402587891, 2009603, 6, 89
2022.68218378, 52.2394874874956, 117.763108670642, 434.1455078125, 2009603, 6, 89
2022.68218378, 52.2394557366221, 117.76310378415, 434.152618408203, 2009603, 6, 89
2022.68218378, 52.239430323728, 117.763099848662, 434.153137207031, 2009603, 6, 89
2022.68218378, 52.2393985266737, 117.763094989701, 434.157531738281, 2009603, 6, 89
2022.68218378, 52.2393667824872, 117.763090060159, 434.152191162109, 2009603, 6, 89
2022.68218378, 52.2393413781502, 117.763086099807, 434.134552001953, 2009603, 6, 89
2022.68218378, 52.2393096303812, 117.763081164491, 434.130615234375, 2009603, 6, 89
2022.68218378, 52.2392778783613, 117.763076214322, 434.140899658203, 2009603, 6, 89
2022.68218378, 52.2392524661081, 117.763072238091, 434.152526855469, 2009603, 6, 89
2022.68218378, 52.2392207130906, 117.763067289883, 434.153472900391, 2009603, 6, 93
2022.68218378, 52.2391889492418, 117.76306232575, 434.138549804688, 2009603, 6, 93
2022.68218378, 52.2391571803533, 117.763057350612, 434.150573730469, 2009603, 6, 93
2022.68218378, 52.2391317590382, 117.763053361754, 434.139129638672, 2009603, 6, 93
2022.68218378, 52.239093631693, 117.763047390604, 434.1455078125, 2009603, 6, 93
2022.68218378, 52.2390682061209, 117.763043395286, 434.141937255859, 2009603, 6, 93
2022.68218378, 52.2390300671813, 117.763037410634, 434.135620117188, 2009603, 6, 93
2022.68218378, 52.2389982784119, 117.763032414569, 434.143432617188, 2009603, 6, 76
2022.68218378, 52.2389664852635, 117.763027414986, 434.135925292969, 2009603, 6, 76
2022.68218378, 52.2389346834805, 117.763022407679, 434.129974365234, 2009603, 6, 76
2022.68218378, 52.2389092354592, 117.76301839201, 434.124694824219, 2009603, 6, 76
2022.68218378, 52.2388774303556, 117.76301338533, 434.142913818359, 2009603, 6, 76
2022.68218378, 52.2388456181198, 117.763008368166, 434.143341064453, 2009603, 6, 76
2022.68218378, 52.2388201564833, 117.763004340758, 434.139404296875, 2009603, 6, 76
