2019.275172, 54.9015324145954, 130.694252217774, 473.270721435547, 2007670, 1, 64
2019.275172, 54.9014428126572, 130.694236890789, 473.155975341797, 2007670, 1, 87
2019.275172, 54.9014043866474, 130.694230430488, 473.136871337891, 2007670, 1, 87
2019.275172, 54.9013660232366, 130.694223836473, 473.120697021484, 2007670, 1, 87
2019.275172, 54.9013211457598, 130.694216242898, 473.089141845703, 2007670, 1, 87
2019.275172, 54.9012573108266, 130.694205286076, 473.078887939453, 2007670, 1, 87
2019.275172, 54.9011743515645, 130.694191109722, 472.981842041016, 2007670, 1, 87
2019.275172, 54.9011041752111, 130.694179182837, 472.876037597656, 2007670, 1, 87
2019.275172, 54.901046855497, 130.694169252964, 472.821929931641, 2007670, 1, 87
2019.27517201, 54.8853147365136, 130.69145982992, 469.436645507812, 2007670, 1, 75
2019.27517201, 54.8851478751542, 130.691430507032, 468.848083496094, 2007670, 1, 93
2019.27517201, 54.8850581485893, 130.691414720433, 468.658538818359, 2007670, 1, 93
2019.27517201, 54.885006949599, 130.691405620946, 468.627227783203, 2007670, 1, 93
2019.27517201, 54.8849685392317, 130.691398885961, 468.530212402344, 2007670, 1, 89
2019.27517201, 54.8849365375547, 130.691393292006, 468.539184570312, 2007670, 1, 89
2019.27517201, 54.8849045661283, 130.691387661824, 468.4736328125, 2007670, 1, 89
2019.27517201, 54.8848725983111, 130.691382064588, 468.446716308594, 2007670, 1, 89
2019.27517201, 54.8848406602283, 130.691376423815, 468.413330078125, 2007670, 1, 89
2019.27517201, 54.8848087237612, 130.691370819942, 468.377563476562, 2007670, 1, 89
2019.27517201, 54.8847702484332, 130.691363976077, 468.413757324219, 2007670, 1, 89
2019.27517202, 54.8724490178844, 130.689253988505, 461.234832763672, 2007670, 1, 79
2019.27517202, 54.8724042735196, 130.689246259523, 461.123229980469, 2007670, 1, 79
2019.27517202, 54.8723723394924, 130.689240704696, 461.120422363281, 2007670, 1, 79
2019.27517202, 54.8723340302213, 130.689234054754, 461.144104003906, 2007670, 1, 79
2019.27517202, 54.8722957734516, 130.689227307708, 461.177978515625, 2007670, 1, 79
2019.27517202, 54.8722511376005, 130.68921950402, 461.309692382812, 2007670, 1, 79
2019.27517202, 54.8721555764908, 130.689202767813, 461.366729736328, 2007670, 1, 91
2019.27517202, 54.8720983271876, 130.689192660153, 461.346160888672, 2007670, 1, 91
2019.27517202, 54.8720599509925, 130.689186039379, 461.321472167969, 2007670, 1, 91
2019.27517202, 54.8720219630831, 130.689179222341, 461.376708984375, 2007670, 1, 91
2019.27517202, 54.8719839884761, 130.689172421253, 461.335723876953, 2007670, 1, 88
2019.27517202, 54.8719333929477, 130.689163328386, 461.346649169922, 2007670, 1, 88
2019.27517202, 54.8718764978112, 130.689153137107, 461.318542480469, 2007670, 1, 88
2019.27517202, 54.8717944201926, 130.689138301132, 461.278869628906, 2007670, 1, 88
2019.27517202, 54.8717439531044, 130.689129151129, 461.210693359375, 2007670, 1, 63
2019.27517202, 54.8716998043149, 130.68912116614, 461.230255126953, 2007670, 1, 63
2019.27517202, 54.8716619748624, 130.689114328584, 461.231475830078, 2007670, 1, 63
2019.27517202, 54.8716304545659, 130.689108638353, 461.216918945312, 2007670, 1, 63
2019.27517202, 54.8715926335178, 130.689101825204, 461.247100830078, 2007670, 1, 63
2019.27517277, 53.3720950367084, 130.436584487609, 313.522979736328, 2009603, 1, 77
2019.27517277, 53.3720114894023, 130.436570807948, 313.532928466797, 2009603, 1, 77
2019.27517277, 53.3719150845427, 130.436554988826, 313.476135253906, 2009603, 1, 79
2019.27517277, 53.3718636461567, 130.436546603645, 313.457641601562, 2009603, 1, 79
2019.27517277, 53.3718250979778, 130.436540245166, 313.487396240234, 2009603, 1, 79
2019.27517277, 53.3717801080234, 130.436532889098, 313.512939453125, 2009603, 1, 79
2019.27517325, 52.4133194302945, 130.281029159296, 224.539199829102, 2009603, 1, 88
2019.27517325, 52.412899044451, 130.280963060271, 223.564529418945, 2009603, 1, 90
2019.27517325, 52.4127273052831, 130.280935356524, 223.871597290039, 2009603, 1, 81
2019.27517325, 52.4126446436459, 130.280921951789, 223.621368408203, 2009603, 1, 81
2019.27517325, 52.4125811154585, 130.28091149978, 223.701171875, 2009603, 1, 81
2019.27517325, 52.4124795247703, 130.280894653552, 224.254425048828, 2009603, 1, 78
2019.27517325, 52.4123715807747, 130.280876764407, 224.61930847168, 2009603, 1, 78
2019.27517325, 52.4116862663676, 130.280762964462, 224.759292602539, 2009603, 1, 92
2019.27517325, 52.4116102463113, 130.280750556914, 224.532089233398, 2009603, 1, 92
2019.27517164, 55.6546708483865, 130.82398671174, 886.301574707031, 2007670, 2, 72
2019.27517164, 55.6545308440349, 130.823962182544, 886.41259765625, 2007670, 2, 72
2019.27517164, 55.6543844684345, 130.82393647549, 886.563171386719, 2007670, 2, 55
2019.27517201, 54.9016520868054, 130.692847709178, 473.28271484375, 2007670, 2, 82
2019.27517201, 54.9014934757357, 130.692820220499, 473.273864746094, 2007670, 2, 89
2019.27517201, 54.9013666345156, 130.69279859012, 473.139831542969, 2007670, 2, 89
2019.27517201, 54.9011890653155, 130.692768302844, 473.2578125, 2007670, 2, 73
2019.27517201, 54.9010051440132, 130.692737213497, 473.219909667969, 2007670, 2, 61
2019.27517202, 54.8847036320496, 130.689933809471, 468.535858154297, 2007670, 2, 89
2019.27517202, 54.8845326212155, 130.689904544554, 468.391937255859, 2007670, 2, 89
2019.27517202, 54.8842855668633, 130.689861906522, 468.4013671875, 2007670, 2, 56
2019.27517203, 54.8727009937621, 130.687870667402, 461.386169433594, 2007670, 2, 91
2019.27517203, 54.8725418344267, 130.687843385732, 461.345031738281, 2007670, 2, 91
2019.27517203, 54.8724273572189, 130.687823784322, 461.340637207031, 2007670, 2, 81
2019.27517203, 54.8722939097326, 130.687800902037, 461.405334472656, 2007670, 2, 81
2019.27517203, 54.8614637249051, 130.685936377828, 459.015228271484, 2007670, 2, 86
2019.27517203, 54.8613110434246, 130.685910813826, 458.827453613281, 2007670, 2, 86
2019.27517209, 54.7434213763122, 130.665663638664, 452.089202880859, 2007670, 2, 85
2019.27517278, 53.3720710206673, 130.43520923165, 313.380981445312, 2009603, 2, 56
2019.27517326, 52.4132470286203, 130.279678014565, 223.272308349609, 2009603, 2, 93
2019.27517326, 52.4127580748945, 130.279597103652, 223.249160766602, 2009603, 2, 93
2019.27517326, 52.4117074705886, 130.279426209944, 223.240203857422, 2009603, 2, 68
2019.275172, 54.9192330389314, 130.646765389377, 480.246643066406, 2007670, 3, 70
2019.275172, 54.9191884593843, 130.64675790447, 480.273468017578, 2007670, 3, 70
2019.275172, 54.9191438734359, 130.64675042618, 480.296783447266, 2007670, 3, 70
2019.275172, 54.9190992838213, 130.646742948797, 480.306060791016, 2007670, 3, 67
2019.275172, 54.919061056564, 130.64673654264, 480.287139892578, 2007670, 3, 67
2019.275172, 54.919029181663, 130.646731211572, 480.314086914062, 2007670, 3, 67
2019.275172, 54.9189909451221, 130.646724806994, 480.284484863281, 2007670, 3, 57
2019.275172, 54.9189590737249, 130.646719471605, 480.294158935547, 2007670, 3, 57
2019.275172, 54.9189272025158, 130.646714135544, 480.307006835938, 2007670, 3, 57
2019.275172, 54.918895319329, 130.646708800122, 480.280578613281, 2007670, 3, 57
2019.275172, 54.9188698019063, 130.646704534794, 480.287902832031, 2007670, 3, 57
2019.275172, 54.9188379306916, 130.646699189436, 480.275115966797, 2007670, 3, 57
2019.275172, 54.9188124068673, 130.646694922079, 480.284240722656, 2007670, 3, 57
2019.275172, 54.9187868926153, 130.646690648132, 480.276458740234, 2007670, 3, 57
2019.275172, 54.9187550062933, 130.646685299703, 480.269317626953, 2007670, 3, 57
2019.275172, 54.9187294832024, 130.646681024828, 480.293640136719, 2007670, 3, 56
2019.275172, 54.9186975888565, 130.646675671764, 480.274322509766, 2007670, 3, 56
2019.275172, 54.9186720547064, 130.646671393055, 480.261383056641, 2007670, 3, 56
2019.275172, 54.9186401628846, 130.64666603031, 480.245086669922, 2007670, 3, 56
2019.275172, 54.9186146191777, 130.646661748096, 480.244598388672, 2007670, 3, 56
2019.275172, 54.91858271592, 130.646656380127, 480.262756347656, 2007670, 3, 56
2019.275172, 54.9185571763003, 130.646652088449, 480.251922607422, 2007670, 3, 56
2019.275172, 54.9185316395949, 130.646647792096, 480.270172119141, 2007670, 3, 56
2019.275172, 54.9184997256268, 130.646642414425, 480.289154052734, 2007670, 3, 89
2019.275172, 54.9184678136366, 130.646637028356, 480.249847412109, 2007670, 3, 89
2019.275172, 54.9184422611462, 130.646632724714, 480.229766845703, 2007670, 3, 89
2019.275172, 54.9184167195569, 130.646628412208, 480.241180419922, 2007670, 3, 89
2019.275172, 54.9183849458903, 130.646623213226, 480.248077392578, 2007670, 3, 89
2019.275172, 54.9183593496109, 130.646618837338, 480.242126464844, 2007670, 3, 89
2019.275172, 54.9183337596099, 130.646614454508, 480.235412597656, 2007670, 3, 89
2019.275172, 54.9183017814629, 130.646608966987, 480.243286132812, 2007670, 3, 89
2019.275172, 54.9182761993291, 130.646604574007, 480.250457763672, 2007670, 3, 89
2019.275172, 54.9182505941239, 130.646600185578, 480.221771240234, 2007670, 3, 89
2019.275172, 54.9182250055365, 130.64659578782, 480.250518798828, 2007670, 3, 89
2019.275172, 54.9181930229831, 130.646590285084, 480.237609863281, 2007670, 3, 89
2019.275172, 54.9181674287324, 130.646585883769, 480.282470703125, 2007670, 3, 89
2019.275172, 54.9181354532339, 130.646580371866, 480.282775878906, 2007670, 3, 89
2019.275172, 54.9181034685291, 130.646574860538, 480.294525146484, 2007670, 3, 89
2019.275172, 54.9180714722046, 130.646569353036, 480.312164306641, 2007670, 3, 89
2019.275172, 54.9180394947238, 130.646563834509, 480.287109375, 2007670, 3, 89
2019.275172, 54.9179947407589, 130.646556100728, 480.320220947266, 2007670, 3, 87
2019.275172, 54.917943585799, 130.646547263773, 480.307861328125, 2007670, 3, 87
2019.275172, 54.9178988252881, 130.646539531553, 480.323883056641, 2007670, 3, 87
2019.275172, 54.9178540826129, 130.646531795448, 480.331237792969, 2007670, 3, 87
2019.275172, 54.9178093573407, 130.646524053649, 480.309844970703, 2007670, 3, 87
2019.275172, 54.9177774042625, 130.646518529391, 480.313232421875, 2007670, 3, 87
2019.275172, 54.9177327022373, 130.64651078642, 480.300262451172, 2007670, 3, 87
2019.275172, 54.9177007726084, 130.646505260128, 480.316314697266, 2007670, 3, 87
2019.275172, 54.917662464078, 130.646498630083, 480.334625244141, 2007670, 3, 89
2019.275172, 54.9176113817324, 130.646489802679, 480.295928955078, 2007670, 3, 89
2019.275172, 54.9175029678365, 130.646471030565, 480.527465820312, 2007670, 3, 89
2019.275172, 54.9173882689702, 130.646451193805, 480.505584716797, 2007670, 3, 87
2019.275172, 54.9172673132705, 130.646430305378, 480.538391113281, 2007670, 3, 87
2019.275172, 54.9171464548934, 130.646409489058, 480.493621826172, 2007670, 3, 74
2019.275172, 54.9170320883919, 130.646389782067, 480.463775634766, 2007670, 3, 74
2019.275172, 54.9169307862764, 130.646372599367, 480.27978515625, 2007670, 3, 69
2019.275172, 54.9168611875149, 130.64636079445, 480.115631103516, 2007670, 3, 69
2019.275172, 54.9168295582238, 130.646355431578, 480.0625, 2007670, 3, 69
2019.275172, 54.9168042543845, 130.646351142424, 480.0556640625, 2007670, 3, 69
2019.275172, 54.9167789432736, 130.646346857929, 480.065063476562, 2007670, 3, 69
2019.275172, 54.9167536489318, 130.646342568381, 480.087097167969, 2007670, 3, 69
2019.275172, 54.9167283471462, 130.646338280938, 480.075744628906, 2007670, 3, 52
2019.275172, 54.9167030481298, 130.64633399241, 480.060180664062, 2007670, 3, 52
2019.275172, 54.916671435993, 130.64632862647, 480.073425292969, 2007670, 3, 52
2019.275172, 54.9166334810957, 130.646322194781, 480.126220703125, 2007670, 3, 52
2019.275172, 54.9165639150248, 130.646310387322, 480.132293701172, 2007670, 3, 52
2019.27517202, 54.8607390512889, 130.636776628933, 457.290069580078, 2007670, 3, 82
2019.27517203, 54.8602117608227, 130.636683444943, 457.466888427734, 2007670, 3, 70
2019.27517203, 54.8600974586232, 130.636663165505, 457.424072265625, 2007670, 3, 70
2019.27517203, 54.8600275993008, 130.636650786685, 457.407897949219, 2007670, 3, 70
2019.27517203, 54.8599831394433, 130.636642917703, 457.437438964844, 2007670, 3, 81
2019.27517203, 54.8599196073555, 130.63663150526, 457.404327392578, 2007670, 3, 81
2019.27517203, 54.8598180259327, 130.636613811366, 457.359161376953, 2007670, 3, 81
2019.27517203, 54.8596846387201, 130.636590656994, 457.267852783203, 2007670, 3, 69
2019.27517203, 54.8595321746572, 130.636564246842, 457.293060302734, 2007670, 3, 69
2019.27517203, 54.8593986742385, 130.636541191626, 457.255645751953, 2007670, 3, 60
2019.27517203, 54.8592651192556, 130.636518151638, 457.330291748047, 2007670, 3, 60
2019.27517203, 54.8591187237726, 130.63649294074, 457.236999511719, 2007670, 3, 53
2019.27517203, 54.8589849689695, 130.636469919085, 457.203216552734, 2007670, 3, 53
2019.27517203, 54.8588320012448, 130.636443590657, 457.008148193359, 2007670, 3, 53
2019.27517203, 54.8586789618764, 130.636417224023, 456.998321533203, 2007670, 3, 51
2019.27517203, 54.8585385378627, 130.636392971827, 456.913330078125, 2007670, 3, 51
2019.27517203, 54.858397908371, 130.636368526838, 456.709594726562, 2007670, 3, 56
2019.27517203, 54.8582317625287, 130.636339657768, 456.671997070312, 2007670, 3, 60
2019.27517203, 54.8581167907497, 130.636319715326, 456.585052490234, 2007670, 3, 60
2019.27517203, 54.8579763713081, 130.636295413023, 456.566192626953, 2007670, 3, 73
2019.27517203, 54.857848842079, 130.636273412304, 456.564208984375, 2007670, 3, 73
2019.27517203, 54.8574608662567, 130.636207004445, 456.414703369141, 2007670, 3, 57
2019.27517203, 54.8573656050478, 130.636190786294, 456.343688964844, 2007670, 3, 57
2019.27517203, 54.8572770380012, 130.636175892103, 456.406860351562, 2007670, 3, 57
2019.27517203, 54.8572075109949, 130.636164232669, 456.386596679688, 2007670, 3, 61
2019.27517203, 54.8571506532569, 130.636154724154, 456.357849121094, 2007670, 3, 61
2019.27517203, 54.8570812099973, 130.63614313034, 456.352569580078, 2007670, 3, 61
2019.27517203, 54.8569928703054, 130.636128427764, 456.363647460938, 2007670, 3, 70
2019.27517203, 54.8568856932428, 130.636110625209, 456.286651611328, 2007670, 3, 70
2019.27517203, 54.856791172209, 130.636094966339, 456.267120361328, 2007670, 3, 70
2019.27517203, 54.8566841050974, 130.63607725162, 456.216033935547, 2007670, 3, 82
2019.27517203, 54.8566148223475, 130.636065814791, 456.204772949219, 2007670, 3, 82
2019.27517203, 54.8565518722039, 130.636055411802, 456.194549560547, 2007670, 3, 82
2019.27517203, 54.8564889077069, 130.636045019046, 456.179260253906, 2007670, 3, 86
2019.27517203, 54.8564574110396, 130.636039828758, 456.124176025391, 2007670, 3, 86
2019.27517203, 54.856432226338, 130.636035672308, 456.138214111328, 2007670, 3, 86
2019.27517203, 54.8564007347932, 130.636030478806, 456.130737304688, 2007670, 3, 86
2019.27517203, 54.8563692605348, 130.636025276402, 456.107604980469, 2007670, 3, 86
2019.27517203, 54.856337771608, 130.636020078232, 456.114654541016, 2007670, 3, 86
2019.27517203, 54.8563062764664, 130.636014879848, 456.169982910156, 2007670, 3, 86
2019.27517203, 54.8562558777016, 130.636006558567, 456.166870117188, 2007670, 3, 86
2019.27517203, 54.8561928705638, 130.635996148379, 456.130126953125, 2007670, 3, 88
2019.27517203, 54.8561613516999, 130.635990941372, 456.105133056641, 2007670, 3, 88
2019.27517203, 54.8561361382575, 130.635986799141, 456.10888671875, 2007670, 3, 88
2019.27517203, 54.8561109204668, 130.635982620562, 456.074554443359, 2007670, 3, 88
2019.27517203, 54.8560793980937, 130.635977392299, 456.079650878906, 2007670, 3, 88
2019.27517203, 54.8560541587724, 130.635973213775, 456.084167480469, 2007670, 3, 88
2019.27517203, 54.8560289227213, 130.635969029952, 456.078765869141, 2007670, 3, 88
2019.27517203, 54.8560036854317, 130.635964843326, 456.084930419922, 2007670, 3, 88
2019.27517203, 54.855972139831, 130.635959601708, 456.105041503906, 2007670, 3, 89
2019.27517203, 54.8559468771223, 130.635955413409, 456.076385498047, 2007670, 3, 89
2019.27517203, 54.8559216227044, 130.635951217301, 456.080993652344, 2007670, 3, 89
2019.27517203, 54.8558963644878, 130.635947017398, 456.089233398438, 2007670, 3, 89
2019.27517203, 54.8558647896446, 130.635941761272, 456.083862304688, 2007670, 3, 89
2019.27517203, 54.8558395089156, 130.635937558411, 456.102355957031, 2007670, 3, 89
2019.27517203, 54.8558079191711, 130.635932293275, 456.09521484375, 2007670, 3, 89
2019.27517203, 54.8557826252372, 130.635928084596, 456.086273193359, 2007670, 3, 89
2019.27517203, 54.8557510194155, 130.635922809436, 456.086395263672, 2007670, 3, 89
2019.27517203, 54.8557193935382, 130.635917533546, 456.059326171875, 2007670, 3, 89
2019.27517203, 54.8556940841269, 130.635913309676, 456.056579589844, 2007670, 3, 89
2019.27517203, 54.8556624520997, 130.635908018895, 456.067749023438, 2007670, 3, 89
2019.27517203, 54.8556371230892, 130.635903789125, 456.071441650391, 2007670, 3, 89
2019.27517203, 54.8556054716514, 130.635898488679, 456.07275390625, 2007670, 3, 89
2019.27517203, 54.8555801305138, 130.635894249642, 456.093780517578, 2007670, 3, 89
2019.27517203, 54.8555484671878, 130.63588893739, 456.112731933594, 2007670, 3, 89
2019.27517203, 54.8555231084491, 130.635884690469, 456.125823974609, 2007670, 3, 89
2019.27517203, 54.8554914158081, 130.635879371101, 456.069244384766, 2007670, 3, 89
2019.27517203, 54.8554597240458, 130.635874040243, 456.082855224609, 2007670, 3, 89
2019.27517203, 54.8554280066561, 130.635868710112, 456.082794189453, 2007670, 3, 89
2019.27517203, 54.8553962811322, 130.635863372725, 456.063812255859, 2007670, 3, 89
2019.27517203, 54.855364550255, 130.635858027439, 456.071075439453, 2007670, 3, 89
2019.27517203, 54.8553328068215, 130.635852678331, 456.090118408203, 2007670, 3, 89
2019.27517203, 54.8553010514023, 130.635847321898, 456.072021484375, 2007670, 3, 89
2019.27517203, 54.8552692899054, 130.635841958183, 456.088653564453, 2007670, 3, 89
2019.27517203, 54.8552375150027, 130.635836589523, 456.022888183594, 2007670, 3, 90
2019.27517203, 54.8552120735118, 130.635832296446, 456.035552978516, 2007670, 3, 90
2019.27517203, 54.8551802982949, 130.635826909703, 456.048645019531, 2007670, 3, 90
2019.27517203, 54.8551548578319, 130.635822601765, 456.059661865234, 2007670, 3, 90
2019.27517203, 54.8551294040839, 130.635818294092, 456.061553955078, 2007670, 3, 90
2019.27517203, 54.8550976021287, 130.635812892685, 456.045043945312, 2007670, 3, 90
2019.27517203, 54.8550721428257, 130.635808572255, 456.02978515625, 2007670, 3, 90
2019.27517203, 54.8550466671629, 130.635804252233, 456.044769287109, 2007670, 3, 90
2019.27517203, 54.855014839309, 130.635798836924, 456.031616210938, 2007670, 3, 90
2019.27517203, 54.8549893527194, 130.635794508388, 456.041412353516, 2007670, 3, 90
2019.27517203, 54.854957517052, 130.635789080005, 456.061462402344, 2007670, 3, 90
2019.27517203, 54.854932029628, 130.635784739054, 456.022491455078, 2007670, 3, 90
2019.27517203, 54.8549065277019, 130.635780399672, 456.0478515625, 2007670, 3, 90
2019.27517203, 54.8548746704537, 130.635774957932, 456.115692138672, 2007670, 3, 90
2019.27517203, 54.8548428847023, 130.635769573658, 456.102355957031, 2007670, 3, 90
2019.27517203, 54.8547981781178, 130.63576191741, 456.114837646484, 2007670, 3, 90
2019.27517203, 54.8547534570262, 130.635754253159, 456.098419189453, 2007670, 3, 90
2019.27517203, 54.8547215150436, 130.635748770465, 456.065704345703, 2007670, 3, 89
2019.27517203, 54.854689572027, 130.635743283434, 456.065338134766, 2007670, 3, 89
2019.27517203, 54.8546576109765, 130.635737797057, 456.040496826172, 2007670, 3, 89
2019.27517203, 54.8546192734448, 130.635731201095, 456.051696777344, 2007670, 3, 89
2019.27517203, 54.8545809078027, 130.635724610061, 456.100891113281, 2007670, 3, 89
2019.27517203, 54.854536158506, 130.635716909601, 456.084869384766, 2007670, 3, 89
2019.27517203, 54.8544978134259, 130.635710300246, 456.030151367188, 2007670, 3, 90
2019.27517203, 54.8544658368119, 130.635704800319, 456.028289794922, 2007670, 3, 90
2019.27517203, 54.8544274732374, 130.635698193041, 456.04443359375, 2007670, 3, 90
2019.27517203, 54.8543891340708, 130.635691574079, 456.067077636719, 2007670, 3, 90
2019.27517203, 54.8543571611852, 130.63568606791, 456.065490722656, 2007670, 3, 90
2019.27517203, 54.8543252044261, 130.635680554818, 456.062622070312, 2007670, 3, 90
2019.27517203, 54.8542868664429, 130.635673935245, 456.034576416016, 2007670, 3, 90
2019.27517203, 54.8542485248904, 130.635667320013, 455.998931884766, 2007670, 3, 92
2019.27517203, 54.8542165806037, 130.635661804977, 456.033203125, 2007670, 3, 92
2019.27517203, 54.8541846276821, 130.635656295775, 456.056121826172, 2007670, 3, 92
2019.27517203, 54.8541526986585, 130.635650778943, 456.058166503906, 2007670, 3, 92
2019.27517203, 54.8541207551404, 130.635645271252, 456.119171142578, 2007670, 3, 92
2019.27517203, 54.8540760652959, 130.635637552913, 456.132171630859, 2007670, 3, 92
2019.27517203, 54.8540377653009, 130.635630942514, 456.067230224609, 2007670, 3, 92
2019.27517203, 54.8540058566364, 130.635625433536, 456.065551757812, 2007670, 3, 92
2019.27517203, 54.8539739566273, 130.635619926495, 456.057098388672, 2007670, 3, 92
2019.27517203, 54.8539420690251, 130.635614418474, 456.044158935547, 2007670, 3, 92
2019.27517203, 54.8539101876682, 130.635608913719, 456.063293457031, 2007670, 3, 92
2019.27517203, 54.8538846742725, 130.63560451712, 456.047668457031, 2007670, 3, 92
2019.27517203, 54.8538528012615, 130.635599019166, 456.012939453125, 2007670, 3, 92
2019.27517203, 54.8538209554366, 130.635593517146, 456.010467529297, 2007670, 3, 92
2019.27517203, 54.8537954698558, 130.63558912265, 456.012054443359, 2007670, 3, 92
2019.27517203, 54.853769995464, 130.635584727969, 456.028411865234, 2007670, 3, 92
2019.27517203, 54.8537445226757, 130.635580336879, 456.016021728516, 2007670, 3, 89
2019.27517203, 54.8537127021369, 130.635574845094, 456.027557373047, 2007670, 3, 89
2019.27517203, 54.8536872480571, 130.635570456204, 456.029968261719, 2007670, 3, 89
2019.27517203, 54.8536617992806, 130.635566069352, 456.027618408203, 2007670, 3, 89
2019.27517203, 54.8536363589859, 130.63556168392, 456.031219482422, 2007670, 3, 89
2019.27517203, 54.8536109276274, 130.635557300575, 456.033569335938, 2007670, 3, 89
2019.27517203, 54.8535853467157, 130.635552802944, 456.036163330078, 2007670, 3, 89
2019.27517203, 54.8535599550544, 130.635548460317, 456.028961181641, 2007670, 3, 89
2019.27517203, 54.853534585131, 130.635544114017, 456.054351806641, 2007670, 3, 89
2019.27517203, 54.8535028770313, 130.635538685462, 456.055328369141, 2007670, 3, 89
2019.27517203, 54.8534648423704, 130.635532174287, 456.101654052734, 2007670, 3, 82
2019.27517203, 54.8534141595725, 130.635523494782, 456.144226074219, 2007670, 3, 82
2019.27517203, 54.8533128450749, 130.635506160461, 456.118347167969, 2007670, 3, 82
2019.27517203, 54.8531483860509, 130.635478019187, 456.161987304688, 2007670, 3, 66
2019.27517203, 54.8499013870404, 130.634925629954, 455.597564697266, 2007670, 3, 57
2019.27517203, 54.8497676660162, 130.634903196405, 455.464569091797, 2007670, 3, 57
2019.27517209, 54.723391134577, 130.613361842391, 443.198089599609, 2007670, 3, 90
2019.27517209, 54.7232388729104, 130.613337409639, 443.077484130859, 2007670, 3, 89
2019.27517209, 54.7231246264477, 130.613319092305, 443.136749267578, 2007670, 3, 89
2019.27517278, 53.3567450668409, 130.385408682175, 307.932586669922, 2009603, 3, 57
2019.27517278, 53.356636814616, 130.385390448927, 308.149597167969, 2009603, 3, 57
2019.27517324, 52.421166697917, 130.234687131055, 221.613433837891, 2009603, 3, 87
2019.27517324, 52.4209629714175, 130.234655404756, 221.619445800781, 2009603, 3, 93
2019.27517324, 52.4208356787001, 130.234635041337, 221.717636108398, 2009603, 3, 93
2019.27517324, 52.4206957029162, 130.234612461846, 221.994735717773, 2009603, 3, 94
2019.27517324, 52.4205939434551, 130.234595934251, 222.174865722656, 2009603, 3, 94
2019.27517324, 52.4204731755974, 130.234576199881, 222.307403564453, 2009603, 3, 94
2019.27517324, 52.4203397104984, 130.234554311445, 222.393615722656, 2009603, 3, 94
2019.27517324, 52.4201809310401, 130.234528154144, 222.572463989258, 2009603, 3, 91
2019.27517324, 52.4199968519069, 130.23449775977, 222.782699584961, 2009603, 3, 75
2019.27517324, 52.4196860187135, 130.234446450276, 223.094848632812, 2009603, 3, 80
2019.27517324, 52.4194262488542, 130.23440406623, 222.894271850586, 2009603, 3, 72
2019.27517324, 52.4192488483405, 130.234375259607, 222.8662109375, 2009603, 3, 72
2019.27517324, 52.4190332886935, 130.234340454851, 222.850952148438, 2009603, 3, 72
2019.27517201, 54.9201926903229, 130.645560727732, 480.29541015625, 2007670, 4, 66
2019.27517201, 54.9200651698437, 130.645539491418, 480.278350830078, 2007670, 4, 66
2019.27517201, 54.9199504021003, 130.645520290208, 480.266204833984, 2007670, 4, 63
2019.27517201, 54.9198356628162, 130.645501077583, 480.287414550781, 2007670, 4, 63
2019.27517201, 54.9182026254162, 130.645218895735, 481.184112548828, 2007670, 4, 63
2019.27517201, 54.9178548434237, 130.645159718643, 481.224884033203, 2007670, 4, 57
2019.27517201, 54.9174623827941, 130.645093244385, 480.718811035156, 2007670, 4, 73
2019.27517201, 54.9172594925559, 130.645058900468, 480.354949951172, 2007670, 4, 73
2019.27517201, 54.9169416130882, 130.645004961902, 480.341857910156, 2007670, 4, 68
2019.27517204, 54.8584003407572, 130.635010542904, 456.869934082031, 2007670, 4, 80
2019.27517204, 54.8579426521183, 130.634931072718, 456.883544921875, 2007670, 4, 78
2019.27517204, 54.8578090943554, 130.634907696753, 456.833557128906, 2007670, 4, 78
2019.27517204, 54.8576247119791, 130.634875470898, 456.829223632812, 2007670, 4, 83
2019.27517204, 54.8573762611952, 130.634831356295, 456.790008544922, 2007670, 4, 77
2019.27517204, 54.8572361262897, 130.634806508078, 456.755859375, 2007670, 4, 66
2019.27517204, 54.8571214987765, 130.634786232505, 456.753967285156, 2007670, 4, 66
2019.27517204, 54.8569878227708, 130.634762688523, 456.67333984375, 2007670, 4, 66
2019.27517204, 54.8568732964843, 130.634742600069, 456.669769287109, 2007670, 4, 85
2019.27517204, 54.8544050106993, 130.634322798194, 456.344879150391, 2007670, 4, 65
2019.27517204, 54.8532904103155, 130.634132975416, 456.077392578125, 2007670, 4, 94
2019.27517204, 54.8529281273914, 130.634073110497, 456.008453369141, 2007670, 4, 92
2019.27517204, 54.8526230987237, 130.634022169907, 455.997985839844, 2007670, 4, 83
2019.27517204, 54.8524833240333, 130.633998607527, 455.875305175781, 2007670, 4, 87
2019.27517204, 54.8523433505468, 130.633974442354, 455.888122558594, 2007670, 4, 87
2019.27517204, 54.852165239597, 130.633943467064, 455.791137695312, 2007670, 4, 87
2019.27517204, 54.8519744841578, 130.633910064063, 455.483825683594, 2007670, 4, 72
2019.27517204, 54.8518473777324, 130.633887707014, 455.514404296875, 2007670, 4, 72
2019.2751721, 54.7232191166006, 130.611973071333, 442.830993652344, 2007670, 4, 88
2019.27517267, 53.5981735968466, 130.423694641241, 349.784637451172, 2009603, 4, 55
2019.27517267, 53.5980468060048, 130.423674140366, 349.798004150391, 2009603, 4, 55
2019.27517267, 53.5969038214662, 130.423483779667, 350.373779296875, 2009603, 4, 85
2019.27517267, 53.5964520619051, 130.42340585622, 349.55078125, 2009603, 4, 86
2019.27517267, 53.5960445895355, 130.42333663363, 349.390258789062, 2009603, 4, 74
2019.27517279, 53.3569491246661, 130.384125099062, 307.928894042969, 2009603, 4, 63
2019.27517279, 53.3568855629915, 130.384115037323, 308.066925048828, 2009603, 4, 63
2019.27517279, 53.3568156532479, 130.384103917246, 307.951477050781, 2009603, 4, 63
2019.27517279, 53.351874196523, 130.383294973597, 306.898010253906, 2009603, 4, 67
2019.27517279, 53.3517724511134, 130.383278162766, 306.797302246094, 2009603, 4, 67
2019.27517279, 53.3516138152256, 130.383252532498, 306.745300292969, 2009603, 4, 84
2019.27517279, 53.3514298849337, 130.38322288889, 306.545867919922, 2009603, 4, 59
2019.27517279, 53.3513537944291, 130.383210637067, 306.612823486328, 2009603, 4, 59
2019.27517279, 53.3512523523291, 130.383194302298, 306.649322509766, 2009603, 4, 59
2019.27517325, 52.4215580290078, 130.23345850953, 221.508575439453, 2009603, 4, 93
2019.27517325, 52.4203619896523, 130.233273359924, 223.284255981445, 2009603, 4, 51
2019.27517164, 55.6309440165133, 130.71843657092, 795.259033203125, 2007670, 5, 70
2019.27517164, 55.6308682424277, 130.718424114602, 795.340515136719, 2007670, 5, 70
2019.27517164, 55.6308050925179, 130.718413711407, 795.392761230469, 2007670, 5, 70
2019.27517164, 55.6307482197382, 130.71840425782, 795.320556640625, 2007670, 5, 89
2019.27517164, 55.6307102957566, 130.718397929453, 795.229736328125, 2007670, 5, 89
2019.27517164, 55.6306723679145, 130.718391598461, 795.237731933594, 2007670, 5, 89
2019.27517164, 55.6306407513179, 130.718386302153, 795.251892089844, 2007670, 5, 89
2019.27517164, 55.6306028123767, 130.718379947488, 795.278991699219, 2007670, 5, 89
2019.27517164, 55.630571176759, 130.718374612212, 795.272155761719, 2007670, 5, 89
2019.27517164, 55.6305395163143, 130.718369224134, 795.286926269531, 2007670, 5, 89
2019.27517164, 55.6305015448366, 130.718362805347, 795.260498046875, 2007670, 5, 89
2019.27517176, 55.3922325892116, 130.677159277186, 711.304992675781, 2007670, 5, 70
2019.27517176, 55.3921317718296, 130.677140921027, 711.278991699219, 2007670, 5, 70
2019.27517176, 55.3920308842366, 130.677122520662, 711.228637695312, 2007670, 5, 70
2019.27517176, 55.391974117875, 130.677112202965, 711.117248535156, 2007670, 5, 55
2019.27517176, 55.3919425681262, 130.677106475384, 711.14404296875, 2007670, 5, 55
2019.27517176, 55.3919109983973, 130.677100727108, 711.141784667969, 2007670, 5, 55
2019.27517176, 55.3918857229061, 130.677096104796, 711.128662109375, 2007670, 5, 55
2019.27517176, 55.3918604570119, 130.677091519929, 711.122924804688, 2007670, 5, 55
2019.27517176, 55.3918288704152, 130.677085806098, 711.136474609375, 2007670, 5, 55
2019.27517176, 55.3918035733375, 130.677081198109, 711.137451171875, 2007670, 5, 55
2019.27517176, 55.3917719644872, 130.677075487486, 711.143676757812, 2007670, 5, 55
2019.27517199, 54.9357417127888, 130.599064158453, 486.160125732422, 2007670, 5, 83
2019.27517199, 54.9357036053167, 130.599057586476, 486.129119873047, 2007670, 5, 83
2019.27517199, 54.9356718490865, 130.599052071793, 486.147979736328, 2007670, 5, 83
2019.27517199, 54.9356401180696, 130.599046575618, 486.147796630859, 2007670, 5, 83
2019.27517199, 54.9356020601619, 130.599039983783, 486.185211181641, 2007670, 5, 83
2019.27517199, 54.9355703354292, 130.599034432804, 486.201171875, 2007670, 5, 83
2019.27517199, 54.9355323034786, 130.599027811051, 486.193603515625, 2007670, 5, 83
2019.27517199, 54.9355006096862, 130.599022255895, 486.153839111328, 2007670, 5, 83
2019.27517199, 54.9354689277622, 130.599016695767, 486.178771972656, 2007670, 5, 90
2019.27517199, 54.9354306845526, 130.599010426629, 486.185211181641, 2007670, 5, 90
2019.27517199, 54.9353990896168, 130.599004687508, 486.186798095703, 2007670, 5, 90
2019.27517199, 54.9353612077464, 130.598997830476, 486.150329589844, 2007670, 5, 90
2019.27517199, 54.9353359537253, 130.598993239891, 486.107635498047, 2007670, 5, 90
2019.27517199, 54.9353106957944, 130.598988624619, 486.127258300781, 2007670, 5, 90
2019.27517199, 54.9352791512193, 130.598982895887, 486.113098144531, 2007670, 5, 90
2019.27517199, 54.9352539030382, 130.598978272478, 486.1181640625, 2007670, 5, 90
2019.27517199, 54.9352223625211, 130.598972515237, 486.104217529297, 2007670, 5, 90
2019.27517199, 54.935190836991, 130.598966779762, 486.049133300781, 2007670, 5, 90
2019.27517199, 54.9351656003137, 130.598962147486, 486.066131591797, 2007670, 5, 90
2019.27517199, 54.9351403759733, 130.598957534124, 486.051391601562, 2007670, 5, 90
2019.27517199, 54.9351151579912, 130.598952930025, 486.084136962891, 2007670, 5, 90
2019.27517199, 54.9350836453097, 130.598947189714, 486.081634521484, 2007670, 5, 90
2019.27517199, 54.9350584224084, 130.598942568012, 486.105163574219, 2007670, 5, 90
2019.27517199, 54.9350332076911, 130.598937961944, 486.109588623047, 2007670, 5, 90
2019.27517199, 54.9350017006515, 130.598932225858, 486.127990722656, 2007670, 5, 90
2019.27517199, 54.9349764871076, 130.598927624858, 486.138061523438, 2007670, 5, 83
2019.27517199, 54.9349512729804, 130.598923027686, 486.135650634766, 2007670, 5, 83
2019.27517199, 54.9349260501583, 130.598918414689, 486.155700683594, 2007670, 5, 83
2019.27517199, 54.9348945264786, 130.598912668069, 486.122436523438, 2007670, 5, 83
2019.27517199, 54.934856717181, 130.598905827516, 486.140289306641, 2007670, 5, 83
2019.27517199, 54.9348251994768, 130.598900122026, 486.110046386719, 2007670, 5, 83
2019.27517199, 54.9347936701425, 130.598894403593, 486.071624755859, 2007670, 5, 83
2019.27517199, 54.9347684333732, 130.598889817486, 486.025726318359, 2007670, 5, 83
2019.27517205, 54.8093459031069, 130.577625973821, 444.886840820312, 2007670, 5, 59
2019.27517205, 54.8092565742082, 130.57761111676, 445.264587402344, 2007670, 5, 59
2019.27517209, 54.7354334639476, 130.565135149654, 438.363342285156, 2007670, 5, 67
2019.27517209, 54.735319626249, 130.56511567346, 438.112976074219, 2007670, 5, 67
2019.27517209, 54.7351995168939, 130.565095006063, 437.976715087891, 2007670, 5, 83
2019.27517209, 54.7350857798168, 130.565075383565, 437.968872070312, 2007670, 5, 83
2019.27517209, 54.7349910012755, 130.565058982171, 438.035186767578, 2007670, 5, 84
2019.27517209, 54.7348772340613, 130.565039212097, 438.044097900391, 2007670, 5, 84
2019.27517209, 54.7347887119837, 130.565023789518, 438.019226074219, 2007670, 5, 84
2019.27517209, 54.7347001371577, 130.565008308352, 437.999237060547, 2007670, 5, 84
2019.27517209, 54.734611546639, 130.564992847884, 437.951477050781, 2007670, 5, 85
2019.27517209, 54.7344340359872, 130.564961861315, 438.086120605469, 2007670, 5, 85
2019.27517209, 54.7342245040081, 130.564925347526, 438.396392822266, 2007670, 5, 74
2019.27517209, 54.7340400628805, 130.564893314912, 438.566101074219, 2007670, 5, 74
2019.27517209, 54.733906305458, 130.564870135287, 438.681549072266, 2007670, 5, 52
2019.27517266, 53.5993851103267, 130.376306334358, 343.072448730469, 2009603, 5, 61
2019.27517266, 53.5993596349358, 130.376302168247, 343.055572509766, 2009603, 5, 61
2019.27517266, 53.5993278179437, 130.376297016939, 343.065093994141, 2009603, 5, 61
2019.27517266, 53.5993023542459, 130.376292876405, 343.072845458984, 2009603, 5, 61
2019.27517266, 53.5992768867985, 130.376288725901, 343.062927246094, 2009603, 5, 61
2019.27517266, 53.5992514144345, 130.376284569927, 343.064575195312, 2009603, 5, 61
2019.27517266, 53.5992259367004, 130.376280404854, 343.054656982422, 2009603, 5, 74
2019.27517266, 53.5991941039679, 130.376275228939, 343.091461181641, 2009603, 5, 74
2019.27517266, 53.5990539915091, 130.376252367249, 343.480895996094, 2009603, 5, 74
2019.27517278, 53.3409661411302, 130.334224224967, 301.984680175781, 2009603, 5, 60
2019.27517278, 53.3408836850293, 130.334210609001, 302.597869873047, 2009603, 5, 60
2019.27517278, 53.340820237686, 130.334200007272, 302.596435546875, 2009603, 5, 60
2019.27517278, 53.3407441477905, 130.33418727734, 302.533477783203, 2009603, 5, 81
2019.27517278, 53.3406744267357, 130.334175568239, 302.515747070312, 2009603, 5, 81
2019.27517278, 53.3405981669384, 130.334162876747, 302.600128173828, 2009603, 5, 81
2019.27517278, 53.340522409134, 130.334150024842, 302.652160644531, 2009603, 5, 81
2019.27517279, 53.3294148297861, 130.332349734757, 301.246704101562, 2009603, 5, 55
2019.27517324, 52.4223380131541, 130.187289815313, 219.092727661133, 2009603, 5, 95
2019.27517324, 52.4222997324404, 130.187284210758, 219.098434448242, 2009603, 5, 95
2019.27517324, 52.4222614645369, 130.187278599585, 219.049880981445, 2009603, 5, 95
2019.27517324, 52.4222232146938, 130.187272990128, 219.098236083984, 2009603, 5, 96
2019.27517324, 52.4221786076724, 130.187266432199, 219.099243164062, 2009603, 5, 96
2019.27517324, 52.4221403805522, 130.187260774852, 219.079605102539, 2009603, 5, 96
2019.27517324, 52.4221085563392, 130.18725609244, 219.028656005859, 2009603, 5, 96
2019.27517324, 52.4220830978045, 130.187252324966, 219.058929443359, 2009603, 5, 96
2019.27517324, 52.4220512920637, 130.187247617999, 219.029998779297, 2009603, 5, 96
2019.27517324, 52.4220258570644, 130.187243847067, 219.074584960938, 2009603, 5, 96
2019.27517324, 52.4220004187167, 130.187240043707, 219.160934448242, 2009603, 5, 96
2019.27517324, 52.4217783171917, 130.187206614578, 219.886489868164, 2009603, 5, 94
2019.27517324, 52.421696006924, 130.18719401776, 219.919464111328, 2009603, 5, 95
2019.27517324, 52.4216011307037, 130.187179300201, 219.976837158203, 2009603, 5, 95
2019.27517324, 52.4214996146772, 130.187163875348, 220.219268798828, 2009603, 5, 95
2019.27517324, 52.4214117386993, 130.18714931322, 220.26545715332, 2009603, 5, 95
2019.27517324, 52.4212236107757, 130.187117656514, 220.201263427734, 2009603, 5, 95
2019.27517324, 52.4211170213564, 130.18709950146, 220.245223999023, 2009603, 5, 95
2019.27517324, 52.4209978394663, 130.187079116862, 220.227279663086, 2009603, 5, 92
2019.27517324, 52.4208785159362, 130.187058660686, 220.137115478516, 2009603, 5, 92
2019.27517324, 52.4206707864729, 130.187023192533, 220.163024902344, 2009603, 5, 86
2019.27517324, 52.420493899238, 130.186993367918, 220.175231933594, 2009603, 5, 64
2019.27517324, 52.4203734691916, 130.186973329648, 220.198043823242, 2009603, 5, 64
2019.27517177, 55.3919790781371, 130.675713064135, 710.92919921875, 2007670, 6, 89
2019.27517177, 55.3917297195608, 130.675670145192, 710.929260253906, 2007670, 6, 87
2019.27517177, 55.3915953943698, 130.675647296254, 710.842651367188, 2007670, 6, 87
2019.27517193, 55.0829310958809, 130.622737615823, 585.030212402344, 2007670, 6, 71
2019.27517193, 55.0828290166065, 130.622720122479, 584.996215820312, 2007670, 6, 71
2019.27517193, 55.0827269889902, 130.622702668894, 584.9384765625, 2007670, 6, 70
2019.27517193, 55.0826186463876, 130.622684168599, 584.943420410156, 2007670, 6, 70
2019.27517193, 55.0825167441308, 130.622666839576, 584.910217285156, 2007670, 6, 70
2019.27517193, 55.0823958265654, 130.622646300153, 584.815002441406, 2007670, 6, 65
2019.27517193, 55.082275014477, 130.622625883942, 584.753479003906, 2007670, 6, 65
2019.27517194, 55.0452014330602, 130.616295776491, 555.2470703125, 2007670, 6, 63
2019.27517194, 55.0450806091268, 130.616274742846, 555.196044921875, 2007670, 6, 63
2019.27517194, 55.0449342972926, 130.616249330262, 555.331726074219, 2007670, 6, 51
2019.27517194, 55.0447820063181, 130.616223131701, 555.315673828125, 2007670, 6, 51
2019.27517195, 55.0386862552081, 130.61518457839, 549.655517578125, 2007670, 6, 57
2019.27517195, 55.0384638484801, 130.615146675306, 549.600280761719, 2007670, 6, 52
2019.275172, 54.9359147887925, 130.597706332115, 486.194061279297, 2007670, 6, 85
2019.275172, 54.9357880970058, 130.5976849023, 486.196899414062, 2007670, 6, 85
2019.275172, 54.935655067796, 130.597662367097, 486.154174804688, 2007670, 6, 89
2019.275172, 54.9355280308244, 130.597640928966, 486.122497558594, 2007670, 6, 89
2019.275172, 54.9354199914875, 130.597622676957, 486.057952880859, 2007670, 6, 78
2019.275172, 54.9353119048472, 130.597604368965, 486.065093994141, 2007670, 6, 78
2019.275172, 54.9352037806425, 130.597586041877, 486.091156005859, 2007670, 6, 78
2019.275172, 54.9351019897465, 130.597568748116, 486.082641601562, 2007670, 6, 78
2019.275172, 54.9350001850971, 130.597551397866, 486.135772705078, 2007670, 6, 78
2019.27517206, 54.8053893297743, 130.575578489908, 443.289337158203, 2007670, 6, 90
2019.27517206, 54.8049722595844, 130.575509304453, 443.210113525391, 2007670, 6, 93
2019.27517206, 54.8045271505346, 130.575433941548, 443.267944335938, 2007670, 6, 92
2019.27517206, 54.8042651696149, 130.575388846082, 443.380493164062, 2007670, 6, 82
2019.27517267, 53.5996007305444, 130.375001535023, 343.03759765625, 2009603, 6, 60
2019.2751728, 53.3411740040664, 130.332921884624, 302.209808349609, 2009603, 6, 59
2019.27517325, 52.422688781551, 130.186042681316, 219.138656616211, 2009603, 6, 93
2019.27517325, 52.4224977688561, 130.186013769886, 219.169342041016, 2009603, 6, 93
2019.27517325, 52.4220390572801, 130.185944327148, 219.742446899414, 2009603, 6, 96
2019.27517325, 52.4216504110851, 130.185884709755, 220.022552490234, 2009603, 6, 95
2019.27517325, 52.4210269176177, 130.185785971025, 220.089508056641, 2009603, 6, 89
