2020.20978074, 53.4603519784677, 122.85927872003, 279.158416748047, 2009603, 1, 70
2020.20978074, 53.4597585491328, 122.859177553637, 278.769805908203, 2009603, 1, 89
2020.20978074, 53.4585586935957, 122.858973901193, 277.914947509766, 2009603, 1, 95
2020.20978074, 53.4579935758527, 122.858878655678, 277.617828369141, 2009603, 1, 94
2020.20978074, 53.4574974756359, 122.858795520634, 277.62255859375, 2009603, 1, 95
2020.20978074, 53.4570325458871, 122.858717995681, 277.6328125, 2009603, 1, 95
2020.20978079, 53.3575555659822, 122.842372846046, 352.390686035156, 2009603, 1, 86
2020.20978079, 53.3570480651472, 122.842287258415, 352.255889892578, 2009603, 1, 87
2020.2097808, 53.3308977316465, 122.837914273332, 355.395111083984, 2009603, 1, 65
2020.2097808, 53.3303454467464, 122.837824826222, 355.638122558594, 2009603, 1, 72
2020.20978075, 53.460179088537, 122.857937354274, 278.958374023438, 2009603, 2, 89
2020.20978075, 53.4600202902465, 122.857912201443, 279.030364990234, 2009603, 2, 89
2020.20978075, 53.4598612841931, 122.857886882989, 279.025970458984, 2009603, 2, 91
2020.20978075, 53.4597149364953, 122.857863489085, 279.031097412109, 2009603, 2, 71
2020.20978075, 53.4594284483225, 122.857817359142, 279.208282470703, 2009603, 2, 71
2020.20978075, 53.4584093682804, 122.857649286224, 278.212524414062, 2009603, 2, 92
2020.20978075, 53.4582502139107, 122.857622735212, 277.998626708984, 2009603, 2, 92
2020.20978075, 53.458097477148, 122.857597412923, 277.809448242188, 2009603, 2, 93
2020.20978075, 53.4579766086683, 122.857577519211, 277.809417724609, 2009603, 2, 96
2020.20978075, 53.4578493945282, 122.857556739204, 277.752075195312, 2009603, 2, 96
2020.20978075, 53.4577222288962, 122.857536148002, 277.759338378906, 2009603, 2, 96
2020.20978075, 53.4575887338825, 122.8575147314, 277.752655029297, 2009603, 2, 96
2020.20978075, 53.4574679204981, 122.857495345026, 277.847717285156, 2009603, 2, 96
2020.20978075, 53.457353670677, 122.857477751545, 277.780120849609, 2009603, 2, 96
2020.20978075, 53.4572394161664, 122.857460249821, 277.778350830078, 2009603, 2, 96
2020.20978075, 53.4571061109615, 122.857439891001, 277.79736328125, 2009603, 2, 96
2020.20978075, 53.4569664247209, 122.857418557022, 277.742492675781, 2009603, 2, 96
2020.20978075, 53.4568330241767, 122.857398111645, 277.820678710938, 2009603, 2, 96
2020.20978075, 53.4566995643925, 122.857377527882, 277.860748291016, 2009603, 2, 95
2020.20978075, 53.4565723953067, 122.85735774652, 277.810729980469, 2009603, 2, 95
2020.20978075, 53.4564515311965, 122.8573387609, 277.838562011719, 2009603, 2, 95
2020.20978075, 53.4563496906739, 122.857322603611, 278.002136230469, 2009603, 2, 95
2020.20978075, 53.4562097471839, 122.857300411524, 278.097320556641, 2009603, 2, 93
2020.20978075, 53.4560629183465, 122.857275913251, 278.183227539062, 2009603, 2, 93
2020.20978075, 53.4559288192322, 122.857253318393, 278.496612548828, 2009603, 2, 93
2020.20978075, 53.4558075263475, 122.857232757985, 278.801727294922, 2009603, 2, 94
2020.20978075, 53.455679908714, 122.857211053995, 279.092681884766, 2009603, 2, 80
2020.20978075, 53.4555523700815, 122.85718934492, 279.747802734375, 2009603, 2, 80
2020.20978075, 53.4530752769556, 122.856788991701, 278.118133544922, 2009603, 2, 71
2020.2097808, 53.3579612467176, 122.84107973205, 352.624206542969, 2009603, 2, 66
2020.2097808, 53.357846926929, 122.841061065189, 352.691223144531, 2009603, 2, 66
2020.2097808, 53.3569262483169, 122.840908938151, 352.124420166016, 2009603, 2, 67
2020.2097808, 53.3568183263959, 122.840890788592, 352.127349853516, 2009603, 2, 67
2020.20978081, 53.3436425912968, 122.838728303746, 354.758148193359, 2009603, 2, 89
2020.20978081, 53.3434711727979, 122.838701148284, 354.891296386719, 2009603, 2, 85
2020.20978081, 53.3433124137828, 122.838675930195, 355.163757324219, 2009603, 2, 85
2020.20978082, 53.3304413296951, 122.836594699359, 356.391662597656, 2009603, 2, 87
2020.20978082, 53.3303013499976, 122.836572727356, 355.731903076172, 2009603, 2, 87
2020.20978082, 53.3302376323917, 122.836563028063, 355.732330322266, 2009603, 2, 82
2020.20978082, 53.3301739066026, 122.836553359679, 355.719207763672, 2009603, 2, 82
2020.20978082, 53.3301292888607, 122.83654660433, 355.703155517578, 2009603, 2, 82
2020.20978082, 53.3300974220167, 122.836541786331, 355.674499511719, 2009603, 2, 82
2020.20978082, 53.3300655512612, 122.836536971141, 355.685668945312, 2009603, 2, 82
2020.20978082, 53.3166951569683, 122.834400682129, 360.741821289062, 2009603, 2, 64
2020.20978082, 53.3165936782359, 122.834384758667, 360.524566650391, 2009603, 2, 64
2020.20978082, 53.3164794087734, 122.834366766721, 360.507751464844, 2009603, 2, 86
2020.20978082, 53.3163714582241, 122.834349735067, 360.606567382812, 2009603, 2, 86
2020.20978082, 53.3162630519582, 122.83433240938, 360.903869628906, 2009603, 2, 86
2020.20978082, 53.3161417931048, 122.834312953728, 361.160400390625, 2009603, 2, 86
2020.20978082, 53.3160332518042, 122.834295479837, 361.157531738281, 2009603, 2, 86
2020.20978082, 53.3159055374133, 122.834274858355, 361.173950195312, 2009603, 2, 87
2020.20978082, 53.3157905824938, 122.834256248206, 361.194427490234, 2009603, 2, 87
2020.20978082, 53.3144937349692, 122.834046203829, 361.790222167969, 2009603, 2, 64
2020.20978082, 53.3143987697627, 122.834030985773, 361.755462646484, 2009603, 2, 64
2020.20978082, 53.3142974519376, 122.834014785555, 361.728118896484, 2009603, 2, 64
2020.20978082, 53.3141897463818, 122.833997600086, 361.625366210938, 2009603, 2, 64
2020.20978082, 53.3139805307356, 122.833964321325, 361.507049560547, 2009603, 2, 79
2020.20978082, 53.3138664407745, 122.833946119686, 361.39208984375, 2009603, 2, 79
2020.20978082, 53.3137454704194, 122.833927121257, 361.289855957031, 2009603, 2, 87
2020.20978082, 53.313656266082, 122.833913112011, 361.205688476562, 2009603, 2, 87
2020.20978082, 53.3135542985734, 122.833897091075, 361.261535644531, 2009603, 2, 87
2020.20978082, 53.313465030016, 122.833883044417, 361.157531738281, 2009603, 2, 85
2020.20978082, 53.3133693801639, 122.833867966515, 360.989440917969, 2009603, 2, 85
2020.20978082, 53.3132737235296, 122.833852849755, 360.789489746094, 2009603, 2, 85
2020.20978082, 53.3131716970483, 122.833836675779, 360.706634521484, 2009603, 2, 73
2020.20978082, 53.3130696819462, 122.833820442591, 360.694488525391, 2009603, 2, 73
2020.20978082, 53.3126301596376, 122.833749715418, 360.915954589844, 2009603, 2, 60
2020.20978082, 53.3125220386241, 122.833732113741, 361.117553710938, 2009603, 2, 60
2020.20978074, 53.4611345697368, 122.810599210204, 279.848388671875, 2009603, 3, 76
2020.20978074, 53.4605507654513, 122.810499488891, 280.449768066406, 2009603, 3, 61
2020.20978074, 53.457296845104, 122.809958099772, 280.05126953125, 2009603, 3, 90
2020.20978074, 53.4568078995602, 122.809876282264, 279.195831298828, 2009603, 3, 95
2020.20978074, 53.4562742593449, 122.80978824043, 279.181243896484, 2009603, 3, 95
2020.20978074, 53.4557278650051, 122.809699453612, 279.747161865234, 2009603, 3, 92
2020.20978074, 53.4536431758945, 122.8093569578, 280.286346435547, 2009603, 3, 58
2020.20978074, 53.4532168212865, 122.809286730189, 279.315460205078, 2009603, 3, 83
2020.20978075, 53.4618314971636, 122.809399881322, 278.277221679688, 2009603, 4, 90
2020.20978075, 53.4616671042384, 122.809373531744, 278.304534912109, 2009603, 4, 93
2020.20978075, 53.4614902536016, 122.80934534399, 278.357635498047, 2009603, 4, 94
2020.20978075, 53.461281932195, 122.809312429235, 279.100616455078, 2009603, 4, 94
2020.20978075, 53.4610799316216, 122.809280701811, 279.232025146484, 2009603, 4, 92
2020.20978075, 53.4608904298848, 122.809251150045, 279.484771728516, 2009603, 4, 89
2020.20978075, 53.4607070605724, 122.809222623596, 279.515777587891, 2009603, 4, 85
2020.20978075, 53.4605424969206, 122.809197044219, 279.649932861328, 2009603, 4, 85
2020.20978075, 53.4603711201884, 122.809170699033, 279.69970703125, 2009603, 4, 79
2020.20978075, 53.4602058354873, 122.809145292449, 279.851593017578, 2009603, 4, 73
2020.20978075, 53.4600530776469, 122.809121684569, 280.021606445312, 2009603, 4, 73
2020.20978075, 53.4598682603062, 122.809092959305, 280.102722167969, 2009603, 4, 66
2020.20978075, 53.4597279125589, 122.80907099028, 280.220581054688, 2009603, 4, 63
2020.20978075, 53.4595683213199, 122.809045770301, 280.386932373047, 2009603, 4, 63
2020.20978075, 53.4593894669105, 122.809017258918, 280.4404296875, 2009603, 4, 63
2020.20978075, 53.4592169416803, 122.808989494928, 280.502349853516, 2009603, 4, 57
2020.20978075, 53.4590253061615, 122.808957909966, 280.627014160156, 2009603, 4, 57
2020.20978075, 53.4577255587647, 122.808744096173, 280.023345947266, 2009603, 4, 93
2020.20978075, 53.4573831011368, 122.808689609815, 279.853240966797, 2009603, 4, 95
2020.20978075, 53.457022575305, 122.808631863113, 279.009063720703, 2009603, 4, 97
2020.20978075, 53.4568836184978, 122.808609432197, 279.036071777344, 2009603, 4, 96
2020.20978075, 53.456744503311, 122.808587238803, 279.021606445312, 2009603, 4, 96
2020.20978075, 53.4565997032743, 122.808563127836, 279.040191650391, 2009603, 4, 96
2020.20978075, 53.4564296431222, 122.808534778335, 279.073394775391, 2009603, 4, 95
2020.20978075, 53.4562783292466, 122.808509553752, 279.318328857422, 2009603, 4, 95
2020.20978075, 53.4560065862358, 122.808464554011, 279.928833007812, 2009603, 4, 96
2020.20978075, 53.4558417855472, 122.808437468463, 280.072875976562, 2009603, 4, 96
2020.20978075, 53.4556701646933, 122.808409587606, 280.107269287109, 2009603, 4, 91
2020.20978076, 53.4534777192125, 122.808063337338, 280.15087890625, 2009603, 4, 91
2020.20978076, 53.4533386789227, 122.808040243358, 279.861297607422, 2009603, 4, 91
2020.20978076, 53.4531932967196, 122.808016100246, 279.431671142578, 2009603, 4, 90
2020.20978076, 53.4530668119344, 122.80799516904, 279.311981201172, 2009603, 4, 90
2020.20978045, 54.0565433435253, 122.859635125062, 406.9462890625, 2009603, 5, 76
2020.2097807, 53.54017728882, 122.774772066617, 290.542816162109, 2009603, 5, 64
2020.20978072, 53.5128894298472, 122.770427296137, 287.182159423828, 2009603, 5, 66
2020.20978074, 53.4617648239298, 122.76194039874, 279.278900146484, 2009603, 5, 94
2020.20978074, 53.4610609177514, 122.76181605342, 279.241058349609, 2009603, 5, 94
2020.20978074, 53.4603649378593, 122.761696635562, 279.35009765625, 2009603, 5, 95
2020.20978074, 53.4598582247698, 122.761613993888, 280.025268554688, 2009603, 5, 94
2020.20978083, 53.2836992700154, 122.733178168957, 370.953277587891, 2009603, 5, 89
2020.20978083, 53.2832222925153, 122.733101771072, 370.93017578125, 2009603, 5, 87
2020.20978083, 53.2826754957299, 122.733015464692, 371.066436767578, 2009603, 5, 82
2020.20978083, 53.282288077901, 122.732954273921, 371.001586914062, 2009603, 5, 53
2020.20978046, 54.0586926988304, 122.85847595236, 407.079620361328, 2009603, 6, 77
2020.20978046, 54.0585019570468, 122.858446087733, 406.920166015625, 2009603, 6, 77
2020.20978046, 54.0580933911181, 122.858377605364, 406.736419677734, 2009603, 6, 66
2020.20978073, 53.5140820418943, 122.769162013384, 287.798492431641, 2009603, 6, 56
2020.20978075, 53.4631227049924, 122.760736288075, 281.800476074219, 2009603, 6, 62
2020.20978075, 53.4629332175519, 122.760706340313, 280.320831298828, 2009603, 6, 62
2020.20978075, 53.4627436927634, 122.760676511377, 279.974365234375, 2009603, 6, 94
2020.20978075, 53.4625919822445, 122.760652766513, 279.785308837891, 2009603, 6, 94
2020.20978075, 53.4622565973892, 122.76059969304, 279.436553955078, 2009603, 6, 95
2020.20978075, 53.4620917324791, 122.760573686419, 279.469146728516, 2009603, 6, 94
2020.20978075, 53.4619520962749, 122.760551370114, 279.478637695312, 2009603, 6, 96
2020.20978075, 53.4617932380957, 122.760525831874, 279.482818603516, 2009603, 6, 96
2020.20978075, 53.4616214913082, 122.76049780404, 279.411437988281, 2009603, 6, 95
2020.20978075, 53.4614814129204, 122.760474671015, 279.415740966797, 2009603, 6, 96
2020.20978075, 53.461322106314, 122.760448047741, 279.445617675781, 2009603, 6, 96
2020.20978075, 53.4611945752169, 122.760426538883, 279.459014892578, 2009603, 6, 95
2020.20978075, 53.4610478643816, 122.760401581673, 279.445861816406, 2009603, 6, 95
2020.20978075, 53.4608817831275, 122.760372659518, 279.405914306641, 2009603, 6, 95
2020.20978075, 53.4607156994678, 122.760343686658, 279.432525634766, 2009603, 6, 95
2020.20978075, 53.460549675785, 122.760314757955, 279.462249755859, 2009603, 6, 95
2020.20978075, 53.4604220288955, 122.760292688648, 279.548919677734, 2009603, 6, 95
2020.20978075, 53.4602817139431, 122.760268624191, 279.602203369141, 2009603, 6, 95
2020.20978075, 53.4601478711509, 122.760246026575, 280.136657714844, 2009603, 6, 94
2020.20978075, 53.4600269175584, 122.760225589037, 280.313049316406, 2009603, 6, 94
2020.20978075, 53.4598996520253, 122.760204748766, 280.2900390625, 2009603, 6, 86
2020.20978075, 53.4597597775625, 122.760182226074, 280.390258789062, 2009603, 6, 86
2020.20978075, 53.4588852531668, 122.760050702057, 280.123840332031, 2009603, 6, 79
2020.20978075, 53.4587519806089, 122.760031147439, 279.611663818359, 2009603, 6, 79
2020.20978075, 53.458650321917, 122.760016481939, 280.208099365234, 2009603, 6, 55
2020.20978084, 53.2821549110893, 122.731490372719, 371.064361572266, 2009603, 6, 81
2020.20978084, 53.2818551199009, 122.731441390674, 371.042846679688, 2009603, 6, 85
2020.20978084, 53.2817211195099, 122.73141936528, 371.114776611328, 2009603, 6, 71
2020.20978084, 53.281612671396, 122.731401697075, 371.169555664062, 2009603, 6, 71
