2019.79322664, 52.5771281432437, 137.313308879557, 51.5508651733398, 2007706, 1, 92
2019.79322664, 52.5773569170632, 137.313272184004, 51.5520820617676, 2007706, 1, 94
2019.79322664, 52.5775475149756, 137.313241538983, 51.5023231506348, 2007706, 1, 93
2019.79322664, 52.5776682008966, 137.313222071046, 51.4848899841309, 2007706, 1, 93
2019.79322664, 52.5777888744233, 137.313202578378, 51.5018157958984, 2007706, 1, 93
2019.79322664, 52.5779030904155, 137.313183941368, 51.4970207214355, 2007706, 1, 93
2019.79322664, 52.5780172985216, 137.313165281429, 51.5107421875, 2007706, 1, 93
2019.79322664, 52.5781315034439, 137.31314659336, 51.5148582458496, 2007706, 1, 93
2019.79322664, 52.5782457175533, 137.313127882663, 51.5264358520508, 2007706, 1, 93
2019.79322664, 52.5783536004587, 137.313110156355, 51.5159950256348, 2007706, 1, 93
2019.79322664, 52.578474193885, 137.313090385465, 51.5328102111816, 2007706, 1, 93
2019.79322665, 52.5769582130109, 137.314594846452, 51.5582084655762, 2007706, 2, 92
2019.79322665, 52.577129259309, 137.314567650512, 51.567455291748, 2007706, 2, 94
2019.79322665, 52.5772242471187, 137.314552433475, 51.5489158630371, 2007706, 2, 94
2019.79322665, 52.5772938774593, 137.314541186926, 51.5167961120605, 2007706, 2, 93
2019.79322665, 52.577331867791, 137.314535078496, 51.5303688049316, 2007706, 2, 93
2019.79322665, 52.5773635188138, 137.31452995816, 51.496410369873, 2007706, 2, 93
2019.79322665, 52.5773951655307, 137.314524821143, 51.5033950805664, 2007706, 2, 93
2019.79322665, 52.5774268125234, 137.314519678494, 51.4940948486328, 2007706, 2, 93
2019.79322665, 52.5774584482959, 137.314514494925, 51.493335723877, 2007706, 2, 93
2019.79322665, 52.5774900912746, 137.314509334864, 51.4664344787598, 2007706, 2, 93
2019.79322665, 52.5775154113619, 137.314505214104, 51.4604530334473, 2007706, 2, 95
2019.79322665, 52.577547048836, 137.314500016184, 51.4776000976562, 2007706, 2, 95
2019.79322665, 52.5775725543323, 137.314496129823, 51.4785690307617, 2007706, 2, 93
2019.79322665, 52.5776041346943, 137.314490852393, 51.4916000366211, 2007706, 2, 93
2019.79322665, 52.5776357149557, 137.314485562799, 51.4879837036133, 2007706, 2, 93
2019.79322665, 52.5776672862973, 137.314480230417, 51.4928169250488, 2007706, 2, 93
2019.79322665, 52.5776925579471, 137.31447600985, 51.4851341247559, 2007706, 2, 93
2019.79322665, 52.5777241442822, 137.314470702691, 51.4807243347168, 2007706, 2, 93
2019.79322665, 52.577755721289, 137.314465351141, 51.486255645752, 2007706, 2, 93
2019.79322665, 52.577780998556, 137.314461109761, 51.4883766174316, 2007706, 2, 93
2019.79322665, 52.5778125911164, 137.314455776808, 51.4904823303223, 2007706, 2, 93
2019.79322665, 52.5778441813666, 137.314450418748, 51.4850769042969, 2007706, 2, 93
2019.79322665, 52.577869468191, 137.314446164844, 51.4994659423828, 2007706, 2, 93
2019.79322665, 52.5779010649622, 137.314440791473, 51.5221481323242, 2007706, 2, 93
2019.79322665, 52.5779263524506, 137.314436516831, 51.481689453125, 2007706, 2, 93
2019.79322665, 52.5779516509285, 137.314432253828, 51.5097312927246, 2007706, 2, 93
2019.79322665, 52.5779832610425, 137.314426866219, 51.4990768432617, 2007706, 2, 93
2019.79322665, 52.5780085693872, 137.314422600409, 51.5115051269531, 2007706, 2, 90
2019.79322665, 52.5780401975273, 137.314417225121, 51.518367767334, 2007706, 2, 90
2019.79322665, 52.5780655137329, 137.314412951235, 51.5149002075195, 2007706, 2, 90
2019.79322665, 52.5780971548336, 137.314407568765, 51.494255065918, 2007706, 2, 90
2019.79322665, 52.5781288084064, 137.314402207577, 51.5122337341309, 2007706, 2, 90
2019.79322665, 52.5781541454564, 137.314397938207, 51.4938011169434, 2007706, 2, 90
2019.79322665, 52.5781858083291, 137.314392548935, 51.4990348815918, 2007706, 2, 90
2019.79322665, 52.5782111592674, 137.314388284522, 51.4995079040527, 2007706, 2, 90
2019.79322665, 52.5782428438803, 137.314382909876, 51.5093765258789, 2007706, 2, 90
2019.79322665, 52.5782682061808, 137.314378639118, 51.4953651428223, 2007706, 2, 90
2019.79322665, 52.5782999079188, 137.314373267073, 51.4962844848633, 2007706, 2, 90
2019.79322665, 52.5783252882766, 137.314369010929, 51.4998588562012, 2007706, 2, 90
2019.79322665, 52.5783570128414, 137.314363665434, 51.4910278320312, 2007706, 2, 90
2019.79322665, 52.5783887442188, 137.314358302756, 51.4889297485352, 2007706, 2, 90
2019.79322665, 52.578420498195, 137.314352984206, 51.5595092773438, 2007706, 2, 90
2019.79322666, 52.6072536396523, 137.356262819464, 50.0941390991211, 2007706, 3, 88
2019.79322666, 52.6072980529027, 137.356255682778, 50.1122856140137, 2007706, 3, 88
2019.79322666, 52.60733612239, 137.356249561777, 50.0911560058594, 2007706, 3, 79
2019.79322666, 52.6073805296808, 137.356242422813, 50.1175994873047, 2007706, 3, 79
2019.79322666, 52.6074249315725, 137.356235283748, 50.1333198547363, 2007706, 3, 79
2019.79322666, 52.6074693323838, 137.356228143963, 50.1180877685547, 2007706, 3, 79
2019.79322666, 52.6075137646101, 137.356220975449, 48.6327323913574, 2007706, 3, 95
2019.79322666, 52.6075581561194, 137.356213838719, 48.643440246582, 2007706, 3, 95
2019.79322666, 52.6075962059609, 137.356207720408, 48.682674407959, 2007706, 3, 95
2019.79322666, 52.607634218007, 137.356201630992, 50.1953964233398, 2007706, 3, 95
2019.79322666, 52.6076786376709, 137.356194467081, 48.6773223876953, 2007706, 3, 95
2019.79322666, 52.6077230182068, 137.356187334802, 48.6810913085938, 2007706, 3, 95
2019.79322666, 52.6078434726682, 137.356167981651, 48.6798095703125, 2007706, 3, 95
2019.79322666, 52.6078814733131, 137.356161902455, 50.1696166992188, 2007706, 3, 95
2019.79322666, 52.607925844697, 137.356154780435, 50.1589508056641, 2007706, 3, 95
2019.79322666, 52.6079638789554, 137.356148675579, 50.1576080322266, 2007706, 3, 95
2019.79322666, 52.6080463121529, 137.356135431079, 48.6738662719727, 2007706, 3, 95
2019.79322666, 52.6080906423655, 137.356128348954, 50.1914215087891, 2007706, 3, 95
2019.79322666, 52.6081286723065, 137.356122254169, 50.1678924560547, 2007706, 3, 95
2019.79322666, 52.6081666999674, 137.35611616369, 50.1795883178711, 2007706, 3, 95
2019.79322666, 52.608249094247, 137.356102973644, 50.1566352844238, 2007706, 3, 95
2019.79322666, 52.6083251731791, 137.35609076319, 50.1664886474609, 2007706, 3, 96
2019.79322666, 52.608363181963, 137.356084722728, 50.1750564575195, 2007706, 3, 96
2019.79322666, 52.6084011932769, 137.356078682482, 50.1630706787109, 2007706, 3, 96
2019.79322666, 52.6084392059703, 137.356072643368, 50.1606330871582, 2007706, 3, 96
2019.79322666, 52.6084835549281, 137.356065600178, 50.184326171875, 2007706, 3, 96
2019.79322666, 52.6085216040307, 137.356059533435, 48.6889114379883, 2007706, 3, 95
2019.79322666, 52.6085659604446, 137.356052488982, 48.6885528564453, 2007706, 3, 95
2019.79322666, 52.6086039843839, 137.356046449297, 48.6057090759277, 2007706, 3, 95
2019.79322666, 52.6086419767367, 137.356040437496, 50.115966796875, 2007706, 3, 95
2019.79322666, 52.6086863466884, 137.356033387618, 50.0952262878418, 2007706, 3, 95
2019.79322666, 52.6087687589179, 137.356020288399, 50.0842933654785, 2007706, 3, 96
2019.79322666, 52.6088512250557, 137.356007149447, 48.608642578125, 2007706, 3, 96
2019.79322666, 52.6088892495117, 137.356001117681, 50.0818519592285, 2007706, 3, 96
2019.79322666, 52.6089273074104, 137.355995056508, 50.1304206848145, 2007706, 3, 96
2019.79322666, 52.6089717175168, 137.355987979534, 50.1021881103516, 2007706, 3, 96
2019.79322666, 52.6090097908565, 137.35598190661, 50.0988960266113, 2007706, 3, 95
2019.79322666, 52.6090542155899, 137.355974817222, 50.1011085510254, 2007706, 3, 95
2019.79322666, 52.6090923035307, 137.355968732122, 50.0954856872559, 2007706, 3, 95
2019.79322666, 52.6091304264839, 137.355962616713, 48.6205787658691, 2007706, 3, 95
2019.79322666, 52.6091684921266, 137.355956547252, 50.1022644042969, 2007706, 3, 95
2019.79322666, 52.6092955353311, 137.355936182122, 50.1110954284668, 2007706, 3, 95
2019.79322666, 52.6093400162812, 137.355929037485, 50.1250495910645, 2007706, 3, 95
2019.79322666, 52.6093781500098, 137.355922904464, 50.1187400817871, 2007706, 3, 95
2019.79322666, 52.609429006483, 137.355914716677, 50.1207656860352, 2007706, 3, 95
2019.79322666, 52.6094735167881, 137.355907540758, 50.1231384277344, 2007706, 3, 95
2019.79322666, 52.6095243953284, 137.355899328293, 50.1068954467773, 2007706, 3, 86
2019.79322666, 52.6095752168476, 137.355891156036, 50.1233749389648, 2007706, 3, 86
2019.79322666, 52.6096198031848, 137.355883908118, 49.3530769348145, 2007706, 3, 86
2019.79322666, 52.6096644288286, 137.35587662352, 49.5131378173828, 2007706, 3, 86
2019.79322667, 52.6070059619297, 137.357591616759, 49.8961982727051, 2007706, 4, 79
2019.79322667, 52.607031629859, 137.357587567218, 49.8689346313477, 2007706, 4, 79
2019.79322667, 52.6070573006357, 137.357583514854, 49.912899017334, 2007706, 4, 79
2019.79322667, 52.6070765349478, 137.357580465943, 49.0445556640625, 2007706, 4, 79
2019.79322667, 52.6070958130498, 137.357577428341, 49.9590148925781, 2007706, 4, 79
2019.79322667, 52.6071214898004, 137.357573366308, 49.9698028564453, 2007706, 4, 79
2019.79322667, 52.6071407434169, 137.357570316016, 49.9731597900391, 2007706, 4, 79
2019.79322667, 52.6071535840326, 137.357568282524, 49.9694404602051, 2007706, 4, 79
2019.79322667, 52.6071728379807, 137.357565228917, 49.9673194885254, 2007706, 4, 79
2019.79322667, 52.607185675455, 137.357563192476, 49.9257469177246, 2007706, 4, 79
2019.79322667, 52.6071985132971, 137.357561155573, 49.9354476928711, 2007706, 4, 79
2019.79322667, 52.6072113271643, 137.357559109901, 49.0182952880859, 2007706, 4, 79
2019.79322667, 52.6072306048442, 137.357556058186, 49.9424438476562, 2007706, 4, 79
2019.79322667, 52.6072434420378, 137.357554018492, 49.9412612915039, 2007706, 4, 79
2019.79322667, 52.6072626701634, 137.357550948415, 49.0268020629883, 2007706, 4, 94
2019.79322667, 52.6072755026272, 137.357548906516, 49.0174522399902, 2007706, 4, 94
2019.79322667, 52.607288338382, 137.357546863948, 49.0128517150879, 2007706, 4, 94
2019.79322667, 52.6073075875999, 137.357543797651, 49.0174369812012, 2007706, 4, 94
2019.79322667, 52.6073396906181, 137.357538691729, 49.9290809631348, 2007706, 4, 94
2019.79322667, 52.6073525216486, 137.357536645236, 49.9643211364746, 2007706, 4, 94
2019.79322667, 52.607365353226, 137.357534598313, 49.9483757019043, 2007706, 4, 94
2019.79322667, 52.6073845707667, 137.357531518219, 49.0186882019043, 2007706, 4, 94
2019.79322667, 52.6073974226928, 137.357529477555, 49.9259834289551, 2007706, 4, 94
2019.79322667, 52.6074166374215, 137.357526395295, 49.0202751159668, 2007706, 4, 94
2019.79322667, 52.6074358735176, 137.357523319493, 49.0166244506836, 2007706, 4, 94
2019.79322667, 52.607455129926, 137.357520249926, 49.8816680908203, 2007706, 4, 94
2019.79322667, 52.60747436257, 137.357517172669, 49.8552017211914, 2007706, 4, 94
2019.79322667, 52.6074999968737, 137.35751306737, 49.8680839538574, 2007706, 4, 94
2019.79322667, 52.607532033691, 137.357507932452, 49.860164642334, 2007706, 4, 94
2019.79322667, 52.6075640617738, 137.357502795621, 49.8719177246094, 2007706, 4, 94
2019.79322667, 52.6075896793892, 137.357498684995, 49.9001693725586, 2007706, 4, 94
2019.79322667, 52.607608886835, 137.357495601219, 49.9186744689941, 2007706, 4, 94
2019.79322667, 52.6076280907312, 137.35749251698, 49.9545059204102, 2007706, 4, 94
2019.79322667, 52.6076408913494, 137.357490460461, 49.9727935791016, 2007706, 4, 94
2019.79322667, 52.6076536920708, 137.357488404131, 49.968578338623, 2007706, 4, 94
2019.79322667, 52.6076728831613, 137.357485317771, 49.9590263366699, 2007706, 4, 94
2019.79322667, 52.6076856549358, 137.357483253402, 49.0341644287109, 2007706, 4, 94
2019.79322667, 52.6076984701518, 137.357481203801, 49.964111328125, 2007706, 4, 94
2019.79322667, 52.6077176491303, 137.35747811705, 49.9612426757812, 2007706, 4, 94
2019.79322667, 52.6077304372424, 137.357476059847, 49.9221076965332, 2007706, 4, 94
2019.79322667, 52.6077496113852, 137.357472972353, 49.9295539855957, 2007706, 4, 94
2019.79322667, 52.6077623917667, 137.357470914442, 49.9260444641113, 2007706, 4, 96
2019.79322667, 52.6077751728276, 137.357468857198, 49.9289817810059, 2007706, 4, 96
2019.79322667, 52.6077943348575, 137.3574657698, 49.9259796142578, 2007706, 4, 96
2019.79322667, 52.6078071089709, 137.357463711895, 49.8971252441406, 2007706, 4, 96
2019.79322667, 52.6078198573626, 137.357461646896, 48.9732513427734, 2007706, 4, 96
2019.79322667, 52.6078390319535, 137.357458567414, 49.9174423217773, 2007706, 4, 96
2019.79322667, 52.6078517971387, 137.357456509916, 49.924690246582, 2007706, 4, 96
2019.79322667, 52.6078645384408, 137.357454445323, 48.9904747009277, 2007706, 4, 96
2019.79322667, 52.6078837003945, 137.357451366057, 49.8831977844238, 2007706, 4, 96
2019.79322667, 52.6078964583951, 137.357449309392, 49.8762550354004, 2007706, 4, 96
2019.79322667, 52.6079091905007, 137.357447245067, 48.9883880615234, 2007706, 4, 96
2019.79322667, 52.6079283140142, 137.357444159796, 48.9872283935547, 2007706, 4, 96
2019.79322667, 52.607941088401, 137.3574421119, 49.933349609375, 2007706, 4, 96
2019.79322667, 52.6079602044921, 137.357439026703, 49.9244537353516, 2007706, 4, 96
2019.79322667, 52.6079729231474, 137.357436963167, 48.9824829101562, 2007706, 4, 96
2019.79322667, 52.6079856644115, 137.357434908281, 48.9751586914062, 2007706, 4, 96
2019.79322667, 52.6080047682268, 137.357431825089, 48.986270904541, 2007706, 4, 95
2019.79322667, 52.6080175030767, 137.357429770955, 48.9892539978027, 2007706, 4, 95
2019.79322667, 52.6080302345505, 137.357427716432, 49.1018486022949, 2007706, 4, 95
2019.79322667, 52.6080493237096, 137.357424634844, 49.1135292053223, 2007706, 4, 95
2019.79322667, 52.6080620746929, 137.357422589838, 50.0524291992188, 2007706, 4, 95
2019.79322667, 52.6080811540461, 137.357419509651, 50.0539245605469, 2007706, 4, 95
2019.79322667, 52.6080938738399, 137.357417457447, 50.0470123291016, 2007706, 4, 95
2019.79322667, 52.6081065907066, 137.357415405796, 50.0457611083984, 2007706, 4, 95
2019.79322667, 52.608125657236, 137.357412328122, 50.0378227233887, 2007706, 4, 95
2019.79322667, 52.6081383659675, 137.357410278224, 50.0526161193848, 2007706, 4, 95
2019.79322667, 52.6081703737318, 137.357405077475, 50.0515556335449, 2007706, 4, 95
2019.79322667, 52.6082020142331, 137.357399987616, 50.0153884887695, 2007706, 4, 95
2019.79322667, 52.6082146424762, 137.357397944938, 49.0987205505371, 2007706, 4, 95
2019.79322667, 52.6082336373551, 137.357394900126, 50.0151596069336, 2007706, 4, 95
2019.79322667, 52.6082462625166, 137.35739285993, 49.0921211242676, 2007706, 4, 95
2019.79322667, 52.6082589072922, 137.357390827137, 49.1035766601562, 2007706, 4, 95
2019.79322667, 52.6082778885886, 137.35738778512, 50.0290756225586, 2007706, 4, 95
2019.79322667, 52.6082905292333, 137.35738575412, 50.0363426208496, 2007706, 4, 95
2019.79322667, 52.6083094791949, 137.35738270635, 50.0311660766602, 2007706, 4, 95
2019.79322667, 52.6083221133845, 137.357380676297, 50.0103492736816, 2007706, 4, 95
2019.79322667, 52.6083410328413, 137.357377623353, 49.0916061401367, 2007706, 4, 95
2019.79322667, 52.6083536808762, 137.357375601632, 50.0050010681152, 2007706, 4, 95
2019.79322667, 52.6083662860669, 137.357373566492, 49.084545135498, 2007706, 4, 95
2019.79322667, 52.6083978398427, 137.35736849618, 49.0828323364258, 2007706, 4, 95
2019.79322667, 52.6084104615679, 137.357366469998, 49.0813293457031, 2007706, 4, 95
2019.79322667, 52.6084293837509, 137.357363429621, 49.0713844299316, 2007706, 4, 95
2019.79322667, 52.6084420229903, 137.357361411767, 50.0254936218262, 2007706, 4, 95
2019.79322667, 52.6084546152646, 137.357359379486, 49.0832824707031, 2007706, 4, 95
2019.79322667, 52.6084735527886, 137.357356349398, 50.0091667175293, 2007706, 4, 95
2019.79322667, 52.6084861631282, 137.357354325641, 50.0184898376465, 2007706, 4, 95
2019.79322667, 52.6084987720104, 137.357352302582, 50.0200042724609, 2007706, 4, 95
2019.79322667, 52.6085176557798, 137.35734925957, 49.0757446289062, 2007706, 4, 93
2019.79322667, 52.6085302859473, 137.357347245666, 49.9179916381836, 2007706, 4, 93
2019.79322667, 52.608549189221, 137.357344212488, 49.913387298584, 2007706, 4, 93
2019.79322667, 52.6085617921399, 137.357342191882, 49.9164009094238, 2007706, 4, 93
2019.79322667, 52.6085743665153, 137.357340163522, 48.9783592224121, 2007706, 4, 93
2019.79322667, 52.6085932879514, 137.357337140672, 49.9225616455078, 2007706, 4, 93
2019.79322667, 52.6086058870699, 137.357335121116, 49.8972282409668, 2007706, 4, 93
2019.79322667, 52.6086184842951, 137.357333101903, 49.893123626709, 2007706, 4, 93
2019.79322667, 52.6086373532357, 137.357330065917, 48.9815788269043, 2007706, 4, 93
2019.79322667, 52.6086499726942, 137.357328055852, 49.9158401489258, 2007706, 4, 93
2019.79322667, 52.6086688389973, 137.357325021027, 48.976993560791, 2007706, 4, 93
2019.79322667, 52.6086814325117, 137.357323003903, 48.9689178466797, 2007706, 4, 93
2019.79322667, 52.608706618886, 137.357318971404, 48.9788856506348, 2007706, 4, 93
2019.79322667, 52.6087255044398, 137.357315947135, 48.9815101623535, 2007706, 4, 93
2019.79322667, 52.608738096571, 137.357313931777, 48.9676666259766, 2007706, 4, 93
2019.79322666, 52.6180344087822, 137.402423833999, 49.4118385314941, 2007706, 5, 90
2019.79322666, 52.6181549620071, 137.402403955704, 49.3873405456543, 2007706, 5, 90
2019.79322666, 52.6182819658183, 137.402383063513, 49.3787536621094, 2007706, 5, 96
2019.79322666, 52.6184027345575, 137.402363292919, 49.3967170715332, 2007706, 5, 96
2019.79322666, 52.6185299854264, 137.402342572434, 49.3681945800781, 2007706, 5, 95
2019.79322666, 52.6186512224686, 137.402323136163, 49.3648872375488, 2007706, 5, 95
2019.79322666, 52.6187661465066, 137.402304788931, 49.3725624084473, 2007706, 5, 94
2019.79322666, 52.6188938823685, 137.402284462017, 49.3690376281738, 2007706, 5, 94
2019.79322666, 52.6190216432124, 137.402264212269, 49.377384185791, 2007706, 5, 94
2019.79322666, 52.6191557763146, 137.402242991226, 49.3787841796875, 2007706, 5, 95
2019.79322666, 52.6192834729624, 137.402222808571, 49.3979721069336, 2007706, 5, 94
2019.79322666, 52.6194111111927, 137.402202668597, 49.4074401855469, 2007706, 5, 94
2019.79322666, 52.6195577717769, 137.402179497868, 49.3984413146973, 2007706, 5, 94
2019.79322666, 52.6196915515301, 137.402158338858, 49.4170837402344, 2007706, 5, 94
2019.79322666, 52.6198378612508, 137.402135122443, 49.4150085449219, 2007706, 5, 94
2019.79322666, 52.6199711164907, 137.402113781005, 49.404857635498, 2007706, 5, 94
2019.79322667, 52.6452777782169, 137.398089990969, 48.141918182373, 2007706, 5, 81
2019.79322667, 52.6453790713574, 137.398073787085, 48.1319465637207, 2007706, 5, 81
2019.79322667, 52.6454804248974, 137.398057584195, 48.1364479064941, 2007706, 5, 81
2019.79322667, 52.6455818323432, 137.398041347285, 48.1278953552246, 2007706, 5, 93
2019.79322667, 52.6456833078602, 137.398025086392, 48.1289825439453, 2007706, 5, 93
2019.79322667, 52.6457848606911, 137.39800882044, 48.1202812194824, 2007706, 5, 94
2019.79322667, 52.6458801415699, 137.397993553299, 48.1176681518555, 2007706, 5, 86
2019.79322667, 52.6459818493299, 137.397977245736, 48.1272506713867, 2007706, 5, 86
2019.79322667, 52.6460836520425, 137.397960941123, 48.0934371948242, 2007706, 5, 94
2019.79322667, 52.6461855339655, 137.397944611925, 48.0948181152344, 2007706, 5, 94
2019.79322667, 52.6462874994851, 137.397928276968, 48.0971031188965, 2007706, 5, 94
2019.79322667, 52.6463831701938, 137.397912963519, 48.0988540649414, 2007706, 5, 94
2019.79322667, 52.6464852765872, 137.397896618262, 48.0893096923828, 2007706, 5, 94
2019.79322667, 52.6465876551677, 137.397880315521, 48.0834121704102, 2007706, 5, 93
2019.79322667, 52.6466900716239, 137.397864006721, 48.0854263305664, 2007706, 5, 93
2019.79322667, 52.6467989127655, 137.397846669594, 48.076488494873, 2007706, 5, 94
2019.79322667, 52.6469077538253, 137.397829331401, 48.0719108581543, 2007706, 5, 94
2019.79322667, 52.647010175979, 137.397813011838, 48.0737495422363, 2007706, 5, 95
2019.79322667, 52.6471125547582, 137.397796680651, 48.0600357055664, 2007706, 5, 95
2019.79322667, 52.6472148823325, 137.397780352056, 48.0485420227051, 2007706, 5, 95
2019.79322667, 52.6473171406658, 137.397764026449, 48.0549392700195, 2007706, 5, 95
2019.79322667, 52.6474256999339, 137.397746678124, 48.0430183410645, 2007706, 5, 96
2019.79322667, 52.6475277776778, 137.397730361833, 48.0469169616699, 2007706, 5, 96
2019.79322667, 52.6476361234953, 137.397713026395, 48.0455207824707, 2007706, 5, 96
2019.79322667, 52.6477380585425, 137.397696771663, 48.0391578674316, 2007706, 5, 96
2019.79322667, 52.6478522731357, 137.397678322274, 48.0383262634277, 2007706, 5, 95
2019.79322667, 52.6479600403283, 137.39766094398, 48.0214195251465, 2007706, 5, 95
2019.79322667, 52.6480550646857, 137.397645660311, 48.0351219177246, 2007706, 5, 96
2019.79322667, 52.6481626946546, 137.397628394712, 48.0419960021973, 2007706, 5, 96
2019.79322667, 52.6482702779757, 137.397611195019, 48.0485572814941, 2007706, 5, 96
2019.79322667, 52.6483778281062, 137.397594069821, 48.0362663269043, 2007706, 5, 96
2019.79322667, 52.6484853772499, 137.397577046291, 48.0356712341309, 2007706, 5, 96
2019.79322667, 52.6485929304201, 137.397560110193, 48.0306587219238, 2007706, 5, 95
2019.79322667, 52.6487005114103, 137.397543267742, 48.0249328613281, 2007706, 5, 95
2019.79322667, 52.6488081330497, 137.397526528331, 48.0287437438965, 2007706, 5, 95
2019.79322667, 52.6489094774964, 137.397510867003, 48.0327033996582, 2007706, 5, 95
2019.79322667, 52.6490171780788, 137.397494272748, 48.0057029724121, 2007706, 5, 94
2019.79322667, 52.6491251787231, 137.397477971598, 47.9996337890625, 2007706, 5, 94
2019.79322667, 52.649226877956, 137.397462682309, 48.0272026062012, 2007706, 5, 94
2019.79322667, 52.6493286303353, 137.39744743874, 48.0378837585449, 2007706, 5, 94
2019.79322667, 52.6494304146284, 137.397432193772, 48.0221939086914, 2007706, 5, 94
2019.79322667, 52.6495322301866, 137.397416947304, 48.0166130065918, 2007706, 5, 94
2019.79322667, 52.6496404310902, 137.397400714351, 48.0277862548828, 2007706, 5, 94
2019.79322667, 52.6497486478323, 137.397384441792, 47.9992828369141, 2007706, 5, 94
2019.79322667, 52.6498505062759, 137.397369063215, 48.0072631835938, 2007706, 5, 96
2019.79322668, 52.6499587246117, 137.397352642683, 48.0034027099609, 2007706, 5, 96
2019.79322668, 52.6500542075695, 137.397338082973, 47.9955406188965, 2007706, 5, 95
2019.79322668, 52.6501623959607, 137.397321459457, 47.9977951049805, 2007706, 5, 95
2019.79322668, 52.6502706169592, 137.397304785215, 47.9949760437012, 2007706, 5, 94
2019.79322668, 52.6503722727033, 137.397288794057, 47.9910354614258, 2007706, 5, 94
2019.79322668, 52.6504866100852, 137.397270657152, 47.9835662841797, 2007706, 5, 94
2019.79322668, 52.6505945845085, 137.397253431857, 47.9870567321777, 2007706, 5, 95
2019.79322668, 52.6507025537305, 137.397236103196, 47.9807968139648, 2007706, 5, 95
2019.79322668, 52.6508232229616, 137.397216632832, 47.9696273803711, 2007706, 5, 95
2019.79322668, 52.6509375551556, 137.397198108913, 47.9737510681152, 2007706, 5, 95
2019.79322668, 52.6510582510725, 137.397178475208, 47.9758567810059, 2007706, 5, 93
2019.79322668, 52.6511726185156, 137.397159826097, 47.981273651123, 2007706, 5, 93
2019.79322668, 52.6512870218523, 137.397141155274, 47.963809967041, 2007706, 5, 92
2019.79322668, 52.6514014545496, 137.397122465237, 47.9904670715332, 2007706, 5, 92
2019.79322668, 52.6515095174152, 137.397104790051, 47.9726295471191, 2007706, 5, 92
2019.79322668, 52.6516241124769, 137.397086171945, 47.9700660705566, 2007706, 5, 92
2019.79322668, 52.6517387357526, 137.397067562895, 47.9721412658691, 2007706, 5, 92
2019.79322668, 52.6518533893423, 137.397049003446, 47.9675445556641, 2007706, 5, 89
2019.79322668, 52.6519680638989, 137.397030486531, 47.9608612060547, 2007706, 5, 89
2019.79322668, 52.6520827489784, 137.397012022773, 47.9510154724121, 2007706, 5, 88
2019.79322668, 52.6521974315121, 137.396993591943, 47.9578895568848, 2007706, 5, 93
2019.79322668, 52.6523184779406, 137.39697420659, 47.9437217712402, 2007706, 5, 94
2019.79322668, 52.6524331407976, 137.396955903581, 47.9457588195801, 2007706, 5, 94
2019.79322668, 52.6525414096143, 137.396938671271, 47.950511932373, 2007706, 5, 95
2019.79322668, 52.6526560156864, 137.396920472903, 47.9471702575684, 2007706, 5, 95
2019.79322668, 52.6527769546892, 137.396901330908, 47.9529495239258, 2007706, 5, 94
2019.79322668, 52.6528914741141, 137.396883274402, 47.9358291625977, 2007706, 5, 94
2019.79322668, 52.6530059453918, 137.396865260702, 47.9324340820312, 2007706, 5, 95
2019.79322668, 52.6531203719025, 137.396847319492, 47.9416389465332, 2007706, 5, 95
2019.79322668, 52.6532410966283, 137.39682841511, 47.9345474243164, 2007706, 5, 95
2019.79322668, 52.653355414595, 137.396810555369, 47.9150848388672, 2007706, 5, 94
2019.79322668, 52.6534696892068, 137.396792742086, 47.9183502197266, 2007706, 5, 94
2019.79322668, 52.6535966010025, 137.396772980435, 47.9320907592773, 2007706, 5, 93
2019.79322668, 52.6537234548847, 137.396753230996, 47.9088935852051, 2007706, 5, 93
2019.79322668, 52.6538439286891, 137.396734513028, 47.9410667419434, 2007706, 5, 96
2019.79322668, 52.6539707063614, 137.396714823229, 47.9312400817871, 2007706, 5, 96
2019.79322668, 52.654091143827, 137.396696126966, 47.9199714660645, 2007706, 5, 94
2019.79322668, 52.6542114484903, 137.396677408503, 47.9108657836914, 2007706, 5, 94
2019.79322668, 52.6543254313775, 137.396659684058, 47.9134750366211, 2007706, 5, 94
2019.79322668, 52.6544457616895, 137.396640958857, 47.9262237548828, 2007706, 5, 94
2019.79322668, 52.6545661293523, 137.396622221908, 47.9076194763184, 2007706, 5, 95
2019.79322668, 52.6546992161373, 137.396601472493, 47.9309349060059, 2007706, 5, 95
2019.79322668, 52.654819702529, 137.396582693289, 47.918285369873, 2007706, 5, 93
2019.79322668, 52.6549466022387, 137.39656288158, 47.9021453857422, 2007706, 5, 93
2019.79322668, 52.6550735873637, 137.396543025169, 47.898494720459, 2007706, 5, 94
2019.79322668, 52.6552006693643, 137.396523129096, 47.9211769104004, 2007706, 5, 94
2019.79322668, 52.6553214021859, 137.396504182853, 47.9032592773438, 2007706, 5, 95
2019.79322668, 52.6554424500462, 137.396485214874, 47.9178657531738, 2007706, 5, 94
2019.79322668, 52.6555699412089, 137.396465201881, 47.8976516723633, 2007706, 5, 93
2019.79322668, 52.6556974936007, 137.39644514519, 47.9016380310059, 2007706, 5, 93
2019.79322668, 52.6558314573904, 137.39642400549, 47.9199981689453, 2007706, 5, 94
2019.79322668, 52.6559781988744, 137.396400792008, 47.8973159790039, 2007706, 5, 94
2019.79322668, 52.6561185577509, 137.396378531112, 47.9083442687988, 2007706, 5, 93
2019.79322668, 52.6562652530817, 137.3963551805, 47.8887786865234, 2007706, 5, 94
2019.79322668, 52.6563927597863, 137.396334810012, 47.8802032470703, 2007706, 5, 94
2019.79322668, 52.6565265904885, 137.39631340155, 47.8982162475586, 2007706, 5, 95
2019.79322668, 52.656647620698, 137.39629398021, 47.871223449707, 2007706, 5, 95
2019.79322668, 52.6567620580907, 137.396275513103, 47.8832855224609, 2007706, 5, 95
2019.79322668, 52.6568891526738, 137.396254984789, 47.8787231445312, 2007706, 5, 95
2019.79322668, 52.657009842442, 137.39623547097, 47.8672180175781, 2007706, 5, 96
2019.79322668, 52.6571241498642, 137.396216988351, 47.8657569885254, 2007706, 5, 96
2019.79322668, 52.6572384292148, 137.39619851213, 47.8725662231445, 2007706, 5, 96
2019.79322668, 52.6573526997697, 137.396180064069, 47.8697509765625, 2007706, 5, 96
2019.79322668, 52.6574859980935, 137.3961585512, 47.8708114624023, 2007706, 5, 96
2019.79322668, 52.6576066051319, 137.396139121889, 47.8608589172363, 2007706, 5, 95
2019.79322668, 52.6577208710921, 137.396120754205, 47.8591690063477, 2007706, 5, 95
2019.79322668, 52.657835024113, 137.396102441205, 47.8495903015137, 2007706, 5, 95
2019.79322668, 52.6579494758365, 137.39608415657, 47.8614463806152, 2007706, 5, 95
2019.79322668, 52.6580575926201, 137.396066954116, 47.8573036193848, 2007706, 5, 95
2019.79322668, 52.6581720622361, 137.396048758894, 47.8477363586426, 2007706, 5, 95
2019.79322668, 52.658292887908, 137.396029604927, 47.8531723022461, 2007706, 5, 94
2019.79322668, 52.6584073549936, 137.396011532578, 47.8505630493164, 2007706, 5, 94
2019.79322668, 52.6585217962847, 137.395993492017, 47.8451461791992, 2007706, 5, 95
2019.79322668, 52.6586362151107, 137.395975489969, 47.8577537536621, 2007706, 5, 95
2019.79322668, 52.6587506063932, 137.395957537121, 47.8774452209473, 2007706, 5, 93
2019.79322668, 52.6588586198953, 137.395940625866, 47.8591003417969, 2007706, 5, 93
2019.79322668, 52.6589856528846, 137.395920757658, 47.8689460754395, 2007706, 5, 93
2019.79322668, 52.6591128191724, 137.395900814591, 47.8733329772949, 2007706, 5, 92
2019.79322668, 52.6592331944795, 137.395882076142, 47.8693237304688, 2007706, 5, 92
2019.79322668, 52.6593472229828, 137.395864322501, 47.8592948913574, 2007706, 5, 93
2019.79322668, 52.6594675916583, 137.395845568338, 47.8642463684082, 2007706, 5, 93
2019.79322668, 52.6595879912461, 137.395826789189, 47.8520317077637, 2007706, 5, 93
2019.79322668, 52.6597084448728, 137.395807970183, 47.8516273498535, 2007706, 5, 93
2019.79322668, 52.6598416547117, 137.395787101227, 47.8451805114746, 2007706, 5, 77
2019.79322668, 52.6599495683882, 137.395770149841, 47.8978843688965, 2007706, 5, 77
2019.79322667, 52.6183655859114, 137.403626534418, 49.4156684875488, 2007706, 6, 91
2019.79322667, 52.6184040963052, 137.403620391271, 49.3623886108398, 2007706, 6, 91
2019.79322667, 52.6184362062498, 137.403615262752, 49.3551254272461, 2007706, 6, 91
2019.79322667, 52.6184619128447, 137.403611134795, 49.3408432006836, 2007706, 6, 91
2019.79322667, 52.6184940501227, 137.403606030197, 49.3359794616699, 2007706, 6, 91
2019.79322667, 52.6185197747253, 137.403601916168, 49.3530960083008, 2007706, 6, 93
2019.79322667, 52.6185519367736, 137.40359681403, 49.3431625366211, 2007706, 6, 93
2019.79322667, 52.6185776760463, 137.403592722401, 49.3386650085449, 2007706, 6, 93
2019.79322667, 52.618609860654, 137.403587606331, 49.3314895629883, 2007706, 6, 93
2019.79322667, 52.6186356163376, 137.403583502311, 49.3445625305176, 2007706, 6, 93
2019.79322667, 52.6186678166072, 137.403578376671, 49.3689079284668, 2007706, 6, 93
2019.79322667, 52.6187000218001, 137.403573279197, 49.3543472290039, 2007706, 6, 93
2019.79322667, 52.6187322299431, 137.403568192756, 49.3566589355469, 2007706, 6, 93
2019.79322667, 52.6187580053718, 137.403564094312, 49.3549537658691, 2007706, 6, 94
2019.79322667, 52.6187902194938, 137.403559016783, 49.3518257141113, 2007706, 6, 94
2019.79322667, 52.6188224388067, 137.403553921702, 49.3560218811035, 2007706, 6, 94
2019.79322667, 52.6188546606634, 137.403548813988, 49.3868141174316, 2007706, 6, 94
2019.79322667, 52.618886882072, 137.403543692415, 49.3737640380859, 2007706, 6, 94
2019.79322667, 52.618919097456, 137.403538610139, 49.3420257568359, 2007706, 6, 94
2019.79322667, 52.6189513128744, 137.403533507162, 49.359561920166, 2007706, 6, 94
2019.79322667, 52.6189835209185, 137.403528423327, 49.3262481689453, 2007706, 6, 94
2019.79322667, 52.6190157218215, 137.403523347983, 49.3601150512695, 2007706, 6, 96
2019.79322667, 52.6190479194758, 137.403518252307, 49.3807640075684, 2007706, 6, 96
2019.79322667, 52.6190865421285, 137.403512145811, 49.3841323852539, 2007706, 6, 96
2019.79322667, 52.6191251572199, 137.403506016413, 49.3934707641602, 2007706, 6, 96
2019.79322667, 52.6191573204559, 137.403500929343, 49.3580017089844, 2007706, 6, 96
2019.79322667, 52.6191894712249, 137.403495856628, 49.3504867553711, 2007706, 6, 96
2019.79322667, 52.6192151815371, 137.403491797869, 49.3216514587402, 2007706, 6, 96
2019.79322667, 52.6192473153941, 137.403486676183, 49.3729209899902, 2007706, 6, 96
2019.79322667, 52.6192794302285, 137.403481588074, 49.3564414978027, 2007706, 6, 96
2019.79322667, 52.61931152501, 137.403476509804, 49.3569946289062, 2007706, 6, 96
2019.79322667, 52.6193371954656, 137.403472419625, 49.365665435791, 2007706, 6, 96
2019.79322667, 52.6193692611754, 137.403467350266, 49.3423309326172, 2007706, 6, 96
2019.79322667, 52.619401310858, 137.403462269127, 49.3605690002441, 2007706, 6, 96
2019.79322667, 52.6194333466763, 137.403457165606, 49.3486824035645, 2007706, 6, 96
2019.79322667, 52.6194589630332, 137.403453075671, 49.3570175170898, 2007706, 6, 96
2019.79322667, 52.6194909570064, 137.40344801021, 49.3513221740723, 2007706, 6, 96
2019.79322667, 52.6195229345728, 137.403442914454, 49.3407516479492, 2007706, 6, 96
2019.79322667, 52.6195548938834, 137.40343781677, 49.3530807495117, 2007706, 6, 96
2019.79322667, 52.6195868319539, 137.403432723739, 49.3356475830078, 2007706, 6, 96
2019.79322667, 52.6196191252479, 137.403427810205, 49.3515739440918, 2007706, 6, 96
2019.79322667, 52.6196508728727, 137.403422646665, 49.3509101867676, 2007706, 6, 96
2019.79322667, 52.6196762611022, 137.403418485258, 49.371696472168, 2007706, 6, 96
2019.79322667, 52.6197143102157, 137.403412295526, 49.3931045532227, 2007706, 6, 96
2019.79322667, 52.6197586650916, 137.403405061197, 49.3882102966309, 2007706, 6, 94
2019.79322667, 52.6197966534202, 137.403398876576, 49.3673553466797, 2007706, 6, 94
2019.79322667, 52.6198282922499, 137.403393712573, 49.3525657653809, 2007706, 6, 94
2019.79322667, 52.6198725524341, 137.403386517097, 49.3889045715332, 2007706, 6, 94
2019.79322667, 52.6199167849101, 137.403379307607, 49.3581123352051, 2007706, 6, 94
2019.79322667, 52.6199483643877, 137.403374142851, 49.382396697998, 2007706, 6, 94
2019.79322667, 52.6199925472758, 137.403366939675, 49.3827972412109, 2007706, 6, 94
2019.79322667, 52.6200430077435, 137.403358743912, 49.3822135925293, 2007706, 6, 94
2019.79322667, 52.6200808398437, 137.403352575222, 49.3915824890137, 2007706, 6, 94
2019.79322667, 52.6201186499392, 137.40334645484, 49.3840179443359, 2007706, 6, 94
2019.79322667, 52.6201501553261, 137.403341318988, 49.3358993530273, 2007706, 6, 94
2019.79322667, 52.6201879393309, 137.403335218394, 49.345272064209, 2007706, 6, 94
2019.79322667, 52.6202194257131, 137.403330115179, 49.3864326477051, 2007706, 6, 94
2019.79322668, 52.6440034264241, 137.399580100997, 48.1501274108887, 2007706, 6, 56
2019.79322668, 52.6440353842425, 137.399575055369, 48.1605224609375, 2007706, 6, 56
2019.79322668, 52.6440609611354, 137.399571019693, 48.1547813415527, 2007706, 6, 56
2019.79322668, 52.6440865500743, 137.399566973832, 48.1616744995117, 2007706, 6, 56
2019.79322668, 52.6441121431029, 137.399562949919, 48.1522979736328, 2007706, 6, 56
2019.79322668, 52.6441377417127, 137.399558932421, 48.1590042114258, 2007706, 6, 56
2019.79322668, 52.6441633521137, 137.399554907888, 48.1570663452148, 2007706, 6, 56
2019.79322668, 52.6441889698609, 137.399550886464, 48.1773376464844, 2007706, 6, 56
2019.79322668, 52.6442081882596, 137.399547866592, 48.1687240600586, 2007706, 6, 56
2019.79322668, 52.6442338162728, 137.399543859012, 48.1572265625, 2007706, 6, 56
2019.79322668, 52.6442594491565, 137.399539859535, 48.1574325561523, 2007706, 6, 93
2019.79322668, 52.6442850923009, 137.399535843628, 48.1457977294922, 2007706, 6, 93
2019.79322668, 52.6443107379674, 137.399531841949, 48.1598205566406, 2007706, 6, 93
2019.79322668, 52.6443363865912, 137.399527844644, 48.1580200195312, 2007706, 6, 93
2019.79322668, 52.6443684554012, 137.399522857663, 48.1548004150391, 2007706, 6, 93
2019.79322668, 52.6443941165376, 137.399518865616, 48.1404609680176, 2007706, 6, 93
2019.79322668, 52.6444197814803, 137.399514873694, 48.1546669006348, 2007706, 6, 93
2019.79322668, 52.6444454507125, 137.39951088474, 48.1459846496582, 2007706, 6, 93
2019.79322668, 52.6444647063924, 137.399507880406, 48.1304779052734, 2007706, 6, 93
2019.79322668, 52.6444903798108, 137.399503895516, 48.1334609985352, 2007706, 6, 93
2019.79322668, 52.6445160561439, 137.399499915122, 48.126350402832, 2007706, 6, 88
2019.79322668, 52.6445417343462, 137.399495932768, 48.1402549743652, 2007706, 6, 88
2019.79322668, 52.6445738309124, 137.399490966757, 48.1422157287598, 2007706, 6, 88
2019.79322668, 52.644599512974, 137.399486987158, 48.1545867919922, 2007706, 6, 88
2019.79322668, 52.6446251972412, 137.399482998903, 48.1462326049805, 2007706, 6, 88
2019.79322668, 52.6446508803239, 137.39947902141, 48.153980255127, 2007706, 6, 88
2019.79322668, 52.6446765656607, 137.399475038547, 48.135684967041, 2007706, 6, 88
2019.79322668, 52.6447022481589, 137.399471066311, 48.1503295898438, 2007706, 6, 88
2019.79322668, 52.6447343503754, 137.399466106482, 48.142448425293, 2007706, 6, 88
2019.79322668, 52.6447600324846, 137.399462128906, 48.1384582519531, 2007706, 6, 94
2019.79322668, 52.6447857140156, 137.399458137608, 48.1534385681152, 2007706, 6, 94
2019.79322668, 52.6448113943679, 137.399454160038, 48.1439361572266, 2007706, 6, 94
2019.79322668, 52.6448434879997, 137.399449202942, 48.1473999023438, 2007706, 6, 94
2019.79322668, 52.6448691653828, 137.399445210937, 48.137393951416, 2007706, 6, 94
2019.79322668, 52.6448948391787, 137.399441229806, 48.1486892700195, 2007706, 6, 94
2019.79322668, 52.6449205085429, 137.399437252475, 48.1430549621582, 2007706, 6, 94
2019.79322668, 52.6449525890058, 137.399432293396, 48.1340560913086, 2007706, 6, 94
2019.79322668, 52.6449782549348, 137.399428292715, 48.1455574035645, 2007706, 6, 94
2019.79322668, 52.6450039116825, 137.399424311683, 48.1494255065918, 2007706, 6, 95
2019.79322668, 52.6450361519916, 137.399419426635, 48.1371002197266, 2007706, 6, 95
2019.79322668, 52.6450617474195, 137.399415415971, 48.1330795288086, 2007706, 6, 95
2019.79322668, 52.645087338748, 137.399411403526, 48.1412467956543, 2007706, 6, 95
2019.79322668, 52.6451129269831, 137.399407385421, 48.1398162841797, 2007706, 6, 95
2019.79322668, 52.6451385121558, 137.399403356488, 48.1208076477051, 2007706, 6, 95
2019.79322668, 52.6451640911968, 137.399399341578, 48.1078758239746, 2007706, 6, 95
2019.79322668, 52.6451896664515, 137.399395317155, 48.1257095336914, 2007706, 6, 95
2019.79322668, 52.6452152348184, 137.399391295388, 48.128662109375, 2007706, 6, 95
2019.79322668, 52.6452408008185, 137.399387274323, 48.1376762390137, 2007706, 6, 95
2019.79322668, 52.6452727512067, 137.399382249803, 48.143009185791, 2007706, 6, 94
2019.79322668, 52.6452983064692, 137.399378229194, 48.1172523498535, 2007706, 6, 94
2019.79322668, 52.6453238590495, 137.399374203648, 48.1241188049316, 2007706, 6, 94
2019.79322668, 52.6453494096039, 137.399370159329, 48.1201057434082, 2007706, 6, 94
2019.79322668, 52.645374953451, 137.399366130421, 48.125602722168, 2007706, 6, 94
2019.79322668, 52.6454004923563, 137.399362102126, 48.1103477478027, 2007706, 6, 94
2019.79322668, 52.645426026748, 137.399358064574, 48.0982971191406, 2007706, 6, 94
2019.79322668, 52.6454515581885, 137.399354030379, 48.1089134216309, 2007706, 6, 94
2019.79322668, 52.6454834647963, 137.399349003042, 48.0923919677734, 2007706, 6, 94
2019.79322668, 52.6455089876615, 137.399344964098, 48.105640411377, 2007706, 6, 95
2019.79322668, 52.6455345082086, 137.399340918055, 48.0859870910645, 2007706, 6, 95
2019.79322668, 52.6455600229725, 137.399336879555, 48.0846252441406, 2007706, 6, 95
2019.79322668, 52.6455919089149, 137.39933184352, 48.082691192627, 2007706, 6, 95
2019.79322668, 52.6456174172065, 137.399327798363, 48.0832481384277, 2007706, 6, 95
2019.79322668, 52.6456429199459, 137.399323747685, 48.0803565979004, 2007706, 6, 95
2019.79322668, 52.6456684183533, 137.39931971134, 48.0733451843262, 2007706, 6, 95
2019.79322668, 52.6456939138517, 137.399315674122, 48.0802841186523, 2007706, 6, 95
2019.79322668, 52.6457194082875, 137.399311621056, 48.085277557373, 2007706, 6, 95
2019.79322668, 52.6457448977066, 137.39930757739, 48.0755767822266, 2007706, 6, 95
2019.79322668, 52.6457767543038, 137.399302532152, 48.0842933654785, 2007706, 6, 95
2019.79322668, 52.6458022374148, 137.399298486719, 48.0788726806641, 2007706, 6, 95
2019.79322668, 52.6458277179371, 137.39929443594, 48.0790977478027, 2007706, 6, 95
2019.79322668, 52.6458531958398, 137.39929038351, 48.0939826965332, 2007706, 6, 95
2019.79322668, 52.6458786676408, 137.399286339164, 48.0982284545898, 2007706, 6, 95
2019.79322668, 52.6459041386151, 137.399282299756, 48.0958137512207, 2007706, 6, 95
2019.79322668, 52.6459296080323, 137.399278249305, 48.0838241577148, 2007706, 6, 95
2019.79322668, 52.6459550738281, 137.399274207678, 48.0844497680664, 2007706, 6, 95
2019.79322668, 52.6459805380168, 137.399270159377, 48.091682434082, 2007706, 6, 95
2019.79322668, 52.6460059989709, 137.399266115936, 48.0738143920898, 2007706, 6, 94
2019.79322668, 52.6460378218714, 137.399261071383, 48.0903434753418, 2007706, 6, 94
2019.79322668, 52.6460632777292, 137.399257029541, 48.0817680358887, 2007706, 6, 94
2019.79322668, 52.6460887300788, 137.399252983182, 48.1003265380859, 2007706, 6, 94
2019.79322668, 52.6461078209124, 137.399249944435, 48.089656829834, 2007706, 6, 94
2019.79322668, 52.6461332720929, 137.399245902228, 48.0962028503418, 2007706, 6, 94
2019.79322668, 52.6461587207961, 137.399241862074, 48.0870742797852, 2007706, 6, 94
2019.79322668, 52.6461841680673, 137.39923782309, 48.1156158447266, 2007706, 6, 94
2019.79322668, 52.6462096133697, 137.399233783984, 48.1036834716797, 2007706, 6, 94
2019.79322668, 52.6462350585295, 137.399229742761, 48.1067848205566, 2007706, 6, 94
2019.79322668, 52.6462604999301, 137.399225709834, 48.1090774536133, 2007706, 6, 95
2019.79322668, 52.6462922178353, 137.399220712898, 48.1122970581055, 2007706, 6, 95
2019.79322668, 52.6463176762995, 137.399216672645, 48.0948257446289, 2007706, 6, 95
2019.79322668, 52.6463431359296, 137.399212619905, 48.1014060974121, 2007706, 6, 95
2019.79322668, 52.6463749545459, 137.399207581774, 48.1002159118652, 2007706, 6, 95
2019.79322668, 52.6464004098118, 137.399203542253, 48.095645904541, 2007706, 6, 95
2019.79322668, 52.6464258627265, 137.399199507334, 48.103687286377, 2007706, 6, 95
2019.79322668, 52.646451316201, 137.399195465907, 48.091854095459, 2007706, 6, 95
2019.79322668, 52.6464831281825, 137.39919043298, 48.096019744873, 2007706, 6, 95
2019.79322668, 52.6465085745376, 137.399186405504, 48.0928802490234, 2007706, 6, 93
2019.79322668, 52.6465340238238, 137.399182365608, 48.0922203063965, 2007706, 6, 93
2019.79322668, 52.6465594699839, 137.399178339803, 48.0951805114746, 2007706, 6, 93
2019.79322668, 52.6465849136836, 137.399174319166, 48.0859184265137, 2007706, 6, 93
2019.79322668, 52.6466103569, 137.399170300313, 48.0934906005859, 2007706, 6, 93
2019.79322668, 52.6466421559311, 137.399165290237, 48.0857315063477, 2007706, 6, 93
2019.79322668, 52.6466675953989, 137.399161275876, 48.0834770202637, 2007706, 6, 93
2019.79322668, 52.6466930331506, 137.399157262597, 48.0940170288086, 2007706, 6, 93
2019.79322668, 52.6467184692625, 137.39915325172, 48.1111450195312, 2007706, 6, 93
2019.79322668, 52.6467439013449, 137.399149246575, 48.1067428588867, 2007706, 6, 93
2019.79322668, 52.6467693344897, 137.399145244316, 48.0967712402344, 2007706, 6, 95
2019.79322668, 52.6467947645613, 137.399141247351, 48.0827217102051, 2007706, 6, 95
2019.79322668, 52.6468201933633, 137.399137250605, 48.0939331054688, 2007706, 6, 95
2019.79322668, 52.6468392665676, 137.399134243977, 48.0948944091797, 2007706, 6, 95
2019.79322668, 52.6468710468564, 137.399129264422, 48.0952453613281, 2007706, 6, 95
2019.79322668, 52.6468964704997, 137.399125277584, 48.0951766967773, 2007706, 6, 95
2019.79322668, 52.6469218914555, 137.399121295712, 48.0826644897461, 2007706, 6, 95
2019.79322668, 52.6469409561022, 137.399118299321, 48.0856056213379, 2007706, 6, 95
2019.79322668, 52.6469663745162, 137.399114318131, 48.0646743774414, 2007706, 6, 95
2019.79322668, 52.6469917912086, 137.399110343738, 48.0676383972168, 2007706, 6, 95
2019.79322668, 52.6470235556632, 137.399105394312, 48.0566825866699, 2007706, 6, 95
2019.79322668, 52.6470489677951, 137.399101424547, 48.0549774169922, 2007706, 6, 95
2019.79322668, 52.6470743792114, 137.399097447228, 48.0581169128418, 2007706, 6, 95
2019.79322668, 52.6470997856282, 137.399093489066, 48.0684623718262, 2007706, 6, 95
2019.79322668, 52.6471315407008, 137.399088550922, 48.0732421875, 2007706, 6, 95
2019.79322668, 52.6471569408736, 137.39908459677, 48.0576667785645, 2007706, 6, 95
2019.79322668, 52.6471823403473, 137.399080647306, 48.0594100952148, 2007706, 6, 95
2019.79322668, 52.6472077375913, 137.399076703154, 48.0664291381836, 2007706, 6, 95
2019.79322668, 52.6472331334101, 137.399072754825, 48.0677795410156, 2007706, 6, 95
2019.79322668, 52.6472585281749, 137.399068806971, 48.0702247619629, 2007706, 6, 95
2019.79322668, 52.6472839187528, 137.399064866993, 48.0615196228027, 2007706, 6, 95
2019.79322668, 52.6473093063458, 137.399060933089, 48.0520324707031, 2007706, 6, 95
2019.79322668, 52.647334692185, 137.399057000714, 48.0730438232422, 2007706, 6, 95
2019.79322668, 52.6473664177763, 137.399052104608, 48.050651550293, 2007706, 6, 95
2019.79322668, 52.6473917958326, 137.399048177682, 48.0568046569824, 2007706, 6, 95
2019.79322668, 52.6474171738969, 137.39904425494, 48.0658721923828, 2007706, 6, 95
2019.79322668, 52.6474425500473, 137.399040325588, 48.044490814209, 2007706, 6, 95
2019.79322668, 52.6474679214032, 137.399036413629, 48.0404739379883, 2007706, 6, 95
2019.79322668, 52.6474932918832, 137.399032491768, 48.0407791137695, 2007706, 6, 95
2019.79322668, 52.6475186578584, 137.399028582684, 48.0262794494629, 2007706, 6, 96
2019.79322668, 52.6475503603847, 137.399023711977, 48.0551223754883, 2007706, 6, 96
2019.79322668, 52.6475756759006, 137.399019682709, 48.0389099121094, 2007706, 6, 96
2019.79322668, 52.647601046906, 137.399015802423, 48.0585327148438, 2007706, 6, 96
2019.79322668, 52.6476264153939, 137.399011935249, 48.0493431091309, 2007706, 6, 96
2019.79322668, 52.6476581192814, 137.39900711657, 48.0583343505859, 2007706, 6, 96
2019.79322668, 52.6476834811509, 137.399003251595, 48.0321922302246, 2007706, 6, 96
2019.79322668, 52.6477088402346, 137.398999392171, 48.0397033691406, 2007706, 6, 94
2019.79322668, 52.6477341983609, 137.398995517275, 48.0372009277344, 2007706, 6, 94
2019.79322668, 52.6477595522807, 137.398991652331, 48.0554237365723, 2007706, 6, 94
2019.79322668, 52.6477912360558, 137.398986843814, 48.0603332519531, 2007706, 6, 94
2019.79322668, 52.6478165806248, 137.398982980325, 48.0429420471191, 2007706, 6, 94
2019.79322668, 52.647841924388, 137.398979119174, 48.048038482666, 2007706, 6, 94
2019.79322668, 52.6478672623586, 137.398975267316, 48.0317077636719, 2007706, 6, 94
2019.79322668, 52.647892600149, 137.39897140067, 48.0320854187012, 2007706, 6, 94
2019.79322668, 52.6479179348277, 137.398967530161, 48.0395393371582, 2007706, 6, 94
2019.79322668, 52.6479432641839, 137.398963670792, 48.0354423522949, 2007706, 6, 94
2019.79322668, 52.6479685920556, 137.398959800018, 48.0436210632324, 2007706, 6, 94
2019.79322668, 52.6479939157556, 137.398955938129, 48.0408744812012, 2007706, 6, 94
2019.79322668, 52.6480192343363, 137.398952069643, 48.0300788879395, 2007706, 6, 95
2019.79322668, 52.648050878208, 137.398947246229, 48.0410385131836, 2007706, 6, 95
2019.79322668, 52.6480761902947, 137.398943378979, 48.0155258178711, 2007706, 6, 95
2019.79322668, 52.6481015016875, 137.398939495187, 48.0290260314941, 2007706, 6, 95
2019.79322668, 52.6481268109674, 137.398935608198, 48.0324440002441, 2007706, 6, 95
2019.79322668, 52.6481584368649, 137.3989307741, 48.0243759155273, 2007706, 6, 95
2019.79322668, 52.6481837389932, 137.398926877717, 48.0234680175781, 2007706, 6, 95
2019.79322669, 52.6482153562799, 137.398922033646, 48.0265121459961, 2007706, 6, 95
2019.79322669, 52.6482406475349, 137.398918138794, 48.0365753173828, 2007706, 6, 95
2019.79322669, 52.6482659364762, 137.39891424657, 48.0285835266113, 2007706, 6, 95
2019.79322669, 52.6482912230117, 137.398910349899, 48.0250816345215, 2007706, 6, 95
2019.79322669, 52.6483165066407, 137.398906447001, 48.0258026123047, 2007706, 6, 95
2019.79322669, 52.6483417893691, 137.398902533703, 48.0384635925293, 2007706, 6, 95
2019.79322669, 52.6483670692673, 137.398898611169, 48.0183219909668, 2007706, 6, 95
2019.79322669, 52.6483923445638, 137.398894694689, 48.0233573913574, 2007706, 6, 95
2019.79322669, 52.64842393256, 137.398889809297, 48.0363845825195, 2007706, 6, 95
2019.79322669, 52.6484492004932, 137.398885880547, 48.018928527832, 2007706, 6, 95
2019.79322669, 52.6484744717699, 137.398881929807, 48.016731262207, 2007706, 6, 95
2019.79322669, 52.6485060495721, 137.398877023618, 48.0124092102051, 2007706, 6, 95
2019.79322669, 52.6485313126477, 137.39887307323, 48.013313293457, 2007706, 6, 95
2019.79322669, 52.6485565754151, 137.398869109924, 48.0126571655273, 2007706, 6, 95
2019.79322669, 52.6485818334215, 137.398865154021, 48.0142059326172, 2007706, 6, 95
2019.79322669, 52.6486134029281, 137.398860209091, 48.0317306518555, 2007706, 6, 95
2019.79322669, 52.6486386593425, 137.398856226658, 47.9995155334473, 2007706, 6, 95
2019.79322669, 52.6486639095132, 137.398852254596, 48.0165939331055, 2007706, 6, 95
2019.79322669, 52.6486891618252, 137.398848266319, 48.0088806152344, 2007706, 6, 95
2019.79322669, 52.6487144120721, 137.398844278797, 48.0207214355469, 2007706, 6, 95
2019.79322669, 52.6487459692443, 137.398839305724, 48.0118560791016, 2007706, 6, 95
2019.79322669, 52.6487712208834, 137.398835285678, 47.9997253417969, 2007706, 6, 85
2019.79322669, 52.6487964669694, 137.398831280766, 48.0108375549316, 2007706, 6, 85
2019.79322669, 52.6488282270111, 137.39882640627, 48.0229797363281, 2007706, 6, 85
2019.79322669, 52.6488534221855, 137.398822341909, 48.016227722168, 2007706, 6, 85
2019.79322669, 52.6488786144628, 137.398818275218, 48.0128402709961, 2007706, 6, 85
2019.79322669, 52.648903808839, 137.398814201098, 48.0439949035645, 2007706, 6, 85
2019.79322669, 52.6489352991044, 137.398809121607, 48.0112037658691, 2007706, 6, 85
2019.79322669, 52.6489604968483, 137.398805022902, 48.0205688476562, 2007706, 6, 85
2019.79322669, 52.6489856945895, 137.398800930109, 48.0305252075195, 2007706, 6, 85
2019.79322669, 52.6490171892506, 137.39879582714, 48.0179443359375, 2007706, 6, 54
2019.79322669, 52.6490423929959, 137.398791707563, 48.0278053283691, 2007706, 6, 54
2019.79322669, 52.6490738916102, 137.398786600277, 48.0003890991211, 2007706, 6, 54
2019.79322669, 52.6490991003983, 137.398782459519, 47.9965744018555, 2007706, 6, 54
2019.79322669, 52.6491306091623, 137.398777329187, 48.0080986022949, 2007706, 6, 54
2019.79322669, 52.6491621266708, 137.398772170252, 48.004695892334, 2007706, 6, 54
2019.79322669, 52.649187349636, 137.398768016666, 48.025089263916, 2007706, 6, 54
2019.79322669, 52.6492188767739, 137.398762852669, 47.9960975646973, 2007706, 6, 54
2019.79322669, 52.6570214081771, 137.39752450621, 47.9012145996094, 2007706, 6, 59
2019.79322669, 52.6570860198275, 137.397514823869, 47.8968925476074, 2007706, 6, 59
2019.79322669, 52.6571570643096, 137.397504141721, 47.8888854980469, 2007706, 6, 59
2019.79322669, 52.6572151545658, 137.397495396354, 47.9054183959961, 2007706, 6, 87
2019.79322669, 52.6572667584021, 137.397487606886, 47.9116554260254, 2007706, 6, 94
2019.79322669, 52.6573183249931, 137.397479795204, 47.9024085998535, 2007706, 6, 94
2019.79322669, 52.6573634244769, 137.397472896146, 47.8793754577637, 2007706, 6, 94
2019.79322669, 52.6574020503795, 137.39746699596, 47.8537712097168, 2007706, 6, 94
2019.79322669, 52.6574406431004, 137.397461119633, 47.8673362731934, 2007706, 6, 94
2019.79322669, 52.6574792167555, 137.397455189052, 47.872127532959, 2007706, 6, 94
2019.79322669, 52.6575113418452, 137.397450221489, 47.8673858642578, 2007706, 6, 95
2019.79322669, 52.6575498547677, 137.397444295644, 47.8827514648438, 2007706, 6, 95
2019.79322669, 52.6575819374495, 137.397439284669, 47.876163482666, 2007706, 6, 95
2019.79322669, 52.6576204009692, 137.397433298224, 47.8890838623047, 2007706, 6, 95
2019.79322669, 52.6576588250609, 137.397427331808, 47.8490333557129, 2007706, 6, 95
2019.79322669, 52.6576908240415, 137.397422325548, 47.8435249328613, 2007706, 6, 95
2019.79322669, 52.6577164129296, 137.397418272755, 47.8300018310547, 2007706, 6, 95
2019.79322669, 52.6577551594888, 137.397412718014, 47.8872184753418, 2007706, 6, 95
2019.79322669, 52.6577869332094, 137.397407469362, 47.8463134765625, 2007706, 6, 95
2019.79322669, 52.6578186800716, 137.397402223458, 47.8548736572266, 2007706, 6, 95
2019.79322669, 52.6578567396656, 137.397395954468, 47.8664016723633, 2007706, 6, 95
2019.79322669, 52.6578884389983, 137.397390674814, 47.8561782836914, 2007706, 6, 95
2019.79322669, 52.6579264497516, 137.397384338146, 47.8776168823242, 2007706, 6, 95
2019.79322669, 52.6579644198641, 137.397378043821, 47.8983612060547, 2007706, 6, 95
2019.79322669, 52.6579960519045, 137.397372739605, 47.8482818603516, 2007706, 6, 95
2019.79322669, 52.6580276602648, 137.397367458405, 47.8500900268555, 2007706, 6, 93
2019.79322669, 52.6580592494878, 137.39736218655, 47.8337898254395, 2007706, 6, 93
2019.79322669, 52.6580908243029, 137.397356898813, 47.885986328125, 2007706, 6, 93
2019.79322669, 52.6581223837543, 137.397351612185, 47.8513450622559, 2007706, 6, 93
2019.79322669, 52.6581539266765, 137.397346334708, 47.8324699401855, 2007706, 6, 93
2019.79322669, 52.6581854570143, 137.397341043747, 47.8439788818359, 2007706, 6, 93
2019.79322669, 52.658216974608, 137.397335769125, 47.8657112121582, 2007706, 6, 93
2019.79322669, 52.6582484869716, 137.397330460662, 47.8462753295898, 2007706, 6, 93
2019.79322669, 52.6582799836493, 137.397325188894, 47.8275527954102, 2007706, 6, 93
2019.79322669, 52.658311470302, 137.39731992387, 47.8464126586914, 2007706, 6, 93
2019.79322669, 52.6583429490567, 137.397314666071, 47.8186569213867, 2007706, 6, 93
2019.79322669, 52.6583744174529, 137.39730943014, 47.8362503051758, 2007706, 6, 93
2019.79322669, 52.6583995896984, 137.397305225223, 47.8239250183105, 2007706, 6, 93
2019.79322669, 52.6584310492152, 137.397300001506, 47.8410911560059, 2007706, 6, 93
2019.79322669, 52.6584562164709, 137.397295809337, 47.8359260559082, 2007706, 6, 93
2019.79322669, 52.6584876708084, 137.397290591092, 47.8315124511719, 2007706, 6, 93
2019.79322669, 52.6585191162063, 137.397285418284, 47.8293304443359, 2007706, 6, 95
2019.79322669, 52.6585442787741, 137.397281246683, 47.8224792480469, 2007706, 6, 95
2019.79322669, 52.6585757277934, 137.397276067227, 47.8228530883789, 2007706, 6, 95
2019.79322669, 52.6586071752495, 137.397270898849, 47.857837677002, 2007706, 6, 95
2019.79322669, 52.6586386231643, 137.397265761689, 47.8399505615234, 2007706, 6, 95
2019.79322669, 52.6586700721355, 137.397260642946, 47.8393516540527, 2007706, 6, 95
2019.79322669, 52.6586952375738, 137.397256535973, 47.8371772766113, 2007706, 6, 95
2019.79322669, 52.6587266928296, 137.397251447063, 47.8380393981934, 2007706, 6, 95
2019.79322669, 52.6587518647993, 137.397247360037, 47.8344917297363, 2007706, 6, 96
2019.79322669, 52.6587833287257, 137.397242304727, 47.8220558166504, 2007706, 6, 96
2019.79322669, 52.6588085084118, 137.397238234451, 47.8302459716797, 2007706, 6, 96
2019.79322669, 52.6588399843539, 137.397233199655, 47.8432006835938, 2007706, 6, 96
2019.79322669, 52.6588714696847, 137.397228179727, 47.8478126525879, 2007706, 6, 96
2019.79322669, 52.6589029641134, 137.39722316948, 47.8383369445801, 2007706, 6, 96
2019.79322669, 52.6589344631352, 137.397218198498, 47.8232917785645, 2007706, 6, 96
2019.79322669, 52.6589659736899, 137.397213234175, 47.8385620117188, 2007706, 6, 96
2019.79322669, 52.6589971988211, 137.397207534347, 47.830005645752, 2007706, 6, 96
2019.79322669, 52.6590288226093, 137.397202841458, 47.8534812927246, 2007706, 6, 95
2019.79322669, 52.6590541357182, 137.397199076503, 47.8377647399902, 2007706, 6, 95
2019.79322669, 52.6590857831015, 137.397194404357, 47.8365364074707, 2007706, 6, 95
2019.79322669, 52.6591174401478, 137.397189755164, 47.8684539794922, 2007706, 6, 95
2019.79322669, 52.6591554406506, 137.397184210931, 47.8424453735352, 2007706, 6, 95
2019.79322669, 52.6591871227114, 137.397179587176, 47.8273963928223, 2007706, 6, 95
2019.79322669, 52.6592124792843, 137.397175875398, 47.8282852172852, 2007706, 6, 95
2019.79322669, 52.6592441752377, 137.397171286747, 47.8343734741211, 2007706, 6, 95
2019.79322669, 52.6592695476818, 137.397167583244, 47.8302993774414, 2007706, 6, 94
2019.79322669, 52.6593012653508, 137.397163002721, 47.8217315673828, 2007706, 6, 94
2019.79322669, 52.6593329945395, 137.397158418961, 47.8362808227539, 2007706, 6, 94
2019.79322669, 52.6593647350464, 137.397153827581, 47.870532989502, 2007706, 6, 94
2019.79322669, 52.6594028359684, 137.397148322171, 47.8576774597168, 2007706, 6, 94
2019.79322669, 52.659440950282, 137.397142818809, 47.8372268676758, 2007706, 6, 94
2019.79322669, 52.6594727213105, 137.397138220998, 47.8724708557129, 2007706, 6, 94
2019.79322669, 52.6595045073778, 137.397133596003, 47.8577919006348, 2007706, 6, 93
2019.79322669, 52.6595426507794, 137.397128096049, 47.8393821716309, 2007706, 6, 93
2019.79322669, 52.6595744490275, 137.397123487557, 47.8370094299316, 2007706, 6, 93
2019.79322669, 52.6595998970195, 137.397119769724, 47.8458671569824, 2007706, 6, 93
2019.79322669, 52.6596380692836, 137.397114230028, 47.8559532165527, 2007706, 6, 93
2019.79322669, 52.659669886647, 137.397109588987, 47.8419227600098, 2007706, 6, 93
2019.79322669, 52.6597017117526, 137.397104936729, 47.8378868103027, 2007706, 6, 93
2019.79322669, 52.6597271814734, 137.397101176249, 47.8501968383789, 2007706, 6, 93
2019.79322669, 52.659765382088, 137.397095575296, 47.8324508666992, 2007706, 6, 94
2019.79322669, 52.659797223025, 137.397090877963, 47.8295936584473, 2007706, 6, 94
2019.79322669, 52.6598290686256, 137.397086161204, 47.829719543457, 2007706, 6, 94
2019.79322669, 52.6598609195183, 137.397081420817, 47.8379821777344, 2007706, 6, 94
2019.79322669, 52.6598927771045, 137.397076629845, 47.8242797851562, 2007706, 6, 94
2019.79322669, 52.6599246354456, 137.397071843852, 47.8513221740723, 2007706, 6, 94
2019.79322669, 52.6599564938641, 137.397067047978, 47.8299827575684, 2007706, 6, 94
2019.79322669, 52.6599883565785, 137.397062219658, 47.8147621154785, 2007706, 6, 94
2019.79322669, 52.6600202208098, 137.397057366285, 47.8472633361816, 2007706, 6, 95
2019.79322669, 52.6600520884117, 137.39705247939, 47.8368453979492, 2007706, 6, 95
2019.79322669, 52.6600839523381, 137.39704759008, 47.8302993774414, 2007706, 6, 95
2019.79322669, 52.6601158173278, 137.397042661001, 47.810718536377, 2007706, 6, 95
2019.79322669, 52.6601476848139, 137.397037704782, 47.8217430114746, 2007706, 6, 95
2019.79322669, 52.6601859182691, 137.397031757548, 47.8692283630371, 2007706, 6, 95
2019.79322669, 52.6602177832895, 137.397026746736, 47.8280220031738, 2007706, 6, 95
2019.79322669, 52.6602432770598, 137.397022700502, 47.8224563598633, 2007706, 6, 95
2019.79322669, 52.6602751344711, 137.397018448047, 47.8254356384277, 2007706, 6, 95
2019.79322669, 52.660300626312, 137.397014146332, 47.8405303955078, 2007706, 6, 95
2019.79322669, 52.6603388480517, 137.397007725582, 47.8298835754395, 2007706, 6, 95
2019.79322669, 52.6603707085804, 137.397002288712, 47.8599166870117, 2007706, 6, 95
2019.79322669, 52.6604089303438, 137.396995766904, 47.8620834350586, 2007706, 6, 95
2019.79322669, 52.6604535110936, 137.396988146557, 47.8731231689453, 2007706, 6, 95
2019.79322669, 52.6604853525969, 137.396982662683, 47.8097343444824, 2007706, 6, 95
2019.79322669, 52.6605171949657, 137.396977127755, 47.852481842041, 2007706, 6, 95
2019.79322669, 52.6605553910701, 137.396970498953, 47.8624992370605, 2007706, 6, 95
2019.79322669, 52.6605935805994, 137.396963860403, 47.8249893188477, 2007706, 6, 95
2019.79322669, 52.6606253965229, 137.396958327309, 47.798397064209, 2007706, 6, 95
2019.79322669, 52.660650851945, 137.396953857378, 47.8038482666016, 2007706, 6, 95
2019.79322669, 52.6606826598844, 137.396948293574, 47.7991523742676, 2007706, 6, 95
2019.79322669, 52.6607144597878, 137.396942738229, 47.8203353881836, 2007706, 6, 95
2019.79322669, 52.6607399012095, 137.396938251683, 47.8117828369141, 2007706, 6, 95
2019.79322669, 52.6607716898897, 137.396932668751, 47.807430267334, 2007706, 6, 93
2019.79322669, 52.6608034714638, 137.39692710458, 47.8225402832031, 2007706, 6, 93
2019.79322669, 52.6608416039869, 137.39692039934, 47.817928314209, 2007706, 6, 93
2019.79322669, 52.6608670250723, 137.396915909452, 47.8243827819824, 2007706, 6, 93
2019.79322669, 52.6608987849712, 137.396910350944, 47.810432434082, 2007706, 6, 93
2019.79322669, 52.6609241950219, 137.396905869444, 47.823657989502, 2007706, 6, 93
2019.79322669, 52.6609495963395, 137.396901412979, 47.8199691772461, 2007706, 6, 93
2019.79322669, 52.6609813385326, 137.396895856906, 47.8254547119141, 2007706, 6, 93
2019.79322669, 52.6610067329002, 137.39689139679, 47.8187675476074, 2007706, 6, 93
2019.79322669, 52.6610384631557, 137.396885864333, 47.83154296875, 2007706, 6, 93
2019.79322669, 52.6610638463483, 137.396881423245, 47.8127632141113, 2007706, 6, 93
2019.79322669, 52.6610892232491, 137.39687700573, 47.7865028381348, 2007706, 6, 93
2019.79322669, 52.6611145993662, 137.396872571618, 47.8041534423828, 2007706, 6, 93
2019.79322669, 52.6611463072256, 137.396867080121, 47.7998161315918, 2007706, 6, 93
2019.79322669, 52.661171669992, 137.396862688592, 47.788257598877, 2007706, 6, 93
2019.79322669, 52.6611970305766, 137.396858286361, 47.7786331176758, 2007706, 6, 93
2019.79322669, 52.6612287210319, 137.396852841286, 47.7973289489746, 2007706, 6, 93
2019.79322669, 52.66125407314, 137.396848474639, 47.7969627380371, 2007706, 6, 92
2019.79322669, 52.6612794210378, 137.396844122341, 47.8000946044922, 2007706, 6, 92
2019.79322669, 52.6613110950389, 137.396838728979, 47.7830810546875, 2007706, 6, 92
2019.79322669, 52.6613427674478, 137.396833334053, 47.7908935546875, 2007706, 6, 92
2019.79322669, 52.6613681053266, 137.396829014392, 47.7982559204102, 2007706, 6, 92
2019.79322669, 52.6613997604198, 137.396823693352, 47.788501739502, 2007706, 6, 92
2019.79322669, 52.6614250901676, 137.39681941162, 47.8219871520996, 2007706, 6, 92
2019.79322669, 52.6614504136463, 137.396815163538, 47.8093528747559, 2007706, 6, 92
2019.79322669, 52.6614820597468, 137.396809894287, 47.8112373352051, 2007706, 6, 92
