2020.98833346, 49.1075402606964, 111.733488253345, 903.860961914062, 2009603, 1, 72
2020.98833346, 49.1076478886543, 111.733472867071, 903.789184570312, 2009603, 1, 72
2020.98833431, 50.8285160392528, 111.474060385546, 862.634887695312, 2009603, 1, 74
2020.98833431, 50.8286428301319, 111.474039597729, 862.174621582031, 2009603, 1, 74
2020.98833431, 50.8287126618381, 111.474027653902, 862.274780273438, 2009603, 1, 74
2020.98833431, 50.8287761657463, 111.474016787392, 863.067626953125, 2009603, 1, 51
2020.98833431, 50.8288333550349, 111.474007097771, 862.945007324219, 2009603, 1, 51
2020.98833338, 48.9407366378092, 111.75949106594, 910.556823730469, 2009603, 2, 90
2020.9883334, 48.9993380448877, 111.793576855443, 904.0830078125, 2009603, 3, 86
2020.9883334, 48.9995898481852, 111.793540095752, 904.05908203125, 2009603, 3, 79
2020.98833431, 50.8320530313056, 111.519413145526, 857.025512695312, 2009603, 3, 75
2020.98833341, 48.9992788292254, 111.794683312153, 904.104125976562, 2009603, 4, 89
2020.98833341, 49.0182724270902, 111.834932390852, 900.454284667969, 2009603, 5, 90
2020.98833341, 49.0184053724642, 111.83491381533, 900.440979003906, 2009603, 5, 90
2020.98833341, 49.018538393013, 111.834895428359, 900.402587890625, 2009603, 5, 90
2020.98833341, 49.0186588496649, 111.834878943309, 900.3955078125, 2009603, 5, 90
2020.98833341, 49.0188047541843, 111.834858530603, 901.0458984375, 2009603, 5, 66
2020.98833373, 49.6735317291624, 111.739018735329, 943.276123046875, 2009603, 5, 85
2020.98833373, 49.673595195159, 111.73900990172, 943.277160644531, 2009603, 5, 85
2020.98833373, 49.6736586370786, 111.739001009333, 943.321044921875, 2009603, 5, 85
2020.98833432, 50.8430403773772, 111.563610456363, 850.11572265625, 2009603, 5, 66
2020.98833432, 50.8431226999631, 111.563597666133, 850.207275390625, 2009603, 5, 66
2020.98833432, 50.8432240635921, 111.563581750702, 850.256164550781, 2009603, 5, 66
2020.98833432, 50.8433001446024, 111.563569854039, 850.358642578125, 2009603, 5, 66
2020.98833432, 50.8433699487122, 111.563559054871, 850.329406738281, 2009603, 5, 66
2020.98833432, 50.8434334482365, 111.563549222475, 850.315124511719, 2009603, 5, 66
2020.98833432, 50.8435033328811, 111.563538323013, 850.275756835938, 2009603, 5, 81
2020.98833432, 50.8435732432771, 111.563527192346, 850.298950195312, 2009603, 5, 81
2020.98833432, 50.8436495866642, 111.563515176269, 850.276977539062, 2009603, 5, 81
2020.98833432, 50.8437132691761, 111.56350527422, 850.218444824219, 2009603, 5, 81
2020.98833432, 50.8437895942452, 111.56349330833, 850.236022949219, 2009603, 5, 66
2020.98833432, 50.8438600157377, 111.563481923638, 850.234436035156, 2009603, 5, 66
2020.98833432, 50.84392406328, 111.563471563931, 850.246276855469, 2009603, 5, 66
2020.98833432, 50.843988152221, 111.563461334917, 850.217163085938, 2009603, 5, 66
2020.98833432, 50.8440586706936, 111.563450127904, 850.218322753906, 2009603, 5, 78
2020.98833432, 50.8441355709488, 111.563437668019, 850.314270019531, 2009603, 5, 78
2020.98833432, 50.8441996625423, 111.563427381579, 850.267761230469, 2009603, 5, 78
2020.98833432, 50.8442701423058, 111.563416025596, 850.279052734375, 2009603, 5, 90
2020.98833432, 50.8443341941265, 111.563405747033, 850.27880859375, 2009603, 5, 90
2020.98833432, 50.844404603803, 111.5633943306, 850.241516113281, 2009603, 5, 90
2020.98833432, 50.844462198436, 111.563385138634, 850.210327148438, 2009603, 5, 90
2020.98833432, 50.8445325316769, 111.563373836609, 850.207092285156, 2009603, 5, 78
2020.98833432, 50.8446028372136, 111.563362760999, 850.234985351562, 2009603, 5, 78
2020.98833432, 50.8446794308514, 111.563350486815, 850.224670410156, 2009603, 5, 78
2020.98833432, 50.8453573953477, 111.563245333414, 850.035949707031, 2009603, 5, 91
2020.98833432, 50.8454328819614, 111.563233980911, 849.963745117188, 2009603, 5, 91
2020.98833432, 50.8455083422092, 111.563222515813, 849.955322265625, 2009603, 5, 91
2020.98833432, 50.8455838339237, 111.563211243306, 849.95068359375, 2009603, 5, 91
2020.98833432, 50.8456530198699, 111.563200685159, 849.910888671875, 2009603, 5, 91
2020.98833432, 50.8457222531474, 111.56319024102, 849.941589355469, 2009603, 5, 91
2020.98833432, 50.8457915180237, 111.563179735069, 849.844055175781, 2009603, 5, 91
2020.98833432, 50.8458608336494, 111.563169238362, 849.808776855469, 2009603, 5, 91
2020.98833432, 50.8459365173073, 111.563157738757, 849.72607421875, 2009603, 5, 91
2020.98833432, 50.8459933420375, 111.563149178366, 849.76025390625, 2009603, 5, 91
2020.98833432, 50.8460502186211, 111.563140635932, 849.737426757812, 2009603, 5, 92
2020.98833432, 50.8461134672375, 111.563131028179, 849.733337402344, 2009603, 5, 92
2020.98833432, 50.8461830891698, 111.563120195438, 849.752624511719, 2009603, 5, 92
2020.98833432, 50.846246500548, 111.563110669496, 849.6982421875, 2009603, 5, 92
2020.98833432, 50.8463096826415, 111.563100970313, 849.685119628906, 2009603, 5, 86
2020.98833432, 50.8463927335142, 111.563087965385, 849.591064453125, 2009603, 5, 86
2020.98833432, 50.8464694966498, 111.563075977316, 849.571350097656, 2009603, 5, 86
2020.98833375, 49.6734121559789, 111.740189225132, 942.909484863281, 2009603, 6, 89
2020.98833375, 49.6904150943751, 111.737609333901, 948.619812011719, 2009603, 6, 91
2020.98833433, 50.8480430417704, 111.564040457948, 849.160095214844, 2009603, 6, 82
2020.98833433, 50.8482906074507, 111.56400446176, 848.958435058594, 2009603, 6, 86
