2019.30940003, 52.4575321917344, 118.647506369425, 410.259643554688, 2009603, 1, 63
2019.30940003, 52.4575900281922, 118.647496680919, 410.303009033203, 2009603, 1, 63
2019.30940003, 52.4576543104947, 118.647485968635, 410.336822509766, 2009603, 1, 63
2019.30940003, 52.4577122078832, 118.647476268014, 410.400207519531, 2009603, 1, 63
2019.30940003, 52.4577636697317, 118.647467701294, 410.415710449219, 2009603, 1, 86
2019.30940003, 52.4578151216324, 118.647459189194, 410.429473876953, 2009603, 1, 86
2019.30940003, 52.4578730297232, 118.647449566641, 410.342864990234, 2009603, 1, 86
2019.30940003, 52.4579244951134, 118.647441048876, 410.358215332031, 2009603, 1, 86
2019.30940003, 52.4579695339431, 118.647433571625, 410.3408203125, 2009603, 1, 86
2019.30940003, 52.4580273921879, 118.647424084505, 410.382110595703, 2009603, 1, 92
2019.30940003, 52.4580724072983, 118.647416646075, 410.287200927734, 2009603, 1, 92
2019.30940003, 52.458130229566, 118.647407210791, 410.306243896484, 2009603, 1, 92
2019.30940003, 52.4581880313061, 118.647397782712, 410.272064208984, 2009603, 1, 92
2019.30940003, 52.4582457876819, 118.647388416461, 410.312927246094, 2009603, 1, 92
2019.30940003, 52.4583035207688, 118.647379046316, 410.298889160156, 2009603, 1, 92
2019.30940003, 52.4583548009722, 118.647370758755, 410.327789306641, 2009603, 1, 92
2019.30940003, 52.4584124342837, 118.647361513668, 410.342132568359, 2009603, 1, 92
2019.30940003, 52.4584638960593, 118.647353150997, 410.314544677734, 2009603, 1, 92
2019.30940003, 52.4585148942494, 118.647345041297, 410.304107666016, 2009603, 1, 93
2019.30940003, 52.4585721843348, 118.647336064144, 410.322937011719, 2009603, 1, 93
2019.30940003, 52.4586294426004, 118.647327069559, 410.279205322266, 2009603, 1, 93
2019.30940003, 52.4586802917731, 118.647319119352, 410.282653808594, 2009603, 1, 93
2019.30940003, 52.4587247552636, 118.647312191881, 410.305694580078, 2009603, 1, 93
2019.30940003, 52.4587755404534, 118.647304290953, 410.341217041016, 2009603, 1, 82
2019.30940003, 52.4588263029368, 118.647296378466, 410.313140869141, 2009603, 1, 82
2019.30940003, 52.4588770262314, 118.6472885148, 410.323883056641, 2009603, 1, 82
2019.30940003, 52.4589340597991, 118.647279674385, 410.189758300781, 2009603, 1, 82
2019.30940003, 52.4589847088072, 118.647271899367, 410.200439453125, 2009603, 1, 82
2019.30940005, 52.5040178343127, 118.640045942558, 408.672241210938, 2009603, 1, 58
2019.30940005, 52.5040688512171, 118.640037964306, 408.679077148438, 2009603, 1, 58
2019.30940005, 52.5041262285955, 118.640029081869, 408.653228759766, 2009603, 1, 58
2019.30940005, 52.5041772503054, 118.640021150652, 408.670135498047, 2009603, 1, 58
2019.30940005, 52.5042346930237, 118.64001214384, 408.651611328125, 2009603, 1, 58
2019.30940005, 52.5042920673464, 118.640003344822, 408.655517578125, 2009603, 1, 90
2019.30940005, 52.5043558057429, 118.639993632956, 408.658111572266, 2009603, 1, 90
2019.30940005, 52.5044131791884, 118.639984880911, 408.631164550781, 2009603, 1, 90
2019.30940005, 52.5044705636267, 118.639976121225, 408.685089111328, 2009603, 1, 90
2019.30940005, 52.5045343159913, 118.639966429431, 408.669281005859, 2009603, 1, 91
2019.30940005, 52.5045980534467, 118.639956797267, 408.682739257812, 2009603, 1, 91
2019.30940005, 52.5046617997534, 118.639947138138, 408.668670654297, 2009603, 1, 91
2019.30940005, 52.5047191668226, 118.63993846515, 408.680541992188, 2009603, 1, 91
2019.30940005, 52.5047892904509, 118.639927831851, 408.673034667969, 2009603, 1, 92
2019.30940005, 52.5048466574917, 118.639919138054, 408.677856445312, 2009603, 1, 92
2019.30940005, 52.5048976546812, 118.639911389708, 408.651702880859, 2009603, 1, 92
2019.30940005, 52.5049613706396, 118.639901779505, 408.654296875, 2009603, 1, 92
2019.30940005, 52.5050187325202, 118.639893050916, 408.662170410156, 2009603, 1, 93
2019.30940005, 52.5050824396065, 118.639883397121, 408.672424316406, 2009603, 1, 93
2019.30940005, 52.5051397887109, 118.639874641286, 408.665649414062, 2009603, 1, 93
2019.30940005, 52.5052034880694, 118.639864932838, 408.644226074219, 2009603, 1, 93
2019.30940005, 52.5052608253172, 118.639856122853, 408.656188964844, 2009603, 1, 93
2019.30940005, 52.5053245060969, 118.639846355266, 408.661010742188, 2009603, 1, 93
2019.30940005, 52.5053881709823, 118.639836574466, 408.630615234375, 2009603, 1, 93
2019.30940005, 52.5054518343766, 118.639826723154, 408.629547119141, 2009603, 1, 93
2019.30940005, 52.5055090351623, 118.639817755443, 408.620025634766, 2009603, 1, 93
2019.30940005, 52.505566364511, 118.639808879848, 408.645446777344, 2009603, 1, 93
2019.30940005, 52.505623685859, 118.639799949648, 408.615478515625, 2009603, 1, 93
2019.30940005, 52.5056809933346, 118.639790977042, 408.629638671875, 2009603, 1, 93
2019.30940005, 52.5057382963251, 118.639781919021, 408.641693115234, 2009603, 1, 93
2019.30940005, 52.5057955588999, 118.639772891671, 408.613922119141, 2009603, 1, 93
2019.30940005, 52.5058528113388, 118.639763792112, 408.6142578125, 2009603, 1, 93
2019.30940005, 52.5059164048496, 118.639753611008, 408.616760253906, 2009603, 1, 93
2019.30940005, 52.5059799723327, 118.639743359557, 408.604827880859, 2009603, 1, 92
2019.30940005, 52.5060434988694, 118.639733090132, 408.58251953125, 2009603, 1, 92
2019.30940005, 52.5061006520296, 118.639723777987, 408.608093261719, 2009603, 1, 92
2019.30940005, 52.5061641195831, 118.639713384448, 408.57763671875, 2009603, 1, 92
2019.30940005, 52.5062212126467, 118.639703984259, 408.582794189453, 2009603, 1, 92
2019.30940005, 52.5062846212983, 118.639693471511, 408.593841552734, 2009603, 1, 94
2019.30940005, 52.5063479809867, 118.639682948177, 408.537536621094, 2009603, 1, 94
2019.30940005, 52.5064049928335, 118.639673370766, 408.572082519531, 2009603, 1, 94
2019.30940005, 52.5064682867231, 118.639662746586, 408.576782226562, 2009603, 1, 94
2019.30940005, 52.5065315572852, 118.639652038992, 408.585296630859, 2009603, 1, 93
2019.30940005, 52.506588477189, 118.639642339856, 408.577880859375, 2009603, 1, 93
2019.30940005, 52.5066453581753, 118.639632652174, 408.547729492188, 2009603, 1, 93
2019.30940005, 52.5066959156219, 118.639623958787, 408.556610107422, 2009603, 1, 93
2019.30940005, 52.506752750739, 118.639614209778, 408.558959960938, 2009603, 1, 92
2019.30940005, 52.5068096622391, 118.639604544349, 408.567413330078, 2009603, 1, 92
2019.30940005, 52.5068663503954, 118.6395945736, 408.546997070312, 2009603, 1, 92
2019.30940005, 52.5069293273509, 118.639583446221, 408.531799316406, 2009603, 1, 92
2019.30940005, 52.5069859856625, 118.639573444288, 408.556671142578, 2009603, 1, 92
2019.30940005, 52.5070489309871, 118.639562315839, 408.548553466797, 2009603, 1, 92
2019.30940005, 52.5071055742035, 118.639552317897, 408.528686523438, 2009603, 1, 92
2019.30940005, 52.5071559369087, 118.639543391453, 408.508209228516, 2009603, 1, 92
2019.30940005, 52.5072125741101, 118.639533438461, 408.549346923828, 2009603, 1, 92
2019.30940005, 52.5072692332843, 118.639523452585, 408.531158447266, 2009603, 1, 93
2019.30940005, 52.5073196042306, 118.639514604473, 408.521697998047, 2009603, 1, 93
2019.30940005, 52.5073825667001, 118.639503628711, 408.552398681641, 2009603, 1, 93
2019.30940005, 52.5074392590345, 118.639493758612, 408.540313720703, 2009603, 1, 93
2019.30940005, 52.5074959863545, 118.639483890719, 408.540863037109, 2009603, 1, 93
2019.30940005, 52.5075653377576, 118.63947193594, 408.538269042969, 2009603, 1, 92
2019.30940005, 52.507634724158, 118.639460074875, 408.527191162109, 2009603, 1, 92
2019.30940005, 52.5076978318465, 118.639449388391, 408.555358886719, 2009603, 1, 92
2019.30940005, 52.5077609870696, 118.639438761095, 408.521545410156, 2009603, 1, 92
2019.30940005, 52.5078115556214, 118.639430272222, 408.491943359375, 2009603, 1, 92
2019.30940005, 52.5078747933548, 118.639419774425, 408.557922363281, 2009603, 1, 92
2019.30940005, 52.507931747646, 118.639410405248, 408.513610839844, 2009603, 1, 92
2019.30940005, 52.5079887517373, 118.639401072933, 408.51806640625, 2009603, 1, 92
2019.30940005, 52.5080456729787, 118.639391561001, 408.535217285156, 2009603, 1, 92
2019.30940005, 52.5081091965711, 118.639381600335, 408.527038574219, 2009603, 1, 92
2019.30940005, 52.5081600750622, 118.63937362565, 408.523406982422, 2009603, 1, 92
2019.30940005, 52.5082173280948, 118.639364780693, 408.497436523438, 2009603, 1, 92
2019.30940005, 52.5082746210278, 118.639355988145, 408.510955810547, 2009603, 1, 91
2019.30940005, 52.5083383250404, 118.639346267776, 408.479339599609, 2009603, 1, 91
2019.30940005, 52.5084020771567, 118.639336594357, 408.517547607422, 2009603, 1, 91
2019.30940005, 52.5084658592379, 118.63932700217, 408.496643066406, 2009603, 1, 91
2019.30940005, 52.5085296851626, 118.639317426938, 408.490264892578, 2009603, 1, 90
2019.30940005, 52.5085871852619, 118.639308760911, 408.466125488281, 2009603, 1, 90
2019.30940005, 52.5086510747166, 118.639299248828, 408.508575439453, 2009603, 1, 90
2019.30940005, 52.5087213840705, 118.63928881126, 408.498748779297, 2009603, 1, 90
2019.30940005, 52.5087789531404, 118.639280213528, 408.472381591797, 2009603, 1, 91
2019.30940005, 52.5088365344201, 118.639271637448, 408.457244873047, 2009603, 1, 91
2019.30940005, 52.5088877324255, 118.639264005215, 408.474212646484, 2009603, 1, 91
2019.30940005, 52.5089453260876, 118.639255459667, 408.449920654297, 2009603, 1, 91
2019.30940005, 52.5090029430755, 118.639246855911, 408.488800048828, 2009603, 1, 91
2019.30940005, 52.5090669783106, 118.63923725494, 408.485656738281, 2009603, 1, 91
2019.30940005, 52.5091374180412, 118.639226676733, 408.504821777344, 2009603, 1, 91
2019.30940005, 52.5092078509792, 118.639216076219, 408.459014892578, 2009603, 1, 91
2019.30940005, 52.5092654860583, 118.639207339647, 408.420654296875, 2009603, 1, 91
2019.30940005, 52.5093231431237, 118.639198731085, 408.459167480469, 2009603, 1, 91
2019.30940005, 52.5093743576574, 118.639190757755, 408.449188232422, 2009603, 1, 91
2019.30940005, 52.509431945121, 118.63918181049, 408.426635742188, 2009603, 1, 91
2019.30940005, 52.509483146847, 118.639173762511, 408.433502197266, 2009603, 1, 91
2019.30940005, 52.5095407283665, 118.639164696803, 408.418151855469, 2009603, 1, 89
2019.30940005, 52.509604680864, 118.639154608305, 408.437622070312, 2009603, 1, 89
2019.30940005, 52.5096622371081, 118.639145445095, 408.402893066406, 2009603, 1, 89
2019.30940005, 52.5097197845223, 118.639136220593, 408.397613525391, 2009603, 1, 89
2019.30940005, 52.5097772965206, 118.639127012774, 408.448974609375, 2009603, 1, 83
2019.30940005, 52.509847560637, 118.639115709099, 408.399810791016, 2009603, 1, 83
2019.30940005, 52.5099050496677, 118.639106359455, 408.410827636719, 2009603, 1, 83
2019.30940005, 52.5099688854998, 118.639095982202, 408.378875732422, 2009603, 1, 83
2019.30940005, 52.510013554001, 118.639088696715, 408.328033447266, 2009603, 1, 69
2019.30940005, 52.5100454504816, 118.639083480094, 408.304138183594, 2009603, 1, 69
2019.30940005, 52.5100773420977, 118.639078255288, 408.299652099609, 2009603, 1, 69
2019.30940005, 52.5101028593853, 118.639074040958, 408.300201416016, 2009603, 1, 69
2019.30940005, 52.5101347369856, 118.63906880295, 408.279235839844, 2009603, 1, 69
2019.30940005, 52.510160238327, 118.639064596738, 408.275756835938, 2009603, 1, 69
2019.30940005, 52.5101984704976, 118.639058311942, 408.261444091797, 2009603, 1, 69
2019.30940005, 52.5102239661255, 118.639054073432, 408.244750976562, 2009603, 1, 69
2019.30940005, 52.5102494464996, 118.639049864237, 408.280822753906, 2009603, 1, 69
2019.30940005, 52.5102812874522, 118.639044601447, 408.266052246094, 2009603, 1, 53
2019.30940005, 52.5103067627106, 118.639040368756, 408.277740478516, 2009603, 1, 53
2019.30940005, 52.5103385894926, 118.639035105454, 408.248229980469, 2009603, 1, 53
2019.30940005, 52.510364059192, 118.639030851531, 408.256011962891, 2009603, 1, 53
2019.30940005, 52.5103958720248, 118.639025581655, 408.24951171875, 2009603, 1, 53
2019.30940005, 52.5104213287856, 118.639021328539, 408.258728027344, 2009603, 1, 53
2019.30940005, 52.5104467763593, 118.639017087735, 408.274322509766, 2009603, 1, 53
2019.30940005, 52.5104785642848, 118.639011824626, 408.248748779297, 2009603, 1, 53
2019.30940005, 52.510561225524, 118.638998002899, 408.246490478516, 2009603, 1, 57
2019.30940005, 52.5105930187077, 118.638992728433, 408.239807128906, 2009603, 1, 57
2019.30940005, 52.5106184288459, 118.638988476903, 408.217742919922, 2009603, 1, 57
2019.30940005, 52.5106501804813, 118.638983178283, 408.275177001953, 2009603, 1, 57
2019.30940005, 52.5106882738834, 118.638976817871, 408.253814697266, 2009603, 1, 57
2019.30940005, 52.5107327044446, 118.638969397707, 408.285980224609, 2009603, 1, 57
2019.30940007, 52.5447569954822, 118.633508276819, 406.266357421875, 2009603, 1, 59
2019.30940007, 52.544795036462, 118.633502023852, 406.308288574219, 2009603, 1, 59
2019.30940007, 52.5448457144876, 118.633493712025, 406.376953125, 2009603, 1, 89
2019.30940007, 52.5449093750023, 118.63348308836, 406.386566162109, 2009603, 1, 89
2019.30940007, 52.5449786577451, 118.633471746152, 406.380004882812, 2009603, 1, 89
2019.30940007, 52.5450415867775, 118.633461435503, 406.347320556641, 2009603, 1, 92
2019.30940007, 52.5450981861387, 118.633452146255, 406.362030029297, 2009603, 1, 92
2019.30940007, 52.545161019189, 118.633441880103, 406.348846435547, 2009603, 1, 92
2019.30940007, 52.5452238437244, 118.633431551777, 406.339080810547, 2009603, 1, 92
2019.30940007, 52.54528035012, 118.633422310086, 406.365936279297, 2009603, 1, 93
2019.30940007, 52.5453431209566, 118.633412045388, 406.338195800781, 2009603, 1, 93
2019.30940007, 52.5454058787308, 118.633401799939, 406.336975097656, 2009603, 1, 93
2019.30940007, 52.5454686553015, 118.633391511532, 406.350433349609, 2009603, 1, 93
2019.30940007, 52.5455314236522, 118.633381285362, 406.366455078125, 2009603, 1, 93
2019.30940007, 52.5455816712285, 118.633373038416, 406.302276611328, 2009603, 1, 93
2019.30940007, 52.5456444811775, 118.633362810704, 406.317230224609, 2009603, 1, 93
2019.30940007, 52.5456947708744, 118.633354571224, 406.356048583984, 2009603, 1, 93
2019.30940007, 52.5457513522027, 118.633345379552, 406.391143798828, 2009603, 1, 92
2019.30940007, 52.5458646599146, 118.633326893103, 406.362548828125, 2009603, 1, 92
2019.30940007, 52.5459213911206, 118.633317615883, 406.348358154297, 2009603, 1, 92
2019.30940007, 52.5459844621578, 118.633307375022, 406.349151611328, 2009603, 1, 92
2019.30940007, 52.5460412979073, 118.63329810073, 406.353973388672, 2009603, 1, 92
2019.30940007, 52.5461045119251, 118.633287807341, 406.307250976562, 2009603, 1, 92
2019.30940007, 52.5461611186165, 118.633278708759, 406.301849365234, 2009603, 1, 92
2019.30940007, 52.5462119850237, 118.63327038079, 406.314758300781, 2009603, 1, 92
2019.30940007, 52.5462692550616, 118.633261038976, 406.318939208984, 2009603, 1, 85
2019.30940007, 52.5463138601762, 118.633253708607, 406.243713378906, 2009603, 1, 85
2019.30940007, 52.5463457231222, 118.633248532018, 406.195861816406, 2009603, 1, 76
2019.30940007, 52.5463712324712, 118.633244367629, 406.208953857422, 2009603, 1, 76
2019.30940007, 52.5463903752495, 118.633241231821, 406.210540771484, 2009603, 1, 76
2019.30940007, 52.5464159027003, 118.633237070635, 406.219970703125, 2009603, 1, 76
2019.30940007, 52.5464478179908, 118.63323188449, 406.208618164062, 2009603, 1, 76
2019.30940007, 52.5464733658129, 118.633227729246, 406.242248535156, 2009603, 1, 76
2019.30940007, 52.5467677928263, 118.633179833291, 406.205963134766, 2009603, 1, 54
2019.30940007, 52.5468319007786, 118.633169470807, 406.222991943359, 2009603, 1, 54
2019.30940007, 52.5468960521691, 118.633159058565, 406.234191894531, 2009603, 1, 54
2019.30940007, 52.5469666251873, 118.633147678179, 406.219421386719, 2009603, 1, 54
2019.30940007, 52.5470243983121, 118.633138321569, 406.277618408203, 2009603, 1, 54
2019.30940007, 52.5470885849839, 118.63312797951, 406.264526367188, 2009603, 1, 54
2019.30940007, 52.5471463569082, 118.633118672949, 406.270629882812, 2009603, 1, 54
2019.30940007, 52.5472105419344, 118.6331083638, 406.237274169922, 2009603, 1, 54
2019.30940007, 52.5472619064495, 118.633100056222, 406.195281982422, 2009603, 1, 91
2019.30940007, 52.5472939909149, 118.633094917996, 406.164215087891, 2009603, 1, 91
2019.30940007, 52.5473260628928, 118.63308980131, 406.162384033203, 2009603, 1, 91
2019.30940007, 52.5473581509563, 118.633084634263, 406.196899414062, 2009603, 1, 91
2019.30940007, 52.5474030603714, 118.633077419501, 406.245635986328, 2009603, 1, 91
2019.30940007, 52.5474737319389, 118.633065998841, 406.251129150391, 2009603, 1, 91
2019.30940007, 52.5475249204395, 118.633057856167, 406.227508544922, 2009603, 1, 55
2019.30940007, 52.5475696730819, 118.633050803486, 406.265380859375, 2009603, 1, 55
2019.30940007, 52.5476399395476, 118.633039836481, 407.769805908203, 2009603, 1, 55
2019.30940044, 53.2938059816168, 118.51160811916, 458.926910400391, 2009603, 1, 67
2019.30940044, 53.2938754989188, 118.511597151825, 458.903533935547, 2009603, 1, 67
2019.30940044, 53.2939450494756, 118.511586144318, 458.901763916016, 2009603, 1, 67
2019.30940044, 53.2940082732402, 118.511576230776, 458.879852294922, 2009603, 1, 76
2019.30940044, 53.2940715376502, 118.51156626831, 458.888854980469, 2009603, 1, 76
2019.30940044, 53.2941411506354, 118.511555338176, 458.889465332031, 2009603, 1, 76
2019.30940044, 53.2942108004203, 118.511544417254, 458.845672607422, 2009603, 1, 76
2019.30940044, 53.2942804880993, 118.511533504517, 458.812683105469, 2009603, 1, 54
2019.30940044, 53.2943438964086, 118.511523519505, 458.829071044922, 2009603, 1, 54
2019.30940044, 53.2944009987673, 118.511514531039, 458.810699462891, 2009603, 1, 54
2019.30940044, 53.2944644785254, 118.511504559272, 458.804473876953, 2009603, 1, 54
2019.30940045, 53.3050142126603, 118.509769773785, 459.248291015625, 2009603, 1, 60
2019.30940045, 53.3050833779944, 118.509758288465, 459.282409667969, 2009603, 1, 60
2019.30940045, 53.3051399645694, 118.509748890411, 459.311859130859, 2009603, 1, 60
2019.30940045, 53.3052028547313, 118.509738403662, 459.288391113281, 2009603, 1, 60
2019.30940045, 53.3052720106685, 118.509726991384, 459.271881103516, 2009603, 1, 90
2019.30940045, 53.3053349090056, 118.509716594058, 459.337188720703, 2009603, 1, 90
2019.30940045, 53.3054041099664, 118.509705213113, 459.300628662109, 2009603, 1, 90
2019.30940045, 53.3054733550971, 118.509693840253, 459.289184570312, 2009603, 1, 90
2019.30940045, 53.3055426413035, 118.509682505129, 459.247192382812, 2009603, 1, 70
2019.30940045, 53.305618273787, 118.509670203299, 459.199951171875, 2009603, 1, 70
2019.30940045, 53.3056498165984, 118.509665066926, 459.157745361328, 2009603, 1, 70
2019.30940045, 53.3056750639987, 118.50966094788, 459.154479980469, 2009603, 1, 70
2019.30940045, 53.3057066236744, 118.509655844547, 459.169860839844, 2009603, 1, 70
2019.30940045, 53.3057318928662, 118.509651728658, 459.166046142578, 2009603, 1, 70
2019.30940046, 53.3237825894445, 118.506677567253, 462.892059326172, 2009603, 1, 87
2019.30940046, 53.3238652967049, 118.50666403526, 462.792175292969, 2009603, 1, 87
2019.30940046, 53.3239415272987, 118.506651550932, 462.729949951172, 2009603, 1, 87
2019.30940004, 52.4560314172083, 118.649093374862, 410.310852050781, 2009603, 2, 56
2019.30940004, 52.4561773124786, 118.649071074967, 410.358306884766, 2009603, 2, 56
2019.30940004, 52.4575687315443, 118.648850138408, 410.241119384766, 2009603, 2, 69
2019.30940004, 52.4577853469392, 118.648814444954, 410.33056640625, 2009603, 2, 91
2019.30940004, 52.4580018977993, 118.648778870128, 410.319427490234, 2009603, 2, 92
2019.30940004, 52.4582374215463, 118.64874050795, 410.303466796875, 2009603, 2, 92
2019.30940004, 52.4584663134762, 118.648703783244, 410.273254394531, 2009603, 2, 92
2019.30940004, 52.4586630784209, 118.648672907319, 410.266540527344, 2009603, 2, 91
2019.30940004, 52.4588915493545, 118.648637138314, 410.234619140625, 2009603, 2, 69
2019.30940006, 52.5027670364503, 118.641591164852, 408.686370849609, 2009603, 2, 79
2019.30940006, 52.5029259526491, 118.641565527574, 408.623199462891, 2009603, 2, 79
2019.30940006, 52.5030404747519, 118.641547458427, 408.669555664062, 2009603, 2, 92
2019.30940006, 52.5031422981766, 118.641531444327, 408.632415771484, 2009603, 2, 92
2019.30940006, 52.5032696105111, 118.641511547434, 408.610656738281, 2009603, 2, 93
2019.30940006, 52.5034224254107, 118.64148774523, 408.610168457031, 2009603, 2, 93
2019.30940006, 52.5035561662667, 118.641467010176, 408.660522460938, 2009603, 2, 93
2019.30940006, 52.5037727256653, 118.641433426678, 408.676452636719, 2009603, 2, 93
2019.30940006, 52.5039956492918, 118.641398734033, 408.703643798828, 2009603, 2, 93
2019.30940006, 52.5041930654756, 118.641367864573, 408.695892333984, 2009603, 2, 92
2019.30940006, 52.5044349695901, 118.641329440212, 408.69482421875, 2009603, 2, 92
2019.30940006, 52.5046640254954, 118.641292843738, 408.650909423828, 2009603, 2, 93
2019.30940006, 52.5048929454654, 118.641256106167, 408.67431640625, 2009603, 2, 92
2019.30940006, 52.5051090154731, 118.64122133435, 408.642425537109, 2009603, 2, 91
2019.30940006, 52.5053376576478, 118.641184500987, 408.631652832031, 2009603, 2, 92
2019.30940006, 52.5055788036663, 118.641145765748, 408.608093261719, 2009603, 2, 92
2019.30940006, 52.5058324936686, 118.641105073022, 408.625885009766, 2009603, 2, 92
2019.30940006, 52.5060544544489, 118.641069440228, 408.610778808594, 2009603, 2, 92
2019.30940006, 52.5062700961773, 118.641034769817, 408.591033935547, 2009603, 2, 92
2019.30940006, 52.5064794513358, 118.64100105428, 408.585906982422, 2009603, 2, 92
2019.30940006, 52.5066951979129, 118.640966226173, 408.573272705078, 2009603, 2, 93
2019.30940006, 52.506968407118, 118.640921883137, 408.516418457031, 2009603, 2, 91
2019.30940006, 52.5072543117212, 118.640875448677, 408.542938232422, 2009603, 2, 92
2019.30940006, 52.5074130991848, 118.640849662305, 408.418212890625, 2009603, 2, 92
2019.30940006, 52.5075273969553, 118.640831115711, 408.4208984375, 2009603, 2, 93
2019.30940006, 52.5076860957993, 118.640805439668, 408.522399902344, 2009603, 2, 93
2019.30940006, 52.5078955973736, 118.640771550343, 408.550811767578, 2009603, 2, 92
2019.30940006, 52.508079286535, 118.640742020625, 408.436340332031, 2009603, 2, 91
2019.30940006, 52.5082186212369, 118.640719655058, 408.469116210938, 2009603, 2, 91
2019.30940006, 52.5084466711658, 118.640683183554, 408.490539550781, 2009603, 2, 90
2019.30940006, 52.5086748786651, 118.640646784786, 408.477661132812, 2009603, 2, 88
2019.30940006, 52.5089287386305, 118.640606363956, 408.459503173828, 2009603, 2, 77
2019.30940006, 52.5092784777762, 118.640550736787, 408.394348144531, 2009603, 2, 63
2019.30940006, 52.509437889157, 118.640525327067, 408.392974853516, 2009603, 2, 63
2019.30940006, 52.5097378467118, 118.640477582307, 408.358123779297, 2009603, 2, 62
2019.30940008, 52.5450371833486, 118.634809781157, 406.225402832031, 2009603, 2, 56
2019.30940008, 52.5451702973927, 118.63478877987, 406.234130859375, 2009603, 2, 56
2019.30940008, 52.5453033946045, 118.63476779323, 406.291076660156, 2009603, 2, 93
2019.30940008, 52.5455315830384, 118.634731697112, 406.350616455078, 2009603, 2, 92
2019.30940008, 52.5457916082806, 118.634690199843, 406.332305908203, 2009603, 2, 93
2019.30940008, 52.5460327292586, 118.63465154152, 406.325103759766, 2009603, 2, 93
2019.30940008, 52.5462936517726, 118.634608095697, 406.342590332031, 2009603, 2, 93
2019.30940008, 52.5464528730472, 118.634581459466, 406.224151611328, 2009603, 2, 93
2019.30940008, 52.5465611830971, 118.634563359056, 406.231292724609, 2009603, 2, 93
2019.30940008, 52.5466631352254, 118.634546342369, 406.226806640625, 2009603, 2, 93
2019.30940008, 52.5467651026773, 118.634529405067, 406.213653564453, 2009603, 2, 93
2019.30940008, 52.5469244180306, 118.634503038894, 406.237396240234, 2009603, 2, 93
2019.30940008, 52.5471729159948, 118.634462591373, 406.229248046875, 2009603, 2, 91
2019.30940008, 52.5474085368459, 118.63442497132, 406.206085205078, 2009603, 2, 91
2019.30940008, 52.5475992969786, 118.634395504208, 406.212188720703, 2009603, 2, 83
2019.30940045, 53.2962165155526, 118.512570192499, 458.481597900391, 2009603, 2, 59
2019.30940045, 53.296483504929, 118.51252691866, 458.451232910156, 2009603, 2, 76
2019.30940046, 53.3047841672896, 118.511161949749, 459.1953125, 2009603, 2, 87
2019.30940046, 53.3050258518373, 118.511121187514, 459.180877685547, 2009603, 2, 85
2019.30940046, 53.3052289880131, 118.511087115, 459.094787597656, 2009603, 2, 85
2019.30940049, 53.3721586587109, 118.500055704827, 472.244323730469, 2009603, 2, 52
2019.30940049, 53.3724246516773, 118.500011134002, 472.283386230469, 2009603, 2, 61
2019.30940049, 53.3726585716214, 118.499972515895, 472.3115234375, 2009603, 2, 58
2019.30940049, 53.3729051266448, 118.499932040426, 472.330810546875, 2009603, 2, 58
2019.30940049, 53.373158215131, 118.499890684229, 472.288665771484, 2009603, 2, 58
2019.30940008, 52.570505053303, 118.677158522168, 404.54931640625, 2009603, 3, 87
2019.30940008, 52.5705432889132, 118.677152552831, 404.642700195312, 2009603, 3, 87
2019.30940008, 52.5706134089051, 118.677141624759, 404.657348632812, 2009603, 3, 87
2019.30940008, 52.5707218120639, 118.67712477217, 404.665435791016, 2009603, 3, 87
2019.30940008, 52.5708047419822, 118.677111905256, 404.672271728516, 2009603, 3, 92
2019.30940008, 52.570874924214, 118.677101028521, 404.669006347656, 2009603, 3, 92
2019.30940008, 52.5709451133105, 118.677090157957, 404.692749023438, 2009603, 3, 92
2019.30940008, 52.5710216921761, 118.677078300453, 404.727172851562, 2009603, 3, 92
2019.30940008, 52.5710791286942, 118.677069405501, 404.606353759766, 2009603, 3, 92
2019.30940008, 52.5711238152008, 118.677062481601, 404.599090576172, 2009603, 3, 92
2019.30940008, 52.5711748553152, 118.677054572616, 404.655212402344, 2009603, 3, 92
2019.30940008, 52.5712323027764, 118.677045660972, 404.684967041016, 2009603, 3, 92
2019.30940008, 52.5713088671551, 118.677033772379, 404.666168212891, 2009603, 3, 92
2019.30940008, 52.5713917983866, 118.67702087275, 404.659729003906, 2009603, 3, 92
2019.30940008, 52.5714619696792, 118.677009934562, 404.625854492188, 2009603, 3, 92
2019.30940008, 52.5715257615597, 118.67699996909, 404.636260986328, 2009603, 3, 94
2019.30940008, 52.5715831411532, 118.676990990062, 404.584320068359, 2009603, 3, 94
2019.30940008, 52.571640596499, 118.676982051184, 404.594268798828, 2009603, 3, 94
2019.30940008, 52.5717042314796, 118.676971970273, 404.554321289062, 2009603, 3, 94
2019.30940008, 52.5717424115682, 118.67696591003, 404.476013183594, 2009603, 3, 94
2019.30940008, 52.5717678768813, 118.676961862208, 404.536926269531, 2009603, 3, 92
2019.30940008, 52.5718251249338, 118.676952753864, 404.590942382812, 2009603, 3, 92
2019.30940008, 52.5719014759032, 118.676940576078, 404.614105224609, 2009603, 3, 92
2019.30940008, 52.5719841492856, 118.67692735979, 404.641326904297, 2009603, 3, 92
2019.30940008, 52.5720668153429, 118.676914113062, 404.638458251953, 2009603, 3, 93
2019.30940008, 52.5721431093272, 118.67690186268, 404.64111328125, 2009603, 3, 93
2019.30940008, 52.5722194055736, 118.676889589099, 404.622344970703, 2009603, 3, 93
2019.30940008, 52.572295702202, 118.676877296145, 404.639892578125, 2009603, 3, 92
2019.30940008, 52.5723719722474, 118.676864993625, 404.646667480469, 2009603, 3, 92
2019.30940008, 52.572441893206, 118.676853702218, 404.630554199219, 2009603, 3, 92
2019.30940008, 52.5725054627133, 118.676843428041, 404.574615478516, 2009603, 3, 93
2019.30940008, 52.5725690335308, 118.676833147527, 404.555694580078, 2009603, 3, 93
2019.30940008, 52.5726262517244, 118.676823889863, 404.5224609375, 2009603, 3, 93
2019.30940008, 52.5726580320121, 118.676818747799, 404.502380371094, 2009603, 3, 93
2019.30940008, 52.5726834750273, 118.6768146287, 404.498870849609, 2009603, 3, 93
2019.30940008, 52.5727216217448, 118.676808454428, 404.564880371094, 2009603, 3, 93
2019.30940008, 52.5727661251369, 118.676801251119, 404.502319335938, 2009603, 3, 94
2019.30940008, 52.5728042775674, 118.676795075096, 404.506500244141, 2009603, 3, 94
2019.30940008, 52.5728360588329, 118.676789931844, 404.468994140625, 2009603, 3, 94
2019.30940008, 52.5728614995945, 118.676785813613, 404.472015380859, 2009603, 3, 94
2019.30940008, 52.5728868293685, 118.676781632368, 404.477905273438, 2009603, 3, 94
2019.30940008, 52.5729122968904, 118.676777536857, 404.482421875, 2009603, 3, 94
2019.30940008, 52.5729377697701, 118.676773440414, 404.482513427734, 2009603, 3, 94
2019.30940008, 52.5729632395712, 118.676769345171, 404.492095947266, 2009603, 3, 94
2019.30940008, 52.5729950725948, 118.676764227849, 404.494293212891, 2009603, 3, 94
2019.30940008, 52.573020544408, 118.676760132969, 404.488006591797, 2009603, 3, 94
2019.30940008, 52.5730460213853, 118.676756036801, 404.483459472656, 2009603, 3, 94
2019.30940008, 52.5730778525224, 118.676750921351, 404.498321533203, 2009603, 3, 94
2019.30940008, 52.5731033362874, 118.676746824234, 404.493377685547, 2009603, 3, 90
2019.30940008, 52.573135176497, 118.676741707102, 404.570129394531, 2009603, 3, 90
2019.30940008, 52.5731924747318, 118.676732500776, 404.567810058594, 2009603, 3, 90
2019.30940008, 52.5732434273774, 118.676724312434, 404.485534667969, 2009603, 3, 90
2019.30940008, 52.5732752629112, 118.676719197274, 404.439147949219, 2009603, 3, 81
2019.30940008, 52.5733070935514, 118.676714083853, 404.434143066406, 2009603, 3, 81
2019.30940008, 52.5733261991545, 118.676711013827, 404.417541503906, 2009603, 3, 81
2019.30940008, 52.5733516632423, 118.676706923191, 404.426452636719, 2009603, 3, 81
2019.30940008, 52.5733771266862, 118.676702832706, 404.423889160156, 2009603, 3, 81
2019.30940008, 52.5734025895349, 118.676698742284, 404.430816650391, 2009603, 3, 81
2019.30940008, 52.5734216938332, 118.676695672557, 404.410858154297, 2009603, 3, 81
2019.30940008, 52.5734471535246, 118.676691582845, 404.407836914062, 2009603, 3, 81
2019.30940008, 52.573472613496, 118.676687492756, 404.400451660156, 2009603, 3, 81
2019.30940008, 52.5735108045672, 118.676681357479, 404.468505859375, 2009603, 3, 66
2019.30940008, 52.5735807970438, 118.676670115047, 404.419555664062, 2009603, 3, 66
2019.30940008, 52.5736507910222, 118.676658870875, 404.441680908203, 2009603, 3, 66
2019.30940008, 52.5737398326523, 118.676644568817, 404.494903564453, 2009603, 3, 66
2019.30940008, 52.5738225108261, 118.676631287314, 404.487030029297, 2009603, 3, 61
2019.30940008, 52.5738987846455, 118.676619037492, 404.458801269531, 2009603, 3, 61
2019.30940008, 52.5739750355037, 118.676606792966, 404.444976806641, 2009603, 3, 61
2019.30940008, 52.5740512638354, 118.67659455399, 404.435791015625, 2009603, 3, 53
2019.30940008, 52.5741274829731, 118.676582317765, 404.453002929688, 2009603, 3, 53
2019.30940008, 52.5742037218862, 118.676570142237, 404.427215576172, 2009603, 3, 53
2019.30940043, 53.2637968939484, 118.565122245461, 450.650115966797, 2009603, 3, 68
2019.30940043, 53.2638799854377, 118.565108756883, 450.701965332031, 2009603, 3, 68
2019.30940043, 53.2639502891268, 118.565097375008, 450.683837890625, 2009603, 3, 68
2019.30940043, 53.2640333039223, 118.565083981622, 450.657409667969, 2009603, 3, 85
2019.30940043, 53.2640971568131, 118.565073708629, 450.650054931641, 2009603, 3, 85
2019.30940043, 53.2641737186607, 118.565061430581, 450.654724121094, 2009603, 3, 85
2019.30940043, 53.2642375038426, 118.565051230422, 450.654235839844, 2009603, 3, 85
2019.30940009, 52.5716585375924, 118.67826514898, 404.543853759766, 2009603, 4, 87
2019.30940009, 52.5719067489793, 118.678226000387, 404.612396240234, 2009603, 4, 92
2019.30940009, 52.5721548741327, 118.678186562295, 404.634552001953, 2009603, 4, 91
2019.30940009, 52.5724092901414, 118.678145823346, 404.561828613281, 2009603, 4, 92
2019.30940009, 52.5726509275895, 118.678106887433, 404.625885009766, 2009603, 4, 92
2019.30940009, 52.57289887742, 118.678066742002, 404.577362060547, 2009603, 4, 94
2019.30940009, 52.5731405489108, 118.678027511959, 404.671478271484, 2009603, 4, 94
2019.30940009, 52.5733948447487, 118.677986168225, 404.646575927734, 2009603, 4, 93
2019.30940009, 52.5736172497778, 118.677950009124, 404.601837158203, 2009603, 4, 93
2019.30940009, 52.5738268481482, 118.677915973637, 404.557800292969, 2009603, 4, 93
2019.30940009, 52.5740998878223, 118.677871761769, 404.429626464844, 2009603, 4, 89
2019.30940009, 52.5742900985192, 118.677841016205, 404.440338134766, 2009603, 4, 79
2019.30940009, 52.5743725174413, 118.677827725449, 404.427276611328, 2009603, 4, 79
2019.30940009, 52.5744803032186, 118.677810374944, 404.406768798828, 2009603, 4, 79
2019.30940009, 52.5746768934761, 118.67777882347, 404.416137695312, 2009603, 4, 62
2019.30940009, 52.5748481953347, 118.677751431956, 404.429779052734, 2009603, 4, 62
2019.30940053, 53.4432881586122, 118.537033480241, 493.559173583984, 2009603, 4, 59
2019.30940053, 53.4443914204965, 118.536855186086, 493.972229003906, 2009603, 4, 53
2019.30940053, 53.4446835627053, 118.536807376537, 493.768676757812, 2009603, 4, 64
2019.30940053, 53.4460163822281, 118.536585532545, 494.058746337891, 2009603, 4, 58
2019.30940053, 53.4463235107404, 118.53653414518, 493.999755859375, 2009603, 4, 58
2019.30940053, 53.4466249699036, 118.536483874681, 493.944793701172, 2009603, 4, 67
2019.30940053, 53.4469007741617, 118.536438100599, 493.993682861328, 2009603, 4, 76
2019.30940053, 53.4472016142658, 118.536388449323, 494.068237304688, 2009603, 4, 79
2019.30940053, 53.4475136242733, 118.536337321198, 494.173858642578, 2009603, 4, 88
2019.30940053, 53.4477418114461, 118.53630012009, 494.099731445312, 2009603, 4, 88
2019.30940053, 53.448500513471, 118.53617661625, 494.268157958984, 2009603, 4, 57
2019.30940053, 53.448703058388, 118.536143517356, 494.256164550781, 2009603, 4, 57
2019.30940053, 53.4489123152207, 118.536109207574, 494.379669189453, 2009603, 4, 66
2019.30940053, 53.449261595969, 118.536051783535, 494.297485351562, 2009603, 4, 77
2019.30940053, 53.449541448842, 118.536005672393, 494.329986572266, 2009603, 4, 70
2019.30940053, 53.4514124005307, 118.535697351943, 494.658203125, 2009603, 4, 53
2019.30940053, 53.4517549442755, 118.535641021454, 494.9619140625, 2009603, 4, 80
2019.30940053, 53.4521034614224, 118.535583666183, 495.237640380859, 2009603, 4, 89
2019.30940053, 53.4523314678541, 118.535546130917, 495.395202636719, 2009603, 4, 86
2019.30940053, 53.4526037044883, 118.535501201647, 495.508239746094, 2009603, 4, 86
2019.3093988, 50.0175097854547, 119.117133975808, 519.780212402344, 2009588, 5, 62
2019.3093988, 50.0177060945322, 119.117106108321, 519.834594726562, 2009588, 5, 62
2019.30940011, 52.6302557453412, 118.715430468596, 401.517761230469, 2009603, 5, 70
2019.30940011, 52.6303067594214, 118.715422184514, 401.485504150391, 2009603, 5, 70
2019.30940011, 52.6303641048674, 118.715412775973, 401.484466552734, 2009603, 5, 70
2019.30940011, 52.6304278576083, 118.71540238218, 401.506469726562, 2009603, 5, 70
2019.30940011, 52.6304915835419, 118.71539194272, 401.495300292969, 2009603, 5, 70
2019.30940011, 52.6305553265245, 118.715381546805, 401.510803222656, 2009603, 5, 89
2019.30940011, 52.6306254179437, 118.715370094616, 401.471374511719, 2009603, 5, 89
2019.30940011, 52.6306827524905, 118.715360735864, 401.515808105469, 2009603, 5, 89
2019.30940011, 52.6307464487362, 118.715350357209, 401.48193359375, 2009603, 5, 89
2019.30940011, 52.6308164962715, 118.715338965319, 401.479125976562, 2009603, 5, 91
2019.30940011, 52.6308737630639, 118.715329622574, 401.489471435547, 2009603, 5, 91
2019.30940011, 52.6309246949983, 118.715321402801, 401.533111572266, 2009603, 5, 91
2019.30940011, 52.6309819458834, 118.715312125112, 401.512145996094, 2009603, 5, 91
2019.30940011, 52.6310391917505, 118.715302895113, 401.510772705078, 2009603, 5, 92
2019.30940011, 52.6311027440469, 118.715292619198, 401.479461669922, 2009603, 5, 92
2019.30940011, 52.631159955268, 118.715283456904, 401.485137939453, 2009603, 5, 92
2019.30940011, 52.6312171246418, 118.715274283372, 401.467742919922, 2009603, 5, 92
2019.30940011, 52.6312742745588, 118.715265139963, 401.486877441406, 2009603, 5, 92
2019.30940011, 52.6313377344759, 118.715254988611, 401.487152099609, 2009603, 5, 92
2019.30940011, 52.6314013365189, 118.715244575812, 401.430908203125, 2009603, 5, 93
2019.30940011, 52.6314646349867, 118.715234783569, 401.469451904297, 2009603, 5, 93
2019.30940011, 52.6315215875719, 118.71522599911, 401.438690185547, 2009603, 5, 92
2019.30940011, 52.6315848326245, 118.715216217434, 401.459045410156, 2009603, 5, 92
2019.30940011, 52.6316417733354, 118.715207477251, 401.432006835938, 2009603, 5, 92
2019.30940011, 52.6317049903328, 118.715197697109, 401.433715820312, 2009603, 5, 92
2019.30940011, 52.6317618911186, 118.715188914081, 401.4482421875, 2009603, 5, 92
2019.30940011, 52.6318314332999, 118.715178159972, 401.430084228516, 2009603, 5, 92
2019.30940011, 52.6318883607078, 118.71516939077, 401.454498291016, 2009603, 5, 92
2019.30940011, 52.6319452564028, 118.715160545033, 401.475646972656, 2009603, 5, 92
2019.30940011, 52.6320084824198, 118.715150679747, 401.466156005859, 2009603, 5, 91
2019.30940011, 52.6320591036948, 118.715142813698, 401.475219726562, 2009603, 5, 91
2019.30940011, 52.6321160401555, 118.715133890855, 401.424194335938, 2009603, 5, 91
2019.30940011, 52.6321856308361, 118.715122903447, 401.435241699219, 2009603, 5, 91
2019.30940011, 52.6322426311768, 118.715113936343, 401.436218261719, 2009603, 5, 91
2019.30940011, 52.6322996261121, 118.715104882366, 401.437927246094, 2009603, 5, 89
2019.30940011, 52.6323756364402, 118.715092709805, 401.436340332031, 2009603, 5, 89
2019.30940011, 52.6324326887896, 118.715083545774, 401.428802490234, 2009603, 5, 89
2019.30940011, 52.6324961119911, 118.715073306647, 401.431793212891, 2009603, 5, 89
2019.30940011, 52.6325595813852, 118.715063023976, 401.425964355469, 2009603, 5, 62
2019.30940011, 52.6326230933007, 118.715052694816, 401.277099609375, 2009603, 5, 62
2019.30940011, 52.6326864931098, 118.715042544479, 401.243133544922, 2009603, 5, 62
2019.30940039, 53.1890321919541, 118.625775746702, 438.528381347656, 2009603, 5, 74
2019.30940039, 53.1890894960313, 118.625766839097, 438.446746826172, 2009603, 5, 74
2019.30940039, 53.1891468053747, 118.625757879566, 438.431488037109, 2009603, 5, 74
2019.30940039, 53.189210493201, 118.625747865777, 438.537841796875, 2009603, 5, 77
2019.30940039, 53.1985254835753, 118.624239528808, 440.988647460938, 2009603, 5, 87
2019.30940039, 53.1985824707766, 118.624230563969, 440.977020263672, 2009603, 5, 87
2019.30940039, 53.1986331301047, 118.624222613488, 440.953033447266, 2009603, 5, 87
2019.30940039, 53.1986837977691, 118.624214689052, 441.010314941406, 2009603, 5, 87
2019.30940039, 53.1987407711268, 118.624205725222, 440.971832275391, 2009603, 5, 87
2019.3094004, 53.2217675175821, 118.620470422506, 443.120788574219, 2009603, 5, 51
2019.3094004, 53.2218245911131, 118.62046121302, 443.100616455078, 2009603, 5, 51
2019.3094004, 53.2218816328085, 118.620451982754, 443.085662841797, 2009603, 5, 51
2019.3094004, 53.2219450334327, 118.620441791494, 443.0927734375, 2009603, 5, 51
2019.3094004, 53.2219957671381, 118.620433682426, 443.123443603516, 2009603, 5, 51
2019.3094004, 53.2220528052724, 118.620424514754, 443.122619628906, 2009603, 5, 67
2019.3094004, 53.2221162030283, 118.62041437801, 443.126190185547, 2009603, 5, 67
2019.3094004, 53.2221732625118, 118.620405266866, 443.121612548828, 2009603, 5, 67
2019.3094004, 53.2222240128627, 118.620397223932, 443.089935302734, 2009603, 5, 67
2019.3094004, 53.2222747422878, 118.620389150103, 443.107360839844, 2009603, 5, 67
2019.3094004, 53.2223318202544, 118.62038007098, 443.088714599609, 2009603, 5, 67
2019.3094004, 53.2223889242529, 118.6203710278, 443.116394042969, 2009603, 5, 67
2019.3094004, 53.2224523333895, 118.62036089246, 443.101226806641, 2009603, 5, 67
2019.3094004, 53.2225158406722, 118.62035091999, 443.09375, 2009603, 5, 62
2019.3094004, 53.2225730301606, 118.620341977662, 443.09228515625, 2009603, 5, 62
2019.3094004, 53.2226365646776, 118.620331995796, 443.048645019531, 2009603, 5, 62
2019.3094004, 53.2226937832295, 118.620323047775, 443.037780761719, 2009603, 5, 62
2019.3094004, 53.2227510004306, 118.620314069309, 443.053100585938, 2009603, 5, 66
2019.3094004, 53.2228082381853, 118.620305090202, 443.061737060547, 2009603, 5, 66
2019.3094004, 53.2228718304832, 118.620295062133, 443.099853515625, 2009603, 5, 66
2019.3094004, 53.2229291065338, 118.620286075687, 443.074645996094, 2009603, 5, 66
2019.3094004, 53.2229863739091, 118.620277030138, 443.108856201172, 2009603, 5, 66
2019.3094004, 53.2230436684421, 118.620267990394, 443.115264892578, 2009603, 5, 62
2019.3094004, 53.2231009866099, 118.620258948786, 443.103698730469, 2009603, 5, 62
2019.30940041, 53.2317998848548, 118.618847158307, 444.890594482422, 2009603, 5, 68
2019.30940041, 53.2318701033901, 118.618835939932, 444.789184570312, 2009603, 5, 68
2019.30940041, 53.2319275315055, 118.618826759407, 444.788879394531, 2009603, 5, 68
2019.30940041, 53.2319785967041, 118.618818662772, 444.753753662109, 2009603, 5, 68
2019.30940041, 53.2320359780892, 118.61880948427, 444.745849609375, 2009603, 5, 87
2019.30940041, 53.2320933538947, 118.618800336563, 444.737976074219, 2009603, 5, 87
2019.30940041, 53.2321379664253, 118.618793230643, 444.686248779297, 2009603, 5, 87
2019.30940041, 53.2321889340912, 118.618785116186, 444.649627685547, 2009603, 5, 87
2019.30940041, 53.2322462564794, 118.618776008884, 444.648040771484, 2009603, 5, 87
2019.30940041, 53.2324434213004, 118.618744539871, 444.610443115234, 2009603, 5, 89
2019.30940041, 53.2324815359997, 118.618738445106, 444.563629150391, 2009603, 5, 89
2019.30940052, 53.4661136416891, 118.580748469934, 503.429992675781, 2009603, 5, 56
2019.30940052, 53.4662096070412, 118.580732646892, 503.556121826172, 2009603, 5, 56
2019.30940052, 53.466279996657, 118.580721073908, 503.471832275391, 2009603, 5, 56
2019.30940052, 53.4663567756313, 118.580708443434, 503.497924804688, 2009603, 5, 56
2019.30940052, 53.4664271150924, 118.580696815936, 503.546112060547, 2009603, 5, 56
2019.30940052, 53.4664974929392, 118.580685266682, 503.547973632812, 2009603, 5, 56
2019.30940052, 53.4665741296557, 118.580672530816, 503.547302246094, 2009603, 5, 63
2019.30940053, 53.4666443654884, 118.580660875601, 503.582397460938, 2009603, 5, 63
2019.30940053, 53.4667146117461, 118.580649287166, 503.542297363281, 2009603, 5, 63
2019.30940053, 53.466784807087, 118.580637660387, 503.636901855469, 2009603, 5, 73
2019.30940053, 53.466854939829, 118.580625981189, 503.728210449219, 2009603, 5, 73
2019.30940053, 53.4669187022431, 118.58061542624, 503.789367675781, 2009603, 5, 73
2019.30940053, 53.4669888139691, 118.580603825351, 503.776397705078, 2009603, 5, 73
2019.30940053, 53.4670588939024, 118.580592234005, 503.843566894531, 2009603, 5, 73
2019.30940053, 53.467122562105, 118.580581683333, 503.864227294922, 2009603, 5, 73
2019.30940053, 53.4671798690062, 118.580572248486, 503.820495605469, 2009603, 5, 73
2019.30940053, 53.4672498431178, 118.580560658358, 503.871734619141, 2009603, 5, 73
2019.30940053, 53.4673198153081, 118.58054913115, 503.890228271484, 2009603, 5, 59
2019.30940053, 53.4673833772722, 118.580538632387, 503.906005859375, 2009603, 5, 59
2019.30940053, 53.4674469611067, 118.580528219651, 503.851867675781, 2009603, 5, 59
2019.30940053, 53.4703115224253, 118.58006643931, 504.561401367188, 2009603, 5, 75
2019.30940053, 53.4703812236303, 118.580055366684, 504.570556640625, 2009603, 5, 75
2019.30940053, 53.470444604723, 118.580045368858, 504.539154052734, 2009603, 5, 75
2019.30940053, 53.4705079319737, 118.580035304823, 504.575500488281, 2009603, 5, 85
2019.30940053, 53.4705712822239, 118.580025301399, 504.595062255859, 2009603, 5, 85
2019.30940053, 53.4706472647316, 118.580013254684, 504.606964111328, 2009603, 5, 85
2019.30940053, 53.4707169340496, 118.580002250596, 504.619842529297, 2009603, 5, 85
2019.30940053, 53.4710399716518, 118.57995112658, 504.595703125, 2009603, 5, 55
2019.30940053, 53.4711096524566, 118.579940024341, 504.629486083984, 2009603, 5, 55
2019.30940053, 53.4711667017126, 118.57993096997, 504.669586181641, 2009603, 5, 55
2019.30940053, 53.4712301005951, 118.579920888333, 504.668640136719, 2009603, 5, 55
2019.30940053, 53.4712998484811, 118.579909763008, 504.676696777344, 2009603, 5, 76
2019.30940053, 53.471363276498, 118.57989962842, 504.655914306641, 2009603, 5, 76
2019.30940053, 53.4714267084069, 118.579889447195, 504.679626464844, 2009603, 5, 76
2019.30940053, 53.4714901919451, 118.579879300959, 504.677917480469, 2009603, 5, 76
2019.30940053, 53.4715598681848, 118.579868011216, 504.736022949219, 2009603, 5, 75
2019.30940053, 53.4716171760721, 118.579858849499, 504.685089111328, 2009603, 5, 75
2019.30940053, 53.4716871782773, 118.579847527541, 504.671539306641, 2009603, 5, 75
2019.30940053, 53.4717444969531, 118.579838291646, 504.605865478516, 2009603, 5, 75
2019.30940054, 53.4872782707354, 118.577294960992, 510.377532958984, 2009603, 5, 76
2019.30940054, 53.4873480836865, 118.577282921304, 510.360229492188, 2009603, 5, 76
2019.30940054, 53.4874242886705, 118.577269841603, 510.3798828125, 2009603, 5, 76
2019.30940012, 52.6306599719463, 118.716676463707, 401.416442871094, 2009603, 6, 77
2019.30940012, 52.6307806556389, 118.716657453243, 401.412628173828, 2009603, 6, 91
2019.30940012, 52.6308887125535, 118.716640459366, 401.385009765625, 2009603, 6, 91
2019.30940012, 52.6310286667114, 118.716618477186, 401.471435546875, 2009603, 6, 92
2019.30940012, 52.6312261021574, 118.716587539846, 401.443725585938, 2009603, 6, 92
2019.30940012, 52.6314622281564, 118.716550787313, 401.494140625, 2009603, 6, 94
2019.30940012, 52.6317116080718, 118.71651219201, 401.476501464844, 2009603, 6, 93
2019.30940012, 52.6319481778585, 118.716475492579, 401.500610351562, 2009603, 6, 91
2019.30940012, 52.6321653784796, 118.71644161099, 401.442749023438, 2009603, 6, 91
2019.30940012, 52.6323759002169, 118.716408543569, 401.472564697266, 2009603, 6, 89
2019.30940012, 52.6326052311384, 118.716372339094, 401.404663085938, 2009603, 6, 87
2019.3094004, 53.188929651167, 118.627120593987, 438.450408935547, 2009603, 6, 78
2019.3094004, 53.1988598875143, 118.625515218694, 441.010711669922, 2009603, 6, 81
2019.30940041, 53.2199570704052, 118.622099330495, 443.119293212891, 2009603, 6, 74
2019.30940042, 53.2252540567237, 118.621240234955, 443.343170166016, 2009603, 6, 89
2019.30940042, 53.2254951720882, 118.621200996397, 443.324645996094, 2009603, 6, 89
2019.30940042, 53.2257299749912, 118.621162874329, 443.286773681641, 2009603, 6, 85
2019.30940042, 53.2259712217616, 118.621123895215, 443.259246826172, 2009603, 6, 55
2019.30940042, 53.2308659081031, 118.620326909364, 444.548095703125, 2009603, 6, 65
2019.30940042, 53.2310627819029, 118.620295025128, 444.395050048828, 2009603, 6, 81
2019.30940042, 53.231208846153, 118.620271339677, 444.419586181641, 2009603, 6, 81
2019.30940042, 53.2314307360119, 118.620235582311, 444.477874755859, 2009603, 6, 70
2019.30940042, 53.2316208796577, 118.620204985346, 444.475799560547, 2009603, 6, 83
2019.30940042, 53.2317603185182, 118.620182519913, 444.457244873047, 2009603, 6, 60
2019.30940042, 53.2319124615228, 118.620157993476, 444.630584716797, 2009603, 6, 60
2019.30940055, 53.487809060995, 118.578544210909, 510.198760986328, 2009603, 6, 70
2019.30940055, 53.4880565149475, 118.578504233192, 510.193145751953, 2009603, 6, 78
