2022.36214556, 49.0565254347313, 134.290916726353, 48.3594589233398, 1342791, 1, 59
2022.36214556, 49.0562151088343, 134.290871716063, 48.3567276000977, 1342791, 1, 62
2022.36214556, 49.0559427675825, 134.290831895809, 48.3390312194824, 1342791, 1, 63
2022.36214556, 49.0558035163037, 134.29081123786, 48.3462905883789, 1342791, 1, 63
2022.36214559, 48.9923398040854, 134.282277575098, 44.7039222717285, 1343056, 1, 64
2022.3621456, 48.9586405028578, 134.277526384232, 44.6110343933105, 2009587, 1, 81
2022.36214561, 48.9582282191634, 134.277467928479, 44.5791168212891, 2009587, 1, 94
2022.36214561, 48.95783304908, 134.27741105542, 44.6198844909668, 2009587, 1, 93
2022.36214561, 48.9574929841006, 134.277360913883, 44.5431251525879, 2009587, 1, 93
2022.36214561, 48.9571464002871, 134.277308934826, 44.5635375976562, 2009587, 1, 91
2022.36214562, 48.9238681305491, 134.272136004588, 44.2552337646484, 2009587, 1, 88
2022.36214562, 48.9236014997049, 134.272092671965, 44.2398109436035, 2009587, 1, 92
2022.36214562, 48.9233604677222, 134.272052848727, 44.2583160400391, 2009587, 1, 93
2022.36214562, 48.9230939353575, 134.272009541205, 44.3404693603516, 2009587, 1, 88
2022.36214565, 48.8650993290711, 134.263230448197, 42.644100189209, 2009587, 1, 94
2022.36214565, 48.8647767705807, 134.263180864591, 42.5943450927734, 2009587, 1, 94
2022.36214565, 48.8645179950992, 134.263141310977, 42.6106872558594, 2009587, 1, 93
2022.36214565, 48.8642714097179, 134.263103960411, 42.5888824462891, 2009587, 1, 93
2022.36214565, 48.8640558071311, 134.263071649502, 42.5823974609375, 2009587, 1, 92
2022.36214565, 48.8638075258419, 134.263035344296, 42.5962448120117, 2009587, 1, 95
2022.36214565, 48.8635381733781, 134.26299689067, 42.6051979064941, 2009587, 1, 94
2022.36214565, 48.8632482575384, 134.262956311483, 42.5757637023926, 2009587, 1, 93
2022.36214565, 48.8629841495876, 134.262919802931, 42.614143371582, 2009587, 1, 93
2022.36214565, 48.862663008583, 134.262875315951, 42.5664024353027, 2009587, 1, 94
2022.36214565, 48.8622164719143, 134.262812406638, 42.6247329711914, 2009587, 1, 95
2022.36214567, 48.8297801428899, 134.257955007205, 40.9205627441406, 1343919, 1, 60
2022.36214567, 48.8295166859912, 134.257911920113, 40.9166145324707, 1343919, 1, 62
2022.36214567, 48.82929987255, 134.257876656389, 40.899040222168, 1343919, 1, 58
2022.36214567, 48.8180993688071, 134.256156213937, 40.9152603149414, 1343919, 1, 63
2022.36214568, 48.8177814745864, 134.256107763424, 40.8943252563477, 1343919, 1, 63
2022.36214568, 48.8175322436885, 134.256069059285, 40.9358139038086, 1343919, 1, 62
2022.36214571, 48.7479678465483, 134.24590127727, 40.2766494750977, 2009587, 1, 89
2022.36214571, 48.747439632245, 134.24582915569, 40.2952842712402, 2009587, 1, 84
2022.36214571, 48.7468476220936, 134.24575062752, 40.2748565673828, 2009587, 1, 84
2022.36214574, 48.6819439444797, 134.236915846266, 41.3672180175781, 2009587, 1, 93
2022.36214574, 48.6816914602076, 134.236877392432, 41.3535346984863, 2009587, 1, 93
2022.36214574, 48.6814009244846, 134.236831336966, 41.2825126647949, 2009587, 1, 94
2022.36214574, 48.6810536373859, 134.236774866866, 41.2739448547363, 2009587, 1, 94
2022.36214574, 48.6807441100162, 134.23672407294, 41.3020095825195, 2009587, 1, 94
2022.36214574, 48.6804469736255, 134.236675343462, 41.2975158691406, 2009587, 1, 89
2022.36214587, 48.418252113897, 134.198382498925, 38.2647438049316, 168318, 1, 88
2022.36214587, 48.4178008194703, 134.198319297304, 38.3126831054688, 168318, 1, 85
2022.36214587, 48.4174192251228, 134.198266934362, 38.3075790405273, 168318, 1, 77
2022.36214587, 48.4170111431781, 134.198210844895, 38.3105621337891, 168318, 1, 57
2022.36214587, 48.4166591430249, 134.198162042485, 38.3112640380859, 168318, 1, 51
2022.36214588, 48.3989945874545, 134.195500835647, 38.1868476867676, 2009603, 1, 58
2022.36214588, 48.3987643879272, 134.195465815461, 38.2539901733398, 2009603, 1, 58
2022.36214589, 48.3869637055719, 134.193586892769, 37.7290115356445, 2009603, 1, 59
2022.36214589, 48.3866215548926, 134.193530297929, 37.6958351135254, 2009603, 1, 84
2022.36214589, 48.386374750429, 134.193490149608, 37.6458930969238, 2009603, 1, 91
2022.36214589, 48.3861282882728, 134.193451059259, 37.7051048278809, 2009603, 1, 96
2022.36214589, 48.3858250820596, 134.193404149619, 37.6812057495117, 2009603, 1, 96
2022.36214589, 48.3855025255362, 134.193354733511, 37.7354431152344, 2009603, 1, 97
2022.36214589, 48.3851856300931, 134.193305936796, 37.711009979248, 2009603, 1, 98
2022.36214589, 48.3848740879601, 134.193257417173, 37.6908416748047, 2009603, 1, 98
2022.36214589, 48.3845745023557, 134.193209328694, 37.7017364501953, 2009603, 1, 97
2022.36214589, 48.3842875025925, 134.193162815032, 37.7093391418457, 2009603, 1, 96
2022.36214589, 48.3840070698823, 134.193116489896, 37.742115020752, 2009603, 1, 97
2022.36214589, 48.3837142894414, 134.193067793283, 37.7045135498047, 2009603, 1, 97
2022.36214589, 48.3834032535014, 134.193015713293, 37.6657218933105, 2009603, 1, 97
2022.36214589, 48.3831306591028, 134.192970082147, 37.7019805908203, 2009603, 1, 96
2022.36214589, 48.3828708675466, 134.192927101212, 37.7021903991699, 2009603, 1, 96
2022.36214589, 48.3825983626948, 134.192882519645, 37.7492561340332, 2009603, 1, 96
2022.36214589, 48.3823637279457, 134.192845007999, 37.7001075744629, 2009603, 1, 96
2022.36214589, 48.3821352280243, 134.1928089673, 37.656909942627, 2009603, 1, 97
2022.36214589, 48.3817853697119, 134.192753621459, 37.6836166381836, 2009603, 1, 96
2022.36214589, 48.381447220764, 134.192699707139, 37.7139549255371, 2009603, 1, 96
2022.36214589, 48.3811272964772, 134.192647727041, 37.6886978149414, 2009603, 1, 96
2022.36214589, 48.3807808015595, 134.192589728639, 37.639476776123, 2009603, 1, 96
2022.36214589, 48.3805116529478, 134.192544190119, 37.6640014648438, 2009603, 1, 95
2022.36214589, 48.3802048973268, 134.192492402615, 37.6282539367676, 2009603, 1, 89
2022.36214589, 48.3798234357854, 134.19242848136, 37.6591567993164, 2009603, 1, 88
2022.36214589, 48.379488644937, 134.192373393898, 37.6277732849121, 2009603, 1, 82
2022.36214589, 48.3791289170418, 134.192314816346, 37.6845169067383, 2009603, 1, 80
2022.36214589, 48.3787372609904, 134.192251151936, 38.9334716796875, 2009603, 1, 76
2022.3621459, 48.3738624611223, 134.191479896389, 37.8172760009766, 2009603, 1, 65
2022.3621459, 48.373659232372, 134.191447539072, 37.8277168273926, 2009603, 1, 89
2022.3621459, 48.3734556418994, 134.191414751878, 37.7757873535156, 2009603, 1, 91
2022.3621459, 48.3732644998131, 134.191383237766, 37.8148040771484, 2009603, 1, 91
2022.3621459, 48.3592128866662, 134.18911051131, 37.8632392883301, 2009603, 1, 96
2022.3621459, 48.3589403772343, 134.189064614636, 37.8624267578125, 2009603, 1, 96
2022.3621459, 48.3586668244, 134.189019411802, 37.8539886474609, 2009603, 1, 96
2022.3621459, 48.3584242795817, 134.188979735072, 37.8801612854004, 2009603, 1, 95
2022.3621459, 48.358161561511, 134.188938019547, 37.9110565185547, 2009603, 1, 95
2022.3621459, 48.35785957778, 134.18889165113, 37.8717651367188, 2009603, 1, 95
2022.3621459, 48.3576091179198, 134.188853205892, 37.884349822998, 2009603, 1, 94
2022.3621459, 48.3573206389289, 134.188809305822, 37.8410568237305, 2009603, 1, 94
2022.3621459, 48.3569821819629, 134.188757204839, 37.912181854248, 2009603, 1, 93
2022.3621459, 48.3567600468225, 134.188722165892, 38.3135566711426, 2009603, 1, 93
2022.3621459, 48.3565256315726, 134.188685018642, 38.4562606811523, 2009603, 1, 89
2022.36214591, 48.3544341470944, 134.188365538403, 39.1548118591309, 2009603, 1, 57
2022.36214591, 48.3542631396848, 134.188338309433, 39.3031044006348, 2009603, 1, 57
2022.36214591, 48.3524989016752, 134.188057856935, 37.9666900634766, 2009603, 1, 91
2022.36214591, 48.3522492242593, 134.188019116982, 37.9948501586914, 2009603, 1, 96
2022.36214591, 48.3520126218253, 134.187982529426, 37.9661636352539, 2009603, 1, 94
2022.36214591, 48.3517261048141, 134.187937629498, 37.9579010009766, 2009603, 1, 95
2022.36214591, 48.3514213799, 134.187889680316, 37.9709358215332, 2009603, 1, 95
2022.36214591, 48.3510983918922, 134.187839297132, 37.9669570922852, 2009603, 1, 96
2022.36214591, 48.3508265367888, 134.1877967892, 37.9956398010254, 2009603, 1, 96
2022.36214591, 48.3504473855847, 134.187738478665, 38.004825592041, 2009603, 1, 97
2022.36214591, 48.3500996171239, 134.187685338783, 37.9590034484863, 2009603, 1, 97
2022.36214591, 48.3497575948048, 134.187633168622, 37.9538993835449, 2009603, 1, 97
2022.36214591, 48.3494529255994, 134.187586415459, 38.0440444946289, 2009603, 1, 97
2022.36214591, 48.3491156359652, 134.187534239023, 37.9970703125, 2009603, 1, 97
2022.36214591, 48.3487711349373, 134.187480777289, 37.9938583374023, 2009603, 1, 97
2022.36214591, 48.3484963669694, 134.187437588119, 37.9921836853027, 2009603, 1, 97
2022.36214591, 48.3482341290619, 134.187396251079, 38.03564453125, 2009603, 1, 96
2022.36214591, 48.3479524969368, 134.187351872188, 38.0494232177734, 2009603, 1, 96
2022.36214591, 48.3476261829085, 134.187300071824, 37.9975433349609, 2009603, 1, 97
2022.36214591, 48.3473322815119, 134.187253488081, 37.9813690185547, 2009603, 1, 97
2022.36214591, 48.347019850409, 134.187204011626, 37.9820861816406, 2009603, 1, 97
2022.36214591, 48.3467590987556, 134.187162600379, 38.0035705566406, 2009603, 1, 96
2022.36214591, 48.346518025856, 134.187124284947, 38.4533729553223, 2009603, 1, 96
2022.36214591, 48.3462644753427, 134.187084276372, 38.3889350891113, 2009603, 1, 87
2022.36214592, 48.3303413135084, 134.184682511335, 38.0158348083496, 2009603, 1, 73
2022.36214592, 48.3300660722151, 134.184643305934, 38.0931396484375, 2009603, 1, 85
2022.36214592, 48.3297459492785, 134.184597424609, 38.1094131469727, 2009603, 1, 91
2022.36214592, 48.3294134842755, 134.184549097336, 38.0587196350098, 2009603, 1, 87
2022.36214592, 48.3290054941813, 134.184489275624, 38.0441017150879, 2009603, 1, 83
2022.36214592, 48.3281688930415, 134.184364169789, 38.0202941894531, 2009603, 1, 63
2022.36214592, 48.3278330026139, 134.184313827621, 38.095890045166, 2009603, 1, 53
2022.36214593, 48.316114755808, 134.182644623033, 37.7780838012695, 2009603, 1, 77
2022.36214593, 48.3158739218945, 134.182612124008, 37.7909240722656, 2009603, 1, 91
2022.36214593, 48.3156206851415, 134.182577983523, 38.0636444091797, 2009603, 1, 90
2022.36214644, 47.2843906201835, 134.034800895793, 44.457160949707, 2009603, 1, 61
2022.36214644, 47.2842828852144, 134.034787737246, 44.4613914489746, 2009603, 1, 61
2022.36214644, 47.2842005818327, 134.034777718529, 44.4524955749512, 2009603, 1, 84
2022.36214644, 47.2841246728473, 134.0347683238, 44.4336776733398, 2009603, 1, 84
2022.36214644, 47.2840614272454, 134.034760651649, 44.4699401855469, 2009603, 1, 84
2022.36214644, 47.2840108592382, 134.03475440458, 44.4301567077637, 2009603, 1, 84
2022.36214678, 46.6081791260062, 133.939751345055, 48.7752799987793, 2009603, 1, 95
2022.36214678, 46.6054667827011, 133.93935583185, 49.0728073120117, 2009603, 1, 79
2022.36214678, 46.6053522416534, 133.939338692621, 49.0452003479004, 2009603, 1, 79
2022.36214678, 46.6050274428848, 133.939290011932, 49.0208969116211, 2009603, 1, 87
2022.36214678, 46.6044077174003, 133.939196471888, 48.8747253417969, 2009603, 1, 91
2022.36214678, 46.6033983600917, 133.939045326682, 48.8737716674805, 2009603, 1, 90
2022.36214686, 46.4339794478462, 133.915251687988, 50.4152221679688, 2009603, 1, 87
2022.36214686, 46.4339094949059, 133.915242381864, 50.443229675293, 2009603, 1, 87
2022.36214686, 46.4338197691574, 133.915230885429, 50.4276580810547, 2009603, 1, 87
2022.36214686, 46.4336979310364, 133.915215228478, 50.4498596191406, 2009603, 1, 95
2022.36214686, 46.4335760213968, 133.915199750783, 50.4642753601074, 2009603, 1, 95
2022.36214686, 46.433473341607, 133.915186712583, 50.4938468933105, 2009603, 1, 94
2022.36214686, 46.4333963118285, 133.915177122559, 50.4880752563477, 2009603, 1, 94
2022.36214686, 46.4333064810849, 133.915165738527, 50.4768257141113, 2009603, 1, 94
2022.36214686, 46.4332166485447, 133.915154585371, 50.3990745544434, 2009603, 1, 94
2022.36214686, 46.4331140510553, 133.915141652866, 50.4387054443359, 2009603, 1, 94
2022.36214686, 46.4329923222176, 133.915126099147, 50.4779281616211, 2009603, 1, 93
2022.36214686, 46.4329090689135, 133.915115773991, 50.4258728027344, 2009603, 1, 93
2022.36214686, 46.4328386936855, 133.915106806384, 50.4413452148438, 2009603, 1, 93
2022.36214686, 46.4327428240639, 133.915094393666, 50.463752746582, 2009603, 1, 94
2022.36214686, 46.4326534038876, 133.915083031754, 50.4797210693359, 2009603, 1, 94
2022.36214686, 46.432583109643, 133.915073969994, 50.4625778198242, 2009603, 1, 94
2022.36214686, 46.4325258866264, 133.91506640851, 50.511157989502, 2009603, 1, 94
2022.36214686, 46.4324686801737, 133.915058958029, 50.4957885742188, 2009603, 1, 92
2022.36214686, 46.4324115326467, 133.915051242731, 50.527759552002, 2009603, 1, 92
2022.36214686, 46.432354378057, 133.915043854308, 50.5247535705566, 2009603, 1, 92
2022.36214686, 46.4322972771515, 133.91503620034, 50.5256767272949, 2009603, 1, 92
2022.36214686, 46.4322402026458, 133.915028459268, 50.531322479248, 2009603, 1, 94
2022.36214686, 46.4321894813705, 133.915021642162, 50.5746650695801, 2009603, 1, 94
2022.36214686, 46.4321387435242, 133.915015084018, 50.5333595275879, 2009603, 1, 94
2022.36214686, 46.4320436924247, 133.915002269172, 50.572566986084, 2009603, 1, 94
2022.36214686, 46.4319549825994, 133.914990427424, 50.4935874938965, 2009603, 1, 94
2022.36214686, 46.4318726336866, 133.91497928574, 50.512580871582, 2009603, 1, 94
2022.36214686, 46.4317839324338, 133.914967395145, 50.5011787414551, 2009603, 1, 94
2022.36214686, 46.4317142451835, 133.914957907955, 50.4271354675293, 2009603, 1, 95
2022.36214686, 46.4316318663474, 133.914946742447, 50.4752159118652, 2009603, 1, 95
2022.36214686, 46.4315494504286, 133.914935659541, 50.4684295654297, 2009603, 1, 95
2022.36214686, 46.4314733459031, 133.914925425962, 50.4682235717773, 2009603, 1, 95
2022.36214686, 46.4313972032532, 133.914915239199, 50.5154876708984, 2009603, 1, 95
2022.36214686, 46.4313083811528, 133.914903319878, 50.4846420288086, 2009603, 1, 95
2022.36214686, 46.4312256810942, 133.914892209871, 50.4975509643555, 2009603, 1, 95
2022.36214686, 46.4311429134212, 133.914881274489, 50.4668655395508, 2009603, 1, 95
2022.36214686, 46.4310601075702, 133.914870304097, 50.4757461547852, 2009603, 1, 95
2022.36214686, 46.4309772562594, 133.91485938969, 50.5245246887207, 2009603, 1, 95
2022.36214686, 46.4309007338047, 133.914849404027, 50.4843292236328, 2009603, 1, 95
2022.36214686, 46.4308369558289, 133.914840950994, 50.4633483886719, 2009603, 1, 95
2022.36214686, 46.4307604012178, 133.914830741924, 50.5064163208008, 2009603, 1, 95
2022.36214686, 46.4306837972194, 133.91482078767, 50.4749069213867, 2009603, 1, 95
2022.36214686, 46.4305880433097, 133.914808031578, 50.5340309143066, 2009603, 1, 95
2022.36214686, 46.4304794602372, 133.914793858156, 50.5083694458008, 2009603, 1, 95
2022.36214686, 46.4304028185364, 133.914783683715, 50.4997634887695, 2009603, 1, 95
2022.36214686, 46.4303197924951, 133.914772511766, 50.5441474914551, 2009603, 1, 95
2022.36214686, 46.4301664581432, 133.914752297391, 50.5088233947754, 2009603, 1, 95
2022.36214686, 46.4300769863946, 133.914740493973, 50.5053596496582, 2009603, 1, 96
2022.36214686, 46.4299939919362, 133.914729285085, 50.4957122802734, 2009603, 1, 96
2022.36214686, 46.4298854667707, 133.914714709711, 50.4703979492188, 2009603, 1, 96
2022.36214686, 46.4297578233499, 133.914697489838, 50.4736061096191, 2009603, 1, 96
2022.36214686, 46.4296174547559, 133.914678522698, 50.4679260253906, 2009603, 1, 96
2022.36214686, 46.4295153866387, 133.914664840114, 50.4878692626953, 2009603, 1, 96
2022.36214686, 46.4293814617463, 133.914646876522, 50.5336418151855, 2009603, 1, 96
2022.36214686, 46.4292475690885, 133.914629076932, 50.513240814209, 2009603, 1, 95
2022.36214686, 46.429145583016, 133.914615535883, 50.533576965332, 2009603, 1, 95
2022.36214686, 46.4290499751611, 133.914603061749, 50.5134925842285, 2009603, 1, 95
2022.36214686, 46.4289544033426, 133.914590434068, 50.5246391296387, 2009603, 1, 96
2022.36214686, 46.4288843106353, 133.914581385075, 50.5152587890625, 2009603, 1, 96
2022.36214686, 46.4288078156492, 133.914571304817, 50.4862365722656, 2009603, 1, 96
2022.36214686, 46.4287314187117, 133.914561487522, 50.51416015625, 2009603, 1, 95
2022.36214686, 46.428661383061, 133.914552600442, 50.5242576599121, 2009603, 1, 95
2022.36214686, 46.4285977111832, 133.914544600398, 50.4999198913574, 2009603, 1, 95
2022.36214686, 46.4285340351294, 133.914536644121, 50.5005226135254, 2009603, 1, 95
2022.36214686, 46.428464017819, 133.914527672001, 50.539234161377, 2009603, 1, 95
2022.36214686, 46.4284003393377, 133.914519733291, 50.4819412231445, 2009603, 1, 95
2022.36214687, 46.4283366653538, 133.914511725677, 50.485969543457, 2009603, 1, 95
2022.36214687, 46.4282729860907, 133.914503765656, 50.5165977478027, 2009603, 1, 95
2022.36214687, 46.4282093018277, 133.914495765254, 50.5174217224121, 2009603, 1, 95
2022.36214687, 46.4281456223719, 133.914487654891, 50.5131759643555, 2009603, 1, 95
2022.36214687, 46.4280755433581, 133.914478959873, 50.5275001525879, 2009603, 1, 95
2022.36214687, 46.4280054713586, 133.914470115104, 50.5245666503906, 2009603, 1, 95
2022.36214687, 46.4279354055885, 133.914461080127, 50.4735984802246, 2009603, 1, 95
2022.36214687, 46.4278716770378, 133.914453067335, 50.5594177246094, 2009603, 1, 95
2022.36214687, 46.4277888495972, 133.914442336877, 50.5469703674316, 2009603, 1, 95
2022.36214687, 46.4277187397971, 133.914433327273, 50.473445892334, 2009603, 1, 95
2022.36214687, 46.4276486287038, 133.914424223724, 50.4827728271484, 2009603, 1, 95
2022.36214687, 46.4275530025589, 133.914411821151, 50.4795074462891, 2009603, 1, 95
2022.36214687, 46.4274637659311, 133.914400084671, 50.5344657897949, 2009603, 1, 95
2022.36214687, 46.4273807983025, 133.914389019772, 50.5291633605957, 2009603, 1, 95
2022.36214687, 46.4273106032403, 133.91437950695, 50.4957656860352, 2009603, 1, 95
2022.36214687, 46.4272531528978, 133.914371883643, 50.4955253601074, 2009603, 1, 95
2022.36214687, 46.4271829774363, 133.914362191661, 50.5124015808105, 2009603, 1, 95
2022.36214687, 46.4271000362349, 133.914350815074, 50.5308647155762, 2009603, 1, 95
2022.36214687, 46.4270043562005, 133.914337644566, 50.497013092041, 2009603, 1, 95
2022.36214687, 46.426927816056, 133.914327262658, 50.4814834594727, 2009603, 1, 94
2022.36214687, 46.4268449481936, 133.914315709919, 50.5079612731934, 2009603, 1, 94
2022.36214687, 46.4267748292767, 133.914306143325, 50.4936561584473, 2009603, 1, 94
2022.36214687, 46.4267047565455, 133.914296351864, 50.504077911377, 2009603, 1, 94
2022.36214687, 46.4266155919085, 133.914284052541, 50.483341217041, 2009603, 1, 94
2022.36214687, 46.4265074182937, 133.914268822527, 50.482494354248, 2009603, 1, 94
2022.36214687, 46.4263929201782, 133.914253059507, 50.4712219238281, 2009603, 1, 94
2022.36214687, 46.4262785148386, 133.914237306186, 50.5116844177246, 2009603, 1, 94
2022.36214687, 46.4261642236297, 133.914221358954, 50.5122604370117, 2009603, 1, 93
2022.36214687, 46.4260500488224, 133.914205776366, 50.504467010498, 2009603, 1, 93
2022.36214687, 46.4259169492572, 133.914187655243, 50.4929389953613, 2009603, 1, 94
2022.36214687, 46.4257966123971, 133.914171260329, 50.5396614074707, 2009603, 1, 94
2022.36214687, 46.4256763461724, 133.914154886711, 50.4746551513672, 2009603, 1, 93
2022.36214687, 46.4255561173849, 133.914138716699, 50.463939666748, 2009603, 1, 93
2022.36214687, 46.4254296432248, 133.914121368657, 50.5063781738281, 2009603, 1, 94
2022.36214687, 46.4253031847252, 133.914104123015, 50.4660987854004, 2009603, 1, 94
2022.36214687, 46.4251893801874, 133.914088533154, 50.4284973144531, 2009603, 1, 93
2022.36214687, 46.4250945404152, 133.914075487765, 50.4443969726562, 2009603, 1, 93
2022.36214687, 46.4248731742044, 133.914045153832, 50.499080657959, 2009603, 1, 94
2022.36214687, 46.424746689157, 133.914027488287, 50.5140037536621, 2009603, 1, 95
2022.36214687, 46.4246264399761, 133.914010619759, 50.5114784240723, 2009603, 1, 95
2022.36214687, 46.4245123815947, 133.913994877648, 50.5131988525391, 2009603, 1, 93
2022.36214687, 46.4244109048349, 133.913980802002, 50.5300979614258, 2009603, 1, 94
2022.36214687, 46.4243156557346, 133.913967738911, 50.5105323791504, 2009603, 1, 94
2022.36214687, 46.4242266574275, 133.913955629051, 50.4927177429199, 2009603, 1, 93
2022.36214687, 46.4241057274216, 133.913939155018, 50.4328575134277, 2009603, 1, 93
2022.36214687, 46.4239909847244, 133.91392371156, 50.475700378418, 2009603, 1, 93
2022.36214687, 46.4238760683115, 133.913908353255, 50.4853515625, 2009603, 1, 93
2022.36214687, 46.4237481728582, 133.913891558539, 50.4551773071289, 2009603, 1, 93
2022.36214687, 46.423626481161, 133.913875623534, 50.4923057556152, 2009603, 1, 93
2022.36214687, 46.423536553609, 133.913864163254, 50.4941329956055, 2009603, 1, 93
2022.36214687, 46.423465836119, 133.913855258952, 50.5113754272461, 2009603, 1, 94
2022.36214687, 46.4233693610223, 133.913842976896, 50.4984092712402, 2009603, 1, 94
2022.36214687, 46.4232728172381, 133.913830825842, 50.4986419677734, 2009603, 1, 94
2022.36214687, 46.4231697897409, 133.913817937746, 50.5283203125, 2009603, 1, 91
2022.36214687, 46.4230023525248, 133.913796750645, 50.5381240844727, 2009603, 1, 91
2022.36214687, 46.4229186307646, 133.913786223414, 50.50390625, 2009603, 1, 91
2022.36214687, 46.4228285027295, 133.913774681944, 50.5249633789062, 2009603, 1, 91
2022.36214687, 46.4227448211221, 133.913764141774, 50.4964828491211, 2009603, 1, 92
2022.36214689, 46.3713544205185, 133.906881061281, 50.8347587585449, 2009603, 1, 52
2022.36214689, 46.3711827659373, 133.906857372855, 50.8362922668457, 2009603, 1, 52
2022.36214689, 46.3710113821976, 133.906833385365, 50.8038864135742, 2009603, 1, 52
2022.36214689, 46.3708591699063, 133.906812115509, 50.7932548522949, 2009603, 1, 62
2022.36214689, 46.3687065923803, 133.906503704766, 50.8449363708496, 2009603, 1, 55
2022.36214689, 46.3686046787785, 133.906488846292, 50.9513854980469, 2009603, 1, 55
2022.36214689, 46.3684900946617, 133.9064718952, 50.9318351745605, 2009603, 1, 74
2022.36214689, 46.368381920881, 133.906455930103, 50.9699211120605, 2009603, 1, 74
2022.36214689, 46.3682928530275, 133.906442930693, 50.9727516174316, 2009603, 1, 74
2022.36214689, 46.3681911059331, 133.906427967427, 50.9782409667969, 2009603, 1, 78
2022.3621469, 46.3680830400419, 133.906412021829, 50.9721221923828, 2009603, 1, 78
2022.3621469, 46.3679876685447, 133.90639843076, 50.945613861084, 2009603, 1, 80
2022.3621469, 46.3678732892996, 133.906381744873, 50.9423713684082, 2009603, 1, 80
2022.3621469, 46.3676446153993, 133.906348820168, 50.9292449951172, 2009603, 1, 80
2022.3621469, 46.3675428827197, 133.906334644074, 50.9177360534668, 2009603, 1, 80
2022.3621469, 46.3674538999355, 133.90632198426, 50.9066734313965, 2009603, 1, 80
2022.3621469, 46.3673521769728, 133.906307905454, 50.9155349731445, 2009603, 1, 80
2022.3621469, 46.3672314003496, 133.906291123529, 50.9088096618652, 2009603, 1, 79
2022.3621469, 46.3671424036567, 133.906278854267, 50.914249420166, 2009603, 1, 79
2022.3621469, 46.3670470689217, 133.906265559662, 50.9019622802734, 2009603, 1, 79
2022.3621469, 46.3669390208541, 133.906250560344, 50.8883972167969, 2009603, 1, 81
2022.3621469, 46.3668373176722, 133.90623652286, 50.939868927002, 2009603, 1, 79
2022.3621469, 46.3667356076702, 133.906222559579, 50.9023818969727, 2009603, 1, 84
2022.3621469, 46.3666275500228, 133.906207535524, 50.9688835144043, 2009603, 1, 84
2022.3621469, 46.3665258335513, 133.90619344908, 50.9411354064941, 2009603, 1, 84
2022.3621469, 46.3664368433753, 133.906180884232, 50.9897613525391, 2009603, 1, 91
2022.3621469, 46.3663540650539, 133.906169470657, 50.9889068603516, 2009603, 1, 91
2022.3621469, 46.3662715469066, 133.906157822229, 50.9451103210449, 2009603, 1, 91
2022.3621469, 46.3661763115129, 133.90614430775, 50.9695663452148, 2009603, 1, 93
2022.3621469, 46.3660683370825, 133.906128943979, 50.9639854431152, 2009603, 1, 93
2022.3621469, 46.3659793723455, 133.906116243116, 50.9809417724609, 2009603, 1, 93
2022.3621469, 46.365903076889, 133.906105382612, 50.9734344482422, 2009603, 1, 93
2022.3621469, 46.3658521918114, 133.906098143441, 50.9246139526367, 2009603, 1, 93
2022.3621469, 46.3657885868959, 133.906088804753, 50.9055480957031, 2009603, 1, 93
2022.3621469, 46.3657376619252, 133.906081519336, 50.9626388549805, 2009603, 1, 94
2022.3621469, 46.3656740017389, 133.906072217351, 50.9779624938965, 2009603, 1, 94
2022.3621469, 46.3656166633567, 133.906063965726, 50.9636917114258, 2009603, 1, 94
2022.3621469, 46.36555295498, 133.906054524073, 50.9615135192871, 2009603, 1, 94
2022.3621469, 46.36549555784, 133.906046310225, 50.9729385375977, 2009603, 1, 93
2022.3621469, 46.3654317944449, 133.906036833761, 50.9297485351562, 2009603, 1, 93
2022.3621469, 46.3653807506449, 133.906029328019, 50.9285049438477, 2009603, 1, 93
2022.3621469, 46.3653296763023, 133.906021932658, 50.9524421691895, 2009603, 1, 93
2022.3621469, 46.3652658375541, 133.906012401573, 51.001781463623, 2009603, 1, 93
2022.3621469, 46.3652147271268, 133.906004989919, 50.9852714538574, 2009603, 1, 95
2022.3621469, 46.3651572346336, 133.905996393786, 50.9899101257324, 2009603, 1, 93
2022.3621469, 46.3651000223329, 133.905988006299, 50.9825477600098, 2009603, 1, 93
2022.3621469, 46.3650486885819, 133.905980376187, 50.9676933288574, 2009603, 1, 93
2022.3621469, 46.3649973431496, 133.905972757159, 50.9883651733398, 2009603, 1, 92
2022.3621469, 46.3649460020975, 133.905965055756, 50.9570388793945, 2009603, 1, 92
2022.3621469, 46.3649010730855, 133.905958380021, 50.9314002990723, 2009603, 1, 92
2022.3621469, 46.3648561402591, 133.905951771797, 50.9533004760742, 2009603, 1, 92
2022.3621469, 46.3647919920386, 133.905942045723, 50.9459609985352, 2009603, 1, 92
2022.36214691, 46.3287726848414, 133.900515495956, 51.3512916564941, 2009603, 1, 82
2022.36214691, 46.328392988451, 133.900457821973, 51.3420181274414, 2009603, 1, 93
2022.36214691, 46.3282033332265, 133.900428782708, 51.3278579711914, 2009603, 1, 94
2022.36214691, 46.3279930649466, 133.900395999449, 51.2875061035156, 2009603, 1, 93
2022.36214692, 46.3277506923293, 133.900358011934, 51.2840690612793, 2009603, 1, 93
2022.36214692, 46.3275274452545, 133.90032298265, 51.3253288269043, 2009603, 1, 92
2022.36214692, 46.3273299259621, 133.900291627209, 51.3713150024414, 2009603, 1, 93
2022.36214692, 46.32716449906, 133.900265284094, 51.3807640075684, 2009603, 1, 92
2022.36214692, 46.3269866299072, 133.900237162486, 51.3617553710938, 2009603, 1, 92
2022.36214692, 46.3268092028434, 133.900208934293, 51.375560760498, 2009603, 1, 92
2022.36214692, 46.3266389144583, 133.900182080185, 51.352596282959, 2009603, 1, 70
2022.36214692, 46.3265066153585, 133.900161083175, 51.3379287719727, 2009603, 1, 70
2022.36214692, 46.314189758464, 133.898283199958, 51.633415222168, 2009603, 1, 67
2022.36214692, 46.3139985375843, 133.898253754992, 51.6248245239258, 2009603, 1, 92
2022.36214692, 46.3138582110426, 133.898232304162, 51.6643257141113, 2009603, 1, 92
2022.36214692, 46.313590207021, 133.898191653415, 51.5509834289551, 2009603, 1, 92
2022.36214692, 46.3134051382503, 133.898163918279, 51.5688438415527, 2009603, 1, 93
2022.36214692, 46.313252006814, 133.898141202693, 51.5038948059082, 2009603, 1, 93
2022.36214692, 46.3131053111801, 133.898119534184, 51.5426902770996, 2009603, 1, 93
2022.36214692, 46.3129650508157, 133.89809895887, 51.4989128112793, 2009603, 1, 95
2022.36214692, 46.3128185212171, 133.898077466789, 51.4937515258789, 2009603, 1, 95
2022.36214692, 46.3126659533273, 133.898055600431, 51.4775276184082, 2009603, 1, 93
2022.36214692, 46.3125070797272, 133.898032639018, 51.5151138305664, 2009603, 1, 93
2022.36214692, 46.3123418297246, 133.898008821648, 51.5018043518066, 2009603, 1, 93
2022.36214692, 46.3121956346454, 133.897987478269, 51.5233383178711, 2009603, 1, 94
2022.36214692, 46.3120684340352, 133.897969083244, 51.487117767334, 2009603, 1, 94
2022.36214692, 46.3118457367111, 133.897936328865, 51.5120849609375, 2009603, 1, 84
2022.36214692, 46.3117502407832, 133.897922191749, 51.5157623291016, 2009603, 1, 84
2022.36214692, 46.3116865364291, 133.897912909479, 51.5024871826172, 2009603, 1, 53
2022.36214692, 46.3116167117164, 133.897902489842, 51.4936485290527, 2009603, 1, 53
2022.36214692, 46.3115463705137, 133.897891799445, 51.5404624938965, 2009603, 1, 53
2022.36214692, 46.3086373429849, 133.897456526516, 51.5442276000977, 2009603, 1, 64
2022.36214692, 46.3085014015187, 133.897436608649, 51.5273818969727, 2009603, 1, 64
2022.36214692, 46.3083849241204, 133.897419296559, 51.5566291809082, 2009603, 1, 68
2022.36214692, 46.3082685387424, 133.89740199416, 51.5362396240234, 2009603, 1, 68
2022.36214693, 46.2944562546259, 133.895352502605, 51.737907409668, 2009603, 1, 92
2022.36214693, 46.2943544219783, 133.895338027603, 51.5228462219238, 2009603, 1, 92
2022.36214693, 46.2942207431672, 133.895318781239, 51.6058883666992, 2009603, 1, 94
2022.36214693, 46.2940423559409, 133.895293335922, 51.5997352600098, 2009603, 1, 94
2022.36214693, 46.2938510337512, 133.895265904708, 51.5822410583496, 2009603, 1, 93
2022.36214693, 46.2936528878901, 133.895237096748, 51.5945739746094, 2009603, 1, 91
2022.36214693, 46.293492678308, 133.895213533019, 51.5783157348633, 2009603, 1, 92
2022.36214693, 46.2933260194667, 133.895189058225, 51.6090698242188, 2009603, 1, 92
2022.36214693, 46.293191436843, 133.895169291618, 51.6244163513184, 2009603, 1, 93
2022.36214693, 46.2931017559041, 133.895156103607, 51.5709342956543, 2009603, 1, 93
2022.36214693, 46.2930505258203, 133.895148589544, 51.5839881896973, 2009603, 1, 93
2022.36214693, 46.2930057212088, 133.895141947935, 51.5610542297363, 2009603, 1, 93
2022.36214693, 46.2929673033344, 133.895136490624, 51.5796089172363, 2009603, 1, 61
2022.36214693, 46.2929161307153, 133.895128912549, 51.5554885864258, 2009603, 1, 61
2022.36214693, 46.2928649661997, 133.895121450056, 51.5671997070312, 2009603, 1, 61
2022.36214693, 46.2928138101289, 133.895114152609, 51.5781288146973, 2009603, 1, 61
2022.36214693, 46.2927690864875, 133.895107577195, 51.5364608764648, 2009603, 1, 61
2022.36214694, 46.281992141783, 133.893582766112, 51.603931427002, 2009603, 1, 53
2022.36214694, 46.2819289244239, 133.893574235733, 51.5791854858398, 2009603, 1, 53
2022.36214694, 46.2818720012559, 133.893566529189, 51.596019744873, 2009603, 1, 53
2022.36214694, 46.281802382054, 133.893557117752, 51.4969100952148, 2009603, 1, 53
2022.36214695, 46.2610709368976, 133.890763814412, 51.3699035644531, 2009603, 1, 51
2022.36214695, 46.2549668331939, 133.889980238053, 51.8697242736816, 2009603, 1, 92
2022.36214695, 46.2548773118669, 133.889969609415, 51.8995552062988, 2009603, 1, 92
2022.36214695, 46.2548069844219, 133.88996139096, 51.9228019714355, 2009603, 1, 92
2022.36214695, 46.2547047527488, 133.889949142037, 51.9523429870605, 2009603, 1, 93
2022.36214695, 46.2545770390744, 133.88993375749, 51.9060401916504, 2009603, 1, 93
2022.36214695, 46.2544111494519, 133.889913483485, 51.9180488586426, 2009603, 1, 94
2022.36214695, 46.2542390373285, 133.889892171926, 51.921875, 2009603, 1, 93
2022.36214695, 46.2540736994951, 133.889870465088, 51.9304885864258, 2009603, 1, 93
2022.36214695, 46.2537369840562, 133.889825640421, 51.9553070068359, 2009603, 1, 93
2022.36214695, 46.2535972592964, 133.889807106535, 51.9074058532715, 2009603, 1, 93
2022.36214695, 46.253413109634, 133.889782484289, 51.9419479370117, 2009603, 1, 93
2022.36214695, 46.2532098626671, 133.889755573313, 51.941089630127, 2009603, 1, 92
2022.36214695, 46.2530447948157, 133.889733698944, 51.9051399230957, 2009603, 1, 92
2022.36214695, 46.252879270758, 133.889712782094, 51.9240684509277, 2009603, 1, 91
2022.36214695, 46.2527455426879, 133.889696021437, 51.9299545288086, 2009603, 1, 90
2022.36214695, 46.252560851998, 133.889673036306, 51.9235343933105, 2009603, 1, 90
2022.36214695, 46.2523952774144, 133.889652535492, 51.9370155334473, 2009603, 1, 91
2022.36214695, 46.2522170129258, 133.889630410066, 51.9134902954102, 2009603, 1, 94
2022.36214695, 46.2520451694595, 133.889609138607, 51.9259910583496, 2009603, 1, 94
2022.36214695, 46.2518416144481, 133.889583633521, 51.9030456542969, 2009603, 1, 95
2022.36214695, 46.2516699773257, 133.889561979999, 51.9059143066406, 2009603, 1, 94
2022.36214695, 46.2514607037824, 133.889534762483, 51.9168739318848, 2009603, 1, 69
2022.36214695, 46.2497071476915, 133.889299173494, 51.9445724487305, 2009603, 1, 51
2022.36214695, 46.2495283839355, 133.889275399064, 51.9121322631836, 2009603, 1, 51
2022.36214695, 46.2494009110431, 133.889258733036, 51.9447631835938, 2009603, 1, 92
2022.36214695, 46.2492736484097, 133.889242205855, 51.9184837341309, 2009603, 1, 93
2022.36214695, 46.2489886610605, 133.889205730974, 51.8799858093262, 2009603, 1, 93
2022.36214695, 46.248818302274, 133.889184362625, 51.8511085510254, 2009603, 1, 93
2022.36214695, 46.2486732310054, 133.889166076372, 51.897087097168, 2009603, 1, 94
2022.36214695, 46.2485406983686, 133.889149612598, 51.914134979248, 2009603, 1, 94
2022.36214695, 46.248389043472, 133.889131114865, 51.9084625244141, 2009603, 1, 92
2022.36214709, 45.9732434117745, 133.850987307294, 60.5973701477051, 2009603, 1, 92
2022.36214709, 45.9731340605438, 133.850973192164, 60.5659217834473, 2009603, 1, 92
2022.36214709, 45.9730569718534, 133.850963037276, 60.5828704833984, 2009603, 1, 92
2022.36214709, 45.9729927823368, 133.850954690996, 60.5787925720215, 2009603, 1, 93
2022.36214709, 45.9729222209834, 133.850945730837, 60.5700378417969, 2009603, 1, 93
2022.36214709, 45.9728453960094, 133.850935375902, 60.5528717041016, 2009603, 1, 93
2022.36214709, 45.9727556544949, 133.850923688827, 60.5823593139648, 2009603, 1, 93
2022.36214712, 45.9150751098137, 133.843494393842, 59.1957473754883, 2009603, 1, 66
2022.36214712, 45.9149479802446, 133.8434772503, 59.178897857666, 2009603, 1, 66
2022.36214712, 45.9148779740395, 133.843467886351, 59.1309700012207, 2009603, 1, 66
2022.36214712, 45.9148206488921, 133.843460312138, 59.1557197570801, 2009603, 1, 66
2022.36214712, 45.9147696626501, 133.843453561191, 59.1428833007812, 2009603, 1, 66
2022.36214771, 44.7387286187413, 133.682259699392, 112.280723571777, 2009603, 1, 84
2022.36214771, 44.7386656867283, 133.682251279393, 112.237289428711, 2009603, 1, 84
2022.36214771, 44.7386027163624, 133.682242781865, 112.304664611816, 2009603, 1, 84
2022.36214771, 44.7385396617103, 133.682234520304, 112.287986755371, 2009603, 1, 84
2022.36214771, 44.7384702444989, 133.682225239623, 112.32137298584, 2009603, 1, 58
2022.36214771, 44.7383880977546, 133.682214252087, 112.303527832031, 2009603, 1, 58
2022.3621456, 48.9924855527193, 134.281401500107, 44.7313117980957, 1343056, 2, 78
2022.36214562, 48.9574809524101, 134.276092201034, 44.6108665466309, 2009587, 2, 93
2022.36214562, 48.9567504837165, 134.275976821314, 44.6539497375488, 2009587, 2, 94
2022.36214563, 48.9244115727297, 134.270924213084, 44.2420310974121, 2009587, 2, 85
2022.36214563, 48.9236931326284, 134.270813792644, 44.2854270935059, 2009587, 2, 93
2022.36214569, 48.8187278560374, 134.254974529266, 41.3626480102539, 1343919, 2, 53
2022.36214575, 48.6804087537929, 134.235320204969, 41.3270988464355, 2009587, 2, 93
2022.3621459, 48.3865545339825, 134.192076367954, 37.577766418457, 2009603, 2, 58
2022.3621459, 48.3852803483179, 134.191875561103, 37.5925674438477, 2009603, 2, 96
2022.3621459, 48.38408466035, 134.191687799967, 37.6557731628418, 2009603, 2, 97
2022.3621459, 48.3829933109677, 134.191507103489, 37.645866394043, 2009603, 2, 96
2022.3621459, 48.3820149619229, 134.191348788711, 37.5754241943359, 2009603, 2, 97
2022.3621459, 48.3810649916375, 134.19119732936, 37.5178184509277, 2009603, 2, 97
2022.3621459, 48.3799112902768, 134.191012522176, 37.5338706970215, 2009603, 2, 90
2022.3621459, 48.3789911435571, 134.190868903488, 37.5697631835938, 2009603, 2, 84
2022.36214591, 48.3733558236019, 134.189980738851, 37.740047454834, 2009603, 2, 77
2022.36214591, 48.3584313264739, 134.187690307907, 37.882640838623, 2009603, 2, 95
2022.36214592, 48.357592687381, 134.187563278124, 37.8705139160156, 2009603, 2, 93
2022.36214592, 48.3566403563653, 134.187418342526, 37.8702201843262, 2009603, 2, 92
2022.36214592, 48.3514183314017, 134.186648239873, 37.998592376709, 2009603, 2, 95
2022.36214592, 48.3505907655976, 134.186530245874, 37.9621887207031, 2009603, 2, 96
2022.36214592, 48.3496120263774, 134.186380047783, 37.9505386352539, 2009603, 2, 96
2022.36214592, 48.3485948177419, 134.186235332275, 38.0257301330566, 2009603, 2, 96
2022.36214592, 48.347209160264, 134.186040554664, 38.0373229980469, 2009603, 2, 95
2022.36214592, 48.3460277884588, 134.185864797316, 38.0106201171875, 2009603, 2, 80
2022.36214593, 48.331182323353, 134.18378630803, 38.1098442077637, 2009603, 2, 87
2022.36214593, 48.3301008352035, 134.183636296363, 38.1063957214355, 2009603, 2, 83
2022.36214593, 48.3290261295687, 134.183484229741, 38.1226577758789, 2009603, 2, 59
2022.36214594, 48.3157285578056, 134.181694178093, 37.7308349609375, 2009603, 2, 93
2022.36214645, 47.2838634766355, 134.033818422364, 44.4614028930664, 2009603, 2, 77
2022.36214645, 47.2744963524771, 134.03252840761, 44.6407470703125, 2009603, 2, 67
2022.36214645, 47.2740134528396, 134.032461397238, 44.6758766174316, 2009603, 2, 67
2022.36214645, 47.2737591294345, 134.032425896156, 44.6604995727539, 2009603, 2, 52
2022.36214679, 46.6066338279287, 133.938297655023, 49.0200119018555, 2009603, 2, 94
2022.36214679, 46.6050162243778, 133.938058332127, 49.1643142700195, 2009603, 2, 53
2022.36214679, 46.60386932872, 133.937886013224, 49.1335105895996, 2009603, 2, 92
2022.36214679, 46.6032443557866, 133.937794345293, 49.0950050354004, 2009603, 2, 95
2022.36214679, 46.602480228601, 133.937681584986, 49.1264228820801, 2009603, 2, 72
2022.36214687, 46.434393048356, 133.914411805572, 50.4730644226074, 2009603, 2, 91
2022.36214687, 46.4338953460945, 133.914346509825, 50.5043830871582, 2009603, 2, 95
2022.36214687, 46.4333126689383, 133.914273919044, 50.4855880737305, 2009603, 2, 93
2022.36214687, 46.4328138443559, 133.914211007373, 50.4850730895996, 2009603, 2, 93
2022.36214687, 46.4322725389598, 133.914139064908, 50.4733619689941, 2009603, 2, 94
2022.36214687, 46.4318278987598, 133.914078134355, 50.4657936096191, 2009603, 2, 93
2022.36214687, 46.4314213450279, 133.91402210317, 50.5200462341309, 2009603, 2, 93
2022.36214687, 46.4311157350161, 133.913980990928, 50.5629081726074, 2009603, 2, 95
2022.36214687, 46.4308990513161, 133.913952383765, 50.5347099304199, 2009603, 2, 95
2022.36214687, 46.430675833367, 133.913923053586, 50.5000343322754, 2009603, 2, 96
2022.36214687, 46.4304142098286, 133.913889148816, 50.5088844299316, 2009603, 2, 95
2022.36214687, 46.4301460975114, 133.913854683963, 50.5341796875, 2009603, 2, 95
2022.36214688, 46.429890836682, 133.913822304499, 50.5385513305664, 2009603, 2, 95
2022.36214688, 46.4295590736965, 133.913779996853, 50.5493278503418, 2009603, 2, 95
2022.36214688, 46.4292721054054, 133.913743286709, 50.5046882629395, 2009603, 2, 94
2022.36214688, 46.4289852915607, 133.913706068048, 50.5537948608398, 2009603, 2, 94
2022.36214688, 46.428743227198, 133.913674463014, 50.5075645446777, 2009603, 2, 94
2022.36214688, 46.428494881039, 133.913641554062, 50.4525871276855, 2009603, 2, 95
2022.36214688, 46.4282403043005, 133.913607285487, 50.5294914245605, 2009603, 2, 94
2022.36214688, 46.4279349846544, 133.913566210184, 50.5569076538086, 2009603, 2, 95
2022.36214688, 46.4276869970646, 133.913532699649, 50.5143814086914, 2009603, 2, 94
2022.36214688, 46.4274645114777, 133.9135028015, 50.5489921569824, 2009603, 2, 94
2022.36214688, 46.4272421195281, 133.913473008107, 50.4998931884766, 2009603, 2, 93
2022.36214688, 46.4270005004659, 133.913440795884, 50.5653343200684, 2009603, 2, 93
2022.36214688, 46.426739511666, 133.913406174139, 50.5167350769043, 2009603, 2, 93
2022.36214688, 46.426522807663, 133.913377647731, 50.5333595275879, 2009603, 2, 93
2022.36214688, 46.4262995545437, 133.913348578151, 50.5142021179199, 2009603, 2, 93
2022.36214688, 46.4259988384357, 133.913309593458, 50.4562797546387, 2009603, 2, 92
2022.36214688, 46.425710847341, 133.913272343688, 50.5157737731934, 2009603, 2, 92
2022.36214691, 46.3681160903756, 133.905184617787, 50.9836578369141, 2009603, 2, 79
2022.36214691, 46.3678048219823, 133.905135792466, 50.9377059936523, 2009603, 2, 82
2022.36214691, 46.3674997891454, 133.905089480441, 50.9331588745117, 2009603, 2, 82
2022.36214691, 46.3672200311507, 133.90504793565, 51.0061492919922, 2009603, 2, 79
2022.36214691, 46.3668829397129, 133.90499818747, 50.9567680358887, 2009603, 2, 79
2022.36214691, 46.3665711950869, 133.90495181146, 50.9425277709961, 2009603, 2, 80
2022.36214691, 46.3662975734343, 133.904910434531, 50.9811897277832, 2009603, 2, 85
2022.36214691, 46.3660621085969, 133.904873900879, 50.9647178649902, 2009603, 2, 91
2022.36214691, 46.3658520658877, 133.904841035316, 50.9936256408691, 2009603, 2, 94
2022.36214691, 46.3656037980838, 133.904802164082, 50.9947967529297, 2009603, 2, 94
2022.36214691, 46.3653745955894, 133.904766380494, 50.9938163757324, 2009603, 2, 94
2022.36214691, 46.3651772164423, 133.904735852893, 50.978931427002, 2009603, 2, 93
2022.36214691, 46.3649861488438, 133.904706737732, 50.9229965209961, 2009603, 2, 94
2022.36214691, 46.364814179719, 133.904680777123, 50.9609413146973, 2009603, 2, 94
2022.36214691, 46.3646167195783, 133.904651117699, 50.9431533813477, 2009603, 2, 93
2022.36214691, 46.3643619212281, 133.904613002017, 50.9855575561523, 2009603, 2, 54
2022.36214691, 46.3640561456838, 133.904567513124, 51.1371383666992, 2009603, 2, 54
2022.36214693, 46.3277669321695, 133.899023451095, 51.4134330749512, 2009603, 2, 94
2022.36214693, 46.3270302773079, 133.898911154646, 51.3476829528809, 2009603, 2, 95
2022.36214693, 46.3263113567989, 133.898804257706, 51.3957748413086, 2009603, 2, 94
2022.36214693, 46.3257324068161, 133.8987205648, 51.4073371887207, 2009603, 2, 87
2022.36214693, 46.3134750232134, 133.896927881464, 51.5215644836426, 2009603, 2, 90
2022.36214693, 46.313079403185, 133.896871811703, 51.5423202514648, 2009603, 2, 94
2022.36214693, 46.3124949632877, 133.896789819447, 51.5784797668457, 2009603, 2, 93
2022.36214693, 46.3118856359157, 133.896704111152, 51.5773315429688, 2009603, 2, 95
2022.36214693, 46.3114971255797, 133.896648844438, 51.5515785217285, 2009603, 2, 78
2022.36214694, 46.2949554613342, 133.894348311005, 51.7258148193359, 2009603, 2, 75
2022.36214694, 46.2943364991961, 133.894267093284, 51.6464424133301, 2009603, 2, 94
2022.36214694, 46.2937306309557, 133.894186655715, 51.6964988708496, 2009603, 2, 93
2022.36214694, 46.2934503343288, 133.894148623255, 51.6509857177734, 2009603, 2, 90
2022.36214694, 46.2932465259294, 133.894121024344, 51.6363182067871, 2009603, 2, 52
2022.36214694, 46.2897493575968, 133.89364498105, 51.6516609191895, 2009603, 2, 67
2022.36214695, 46.2892826739802, 133.893584959434, 51.6430892944336, 2009603, 2, 60
2022.36214696, 46.2545152875703, 133.889100947191, 51.8896293640137, 2009603, 2, 92
2022.36214696, 46.2540043199053, 133.889034738874, 51.91650390625, 2009603, 2, 92
2022.36214696, 46.2533138503425, 133.888945714638, 51.9437408447266, 2009603, 2, 92
2022.36214696, 46.252580648332, 133.888852567923, 51.9089698791504, 2009603, 2, 89
2022.36214696, 46.2517721172048, 133.888749051071, 51.9379539489746, 2009603, 2, 92
2022.36214696, 46.2510704774152, 133.888657070173, 51.9893112182617, 2009603, 2, 70
2022.36214696, 46.2494144820193, 133.88844184032, 51.973258972168, 2009603, 2, 92
2022.36214697, 46.2491783559499, 133.888411491249, 51.9567260742188, 2009603, 2, 94
2022.36214697, 46.2489928581708, 133.8883878668, 51.9572296142578, 2009603, 2, 74
2022.36214697, 46.2487113983044, 133.888351875222, 51.9783020019531, 2009603, 2, 93
2022.36214697, 46.2481111085696, 133.888273721838, 51.9381065368652, 2009603, 2, 92
2022.3621471, 45.9733803041395, 133.850203280562, 60.6931076049805, 2009603, 2, 56
2022.3621471, 45.9729101901795, 133.850144458634, 60.5797691345215, 2009603, 2, 92
2022.36214713, 45.9168102560542, 133.842625839886, 59.2633438110352, 2009603, 2, 55
2022.36214713, 45.914908881985, 133.842353915411, 59.2080726623535, 2009603, 2, 82
2022.36214772, 44.7386421511324, 133.681227198586, 112.369476318359, 2009603, 2, 62
2022.36214575, 48.6596052600727, 134.189656861845, 42.3343315124512, 2009587, 3, 75
2022.36214576, 48.6591526656601, 134.18958572929, 42.3186798095703, 2009587, 3, 83
2022.36214576, 48.6586707178359, 134.189508334433, 42.3205184936523, 2009587, 3, 67
2022.3621459, 48.3760772021362, 134.148353915709, 38.069278717041, 2009603, 3, 87
2022.3621459, 48.3757286371828, 134.148298335753, 38.0602226257324, 2009603, 3, 88
2022.3621459, 48.375462528493, 134.148255429507, 38.076545715332, 2009603, 3, 88
2022.3621459, 48.375285050772, 134.148226645776, 38.1521530151367, 2009603, 3, 88
2022.3621459, 48.3725709693436, 134.147796940452, 38.1835899353027, 2009603, 3, 88
2022.3621459, 48.3724317908309, 134.147775768605, 38.1648101806641, 2009603, 3, 90
2022.3621459, 48.3723495847369, 134.147763103962, 38.1546249389648, 2009603, 3, 90
2022.3621459, 48.3722989803301, 134.147755449571, 38.1256904602051, 2009603, 3, 90
2022.3621459, 48.3722483884368, 134.147747648218, 38.1342735290527, 2009603, 3, 90
2022.3621459, 48.3721978001031, 134.147739766687, 38.1220588684082, 2009603, 3, 90
2022.3621459, 48.3721535198397, 134.1477329437, 38.1342468261719, 2009603, 3, 90
2022.3621459, 48.3721155477336, 134.147727191153, 38.1146850585938, 2009603, 3, 90
2022.3621459, 48.3720775908929, 134.147721237874, 38.0732460021973, 2009603, 3, 90
2022.3621459, 48.3720333006433, 134.147714271891, 38.0957145690918, 2009603, 3, 90
2022.3621459, 48.3719889898471, 134.147707365771, 38.1220817565918, 2009603, 3, 52
2022.3621459, 48.3719446695581, 134.147700402224, 38.1027870178223, 2009603, 3, 52
2022.3621459, 48.3719003267953, 134.147693521426, 38.0973854064941, 2009603, 3, 52
2022.3621459, 48.3718496343606, 134.147685580357, 38.0891647338867, 2009603, 3, 52
2022.3621459, 48.3717862569959, 134.147675485343, 38.0989608764648, 2009603, 3, 52
2022.36214591, 48.3506237555424, 134.144306368423, 38.0141410827637, 2009603, 3, 91
2022.36214591, 48.3503395118412, 134.144263140191, 38.0211448669434, 2009603, 3, 93
2022.36214591, 48.3501311888959, 134.144231794887, 38.1089668273926, 2009603, 3, 90
2022.36214591, 48.3494990975736, 134.144135475151, 42.1642684936523, 2009603, 3, 70
2022.36214591, 48.3486535575605, 134.14400973772, 41.2769508361816, 2009603, 3, 69
2022.36214591, 48.3477715666455, 134.14387873609, 38.2023391723633, 2009603, 3, 65
2022.36214591, 48.3473568331556, 134.143813234858, 38.1493988037109, 2009603, 3, 69
2022.36214591, 48.3470008930602, 134.143753954862, 38.1577644348145, 2009603, 3, 73
2022.36214591, 48.346530963464, 134.143675730856, 38.1540756225586, 2009603, 3, 77
2022.36214591, 48.3461052881549, 134.143607019627, 38.1716842651367, 2009603, 3, 83
2022.36214591, 48.3456527937097, 134.143539150631, 38.1961555480957, 2009603, 3, 86
2022.36214591, 48.3451493293655, 134.143466482842, 38.169506072998, 2009603, 3, 90
2022.36214591, 48.3446976412294, 134.143401617234, 38.1869850158691, 2009603, 3, 97
2022.36214591, 48.3443485541657, 134.143350573132, 38.1907119750977, 2009603, 3, 97
2022.36214591, 48.3439741754032, 134.143294245464, 38.1633720397949, 2009603, 3, 96
2022.36214591, 48.3435486918133, 134.143228333023, 38.2503967285156, 2009603, 3, 95
2022.36214591, 48.3430967925407, 134.143155434946, 38.1993522644043, 2009603, 3, 98
2022.36214591, 48.342688809641, 134.143091170216, 38.154712677002, 2009603, 3, 98
2022.36214591, 48.3421912132812, 134.143016753829, 38.2084121704102, 2009603, 3, 98
2022.36214591, 48.3417574831682, 134.142956899794, 38.1648216247559, 2009603, 3, 98
2022.36214591, 48.3413498658716, 134.142900211896, 38.2566337585449, 2009603, 3, 97
2022.36214591, 48.3409049977154, 134.142834659414, 38.1922454833984, 2009603, 3, 97
2022.36214591, 48.3404737822528, 134.142765587416, 38.2474632263184, 2009603, 3, 97
2022.36214591, 48.3400363770406, 134.142695365526, 38.2255783081055, 2009603, 3, 98
2022.36214591, 48.3395477407978, 134.142620537457, 38.1768836975098, 2009603, 3, 98
2022.36214591, 48.3391598616799, 134.142564808472, 38.2416191101074, 2009603, 3, 98
2022.36214591, 48.3388029578476, 134.1425140008, 38.2215995788574, 2009603, 3, 98
2022.36214591, 48.3384774750014, 134.142467138403, 38.2262001037598, 2009603, 3, 98
2022.36214591, 48.3381829742833, 134.142422937788, 38.2097015380859, 2009603, 3, 98
2022.36214592, 48.3378951557725, 134.142378799865, 38.2257080078125, 2009603, 3, 98
2022.36214592, 48.3376016101048, 134.142333210027, 38.2467155456543, 2009603, 3, 97
2022.36214592, 48.3372518552583, 134.142278626301, 38.2317543029785, 2009603, 3, 97
2022.36214592, 48.3365005065455, 134.142163284412, 38.2541885375977, 2009603, 3, 98
2022.36214592, 48.3361080405563, 134.14210552691, 38.2577209472656, 2009603, 3, 97
2022.36214592, 48.3356997866121, 134.142047801302, 38.2397384643555, 2009603, 3, 97
2022.36214592, 48.335269991965, 134.141988454718, 38.2592010498047, 2009603, 3, 97
2022.36214592, 48.3348539246036, 134.141930707165, 38.2919387817383, 2009603, 3, 97
2022.36214592, 48.3344156220764, 134.141868055341, 38.2571067810059, 2009603, 3, 97
2022.36214592, 48.3339610136063, 134.141800591986, 38.2673721313477, 2009603, 3, 97
2022.36214592, 48.3334922711536, 134.141729491191, 38.274845123291, 2009603, 3, 97
2022.36214592, 48.3329803281943, 134.141651302391, 38.310676574707, 2009603, 3, 96
2022.36214592, 48.3325816593516, 134.141590771447, 38.2936019897461, 2009603, 3, 92
2022.36214592, 48.332189930363, 134.141532236529, 38.2724571228027, 2009603, 3, 65
2022.36214592, 48.3318323727682, 134.141479552117, 38.300220489502, 2009603, 3, 51
2022.36214592, 48.3293371097572, 134.141116195797, 38.3243980407715, 2009603, 3, 79
2022.36214593, 48.310964144714, 134.138545026197, 38.2122230529785, 1346344, 3, 76
2022.36214593, 48.3104378999404, 134.138472843844, 38.1961288452148, 1346344, 3, 68
2022.36214593, 48.3098068415647, 134.138385884589, 38.2081985473633, 1346344, 3, 63
2022.3621468, 46.5535448251436, 133.889804453841, 49.6073417663574, 2009603, 3, 67
2022.3621468, 46.5533415840271, 133.88977524889, 49.5898323059082, 2009603, 3, 58
2022.36214681, 46.5424400103332, 133.888258504009, 49.5624732971191, 2009603, 3, 87
2022.36214681, 46.5423121256771, 133.888241918837, 49.5938301086426, 2009603, 3, 87
2022.36214681, 46.5393514891194, 133.887841258582, 49.6671485900879, 2009603, 3, 78
2022.36214681, 46.5392880201517, 133.887832889754, 49.6575126647949, 2009603, 3, 78
2022.36214686, 46.4492421271843, 133.875455550361, 50.386646270752, 2009603, 3, 92
2022.36214686, 46.4490839000485, 133.875434173598, 50.3725357055664, 2009603, 3, 92
2022.36214686, 46.4487611635258, 133.875390773662, 50.3168983459473, 2009603, 3, 92
2022.36214686, 46.4485458067869, 133.87536204152, 50.3295593261719, 2009603, 3, 93
2022.36214686, 46.4483492060113, 133.875336134731, 50.3288040161133, 2009603, 3, 93
2022.36214686, 46.4481009088166, 133.875303513853, 50.3245315551758, 2009603, 3, 93
2022.36214686, 46.4479032325582, 133.87527785102, 50.3746566772461, 2009603, 3, 93
2022.36214686, 46.447686201592, 133.87524981476, 50.3332214355469, 2009603, 3, 93
2022.36214686, 46.4474754008887, 133.875222813491, 50.3256912231445, 2009603, 3, 94
2022.36214686, 46.4472389978375, 133.875192604241, 50.3689193725586, 2009603, 3, 94
2022.36214686, 46.4469835109617, 133.875160150683, 50.3683090209961, 2009603, 3, 94
2022.36214686, 46.4467665583483, 133.875132645892, 50.3098754882812, 2009603, 3, 94
2022.36214686, 46.4466134825523, 133.875113079853, 50.2770957946777, 2009603, 3, 94
2022.36214686, 46.4463775866096, 133.875082672294, 50.34912109375, 2009603, 3, 93
2022.36214686, 46.4462118987916, 133.875060921343, 50.3331069946289, 2009603, 3, 91
2022.36214686, 46.4460016654686, 133.875032836924, 50.3896827697754, 2009603, 3, 91
2022.36214686, 46.4329985922889, 133.873284282728, 50.2895240783691, 1354125, 3, 64
2022.36214686, 46.4328210982757, 133.873260967172, 50.3295288085938, 1354125, 3, 64
2022.36214686, 46.43268168403, 133.873242952793, 50.3219413757324, 1354125, 3, 67
2022.36214686, 46.4325549413679, 133.873226652273, 50.3043327331543, 1354125, 3, 67
2022.36214686, 46.4324154686114, 133.873208838277, 50.3064880371094, 1354125, 3, 69
2022.36214686, 46.4322758892418, 133.873191145926, 50.3296432495117, 1354125, 3, 69
2022.36214686, 46.4321552292804, 133.873175948602, 50.3114852905273, 1354125, 3, 67
2022.36214686, 46.4320471762102, 133.873162230162, 50.3453712463379, 1354125, 3, 67
2022.36214686, 46.4319453905268, 133.873149254802, 50.3044128417969, 1354125, 3, 62
2022.36214686, 46.4318309709899, 133.873134820888, 50.3348426818848, 1354125, 3, 62
2022.36214686, 46.4317158622891, 133.873120001003, 50.3269996643066, 1354125, 3, 58
2022.36214686, 46.4315942346606, 133.873104339345, 50.3018989562988, 1354125, 3, 58
2022.3621469, 46.3541658384864, 133.862582851212, 51.180118560791, 2009603, 3, 58
2022.3621469, 46.3540326401369, 133.862563738614, 51.1985855102539, 2009603, 3, 58
2022.3621469, 46.3538096433475, 133.862532586318, 51.2385368347168, 2009603, 3, 69
2022.3621469, 46.3536052913886, 133.862503975986, 51.1892166137695, 2009603, 3, 69
2022.36214691, 46.3489729249321, 133.861805981733, 51.291130065918, 2009603, 3, 65
2022.36214691, 46.3489158108977, 133.861797366895, 51.2677459716797, 2009603, 3, 65
2022.36214691, 46.3488650569153, 133.861789540347, 51.2763481140137, 2009603, 3, 65
2022.36214691, 46.3488079532102, 133.861780741864, 51.2984504699707, 2009603, 3, 65
2022.36214691, 46.3487444991075, 133.861770933607, 51.2911186218262, 2009603, 3, 81
2022.36214691, 46.3486873740308, 133.86176219038, 51.267707824707, 2009603, 3, 81
2022.36214691, 46.3486302439958, 133.861753395706, 51.2736663818359, 2009603, 3, 81
2022.36214691, 46.3482299834421, 133.861691883254, 51.2505645751953, 2009603, 3, 55
2022.36214691, 46.3481472949493, 133.861679229817, 51.2511138916016, 2009603, 3, 55
2022.36214691, 46.3480518400934, 133.861664662423, 51.2550582885742, 2009603, 3, 55
2022.36214691, 46.3479245019191, 133.861645139378, 51.2280883789062, 2009603, 3, 74
2022.36214691, 46.3478161863438, 133.861628662417, 51.2159729003906, 2009603, 3, 74
2022.36214691, 46.3477142114817, 133.861613172677, 51.2800636291504, 2009603, 3, 85
2022.36214691, 46.3475929626637, 133.861594586958, 51.2597885131836, 2009603, 3, 85
2022.36214691, 46.3474780168355, 133.861577160271, 51.2259368896484, 2009603, 3, 91
2022.36214691, 46.347363024154, 133.861559760813, 51.2643508911133, 2009603, 3, 91
2022.36214691, 46.3472416019424, 133.861541436204, 51.2698745727539, 2009603, 3, 93
2022.36214691, 46.3471073427166, 133.861521442643, 51.2692565917969, 2009603, 3, 93
2022.36214691, 46.346979467999, 133.861502412182, 51.2749061584473, 2009603, 3, 93
2022.36214691, 46.3468835647752, 133.861488135383, 51.2140007019043, 2009603, 3, 62
2022.36214691, 46.3467748786542, 133.861472045073, 51.2352638244629, 2009603, 3, 62
2022.36214691, 46.3466598125512, 133.861455077433, 51.2375564575195, 2009603, 3, 76
2022.36214691, 46.3465703490528, 133.861441843546, 51.2512664794922, 2009603, 3, 76
2022.36214691, 46.3464745115839, 133.861427594471, 51.267463684082, 2009603, 3, 86
2022.36214691, 46.3463531506518, 133.861410065338, 51.2748908996582, 2009603, 3, 86
2022.36214691, 46.3461744202644, 133.861384124034, 51.260196685791, 2009603, 3, 92
2022.36214691, 46.3460532227321, 133.861366522715, 51.2306861877441, 2009603, 3, 92
2022.36214691, 46.3459257429729, 133.86134781466, 51.2236709594727, 2009603, 3, 94
2022.36214691, 46.3458174383047, 133.861331946705, 51.2705688476562, 2009603, 3, 94
2022.36214691, 46.3457155769224, 133.861316833725, 51.2639617919922, 2009603, 3, 92
2022.36214691, 46.3456073905815, 133.861300841825, 51.255687713623, 2009603, 3, 92
2022.36214691, 46.3454992770024, 133.861284677602, 51.2523536682129, 2009603, 3, 93
2022.36214691, 46.3453848712857, 133.861267410562, 51.2797317504883, 2009603, 3, 93
2022.36214691, 46.3452832246265, 133.861251996202, 51.2596015930176, 2009603, 3, 93
2022.36214691, 46.3451815919528, 133.861236494854, 51.2752952575684, 2009603, 3, 90
2022.36214691, 46.3450674203724, 133.861218658049, 51.2643508911133, 2009603, 3, 90
2022.36214691, 46.3449786353064, 133.86120477739, 51.2506942749023, 2009603, 3, 94
2022.36214691, 46.3448328367748, 133.861181635559, 51.2772598266602, 2009603, 3, 94
2022.36214691, 46.3446870487068, 133.861158437111, 51.2613639831543, 2009603, 3, 94
2022.36214691, 46.3445729456301, 133.86114025492, 51.2438812255859, 2009603, 3, 94
2022.36214691, 46.3444461702162, 133.861119830597, 51.298095703125, 2009603, 3, 95
2022.36214691, 46.3443256952322, 133.861100452814, 51.2556381225586, 2009603, 3, 95
2022.36214691, 46.3442115204019, 133.861082137138, 51.260799407959, 2009603, 3, 94
2022.36214691, 46.3440719113881, 133.861059798614, 51.2512435913086, 2009603, 3, 94
2022.36214691, 46.3439259211083, 133.861036471242, 51.2478485107422, 2009603, 3, 93
2022.36214691, 46.3437415535128, 133.861007381888, 51.2617530822754, 2009603, 3, 92
2022.36214691, 46.3435761481376, 133.860981492044, 51.243236541748, 2009603, 3, 92
2022.36214691, 46.3433788166628, 133.860950900603, 51.2423095703125, 2009603, 3, 92
2022.36214691, 46.343200504978, 133.860923513314, 51.2318267822266, 2009603, 3, 92
2022.36214691, 46.3430348825803, 133.860898390213, 51.2600593566895, 2009603, 3, 92
2022.36214691, 46.3428437517157, 133.860869770104, 51.2196502685547, 2009603, 3, 94
2022.36214691, 46.342652669583, 133.860841240616, 51.2975425720215, 2009603, 3, 93
2022.36214691, 46.3424934389008, 133.860817921918, 51.3061103820801, 2009603, 3, 93
2022.36214691, 46.3423406432605, 133.860795585408, 51.291187286377, 2009603, 3, 93
2022.36214691, 46.3421751866788, 133.860771572727, 51.3091888427734, 2009603, 3, 93
2022.36214691, 46.3420098315946, 133.860747575773, 51.2692909240723, 2009603, 3, 93
2022.36214691, 46.3416985442871, 133.860701955336, 51.2831497192383, 2009603, 3, 93
2022.36214691, 46.3416033388502, 133.860687891183, 51.2936096191406, 2009603, 3, 93
2022.36214691, 46.3414891335166, 133.860670993792, 51.2628555297852, 2009603, 3, 92
2022.36214691, 46.3413559176001, 133.860651268154, 51.2854919433594, 2009603, 3, 92
2022.36214691, 46.3411848917846, 133.860625379877, 51.2744026184082, 2009603, 3, 92
2022.36214691, 46.3409632527386, 133.860591620285, 51.2635955810547, 2009603, 3, 92
2022.36214691, 46.3404437782647, 133.860511775403, 51.2832374572754, 2009603, 3, 92
2022.36214691, 46.3401582349252, 133.860468161047, 51.2617607116699, 2009603, 3, 69
2022.36214691, 46.3398594266039, 133.860422843524, 51.206600189209, 2009603, 3, 69
2022.36214691, 46.3395982983288, 133.860383637663, 51.2574195861816, 2009603, 3, 61
2022.36214691, 46.3393113669934, 133.860340556439, 51.220890045166, 2009603, 3, 55
2022.36214691, 46.3304338054036, 133.858978387329, 50.8818283081055, 2009603, 3, 65
2022.36214691, 46.3302998728083, 133.858957886848, 50.8927192687988, 2009603, 3, 65
2022.36214696, 46.247875149536, 133.847386908164, 52.2067260742188, 2009603, 3, 51
2022.36214696, 46.2428593341952, 133.846749917362, 52.2055511474609, 2009603, 3, 59
2022.36214696, 46.2426367985761, 133.846721804716, 52.1888580322266, 2009603, 3, 64
2022.36214696, 46.242490467126, 133.846703052247, 52.1932792663574, 2009603, 3, 56
2022.36214696, 46.2423758620992, 133.84668832804, 52.227108001709, 2009603, 3, 56
2022.36214698, 46.2010294358258, 133.841287138729, 52.491626739502, 2009603, 3, 82
2022.36214698, 46.2008266762933, 133.841260454476, 52.5030555725098, 2009603, 3, 91
2022.36214698, 46.2005797674235, 133.841227510082, 52.494255065918, 2009603, 3, 93
2022.36214698, 46.2003203050834, 133.841192539123, 52.492862701416, 2009603, 3, 93
2022.36214698, 46.2000861310581, 133.841160693818, 52.5127792358398, 2009603, 3, 94
2022.36214698, 46.1998518823069, 133.84112868685, 52.5061340332031, 2009603, 3, 94
2022.36214698, 46.1996175558123, 133.841096464949, 52.4749221801758, 2009603, 3, 94
2022.36214698, 46.1993510248239, 133.841059716899, 52.5343971252441, 2009603, 3, 94
2022.36214698, 46.1991092967417, 133.841026122393, 52.5367660522461, 2009603, 3, 84
2022.36214712, 45.9261060936223, 133.803552864515, 57.6199150085449, 2009603, 3, 78
2022.36214712, 45.9257808326313, 133.803510363941, 57.5500831604004, 2009603, 3, 91
2022.36214712, 45.9257170982417, 133.803501935266, 57.5403175354004, 2009603, 3, 82
2022.36214712, 45.9254622584744, 133.803468022826, 57.5437049865723, 2009603, 3, 66
2022.36214712, 45.9254049422323, 133.803460329812, 57.5628356933594, 2009603, 3, 66
2022.36214712, 45.9253539950863, 133.80345354485, 57.5618629455566, 2009603, 3, 66
2022.36214712, 45.9252903426365, 133.803444845546, 57.6217803955078, 2009603, 3, 66
2022.36214712, 45.9252266840031, 133.803436222414, 57.613956451416, 2009603, 3, 66
2022.36214712, 45.9251502918332, 133.803425933735, 57.6357116699219, 2009603, 3, 66
2022.36214712, 45.9250548299319, 133.803412915308, 57.6190757751465, 2009603, 3, 66
2022.36214712, 45.9249721082431, 133.803401549318, 57.5917778015137, 2009603, 3, 53
2022.36214712, 45.9248893815807, 133.803390244607, 57.546688079834, 2009603, 3, 53
2022.36214712, 45.9248193824448, 133.803380570487, 57.5586166381836, 2009603, 3, 53
2022.36214712, 45.9247493936078, 133.803370953994, 57.5729675292969, 2009603, 3, 52
2022.36214712, 45.9246921316187, 133.80336303617, 57.5673294067383, 2009603, 3, 52
2022.36214712, 45.9246412218011, 133.803356096811, 57.5583381652832, 2009603, 3, 52
2022.36214712, 45.9245839542341, 133.803348165823, 57.5774955749512, 2009603, 3, 52
2022.36214712, 45.9245266822858, 133.803340246923, 57.5438995361328, 2009603, 3, 52
2022.36214769, 44.7721034244126, 133.646156619624, 108.889984130859, 2009603, 3, 68
2022.36214769, 44.7715762610143, 133.646086278527, 108.248878479004, 2009603, 3, 80
2022.36214769, 44.769969373884, 133.645873194633, 108.256103515625, 2009603, 3, 51
2022.36214769, 44.7698991072441, 133.645863973609, 108.260475158691, 2009603, 3, 51
2022.36214769, 44.7698032234092, 133.645851487196, 108.308578491211, 2009603, 3, 51
2022.36214769, 44.7696753282907, 133.64583465556, 108.323829650879, 2009603, 3, 57
2022.36214769, 44.7695601779942, 133.64581951733, 108.315269470215, 2009603, 3, 57
2022.3621477, 44.7609813391729, 133.644683526027, 108.851318359375, 1360766, 3, 84
2022.3621477, 44.7606678238815, 133.644642962722, 108.818557739258, 1360766, 3, 88
2022.3621477, 44.7603916475652, 133.644607000872, 108.834548950195, 1360766, 3, 88
2022.3621477, 44.7602049842457, 133.644582506447, 108.81583404541, 1360766, 3, 87
2022.3621477, 44.7600761164873, 133.644565448567, 108.830696105957, 1360766, 3, 87
2022.3621477, 44.7599598300499, 133.644549945003, 108.810485839844, 1360766, 3, 89
2022.3621477, 44.7598629327633, 133.644537056648, 108.803207397461, 1360766, 3, 89
2022.3621477, 44.759714467536, 133.644517102282, 108.815338134766, 1360766, 3, 88
2022.3621477, 44.7594953687624, 133.644487654467, 108.82022857666, 1360766, 3, 85
2022.3621477, 44.7593025768604, 133.644461876306, 108.847724914551, 1360766, 3, 85
2022.3621477, 44.7591423983853, 133.644440515131, 108.848556518555, 1360766, 3, 87
2022.3621477, 44.7590337378398, 133.644426182476, 108.804718017578, 1360766, 3, 87
2022.3621477, 44.7589571929662, 133.644415939574, 108.817276000977, 1360766, 3, 87
2022.3621477, 44.7588867292487, 133.644406443443, 108.805114746094, 1360766, 3, 87
2022.3621477, 44.7588107260739, 133.644396532061, 108.810546875, 1360766, 3, 87
2022.3621477, 44.7587221664279, 133.644385083573, 108.799728393555, 1360766, 3, 86
2022.3621477, 44.7585832127655, 133.64436717632, 108.804153442383, 1360766, 3, 86
2022.3621477, 44.758419228167, 133.644345860066, 108.866706848145, 1360766, 3, 86
2022.3621477, 44.7582994500007, 133.6443302643, 108.839698791504, 1360766, 3, 86
2022.3621477, 44.7581102691406, 133.644305369672, 108.817092895508, 1360766, 3, 84
2022.3621477, 44.7578512271853, 133.644270874084, 108.826469421387, 1360766, 3, 84
2022.3621477, 44.7575211883853, 133.644225997698, 108.826477050781, 1360766, 3, 83
2022.3621477, 44.757143198918, 133.644172392352, 108.80313873291, 1360766, 3, 84
2022.3621477, 44.7568088510752, 133.644125340119, 108.855010986328, 1360766, 3, 81
2022.3621477, 44.7563649469391, 133.644064664756, 108.838172912598, 1360766, 3, 77
2022.3621477, 44.7560187791761, 133.644020110602, 108.805763244629, 1360766, 3, 58
2022.36214577, 48.6578740038202, 134.187852380321, 42.249324798584, 2009587, 4, 82
2022.36214591, 48.3762428461383, 134.146862927252, 38.0349006652832, 2009603, 4, 66
2022.36214591, 48.3755382502776, 134.146753757111, 38.0014915466309, 2009603, 4, 90
2022.36214591, 48.3730422565583, 134.146366758184, 38.0767593383789, 2009603, 4, 74
2022.36214591, 48.3727046520714, 134.146314052476, 38.0637969970703, 2009603, 4, 88
2022.36214591, 48.3725134936495, 134.146284166651, 38.0750579833984, 2009603, 4, 88
2022.36214592, 48.3496414484007, 134.142859280123, 37.9472503662109, 2009603, 4, 93
2022.36214592, 48.3466379509617, 134.142430003885, 38.1045036315918, 2009603, 4, 65
2022.36214592, 48.3455525198353, 134.142274207406, 38.1255035400391, 2009603, 4, 79
2022.36214592, 48.3443643500934, 134.142110479504, 38.0413360595703, 2009603, 4, 93
2022.36214592, 48.3431710965296, 134.141944244, 38.0790100097656, 2009603, 4, 84
2022.36214592, 48.3421816395891, 134.14180103902, 38.1096382141113, 2009603, 4, 98
2022.36214592, 48.3410531883645, 134.141640900817, 38.1069793701172, 2009603, 4, 98
2022.36214592, 48.3400768013405, 134.141504991248, 38.1164131164551, 2009603, 4, 97
2022.36214593, 48.3389145873778, 134.141343917437, 38.1501274108887, 2009603, 4, 98
2022.36214593, 48.3379767648316, 134.141215853097, 38.1745376586914, 2009603, 4, 98
2022.36214593, 48.3370029489356, 134.141081025898, 38.1300926208496, 2009603, 4, 97
2022.36214593, 48.3360960347584, 134.140954783207, 38.1703262329102, 2009603, 4, 98
2022.36214593, 48.3350484187399, 134.140814317105, 38.1303024291992, 2009603, 4, 97
2022.36214593, 48.3335129052923, 134.140601078179, 38.1769409179688, 2009603, 4, 97
2022.36214593, 48.332234028912, 134.140435447859, 38.2322616577148, 2009603, 4, 85
2022.36214594, 48.311852950816, 134.137698998195, 37.942684173584, 2009603, 4, 53
2022.36214594, 48.3112312003379, 134.137612594463, 38.0621223449707, 1346344, 4, 63
2022.36214594, 48.3098587478881, 134.137432397859, 38.1271095275879, 1346344, 4, 66
2022.36214594, 48.3089152759539, 134.137306344867, 38.2990074157715, 1346344, 4, 57
2022.36214687, 46.4488417246314, 133.874383095507, 50.2314949035645, 2009603, 4, 92
2022.36214687, 46.448288171697, 133.874308573304, 50.2607612609863, 2009603, 4, 93
2022.36214687, 46.4475565099616, 133.874211747972, 50.2471351623535, 2009603, 4, 93
2022.36214687, 46.4469141128937, 133.8741287225, 50.2178153991699, 2009603, 4, 93
2022.36214687, 46.4464240613034, 133.874065666547, 50.2465667724609, 2009603, 4, 94
2022.36214687, 46.4459970109169, 133.874010252871, 50.2432518005371, 2009603, 4, 93
2022.36214687, 46.4335583735763, 133.872385817443, 50.1786499023438, 1354125, 4, 57
2022.36214687, 46.4330361073635, 133.872318864569, 50.2071113586426, 1354125, 4, 68
2022.36214697, 46.2425352088746, 133.845774684152, 52.0899543762207, 2009603, 4, 67
2022.36214697, 46.2420190874241, 133.845708272679, 52.1004638671875, 2009603, 4, 65
2022.36214699, 46.200347907182, 133.840071570878, 52.4508438110352, 2009603, 4, 92
2022.36214699, 46.1996983390242, 133.839980849493, 52.4377136230469, 2009603, 4, 94
2022.36214699, 46.1990682250989, 133.839892627938, 52.4533729553223, 2009603, 4, 92
2022.36214711, 45.966580336478, 133.807807619445, 57.9077415466309, 2009603, 4, 59
2022.36214713, 45.9237198360083, 133.802074698833, 57.3901748657227, 2009603, 4, 86
2022.36214713, 45.9235021422457, 133.802045046491, 57.3596000671387, 2009603, 4, 86
2022.36214713, 45.9233289490298, 133.802021909299, 57.3787536621094, 2009603, 4, 66
2022.3621477, 44.7742402059449, 133.645352144877, 107.825088500977, 2009603, 4, 73
2022.3621477, 44.7738828714524, 133.645306151683, 107.792419433594, 2009603, 4, 69
2022.3621477, 44.7727219512004, 133.64515274361, 107.972549438477, 2009603, 4, 62
2022.3621477, 44.7725115818881, 133.64512347559, 107.962745666504, 2009603, 4, 62
2022.3621477, 44.7722757877613, 133.645090710109, 107.983909606934, 2009603, 4, 79
2022.3621477, 44.7720336878233, 133.645057130038, 107.962814331055, 2009603, 4, 89
2022.3621477, 44.7718171136771, 133.645027100964, 107.970405578613, 2009603, 4, 89
2022.3621477, 44.7716005831045, 133.644997485937, 108.00023651123, 2009603, 4, 70
2022.36214771, 44.7613640269861, 133.643631752536, 108.727416992188, 1360766, 4, 84
2022.36214771, 44.7607719523102, 133.643551341055, 108.692489624023, 1360766, 4, 87
2022.36214771, 44.7602313494342, 133.643477912826, 108.684326171875, 1360766, 4, 86
2022.36214771, 44.7597035919279, 133.643406782577, 108.704635620117, 1360766, 4, 57
2022.36214771, 44.7556135719754, 133.642857334172, 108.725616455078, 1360766, 4, 76
2022.36214576, 48.6604642307241, 134.14600339019, 42.7095718383789, 2009587, 5, 62
2022.36214576, 48.6600459502716, 134.145933204576, 42.6533699035645, 2009587, 5, 69
2022.36214576, 48.6598239985843, 134.14589600511, 42.6936111450195, 2009587, 5, 82
2022.36214576, 48.6595890153209, 134.145856975649, 42.672176361084, 2009587, 5, 95
2022.36214576, 48.6594109304683, 134.145827725862, 42.6759834289551, 2009587, 5, 93
2022.36214576, 48.6592454815257, 134.145800794309, 42.6964530944824, 2009587, 5, 89
2022.36214576, 48.6590289991397, 134.145766132557, 42.6877784729004, 2009587, 5, 89
2022.36214576, 48.658876141736, 134.145741970066, 42.6990585327148, 2009587, 5, 89
2022.36214576, 48.6587678329959, 134.145725124948, 42.6779022216797, 2009587, 5, 89
2022.36214591, 48.3549517219256, 134.101463863281, 38.7370986938477, 2009603, 5, 76
2022.36214591, 48.3548110988252, 134.101443058839, 38.7029914855957, 2009603, 5, 76
2022.36214591, 48.354581102722, 134.101408614638, 38.6109428405762, 2009603, 5, 82
2022.36214591, 48.3543386286383, 134.101371771921, 38.6571655273438, 2009603, 5, 80
2022.36214591, 48.3541286158822, 134.101339051186, 38.6583518981934, 2009603, 5, 81
2022.36214591, 48.3538495860208, 134.101294335856, 38.6615562438965, 2009603, 5, 81
2022.36214591, 48.3536278031803, 134.101258597534, 38.6396217346191, 2009603, 5, 88
2022.36214591, 48.3533679600205, 134.101216796264, 38.6467666625977, 2009603, 5, 89
2022.36214591, 48.3531078515556, 134.101175341601, 38.6656112670898, 2009603, 5, 85
2022.36214591, 48.3528344317351, 134.101132677718, 38.6782112121582, 2009603, 5, 77
2022.36214591, 48.3526112747071, 134.10109876604, 38.6765289306641, 2009603, 5, 71
2022.36214591, 48.3523559186502, 134.101060467111, 38.6679611206055, 2009603, 5, 55
2022.36214591, 48.3425489698013, 134.099574006472, 40.1512985229492, 2009603, 5, 73
2022.36214591, 48.3423204893399, 134.099540475792, 40.2876052856445, 2009603, 5, 84
2022.36214591, 48.342111116064, 134.099509605885, 40.4715881347656, 2009603, 5, 88
2022.36214591, 48.3418889286564, 134.099477149521, 40.5227699279785, 2009603, 5, 89
2022.36214591, 48.3416411688847, 134.099440725798, 40.411190032959, 2009603, 5, 89
2022.36214591, 48.3413993823288, 134.099404908587, 40.0799179077148, 2009603, 5, 90
2022.36214591, 48.3411634917073, 134.099369659339, 39.6776504516602, 2009603, 5, 92
2022.36214591, 48.3409402284129, 134.099336177882, 39.3683929443359, 2009603, 5, 92
2022.36214591, 48.3406913935868, 134.099299015343, 38.674259185791, 2009603, 5, 94
2022.36214591, 48.3404936858774, 134.099269394594, 38.6275367736816, 2009603, 5, 93
2022.36214591, 48.3403279412523, 134.099244670619, 38.6729507446289, 2009603, 5, 94
2022.36214591, 48.3400986705915, 134.099210601417, 38.631893157959, 2009603, 5, 95
2022.36214592, 48.3396599333532, 134.099145929256, 38.6120300292969, 2009603, 5, 96
2022.36214592, 48.3391965532387, 134.099077214218, 38.5584602355957, 2009603, 5, 96
2022.36214592, 48.3387019529124, 134.099002803111, 38.6179161071777, 2009603, 5, 96
2022.36214592, 48.338289279489, 134.098940240822, 38.5878372192383, 2009603, 5, 97
2022.36214592, 48.3379325078711, 134.09888682065, 38.6058578491211, 2009603, 5, 93
2022.36214592, 48.3376256351253, 134.098841530753, 38.5994987487793, 2009603, 5, 86
2022.36214592, 48.3372981618617, 134.098794415566, 38.6015625, 2009603, 5, 86
2022.36214592, 48.3369835614916, 134.098749350016, 38.6058616638184, 2009603, 5, 79
2022.36214592, 48.3366504509429, 134.098701450073, 38.5706939697266, 2009603, 5, 83
2022.36214592, 48.3362489043404, 134.098642852265, 38.6059036254883, 2009603, 5, 86
2022.36214592, 48.3359067177247, 134.0985920522, 38.6423530578613, 2009603, 5, 91
2022.36214592, 48.3355147025756, 134.09853389124, 38.5740585327148, 2009603, 5, 95
2022.36214592, 48.3351416644544, 134.09847904539, 38.4981803894043, 2009603, 5, 96
2022.36214592, 48.334780207247, 134.098427166959, 38.4907112121582, 2009603, 5, 97
2022.36214592, 48.3344433779402, 134.098379131767, 38.4994239807129, 2009603, 5, 96
2022.36214592, 48.3341250275618, 134.098333561715, 38.446418762207, 2009603, 5, 96
2022.36214592, 48.3337743253547, 134.098282783059, 38.4715805053711, 2009603, 5, 92
2022.36214592, 48.3333530430966, 134.098220864501, 38.5208740234375, 2009603, 5, 78
2022.36214592, 48.3329382127626, 134.098159508023, 38.5212211608887, 2009603, 5, 73
2022.36214592, 48.3325747233224, 134.098105755762, 38.4538497924805, 2009603, 5, 81
2022.36214592, 48.3321927504705, 134.098049844242, 38.4849815368652, 2009603, 5, 87
2022.36214592, 48.3318616866858, 134.098001917324, 38.5075416564941, 2009603, 5, 91
2022.36214592, 48.3314539591473, 134.097943297879, 38.511833190918, 2009603, 5, 97
2022.36214592, 48.331122164888, 134.09789606385, 38.4872131347656, 2009603, 5, 97
2022.36214592, 48.3307708852993, 134.097846353766, 38.4796752929688, 2009603, 5, 98
2022.36214592, 48.3304772074847, 134.097804876197, 38.536994934082, 2009603, 5, 97
2022.36214592, 48.3302156589324, 134.097768112508, 38.5479621887207, 2009603, 5, 97
2022.36214592, 48.3297826716393, 134.097707487309, 38.5354156494141, 2009603, 5, 97
2022.36214592, 48.3293569805236, 134.097647498336, 38.5448608398438, 2009603, 5, 97
2022.36214592, 48.3289063935286, 134.09758316804, 38.557559967041, 2009603, 5, 97
2022.36214592, 48.3284812912109, 134.097521370321, 38.5613441467285, 2009603, 5, 96
2022.36214592, 48.3280685790028, 134.097461049565, 38.5200576782227, 2009603, 5, 96
2022.36214592, 48.3277888612118, 134.097420657368, 38.528923034668, 2009603, 5, 96
2022.36214592, 48.3273750517161, 134.097361806583, 38.5363922119141, 2009603, 5, 95
2022.36214592, 48.3270498221946, 134.097316706356, 38.580738067627, 2009603, 5, 95
2022.36214592, 48.3266543142224, 134.097262384896, 38.5449104309082, 2009603, 5, 89
2022.36214592, 48.326214285873, 134.097201836604, 38.5519561767578, 2009603, 5, 79
2022.36214592, 48.3258451076259, 134.097150413779, 38.5229034423828, 2009603, 5, 60
2022.36214645, 47.2724679297789, 133.948123771176, 45.5882263183594, 2009603, 5, 52
2022.36214645, 47.2724042977679, 133.94811516576, 45.5653686523438, 2009603, 5, 52
2022.36214645, 47.2723088760352, 133.948102323919, 45.5460510253906, 2009603, 5, 52
2022.36214645, 47.2721753717375, 133.948084325785, 45.5577507019043, 2009603, 5, 62
2022.36214645, 47.2720673537065, 133.948069800348, 45.5621490478516, 2009603, 5, 62
2022.36214645, 47.2720165243519, 133.948063061766, 45.5279655456543, 2009603, 5, 62
2022.36214645, 47.2669097921666, 133.947383420733, 45.6798095703125, 2009603, 5, 80
2022.36214684, 46.4866968526178, 133.838738788922, 49.9872550964355, 2009603, 5, 55
2022.36214684, 46.4865311765659, 133.838715687887, 50.0007057189941, 2009603, 5, 55
2022.36214684, 46.4863592549758, 133.838691713484, 50.0274772644043, 2009603, 5, 92
2022.36214684, 46.4861619746504, 133.838664382536, 49.9753608703613, 2009603, 5, 92
2022.36214684, 46.4860029860939, 133.838642265338, 50.022289276123, 2009603, 5, 92
2022.36214684, 46.4858185117385, 133.838616842629, 50.0243263244629, 2009603, 5, 93
2022.36214684, 46.4856153042918, 133.838588817065, 50.0407524108887, 2009603, 5, 93
2022.36214684, 46.48543744089, 133.838564377188, 49.9945983886719, 2009603, 5, 94
2022.36214684, 46.485259480034, 133.838539863316, 49.9945449829102, 2009603, 5, 94
2022.36214684, 46.4850749743329, 133.83851454423, 49.988883972168, 2009603, 5, 94
2022.36214684, 46.4849157588034, 133.838492561385, 50.0168113708496, 2009603, 5, 94
2022.36214684, 46.4847308325098, 133.838467028864, 50.0034255981445, 2009603, 5, 94
2022.36214684, 46.4845201662507, 133.838437915207, 50.0104370117188, 2009603, 5, 94
2022.36214684, 46.4843088154697, 133.838408438675, 49.9847297668457, 2009603, 5, 95
2022.36214684, 46.4841037185597, 133.838379626028, 50.0010833740234, 2009603, 5, 95
2022.36214684, 46.4838729255591, 133.83834722055, 49.9827423095703, 2009603, 5, 93
2022.36214684, 46.4836294671671, 133.838312882808, 49.9836769104004, 2009603, 5, 92
2022.36214684, 46.4834438866016, 133.838286676227, 50.0075836181641, 2009603, 5, 92
2022.36214684, 46.4832521586264, 133.838259544114, 50.0298042297363, 2009603, 5, 92
2022.36214684, 46.4830226650978, 133.838227208513, 50.0186653137207, 2009603, 5, 96
2022.36214684, 46.4828572337497, 133.838203906041, 50.0270805358887, 2009603, 5, 96
2022.36214684, 46.4826539987476, 133.838175113179, 50.0098838806152, 2009603, 5, 96
2022.36214684, 46.4824637809654, 133.838148129658, 50.0138397216797, 2009603, 5, 96
2022.36214684, 46.4822928032379, 133.838123830627, 50.0226020812988, 2009603, 5, 96
2022.36214684, 46.4821346263115, 133.838101314209, 50.0403213500977, 2009603, 5, 96
2022.36214684, 46.481963787674, 133.838077042717, 50.008056640625, 2009603, 5, 95
2022.36214684, 46.4817744347149, 133.838049807711, 50.0167961120605, 2009603, 5, 95
2022.36214684, 46.4815849433798, 133.838022587746, 50.0302696228027, 2009603, 5, 95
2022.36214684, 46.4814078430367, 133.837997153101, 50.0292282104492, 2009603, 5, 94
2022.36214684, 46.481255743644, 133.837975591721, 50.0229263305664, 2009603, 5, 94
2022.36214684, 46.4810715814209, 133.837949486414, 50.0256080627441, 2009603, 5, 95
2022.36214684, 46.4809060524374, 133.837926259833, 50.0132675170898, 2009603, 5, 95
2022.36214684, 46.4807404952913, 133.837903031236, 50.023365020752, 2009603, 5, 93
2022.36214684, 46.4805671568528, 133.837879246097, 50.0317611694336, 2009603, 5, 93
2022.36214684, 46.4803484947717, 133.837849594087, 50.044189453125, 2009603, 5, 94
2022.36214684, 46.4801168782204, 133.837818167216, 50.003101348877, 2009603, 5, 78
2022.36214685, 46.4606532152261, 133.835110849003, 50.1429405212402, 2009603, 5, 77
2022.36214685, 46.4605204449286, 133.835091964564, 50.1185989379883, 2009603, 5, 77
2022.36214685, 46.4603623035997, 133.835069741848, 50.0847320556641, 2009603, 5, 84
2022.36214685, 46.4601657933198, 133.835042460295, 50.1015815734863, 2009603, 5, 66
2022.36214697, 46.2296179217047, 133.803332377347, 52.7167091369629, 2009603, 5, 86
2022.36214697, 46.2294407586236, 133.803309244732, 52.7018013000488, 2009603, 5, 86
2022.36214697, 46.2292951492588, 133.803290185877, 52.676342010498, 2009603, 5, 86
2022.36214697, 46.2291304379835, 133.803268444465, 52.6433525085449, 2009603, 5, 93
2022.36214697, 46.2288893638109, 133.803236673031, 52.6653099060059, 2009603, 5, 94
2022.36214697, 46.2286287755477, 133.803202248987, 52.6767234802246, 2009603, 5, 93
2022.36214697, 46.2283483464266, 133.803165539708, 52.712230682373, 2009603, 5, 94
2022.36214697, 46.2280990882868, 133.803133303215, 52.689826965332, 2009603, 5, 94
2022.36214697, 46.2278178276008, 133.803096614469, 52.7178153991699, 2009603, 5, 96
2022.36214697, 46.2275559478808, 133.803062119529, 52.6969413757324, 2009603, 5, 95
2022.36214697, 46.2272753578703, 133.803024547738, 52.7071075439453, 2009603, 5, 95
2022.36214697, 46.2270464886231, 133.802993174447, 52.7139320373535, 2009603, 5, 95
2022.36214697, 46.2268054660004, 133.802959594955, 52.6623992919922, 2009603, 5, 94
2022.36214697, 46.2265707147237, 133.802927137708, 52.6817436218262, 2009603, 5, 95
2022.36214697, 46.2263483729289, 133.802896909588, 52.6691246032715, 2009603, 5, 94
2022.36214697, 46.2261319700113, 133.802868100524, 52.6592712402344, 2009603, 5, 95
2022.36214697, 46.2259343531677, 133.802842256929, 52.6900672912598, 2009603, 5, 95
2022.36214697, 46.2257164108515, 133.802815351827, 52.7044868469238, 2009603, 5, 93
2022.36214697, 46.2254916774908, 133.802788166848, 52.7171592712402, 2009603, 5, 91
2022.36214697, 46.2252796079386, 133.802762844019, 52.7084503173828, 2009603, 5, 91
2022.36214697, 46.2250611388926, 133.802736707869, 52.7005386352539, 2009603, 5, 83
2022.36214697, 46.2248556985577, 133.802711966194, 52.7066535949707, 2009603, 5, 64
2022.36214699, 46.187410540533, 133.797716034262, 52.4785652160645, 2009603, 5, 61
2022.36214699, 46.1872579724795, 133.797694111867, 52.4675979614258, 2009603, 5, 61
2022.36214699, 46.1870735399892, 133.797667619146, 52.4687690734863, 2009603, 5, 55
2022.36214699, 46.1799943135656, 133.796683633948, 52.4543685913086, 1355292, 5, 57
2022.36214699, 46.179828395767, 133.796661432822, 52.4895706176758, 1355292, 5, 57
2022.36214699, 46.1796301343251, 133.796635240555, 52.4805450439453, 1355292, 5, 65
2022.36214699, 46.1793607941952, 133.796600306008, 52.4687042236328, 1355292, 5, 64
2022.36214699, 46.179065088027, 133.796562354874, 52.4985237121582, 1355292, 5, 64
2022.3621471, 45.9592299663981, 133.766239092538, 56.6892166137695, 2009603, 5, 68
2022.3621471, 45.959179223382, 133.766233137828, 56.6749076843262, 2009603, 5, 68
2022.3621471, 45.9591411785083, 133.766228606189, 56.693172454834, 2009603, 5, 68
2022.3621471, 45.9591094709357, 133.766224860534, 56.6633186340332, 2009603, 5, 68
2022.3621471, 45.9590714318044, 133.7662202951, 56.6950454711914, 2009603, 5, 68
2022.3621471, 45.9590270425794, 133.766215029666, 56.7209739685059, 2009603, 5, 68
2022.3621471, 45.9531641106857, 133.765482208298, 56.6461448669434, 2009603, 5, 68
2022.3621471, 45.9531066482851, 133.765475293224, 56.707649230957, 2009603, 5, 68
2022.3621471, 45.953068353971, 133.765470682952, 56.6887969970703, 2009603, 5, 68
2022.3621471, 45.9530300750247, 133.765466028925, 56.6772346496582, 2009603, 5, 68
2022.3621471, 45.9529917995918, 133.765461428834, 56.6602058410645, 2009603, 5, 68
2022.3621471, 45.952959908384, 133.765457596886, 56.681713104248, 2009603, 5, 68
2022.3621471, 45.9529280173865, 133.765453819766, 56.6834297180176, 2009603, 5, 68
2022.3621471, 45.9528897710217, 133.76544919505, 56.6915016174316, 2009603, 5, 68
2022.3621471, 45.9528515281949, 133.765444623319, 56.6950302124023, 2009603, 5, 68
2022.3621471, 45.952813289142, 133.765440077775, 56.6985206604004, 2009603, 5, 68
2022.3621471, 45.9527750702245, 133.765435479633, 56.669734954834, 2009603, 5, 68
2022.36214766, 44.844270215638, 133.615242279727, 101.325912475586, 2009603, 5, 84
2022.36214766, 44.8441812220999, 133.615228791007, 101.265060424805, 2009603, 5, 84
2022.36214766, 44.8441113526258, 133.615218185538, 101.304084777832, 2009603, 5, 84
2022.36214766, 44.8440415105282, 133.615207658549, 101.335517883301, 2009603, 5, 84
2022.36214766, 44.8439717063597, 133.615197142789, 101.316314697266, 2009603, 5, 85
2022.36214766, 44.8438956064246, 133.615185626687, 101.315635681152, 2009603, 5, 85
2022.36214766, 44.843813190123, 133.61517327069, 101.312225341797, 2009603, 5, 85
2022.36214766, 44.8437054624062, 133.61515720645, 101.367477416992, 2009603, 5, 53
2022.36214766, 44.8436167751336, 133.615144081537, 101.382598876953, 2009603, 5, 53
2022.36214766, 44.8435217798607, 133.61513006961, 101.386558532715, 2009603, 5, 53
2022.36214766, 44.8434520960826, 133.615119830624, 101.369140625, 2009603, 5, 53
2022.36214766, 44.8433064625526, 133.615099186419, 101.347640991211, 2009603, 5, 53
2022.36214766, 44.8425706312806, 133.614998579746, 101.589950561523, 2009603, 5, 71
2022.36214766, 44.842411571885, 133.614977263311, 101.533134460449, 2009603, 5, 82
2022.36214766, 44.8422905550253, 133.614961078403, 101.540748596191, 2009603, 5, 82
2022.36214766, 44.8422142571179, 133.614950872421, 101.547348022461, 2009603, 5, 90
2022.36214766, 44.8421439615678, 133.614941435978, 101.539291381836, 2009603, 5, 90
2022.36214766, 44.8420864340439, 133.614933649897, 101.546165466309, 2009603, 5, 90
2022.36214766, 44.8420288805913, 133.614925914506, 101.594688415527, 2009603, 5, 90
2022.36214766, 44.8419713251319, 133.614918110963, 101.577880859375, 2009603, 5, 78
2022.36214766, 44.8419137622409, 133.61491025608, 101.576095581055, 2009603, 5, 78
2022.36214766, 44.8418689744949, 133.614904224386, 101.597381591797, 2009603, 5, 78
2022.36214766, 44.8418177960259, 133.6148972495, 101.562393188477, 2009603, 5, 78
2022.36214766, 44.8417730262046, 133.614891080243, 101.568031311035, 2009603, 5, 78
2022.36214766, 44.8417346451978, 133.614885816708, 101.572830200195, 2009603, 5, 77
2022.36214766, 44.8416962635525, 133.6148805612, 101.569976806641, 2009603, 5, 77
2022.36214766, 44.8416578753898, 133.614875355802, 101.598655700684, 2009603, 5, 77
2022.36214766, 44.8416131118527, 133.614869165712, 101.583953857422, 2009603, 5, 77
2022.36214766, 44.841568359738, 133.614862944136, 101.616439819336, 2009603, 5, 77
2022.36214766, 44.8415236006556, 133.614856778731, 101.653602600098, 2009603, 5, 77
2022.36214766, 44.841478861186, 133.614850546679, 101.642944335938, 2009603, 5, 79
2022.36214766, 44.8414341312575, 133.614844306301, 101.617622375488, 2009603, 5, 79
2022.36214766, 44.8413958029121, 133.61483892569, 101.669303894043, 2009603, 5, 79
2022.36214766, 44.8413510946194, 133.614832675027, 101.648139953613, 2009603, 5, 79
2022.36214766, 44.8413127831358, 133.614827295287, 101.649955749512, 2009603, 5, 79
2022.36214766, 44.8412680962234, 133.614821033064, 101.666648864746, 2009603, 5, 79
2022.36214766, 44.8412234407023, 133.614814641431, 101.637115478516, 2009603, 5, 75
2022.36214766, 44.8411915372373, 133.614810179171, 101.620895385742, 2009603, 5, 75
2022.36214766, 44.8411532808329, 133.614804702258, 101.645462036133, 2009603, 5, 75
2022.36214766, 44.8411150224357, 133.614799316212, 101.634872436523, 2009603, 5, 75
2022.36214766, 44.8410767780861, 133.614793897862, 101.630020141602, 2009603, 5, 75
2022.36214766, 44.8410385569451, 133.614788403448, 101.655403137207, 2009603, 5, 75
2022.36214766, 44.8410003467008, 133.614782923157, 101.666313171387, 2009603, 5, 75
2022.36214766, 44.8409621442875, 133.614777453569, 101.671661376953, 2009603, 5, 60
2022.36214766, 44.8409237344907, 133.614772046364, 101.636627197266, 2009603, 5, 60
2022.36214766, 44.8408856707404, 133.614766532746, 101.674468994141, 2009603, 5, 60
2022.36214766, 44.8408476257701, 133.614760967526, 101.672760009766, 2009603, 5, 60
2022.36214766, 44.8408032618044, 133.614754421163, 101.664649963379, 2009603, 5, 60
2022.36214766, 44.8407588955601, 133.614747963061, 101.700714111328, 2009603, 5, 60
2022.36214766, 44.8397127354891, 133.614595829245, 101.731147766113, 2009603, 5, 57
2022.36214766, 44.8396748274482, 133.614590289899, 101.763793945312, 2009603, 5, 57
2022.36214766, 44.8396365035795, 133.6145849565, 101.730140686035, 2009603, 5, 57
2022.36214766, 44.8395917893787, 133.614578633574, 101.761329650879, 2009603, 5, 57
2022.36214766, 44.8395534294954, 133.614573328806, 101.738906860352, 2009603, 5, 57
2022.36214766, 44.8395150620885, 133.614567993197, 101.764839172363, 2009603, 5, 57
2022.36214766, 44.8394766706417, 133.6145627354, 101.766494750977, 2009603, 5, 59
2022.36214766, 44.8394318882838, 133.614556486117, 101.7490234375, 2009603, 5, 59
2022.36214766, 44.8393870785503, 133.614550299854, 101.7333984375, 2009603, 5, 59
2022.36214766, 44.8393422458104, 133.614544195459, 101.723915100098, 2009603, 5, 59
2022.36214766, 44.8392910107513, 133.614537116629, 101.716567993164, 2009603, 5, 59
2022.36214766, 44.8382219077697, 133.614390099147, 101.779441833496, 2009603, 5, 53
2022.36214766, 44.8381964223049, 133.614386580871, 101.785026550293, 2009603, 5, 53
2022.36214766, 44.8381645877651, 133.614382079058, 101.795654296875, 2009603, 5, 53
2022.36214766, 44.8381327627441, 133.614377560313, 101.783012390137, 2009603, 5, 53
2022.36214766, 44.838100931852, 133.61437308328, 101.796768188477, 2009603, 5, 53
2022.36214766, 44.8380691105709, 133.614368584604, 101.809715270996, 2009603, 5, 53
2022.36214766, 44.8380372952572, 133.614364072619, 101.813705444336, 2009603, 5, 53
2022.36214766, 44.8380054837781, 133.61435954615, 101.808753967285, 2009603, 5, 53
2022.36214766, 44.8379736743812, 133.614355037666, 101.824119567871, 2009603, 5, 62
2022.36214766, 44.8379418553117, 133.614350619333, 101.816566467285, 2009603, 5, 62
2022.36214766, 44.8378973460849, 133.614344190652, 101.815971374512, 2009603, 5, 62
2022.36214766, 44.8378591905512, 133.61433874501, 101.816841125488, 2009603, 5, 62
2022.36214766, 44.8378210315262, 133.614333320663, 101.786865234375, 2009603, 5, 62
2022.36214766, 44.8377892289898, 133.614328820632, 101.820709228516, 2009603, 5, 62
2022.36214577, 48.659429057956, 134.144346493625, 42.628589630127, 2009587, 6, 83
2022.36214577, 48.6586761337313, 134.144227087232, 42.6626815795898, 2009587, 6, 92
2022.36214592, 48.3540209871957, 134.100030876205, 38.5970115661621, 2009603, 6, 78
2022.36214592, 48.3533844230111, 134.099937869981, 38.6414375305176, 2009603, 6, 91
2022.36214592, 48.3525476464153, 134.099814279606, 38.642951965332, 2009603, 6, 74
2022.36214592, 48.3517523194477, 134.099700264867, 38.5979537963867, 2009603, 6, 66
2022.36214592, 48.351351536838, 134.099645727953, 38.5893592834473, 2009603, 6, 56
2022.36214592, 48.3425495751225, 134.098403711196, 40.1519165039062, 2009603, 6, 76
2022.36214592, 48.3421049711244, 134.098338869421, 40.1804542541504, 2009603, 6, 87
2022.36214593, 48.3407791065195, 134.098158539784, 38.6201591491699, 2009603, 6, 93
2022.36214593, 48.3401472980539, 134.098074087956, 38.5432357788086, 2009603, 6, 95
2022.36214593, 48.3388830259183, 134.097900947497, 38.5499496459961, 2009603, 6, 97
2022.36214593, 48.3375881365503, 134.097726192679, 38.5270080566406, 2009603, 6, 76
2022.36214593, 48.3362415032728, 134.097541100741, 38.5180244445801, 2009603, 6, 82
2022.36214593, 48.3348791000886, 134.09735525346, 38.5271492004395, 2009603, 6, 97
2022.36214593, 48.3334422990749, 134.097162047121, 38.4163665771484, 2009603, 6, 75
2022.36214593, 48.332334433113, 134.097011349097, 38.4549598693848, 2009603, 6, 86
2022.36214593, 48.3310779682117, 134.096840376354, 38.5087547302246, 2009603, 6, 98
2022.36214593, 48.329905638849, 134.096687780962, 38.4720077514648, 2009603, 6, 96
2022.36214593, 48.3287232911705, 134.096531807238, 38.5083122253418, 2009603, 6, 96
2022.36214593, 48.3275603667008, 134.096378274166, 38.5413284301758, 2009603, 6, 94
2022.36214593, 48.3262027525919, 134.096194635824, 38.5362586975098, 2009603, 6, 72
2022.36214646, 47.2720297960681, 133.947027849396, 45.5520706176758, 2009603, 6, 81
2022.36214685, 46.4822321417982, 133.836974920322, 50.0335693359375, 2009603, 6, 81
2022.36214685, 46.4815050155083, 133.836866835436, 50.0154037475586, 2009603, 6, 73
2022.36214686, 46.4597324596255, 133.833940143916, 50.0755920410156, 2009603, 6, 80
2022.36214698, 46.2286938451454, 133.802243034984, 52.7765846252441, 2009603, 6, 93
2022.36214698, 46.2278768745404, 133.802130228847, 52.7797317504883, 2009603, 6, 94
2022.36214698, 46.2270567037289, 133.802018025543, 52.7600440979004, 2009603, 6, 96
2022.36214698, 46.226163212609, 133.801899756325, 52.7326240539551, 2009603, 6, 95
2022.36214698, 46.2253263279216, 133.801788212955, 52.7527198791504, 2009603, 6, 92
2022.36214698, 46.2246362217884, 133.801696046037, 52.7322807312012, 2009603, 6, 90
2022.362147, 46.1869224945976, 133.796522510099, 52.4001960754395, 2009603, 6, 62
2022.362147, 46.1808662969731, 133.795682526527, 52.4300346374512, 1355292, 6, 61
2022.36214711, 45.959132180487, 133.765373274004, 56.6288146972656, 2009603, 6, 73
2022.36214711, 45.9527145193187, 133.764552573482, 56.591552734375, 2009603, 6, 70
2022.36214711, 45.9525749501403, 133.764534616605, 56.5999565124512, 2009603, 6, 70
2022.36214711, 45.9524352950851, 133.764516588469, 56.6057319641113, 2009603, 6, 57
2022.36214711, 45.9522764658629, 133.764496037276, 56.6539268493652, 2009603, 6, 57
2022.36214767, 44.8453598713875, 133.614175020904, 101.230903625488, 2009603, 6, 59
