2021.93016047, 55.329965096784, 130.395695042616, 616.403259277344, 2007670, 1, 53
2021.93016047, 55.329901479358, 130.395683729357, 616.246459960938, 2007670, 1, 53
2021.93016047, 55.329793302262, 130.395664231534, 615.86328125, 2007670, 1, 53
2021.93016047, 55.3297360701944, 130.395654061676, 615.799377441406, 2007670, 1, 78
2021.93016047, 55.3296788162894, 130.395643705507, 615.670654296875, 2007670, 1, 78
2021.93016047, 55.3296215887222, 130.395633459005, 615.562866210938, 2007670, 1, 78
2021.93016047, 55.3295707288324, 130.395624349197, 615.442993164062, 2007670, 1, 78
2021.93016047, 55.3295135213419, 130.395614091174, 615.339050292969, 2007670, 1, 78
2021.93016047, 55.3294499629968, 130.395602671077, 615.142578125, 2007670, 1, 86
2021.93016047, 55.3293927730739, 130.395592394333, 615.066772460938, 2007670, 1, 86
2021.93016047, 55.3293419301722, 130.395583167328, 614.958374023438, 2007670, 1, 86
2021.93016047, 55.3292847571145, 130.395572859354, 614.934997558594, 2007670, 1, 86
2021.93016047, 55.3292275950556, 130.395562569383, 614.845642089844, 2007670, 1, 86
2021.93016047, 55.3291704511156, 130.395552319588, 614.746459960938, 2007670, 1, 86
2021.93016047, 55.3291132902336, 130.395541917112, 614.583984375, 2007670, 1, 86
2021.93016047, 55.3290559785662, 130.395531648773, 614.674926757812, 2007670, 1, 86
2021.93016079, 54.6844280733388, 130.283916029203, 406.960205078125, 2007670, 1, 95
2021.93016079, 54.68337636456, 130.283748321641, 406.867950439453, 2007670, 1, 86
2021.93016079, 54.6817383767202, 130.283479180629, 406.451263427734, 2007670, 1, 91
2021.93016144, 53.3760656200474, 130.064102020735, 288.716949462891, 1324376, 1, 89
2021.93016144, 53.3759834638921, 130.064088518674, 288.466461181641, 1324376, 1, 90
2021.93016144, 53.3759013248914, 130.064074929873, 288.298645019531, 1324376, 1, 90
2021.93016144, 53.3758192087433, 130.064061361966, 288.269409179688, 1324376, 1, 90
2021.93016144, 53.3757434258353, 130.064048907604, 288.275939941406, 1324376, 1, 51
2021.93016144, 53.3756676186758, 130.064036323531, 288.318115234375, 1324376, 1, 51
2021.93016144, 53.3755855006252, 130.064022807884, 288.231719970703, 1324376, 1, 51
2021.93016144, 53.3755096748811, 130.064010332716, 288.176422119141, 1324376, 1, 51
2021.93016147, 53.3094729853408, 130.053375561456, 279.111022949219, 2009603, 1, 82
2021.93016147, 53.3094086337311, 130.053364907085, 279.142578125, 2009603, 1, 82
2021.93016147, 53.3093378991752, 130.053353263482, 279.130249023438, 2009603, 1, 82
2021.93016147, 53.309280057821, 130.05334370254, 279.118377685547, 2009603, 1, 82
2021.93016147, 53.3092158597219, 130.05333323717, 279.110565185547, 2009603, 1, 87
2021.93016147, 53.3091581163135, 130.053323779253, 279.10986328125, 2009603, 1, 87
2021.93016147, 53.3090940238105, 130.053313361007, 279.159088134766, 2009603, 1, 87
2021.93016147, 53.3090299959919, 130.05330297861, 279.148620605469, 2009603, 1, 87
2021.93016147, 53.3089724196729, 130.053293636804, 279.142303466797, 2009603, 1, 84
2021.93016147, 53.3089081444925, 130.053283273982, 279.147338867188, 2009603, 1, 84
2021.93016147, 53.3088382576642, 130.053272182596, 279.214813232422, 2009603, 1, 84
2021.93016147, 53.3087747919479, 130.053262145857, 279.243804931641, 2009603, 1, 84
2021.93016147, 53.3087177192918, 130.053253126544, 279.352691650391, 2009603, 1, 74
2021.93016147, 53.3086606968876, 130.053244176067, 279.363067626953, 2009603, 1, 74
2021.93016147, 53.3086100454919, 130.053236255927, 279.488372802734, 2009603, 1, 74
2021.93016147, 53.3085467760733, 130.053226440221, 279.609344482422, 2009603, 1, 74
2021.93016147, 53.3074711879793, 130.053063249669, 280.684387207031, 2009603, 1, 77
2021.93016147, 53.3074010682301, 130.053052690085, 280.484222412109, 2009603, 1, 77
2021.93016147, 53.3073309332704, 130.053042220522, 280.497009277344, 2009603, 1, 77
2021.93016147, 53.307184172968, 130.053020116097, 280.665771484375, 2009603, 1, 77
2021.93016148, 53.3064247460329, 130.052902003715, 279.157379150391, 2009603, 1, 87
2021.93016148, 53.3063672428507, 130.052892983327, 279.063537597656, 2009603, 1, 87
2021.93016148, 53.3063037375546, 130.052882691236, 279.048248291016, 2009603, 1, 87
2021.93016148, 53.3062339087659, 130.05287124499, 278.865936279297, 2009603, 1, 88
2021.93016148, 53.3061704605083, 130.052860797745, 278.807403564453, 2009603, 1, 88
2021.93016148, 53.3061070283011, 130.052850236982, 278.696990966797, 2009603, 1, 88
2021.93016148, 53.3060436592561, 130.052839848095, 278.615753173828, 2009603, 1, 88
2021.93016151, 53.2289995439092, 130.04020898238, 270.39697265625, 2009603, 1, 89
2021.93016151, 53.228942932823, 130.040199733978, 270.357421875, 2009603, 1, 89
2021.93016151, 53.228879965806, 130.040189585543, 270.410461425781, 2009603, 1, 89
2021.93016151, 53.2288171432575, 130.040179367182, 270.373291015625, 2009603, 1, 89
2021.93016151, 53.2287536233826, 130.040169206632, 270.293304443359, 2009603, 1, 89
2021.93016151, 53.2286963765786, 130.040160032771, 270.232208251953, 2009603, 1, 91
2021.93016151, 53.2286327021328, 130.040149879912, 270.202209472656, 2009603, 1, 91
2021.93016151, 53.2285625832944, 130.040138757291, 270.190948486328, 2009603, 1, 91
2021.93016151, 53.2284987585204, 130.040128564093, 270.173645019531, 2009603, 1, 90
2021.93016151, 53.2284348818397, 130.04011839969, 270.150512695312, 2009603, 1, 90
2021.93016151, 53.2283709603269, 130.040108239571, 270.155578613281, 2009603, 1, 90
2021.93016151, 53.2283197783079, 130.040100012431, 270.153350830078, 2009603, 1, 90
2021.93016151, 53.2282621910555, 130.040090861475, 270.1669921875, 2009603, 1, 90
2021.93016151, 53.2281917719302, 130.040079618766, 270.177612304688, 2009603, 1, 58
2021.93016151, 53.2281277234947, 130.040069308478, 270.123626708984, 2009603, 1, 58
2021.93016151, 53.2280636778611, 130.040059062077, 270.092407226562, 2009603, 1, 58
2021.93016152, 53.2176529222044, 130.038352674935, 269.434936523438, 2009603, 1, 55
2021.93016152, 53.217494212061, 130.03832711556, 268.487213134766, 2009603, 1, 55
2021.93016152, 53.2174307838987, 130.038316696595, 268.421325683594, 2009603, 1, 55
2021.93016152, 53.2172345423835, 130.038284031413, 268.613128662109, 2009603, 1, 90
2021.93016152, 53.2171081878858, 130.038262399237, 268.406188964844, 2009603, 1, 90
2021.93016152, 53.2170450474474, 130.038251457882, 268.375152587891, 2009603, 1, 90
2021.93016152, 53.216981933396, 130.03824045955, 268.341094970703, 2009603, 1, 89
2021.93016152, 53.2169314509316, 130.038231581148, 268.377593994141, 2009603, 1, 89
2021.93016152, 53.2168683801882, 130.038220514362, 268.372436523438, 2009603, 1, 89
2021.93016152, 53.2168116142129, 130.038210429183, 268.380981445312, 2009603, 1, 89
2021.93016152, 53.2109469215099, 130.037228380745, 267.994750976562, 2009603, 1, 87
2021.93016152, 53.210876978676, 130.037218461372, 267.990478515625, 2009603, 1, 87
2021.93016152, 53.2108197687184, 130.037210444902, 267.968963623047, 2009603, 1, 87
2021.93016152, 53.2107625571039, 130.037202412727, 267.957092285156, 2009603, 1, 87
2021.93016152, 53.2106926618151, 130.037192728549, 267.945343017578, 2009603, 1, 89
2021.93016152, 53.2106291287296, 130.037183935697, 267.91943359375, 2009603, 1, 89
2021.93016152, 53.2105656068949, 130.037175133754, 267.928588867188, 2009603, 1, 89
2021.93016152, 53.2105084453979, 130.037167172746, 268.002258300781, 2009603, 1, 89
2021.93016152, 53.2104449434477, 130.03715831074, 267.988220214844, 2009603, 1, 89
2021.93016152, 53.2103751086738, 130.0371485189, 267.970825195312, 2009603, 1, 89
2021.93016152, 53.2103052959532, 130.037138685176, 268.080230712891, 2009603, 1, 89
2021.93016152, 53.2102291450443, 130.037127796584, 268.229461669922, 2009603, 1, 75
2021.93016152, 53.2101656861291, 130.037118536622, 268.281677246094, 2009603, 1, 75
2021.93016152, 53.2101086007981, 130.037110209729, 268.264007568359, 2009603, 1, 75
2021.93016152, 53.2100578468008, 130.037102597213, 268.209991455078, 2009603, 1, 75
2021.93016155, 53.1575482628135, 130.028490641147, 262.638580322266, 2009603, 1, 75
2021.93016155, 53.1574978386433, 130.028482304428, 262.521453857422, 2009603, 1, 71
2021.93016155, 53.1574411604941, 130.028473294461, 262.536224365234, 2009603, 1, 71
2021.93016155, 53.1573844524691, 130.028464181036, 261.828796386719, 2009603, 1, 71
2021.93016155, 53.1573277201627, 130.028455015889, 261.845489501953, 2009603, 1, 71
2021.93016155, 53.1572709648136, 130.02844585752, 261.838073730469, 2009603, 1, 71
2021.93016155, 53.1572267982747, 130.028438693275, 261.849090576172, 2009603, 1, 55
2021.93016155, 53.1571636894524, 130.028428548326, 261.865112304688, 2009603, 1, 55
2021.93016155, 53.1571068451873, 130.028419325787, 261.920104980469, 2009603, 1, 55
2021.93016155, 53.1570373395222, 130.028408169, 261.930694580078, 2009603, 1, 55
2021.93016155, 53.1559856355237, 130.028238753055, 263.358917236328, 2009603, 1, 61
2021.93016155, 53.1559213594395, 130.028228439477, 263.421783447266, 2009603, 1, 61
2021.93016155, 53.1558506073104, 130.028216952961, 263.541778564453, 2009603, 1, 61
2021.93016155, 53.1557219218125, 130.028196132188, 263.890686035156, 2009603, 1, 68
2021.93016155, 53.1555996692232, 130.028176482193, 263.830596923828, 2009603, 1, 68
2021.93016155, 53.1554773983371, 130.028156615541, 263.636657714844, 2009603, 1, 72
2021.93016155, 53.1553551614481, 130.028136583928, 263.490936279297, 2009603, 1, 72
2021.93016155, 53.1551687992045, 130.028106087345, 262.853118896484, 2009603, 1, 72
2021.93016155, 53.1551110469978, 130.028096815253, 262.580963134766, 2009603, 1, 72
2021.93016155, 53.1550533132144, 130.028087290165, 262.441436767578, 2009603, 1, 72
2021.93016155, 53.1550020319052, 130.028078844821, 262.353912353516, 2009603, 1, 72
2021.93016155, 53.154937958425, 130.028068167535, 262.209838867188, 2009603, 1, 66
2021.93016155, 53.1548739727478, 130.028057698085, 262.279052734375, 2009603, 1, 66
2021.93016155, 53.1548164068808, 130.02804810423, 261.909423828125, 2009603, 1, 66
2021.93016155, 53.1547525184856, 130.028037527797, 261.925598144531, 2009603, 1, 66
2021.93016048, 55.3306332166751, 130.394190495995, 615.680480957031, 2007670, 2, 75
2021.93016048, 55.3213736153608, 130.392476501365, 611.256469726562, 2007670, 2, 80
2021.93016048, 55.3211179298393, 130.392429003668, 610.973205566406, 2007670, 2, 90
2021.93016048, 55.3209068943891, 130.39239012677, 610.990966796875, 2007670, 2, 76
2021.93016138, 53.519503497531, 130.08660287873, 324.867828369141, 2009603, 2, 57
2021.93016145, 53.375973763477, 130.062721764013, 288.080688476562, 1324376, 2, 91
2021.93016148, 53.3098466083853, 130.052170867946, 279.053924560547, 2009603, 2, 89
2021.93016148, 53.3095843322967, 130.052128187098, 279.039428710938, 2009603, 2, 81
2021.93016149, 53.3055967002093, 130.051472037605, 278.670776367188, 2009603, 2, 87
2021.93016152, 53.2299897173985, 130.038977219955, 270.425689697266, 2009603, 2, 68
2021.93016152, 53.229697098828, 130.038931597825, 270.371673583984, 2009603, 2, 64
2021.93016152, 53.2294428949723, 130.038891005811, 270.204162597656, 2009603, 2, 88
2021.93016152, 53.229207950423, 130.038852557076, 270.165161132812, 2009603, 2, 89
2021.93016152, 53.2289605556597, 130.038810729077, 270.15185546875, 2009603, 2, 82
2021.93016153, 53.2170429369568, 130.036839248096, 268.329437255859, 2009603, 2, 84
2021.93016153, 53.2167646999056, 130.03679225036, 268.157653808594, 2009603, 2, 90
2021.93016153, 53.2162957957754, 130.036712781898, 268.325592041016, 2009603, 2, 81
2021.93016153, 53.2115783664459, 130.035956903893, 268.035552978516, 2009603, 2, 76
2021.93016153, 53.2113421822111, 130.035919759827, 267.968017578125, 2009603, 2, 81
2021.93016153, 53.2111010203215, 130.035879652416, 267.974151611328, 2009603, 2, 64
2021.93016035, 55.5647311293829, 130.385007418002, 849.44970703125, 2007670, 3, 58
2021.93016035, 55.5646548790157, 130.384993588819, 849.303955078125, 2007670, 3, 58
2021.93016046, 55.3484950767032, 130.347784107443, 633.189636230469, 2007670, 3, 76
2021.93016046, 55.3484251751069, 130.347771926038, 633.167602539062, 2007670, 3, 76
2021.93016046, 55.3483552130834, 130.347759738413, 633.036926269531, 2007670, 3, 76
2021.9301608, 54.6517550078564, 130.228196712176, 399.005187988281, 2007670, 3, 79
2021.9301608, 54.6513230316724, 130.228119811124, 398.874206542969, 2007670, 3, 88
2021.93016081, 54.6509039959539, 130.22804857022, 398.886962890625, 2007670, 3, 88
2021.93016081, 54.650542368101, 130.227989135743, 398.878173828125, 2007670, 3, 86
2021.93016081, 54.6502001962122, 130.227933474602, 398.825103759766, 2007670, 3, 83
2021.93016047, 55.3489937604031, 130.346427928315, 633.52880859375, 2007670, 4, 85
2021.93016047, 55.3487593074651, 130.346385101135, 633.158508300781, 2007670, 4, 85
2021.93016082, 54.6504618225233, 130.226516363003, 398.790405273438, 2007670, 4, 88
2021.93016082, 54.6492367190079, 130.226302507544, 399.102264404297, 2007670, 4, 76
2021.93016037, 55.522472422163, 130.32601825209, 785.967529296875, 2007670, 5, 51
2021.93016037, 55.5224089691412, 130.326007578453, 786.011352539062, 2007670, 5, 51
2021.93016037, 55.5223455252442, 130.325996501117, 785.989196777344, 2007670, 5, 51
2021.93016037, 55.5222884437224, 130.325986543583, 785.9912109375, 2007670, 5, 51
2021.93016037, 55.5222313893739, 130.325976843448, 786.095947265625, 2007670, 5, 83
2021.93016037, 55.5221806775235, 130.325967898613, 786.089965820312, 2007670, 5, 83
2021.93016037, 55.5221236594162, 130.325958170263, 786.044128417969, 2007670, 5, 83
2021.93016037, 55.5220666520624, 130.325948300494, 786.045837402344, 2007670, 5, 83
2021.93016037, 55.5220159856403, 130.325939341744, 786.015563964844, 2007670, 5, 83
2021.93016037, 55.5219653369367, 130.325930499464, 785.896667480469, 2007670, 5, 67
2021.93016037, 55.521908384786, 130.325920826712, 785.841918945312, 2007670, 5, 67
2021.93016037, 55.5218449961828, 130.325909732479, 785.652526855469, 2007670, 5, 67
2021.93016037, 55.5217881935598, 130.32589981255, 785.66748046875, 2007670, 5, 67
2021.93016037, 55.5212327179903, 130.325802382077, 785.082214355469, 2007670, 5, 60
2021.93016044, 55.3864730347408, 130.303164264667, 661.472229003906, 2007670, 5, 68
2021.93016044, 55.3864157820318, 130.303155015007, 661.478454589844, 2007670, 5, 68
2021.93016044, 55.3863648862491, 130.303146586885, 661.495178222656, 2007670, 5, 68
2021.93016044, 55.3863076385028, 130.303137221166, 661.513610839844, 2007670, 5, 68
2021.93016038, 55.5201840709174, 130.324403902112, 782.21875, 2007670, 6, 66
2021.93016043, 55.4317640072874, 130.30955256283, 693.355895996094, 2007670, 6, 62
2021.93016043, 55.4314972358769, 130.309507627714, 693.017211914062, 2007670, 6, 70
2021.93016043, 55.4312622228823, 130.309468208741, 692.89794921875, 2007670, 6, 70
2021.93016045, 55.3868881711667, 130.30186426988, 661.421508789062, 2007670, 6, 82
