2021.51321185, 53.4895844424123, 120.815112397648, 331.579284667969, 2009603, 1, 60
2021.51321185, 53.4897542678341, 120.815084268416, 331.599945068359, 2009603, 1, 86
2021.51321185, 53.4899177980435, 120.815057191292, 331.592346191406, 2009603, 1, 86
2021.51321185, 53.4900625435813, 120.815033253664, 331.547302246094, 2009603, 1, 91
2021.51321185, 53.4901948415002, 120.815011358804, 331.626098632812, 2009603, 1, 91
2021.51321185, 53.4903273171508, 120.814989495309, 331.581787109375, 2009603, 1, 94
2021.51321185, 53.4904536864188, 120.814968647995, 331.593139648438, 2009603, 1, 94
2021.51321185, 53.4905736563448, 120.814948776128, 331.574768066406, 2009603, 1, 94
2021.51321185, 53.4907135815067, 120.814925804808, 331.595855712891, 2009603, 1, 94
2021.51321185, 53.4908792735321, 120.814898678332, 331.586334228516, 2009603, 1, 96
2021.51321185, 53.4910324898385, 120.81487355103, 331.601593017578, 2009603, 1, 94
2021.51321186, 53.4911922910996, 120.814847324966, 331.600616455078, 2009603, 1, 94
2021.51321186, 53.4913714138721, 120.814817865207, 331.603302001953, 2009603, 1, 93
2021.51321186, 53.4915505834797, 120.814788355931, 331.607513427734, 2009603, 1, 66
2021.51321186, 53.4916913263562, 120.814765114309, 331.644470214844, 2009603, 1, 66
2021.51321201, 53.8008321749923, 120.763467361557, 466.004150390625, 2009603, 1, 86
2021.51321201, 53.8009584372514, 120.763446677235, 465.988983154297, 2009603, 1, 86
2021.51321201, 53.8100718872311, 120.76192994432, 462.944610595703, 2009603, 1, 66
2021.51321201, 53.8105796708953, 120.76184536412, 462.875030517578, 2009603, 1, 52
2021.51321202, 53.8312657690846, 120.758387877576, 452.157501220703, 2009603, 1, 58
2021.51321202, 53.8314055879546, 120.75836463061, 452.171661376953, 2009603, 1, 58
2021.51321202, 53.8315390567971, 120.758342633515, 452.151580810547, 2009603, 1, 51
2021.51321202, 53.8316661685455, 120.758321813351, 452.125640869141, 2009603, 1, 51
2021.51321176, 53.2747795045752, 120.85186269381, 325.354248046875, 2009603, 2, 90
2021.51321176, 53.2751221888928, 120.851803396183, 325.3623046875, 2009603, 2, 93
2021.51321176, 53.2755661916963, 120.851726870571, 325.36669921875, 2009603, 2, 94
2021.51321176, 53.2758962791081, 120.851671812722, 325.351623535156, 2009603, 2, 93
2021.51321176, 53.2762713707499, 120.851611591166, 325.360778808594, 2009603, 2, 93
2021.51321176, 53.2765642268338, 120.85156441194, 325.359710693359, 2009603, 2, 91
2021.51321187, 53.4898018301194, 120.8164370515, 331.560852050781, 2009603, 2, 79
2021.51321187, 53.4898396566216, 120.816431235964, 331.531585693359, 2009603, 2, 79
2021.51321187, 53.4898837748964, 120.816424327324, 331.555603027344, 2009603, 2, 79
2021.51321187, 53.4899279359997, 120.816417479701, 331.536407470703, 2009603, 2, 79
2021.51321187, 53.4899657943286, 120.816411562359, 331.521728515625, 2009603, 2, 79
2021.51321187, 53.4900036625475, 120.816405604607, 331.548980712891, 2009603, 2, 89
2021.51321187, 53.4900415550816, 120.816399660599, 331.550750732422, 2009603, 2, 89
2021.51321187, 53.4900794612665, 120.816393677558, 331.523162841797, 2009603, 2, 89
2021.51321187, 53.490117382536, 120.816387667303, 331.550231933594, 2009603, 2, 89
2021.51321187, 53.4901553204285, 120.816381625084, 331.526062011719, 2009603, 2, 89
2021.51321187, 53.4901932794158, 120.816375566438, 331.541595458984, 2009603, 2, 89
2021.51321187, 53.4902375774571, 120.816368436599, 331.511535644531, 2009603, 2, 89
2021.51321187, 53.4902692487808, 120.816363360593, 331.539154052734, 2009603, 2, 94
2021.51321187, 53.4903072661641, 120.816357223439, 331.565673828125, 2009603, 2, 94
2021.51321187, 53.4903452910147, 120.816351016866, 331.519134521484, 2009603, 2, 94
2021.51321187, 53.4903770086624, 120.81634587646, 331.53759765625, 2009603, 2, 94
2021.51321187, 53.4904150825881, 120.816339658473, 331.542633056641, 2009603, 2, 94
2021.51321187, 53.4904528341462, 120.816333782928, 331.544891357422, 2009603, 2, 94
2021.51321187, 53.4904910796483, 120.816327366276, 331.547882080078, 2009603, 2, 94
2021.51321187, 53.49053571156, 120.816319802403, 331.560791015625, 2009603, 2, 94
2021.51321187, 53.4905740025278, 120.816313343984, 331.5693359375, 2009603, 2, 94
2021.51321187, 53.4906186841663, 120.816305730665, 331.547882080078, 2009603, 2, 94
2021.51321187, 53.4906697738608, 120.816296997435, 331.565826416016, 2009603, 2, 94
2021.51321187, 53.4907081210545, 120.816290459832, 331.532043457031, 2009603, 2, 94
2021.51321187, 53.4907528538456, 120.816282735944, 331.533233642578, 2009603, 2, 94
2021.51321187, 53.4907912151943, 120.81627611897, 331.524871826172, 2009603, 2, 94
2021.51321187, 53.4908359875332, 120.816268396979, 331.564849853516, 2009603, 2, 94
2021.51321187, 53.4908807706764, 120.816260665516, 331.553863525391, 2009603, 2, 94
2021.51321187, 53.4909255562939, 120.816252886915, 331.533050537109, 2009603, 2, 94
2021.51321187, 53.4909575574378, 120.816247350086, 331.543334960938, 2009603, 2, 95
2021.51321187, 53.4910023466273, 120.816239529783, 331.567657470703, 2009603, 2, 93
2021.51321187, 53.4910471622483, 120.816231783982, 331.562805175781, 2009603, 2, 93
2021.51321187, 53.4911047458182, 120.816221696439, 331.552734375, 2009603, 2, 93
2021.51321187, 53.4911559507226, 120.816212799751, 331.537109375, 2009603, 2, 93
2021.51321187, 53.4912007524734, 120.816205021811, 331.569488525391, 2009603, 2, 93
2021.51321187, 53.4912455392507, 120.816197220569, 331.537384033203, 2009603, 2, 93
2021.51321187, 53.4912839254124, 120.816190553804, 331.556762695312, 2009603, 2, 92
2021.51321187, 53.4913222979153, 120.816183883411, 331.554901123047, 2009603, 2, 92
2021.51321187, 53.4913670452314, 120.816176068862, 331.553161621094, 2009603, 2, 92
2021.51321187, 53.4914054015115, 120.816169426011, 331.551940917969, 2009603, 2, 92
2021.51321187, 53.491443747926, 120.816162795647, 331.543609619141, 2009603, 2, 92
2021.51321187, 53.4914756999006, 120.816157299833, 331.545166015625, 2009603, 2, 92
2021.51321187, 53.4915140104598, 120.816150654409, 331.535583496094, 2009603, 2, 57
2021.51321187, 53.4915459291114, 120.816145144785, 331.52294921875, 2009603, 2, 57
2021.51321187, 53.4915714686165, 120.816140779496, 331.519897460938, 2009603, 2, 57
2021.51321187, 53.4916033761272, 120.816135308827, 331.532501220703, 2009603, 2, 57
2021.51321187, 53.4916352719699, 120.816129848157, 331.539520263672, 2009603, 2, 57
2021.51321187, 53.4916671432639, 120.816124359451, 331.511657714844, 2009603, 2, 57
2021.51321187, 53.4916990212967, 120.816118942927, 331.534545898438, 2009603, 2, 57
2021.51321202, 53.8010299793621, 120.764805287079, 465.946868896484, 2009603, 2, 75
2021.51321202, 53.8010615120052, 120.764800055707, 465.925262451172, 2009603, 2, 75
2021.51321202, 53.8010930379379, 120.764794803936, 465.920196533203, 2009603, 2, 75
2021.51321202, 53.8011182723646, 120.7647906524, 465.942474365234, 2009603, 2, 75
2021.51321202, 53.8011435003868, 120.764786474303, 465.934722900391, 2009603, 2, 75
2021.51321202, 53.8011750331335, 120.764781239792, 465.950073242188, 2009603, 2, 75
2021.51321202, 53.8012002662231, 120.764777074191, 465.946075439453, 2009603, 2, 75
2021.51321202, 53.8012255014996, 120.76477291373, 465.923736572266, 2009603, 2, 75
2021.51321202, 53.8012507345528, 120.764768732389, 465.941070556641, 2009603, 2, 67
2021.51321202, 53.8012822777786, 120.764763500823, 465.939361572266, 2009603, 2, 67
2021.51321202, 53.8013075254223, 120.764759349069, 465.923126220703, 2009603, 2, 67
2021.51321202, 53.8013327683773, 120.764755174333, 465.948699951172, 2009603, 2, 67
2021.51321202, 53.8013643234868, 120.764749939826, 465.926116943359, 2009603, 2, 67
2021.51321202, 53.801389578189, 120.764745773692, 465.942169189453, 2009603, 2, 67
2021.51321202, 53.8014148416841, 120.764741623207, 465.924743652344, 2009603, 2, 67
2021.51321202, 53.801440098619, 120.764737445696, 465.921508789062, 2009603, 2, 67
2021.51321202, 53.8014716789394, 120.764732219747, 465.944641113281, 2009603, 2, 67
2021.51321202, 53.8014969501373, 120.764728043342, 465.936370849609, 2009603, 2, 67
2021.51321202, 53.8015222275844, 120.764723869909, 465.94482421875, 2009603, 2, 67
2021.51321202, 53.8015475161491, 120.764719715513, 465.948150634766, 2009603, 2, 67
2021.51321202, 53.801572803172, 120.764715539876, 465.941955566406, 2009603, 2, 67
2021.51321202, 53.8015980999288, 120.764711373574, 465.953369140625, 2009603, 2, 67
2021.51321202, 53.8016297214023, 120.764706138197, 465.952972412109, 2009603, 2, 67
2021.51321202, 53.8016550303847, 120.764701975424, 465.933166503906, 2009603, 2, 67
2021.51321202, 53.8016866707254, 120.764696738576, 465.936889648438, 2009603, 2, 67
2021.51321202, 53.801711995397, 120.764692571497, 465.930023193359, 2009603, 2, 67
2021.51321202, 53.8017373276851, 120.764688403496, 465.939361572266, 2009603, 2, 67
2021.51321202, 53.8090784722208, 120.763468645415, 463.807678222656, 2009603, 2, 62
2021.51321202, 53.8092130773265, 120.763446231936, 463.755187988281, 2009603, 2, 62
2021.51321202, 53.8094244457969, 120.763410911724, 463.627868652344, 2009603, 2, 80
2021.51321204, 53.8315180491609, 120.75971576472, 452.116668701172, 2009603, 2, 83
2021.51321204, 53.8315497650725, 120.759710907755, 452.099487304688, 2009603, 2, 83
2021.51321204, 53.8315751436586, 120.759707055038, 452.109100341797, 2009603, 2, 83
2021.51321204, 53.8316005263354, 120.759703219424, 452.116363525391, 2009603, 2, 83
2021.51321204, 53.8316322411712, 120.759698383552, 452.107482910156, 2009603, 2, 83
2021.51321204, 53.8316639591358, 120.759693565024, 452.100219726562, 2009603, 2, 83
2021.51321204, 53.8316893403071, 120.759689736522, 452.092895507812, 2009603, 2, 83
2021.51321204, 53.8317210439331, 120.759684879794, 452.103424072266, 2009603, 2, 83
2021.51321204, 53.8317464217309, 120.759681039195, 452.103485107422, 2009603, 2, 83
2021.51321175, 53.2841026894345, 120.89756219434, 323.645599365234, 2009603, 3, 72
2021.51321175, 53.2842170863191, 120.897543390572, 323.632446289062, 2009603, 3, 72
2021.51321175, 53.284331473071, 120.897524576419, 323.628509521484, 2009603, 3, 53
2021.51321175, 53.2844458413069, 120.897505761778, 323.626892089844, 2009603, 3, 53
2021.51321175, 53.2845601982799, 120.897486946007, 323.627105712891, 2009603, 3, 55
2021.51321175, 53.2846745372936, 120.897468139143, 323.610961914062, 2009603, 3, 55
2021.51321175, 53.2847951956744, 120.897448277551, 323.6064453125, 2009603, 3, 86
2021.51321175, 53.2849095280813, 120.897429536611, 323.613708496094, 2009603, 3, 86
2021.51321175, 53.2850238449055, 120.897410812658, 323.615173339844, 2009603, 3, 90
2021.51321175, 53.2851381441035, 120.897392101884, 323.613067626953, 2009603, 3, 90
2021.51321175, 53.2852524357158, 120.897373400602, 323.606323242188, 2009603, 3, 93
2021.51321175, 53.2853730544227, 120.897353677827, 323.600067138672, 2009603, 3, 93
2021.51321175, 53.285500004483, 120.897332932005, 323.599212646484, 2009603, 3, 93
2021.51321175, 53.2856205993789, 120.897313234059, 323.595764160156, 2009603, 3, 93
2021.51321175, 53.2857475265541, 120.897292515123, 323.585968017578, 2009603, 3, 93
2021.51321175, 53.2858681101742, 120.897272838812, 323.590789794922, 2009603, 3, 94
2021.51321175, 53.285995038066, 120.897252137623, 323.585693359375, 2009603, 3, 94
2021.51321175, 53.2861346663589, 120.897229376546, 323.594085693359, 2009603, 3, 93
2021.51321175, 53.2862551612645, 120.89720967559, 323.58447265625, 2009603, 3, 91
2021.51321175, 53.2863693431974, 120.897191026402, 323.595275878906, 2009603, 3, 91
2021.51321175, 53.2864962586191, 120.89717032903, 323.611083984375, 2009603, 3, 91
2021.51321175, 53.2866359426543, 120.897147587324, 323.603210449219, 2009603, 3, 91
2021.51321175, 53.2868647216508, 120.897110448916, 323.614807128906, 2009603, 3, 70
2021.51321186, 53.5029932670444, 120.861744586064, 330.906677246094, 2009603, 3, 70
2021.51321186, 53.5030377068246, 120.861737220181, 330.901336669922, 2009603, 3, 93
2021.51321186, 53.5030821464255, 120.861729852803, 330.891265869141, 2009603, 3, 93
2021.51321186, 53.5031329274511, 120.861721432906, 330.882751464844, 2009603, 3, 93
2021.51321186, 53.5031900499172, 120.861711959114, 330.857757568359, 2009603, 3, 93
2021.51321186, 53.5032408157382, 120.861703538497, 330.902770996094, 2009603, 3, 93
2021.51321186, 53.5032915792393, 120.861695116472, 330.883880615234, 2009603, 3, 93
2021.51321186, 53.5033423374674, 120.861686693288, 330.823425292969, 2009603, 3, 93
2021.51321186, 53.5033804906221, 120.861680459161, 330.827575683594, 2009603, 3, 93
2021.51321186, 53.5034311776903, 120.861671969776, 330.817840576172, 2009603, 3, 93
2021.51321186, 53.5034881957577, 120.861662420543, 330.795562744141, 2009603, 3, 93
2021.51321186, 53.503538877782, 120.861653933759, 330.793365478516, 2009603, 3, 92
2021.51321186, 53.5035958968948, 120.861644388444, 330.788055419922, 2009603, 3, 92
2021.51321186, 53.5036529121877, 120.861634850521, 330.822357177734, 2009603, 3, 92
2021.51321186, 53.503709936204, 120.861625316218, 330.78662109375, 2009603, 3, 92
2021.51321186, 53.5037733018072, 120.861614731971, 330.785339355469, 2009603, 3, 93
2021.51321186, 53.5038366756471, 120.861604158543, 330.785614013672, 2009603, 3, 93
2021.51321186, 53.5038937190963, 120.861594654576, 330.867614746094, 2009603, 3, 93
2021.51321186, 53.503944432973, 120.861586216841, 330.885223388672, 2009603, 3, 93
2021.51321186, 53.503995160511, 120.861577785779, 330.876403808594, 2009603, 3, 93
2021.51321186, 53.5040522366455, 120.861568316593, 330.902862548828, 2009603, 3, 93
2021.51321186, 53.5040966384663, 120.861560960369, 330.897888183594, 2009603, 3, 93
2021.51321186, 53.5041410515142, 120.861553613081, 330.891204833984, 2009603, 3, 93
2021.51321186, 53.5041854752991, 120.861546273972, 330.89453125, 2009603, 3, 93
2021.51321186, 53.5042426055765, 120.861536852473, 330.879608154297, 2009603, 3, 93
2021.51321186, 53.5043124526903, 120.861525359095, 330.849822998047, 2009603, 3, 93
2021.51321186, 53.5043950347104, 120.861511808351, 330.850006103516, 2009603, 3, 93
2021.51321186, 53.5044649451292, 120.861500366916, 330.740417480469, 2009603, 3, 93
2021.51321186, 53.5045475953955, 120.8614868804, 330.738891601562, 2009603, 3, 90
2021.51321186, 53.5046237587819, 120.86147428594, 330.743041992188, 2009603, 3, 90
2021.51321186, 53.5046938844868, 120.861463051785, 330.74951171875, 2009603, 3, 90
2021.51321186, 53.5047640347313, 120.861451833433, 330.730316162109, 2009603, 3, 72
2021.51321186, 53.5048533450563, 120.861437575763, 330.724517822266, 2009603, 3, 72
2021.51321186, 53.5049362933044, 120.861424348119, 330.745697021484, 2009603, 3, 72
2021.51321186, 53.5050001096362, 120.861414174655, 330.757843017578, 2009603, 3, 56
2021.51321186, 53.5050575469332, 120.861405016555, 330.760070800781, 2009603, 3, 56
2021.51321186, 53.505121363852, 120.861394836392, 330.768310546875, 2009603, 3, 56
2021.51321186, 53.5051788180909, 120.861385647207, 331.32373046875, 2009603, 3, 56
2021.51321186, 53.505242604903, 120.861375463698, 331.264495849609, 2009603, 3, 56
2021.51321176, 53.2840051447623, 120.898945342548, 323.600738525391, 2009603, 4, 89
2021.51321176, 53.2840306830216, 120.898941067881, 323.600219726562, 2009603, 4, 89
2021.51321176, 53.2840626003716, 120.898935717913, 323.596282958984, 2009603, 4, 89
2021.51321176, 53.2840881406928, 120.898931435391, 323.606140136719, 2009603, 4, 89
2021.51321176, 53.2841136802602, 120.89892714826, 323.598083496094, 2009603, 4, 89
2021.51321176, 53.2841455968247, 120.898921783534, 323.598571777344, 2009603, 4, 89
2021.51321176, 53.284171137091, 120.898917490437, 323.590057373047, 2009603, 4, 89
2021.51321176, 53.2842030502072, 120.89891211693, 323.588317871094, 2009603, 4, 89
2021.51321176, 53.2842285888191, 120.898907818778, 323.587829589844, 2009603, 4, 89
2021.51321176, 53.2842604966833, 120.898902438488, 323.572723388672, 2009603, 4, 91
2021.51321176, 53.2842860295969, 120.89889813578, 323.567260742188, 2009603, 4, 91
2021.51321176, 53.284317936018, 120.898892752027, 323.590179443359, 2009603, 4, 91
2021.51321176, 53.2843434659942, 120.898888446409, 323.565734863281, 2009603, 4, 91
2021.51321176, 53.2843753662213, 120.898883059896, 323.578399658203, 2009603, 4, 91
2021.51321176, 53.2844008928398, 120.898878752959, 323.568328857422, 2009603, 4, 91
2021.51321176, 53.2844327880082, 120.898873366222, 323.565246582031, 2009603, 4, 91
2021.51321176, 53.284458310564, 120.898869060003, 323.572967529297, 2009603, 4, 91
2021.51321176, 53.2844902029879, 120.898863676403, 323.550567626953, 2009603, 4, 91
2021.51321176, 53.2845220839723, 120.898858292626, 323.55859375, 2009603, 4, 92
2021.51321176, 53.2845475975277, 120.898853990129, 323.531829833984, 2009603, 4, 92
2021.51321176, 53.2845794799647, 120.898848613236, 323.563232421875, 2009603, 4, 92
2021.51321176, 53.2846113493328, 120.898843236641, 323.562408447266, 2009603, 4, 92
2021.51321176, 53.2846367479427, 120.898839092166, 323.553405761719, 2009603, 4, 92
2021.51321176, 53.2846686435544, 120.898833675009, 323.566375732422, 2009603, 4, 92
2021.51321176, 53.2847005402376, 120.898828265302, 323.550170898438, 2009603, 4, 92
2021.51321176, 53.2847260557574, 120.898823942944, 323.541961669922, 2009603, 4, 92
2021.51321176, 53.2847579429426, 120.898818544159, 323.536926269531, 2009603, 4, 92
2021.51321176, 53.2847898220864, 120.898813152151, 323.5361328125, 2009603, 4, 92
2021.51321176, 53.2848216896557, 120.898807766685, 323.539489746094, 2009603, 4, 92
2021.51321176, 53.2848471874069, 120.898803467774, 323.530151367188, 2009603, 4, 92
2021.51321176, 53.2848790430107, 120.898798098972, 323.550903320312, 2009603, 4, 92
2021.51321176, 53.2849045332994, 120.89879381466, 323.552642822266, 2009603, 4, 92
2021.51321176, 53.2849363764466, 120.898788466331, 323.551727294922, 2009603, 4, 92
2021.51321176, 53.2849682089163, 120.898783127213, 323.538208007812, 2009603, 4, 92
2021.51321176, 53.2850000398478, 120.898777802194, 323.574432373047, 2009603, 4, 94
2021.51321176, 53.285031866142, 120.898772491006, 323.518798828125, 2009603, 4, 94
2021.51321176, 53.285070036088, 120.898766132419, 323.543640136719, 2009603, 4, 94
2021.51321176, 53.2851018440739, 120.898760851411, 323.56494140625, 2009603, 4, 94
2021.51321176, 53.2851399849806, 120.898754528994, 323.549987792969, 2009603, 4, 94
2021.51321176, 53.2851781205401, 120.898748229778, 323.561431884766, 2009603, 4, 93
2021.51321176, 53.2852162454131, 120.898741954254, 323.571563720703, 2009603, 4, 93
2021.51321176, 53.2852543515446, 120.898735699768, 323.507476806641, 2009603, 4, 94
2021.51321176, 53.2852924453469, 120.898729469811, 323.562347412109, 2009603, 4, 94
2021.51321176, 53.2853305334056, 120.898723266132, 323.54638671875, 2009603, 4, 94
2021.51321176, 53.2853749287095, 120.898716053808, 323.548522949219, 2009603, 4, 94
2021.51321176, 53.2854129818466, 120.898709902415, 323.536041259766, 2009603, 4, 94
2021.51321176, 53.2854573577833, 120.898702757143, 323.561920166016, 2009603, 4, 94
2021.51321176, 53.2855207090247, 120.898692606367, 323.550720214844, 2009603, 4, 95
2021.51321176, 53.2855776879809, 120.898683530881, 323.529815673828, 2009603, 4, 95
2021.51321176, 53.2856283117053, 120.898675510522, 323.522155761719, 2009603, 4, 95
2021.51321176, 53.2856789131559, 120.898667534983, 323.505157470703, 2009603, 4, 95
2021.51321176, 53.2857358132333, 120.898658613706, 323.517608642578, 2009603, 4, 95
2021.51321176, 53.2857989907969, 120.898648760439, 323.495880126953, 2009603, 4, 93
2021.51321176, 53.2858558296912, 120.898639946897, 323.507629394531, 2009603, 4, 93
2021.51321176, 53.2859065999923, 120.898631680857, 323.477905273438, 2009603, 4, 93
2021.51321176, 53.2859695210767, 120.898622287222, 323.488952636719, 2009603, 4, 93
2021.51321176, 53.2860261431838, 120.898613878133, 323.513946533203, 2009603, 4, 88
2021.51321176, 53.2860953232374, 120.898603635469, 323.503509521484, 2009603, 4, 88
2021.51321176, 53.2861581929723, 120.898594345519, 323.492797851562, 2009603, 4, 88
2021.51321176, 53.2862084992594, 120.898586926937, 323.501281738281, 2009603, 4, 88
2021.51321187, 53.5032514232647, 120.863086723842, 330.702117919922, 2009603, 4, 91
2021.51321187, 53.5032706100348, 120.863083451728, 330.694976806641, 2009603, 4, 91
2021.51321187, 53.5032898085997, 120.863080172915, 330.708251953125, 2009603, 4, 91
2021.51321187, 53.5033090133017, 120.863076887278, 330.706390380859, 2009603, 4, 91
2021.51321187, 53.5033282260296, 120.86307359237, 330.69677734375, 2009603, 4, 91
2021.51321187, 53.5033538506209, 120.863069187512, 330.700408935547, 2009603, 4, 91
2021.51321187, 53.5033666722689, 120.863066981427, 330.710357666016, 2009603, 4, 91
2021.51321187, 53.5033859050418, 120.863063664684, 330.727020263672, 2009603, 4, 91
2021.51321187, 53.5034051431036, 120.863060340527, 330.705718994141, 2009603, 4, 91
2021.51321187, 53.5034371991011, 120.863054778965, 329.825012207031, 2009603, 4, 91
2021.51321187, 53.5034500607722, 120.863052559671, 330.751495361328, 2009603, 4, 91
2021.51321187, 53.5034692948891, 120.863049205381, 329.825897216797, 2009603, 4, 91
2021.51321187, 53.503482163227, 120.863046979586, 330.743621826172, 2009603, 4, 91
2021.51321187, 53.5035014275877, 120.86304362193, 330.732696533203, 2009603, 4, 93
2021.51321187, 53.5035142774718, 120.863041382354, 330.735595703125, 2009603, 4, 93
2021.51321187, 53.5035335519612, 120.86303801583, 330.723297119141, 2009603, 4, 93
2021.51321187, 53.5035528308714, 120.863034642623, 330.71875, 2009603, 4, 93
2021.51321187, 53.5035721149743, 120.863031265096, 330.721557617188, 2009603, 4, 93
2021.51321187, 53.503584975988, 120.86302901096, 330.733154296875, 2009603, 4, 93
2021.51321187, 53.5036042655589, 120.86302562339, 330.732238769531, 2009603, 4, 93
2021.51321187, 53.5036171291409, 120.863023363567, 330.612579345703, 2009603, 4, 93
2021.51321187, 53.5036299943196, 120.86302110114, 330.621429443359, 2009603, 4, 93
2021.51321187, 53.5036492912379, 120.863017702473, 330.614868164062, 2009603, 4, 93
2021.51321187, 53.5036621597797, 120.863015435341, 330.623931884766, 2009603, 4, 93
2021.51321187, 53.5036814624439, 120.863012029085, 330.61669921875, 2009603, 4, 93
2021.51321187, 53.5036943344162, 120.863009756873, 330.608154296875, 2009603, 4, 93
2021.51321187, 53.5037136411627, 120.863006344703, 330.611022949219, 2009603, 4, 93
2021.51321187, 53.5037329472127, 120.863002928311, 330.590515136719, 2009603, 4, 93
2021.51321187, 53.5037522589247, 120.862999508559, 330.608551025391, 2009603, 4, 93
2021.51321187, 53.5037780055845, 120.862994942196, 330.5732421875, 2009603, 4, 93
2021.51321187, 53.5038037554442, 120.862990371095, 330.637939453125, 2009603, 4, 93
2021.51321187, 53.5038295093892, 120.862985794822, 330.638275146484, 2009603, 4, 93
2021.51321187, 53.503848825345, 120.862982360425, 330.639526367188, 2009603, 4, 93
2021.51321187, 53.5038681413618, 120.862978923191, 330.685516357422, 2009603, 4, 93
2021.51321187, 53.5038874542807, 120.862975482908, 330.644683837891, 2009603, 4, 93
2021.51321187, 53.5039067682755, 120.862972041165, 330.648651123047, 2009603, 4, 93
2021.51321187, 53.5039260810585, 120.862968597553, 330.678619384766, 2009603, 4, 93
2021.51321187, 53.5039453895167, 120.862965152808, 330.675689697266, 2009603, 4, 93
2021.51321187, 53.503964700479, 120.862961706531, 330.677154541016, 2009603, 4, 93
2021.51321187, 53.5039840082839, 120.862958258667, 330.647857666016, 2009603, 4, 93
2021.51321187, 53.5040033183966, 120.862954811186, 330.621887207031, 2009603, 4, 92
2021.51321187, 53.5040226233197, 120.862951362552, 330.633026123047, 2009603, 4, 92
2021.51321187, 53.5040419029595, 120.862947905883, 329.721252441406, 2009603, 4, 92
2021.51321187, 53.5040547945453, 120.862945613171, 330.63525390625, 2009603, 4, 92
2021.51321187, 53.5040740897389, 120.862942162851, 330.636901855469, 2009603, 4, 92
2021.51321187, 53.5040869557279, 120.862939863656, 330.633605957031, 2009603, 4, 92
2021.51321187, 53.5041062245584, 120.86293640655, 329.734497070312, 2009603, 4, 92
2021.51321187, 53.5041191106163, 120.862934115059, 330.629791259766, 2009603, 4, 92
2021.51321187, 53.5041383966606, 120.862930665899, 330.639343261719, 2009603, 4, 92
2021.51321187, 53.5041512528011, 120.862928367136, 330.639038085938, 2009603, 4, 92
2021.51321187, 53.5041641069808, 120.862926070107, 330.725952148438, 2009603, 4, 92
2021.51321187, 53.5041833843553, 120.862922623166, 330.727478027344, 2009603, 4, 92
2021.51321187, 53.5041962366987, 120.862920326848, 330.715789794922, 2009603, 4, 92
2021.51321187, 53.5042154838725, 120.86291687495, 329.815093994141, 2009603, 4, 92
2021.51321187, 53.5042411987444, 120.862912293195, 330.744018554688, 2009603, 4, 92
2021.51321187, 53.5042604576946, 120.862908852275, 330.723907470703, 2009603, 4, 92
2021.51321187, 53.5042732982903, 120.862906560688, 330.728790283203, 2009603, 4, 92
2021.51321187, 53.5042861341692, 120.862904269756, 330.738189697266, 2009603, 4, 92
2021.51321187, 53.504305381224, 120.862900833808, 330.737060546875, 2009603, 4, 92
2021.51321187, 53.5043182146771, 120.862898546088, 330.724945068359, 2009603, 4, 92
2021.51321187, 53.5043374533955, 120.862895114521, 330.71484375, 2009603, 4, 92
2021.51321187, 53.5043566881846, 120.862891686202, 330.722839355469, 2009603, 4, 92
2021.51321187, 53.5043759163153, 120.862888261465, 330.731811523438, 2009603, 4, 92
2021.51321187, 53.5043887346409, 120.862885980735, 330.725860595703, 2009603, 4, 92
2021.51321187, 53.5044079545172, 120.862882560345, 330.733428955078, 2009603, 4, 92
2021.51321187, 53.5044207653582, 120.862880283021, 330.72607421875, 2009603, 4, 92
2021.51321187, 53.5044399734806, 120.862876868322, 330.740203857422, 2009603, 4, 92
2021.51321187, 53.5044527794352, 120.862874595114, 330.733581542969, 2009603, 4, 92
2021.51321187, 53.5044719775336, 120.862871186716, 330.738189697266, 2009603, 4, 92
2021.51321187, 53.5044847760892, 120.862868917659, 330.743591308594, 2009603, 4, 92
2021.51321187, 53.5044980765282, 120.862866510471, 330.730773925781, 2009603, 4, 92
2021.51321187, 53.5045171561034, 120.862863140833, 330.719390869141, 2009603, 4, 92
2021.51321187, 53.5045362285125, 120.862859774316, 330.711059570312, 2009603, 4, 92
2021.51321187, 53.5045552960326, 120.862856413557, 330.722534179688, 2009603, 4, 92
2021.51321187, 53.5045680066081, 120.86285417594, 330.732757568359, 2009603, 4, 92
2021.51321187, 53.5045870591941, 120.86285082165, 330.723785400391, 2009603, 4, 92
2021.51321187, 53.5045997635087, 120.86284858922, 330.724487304688, 2009603, 4, 92
2021.51321187, 53.5046188092158, 120.862845243072, 330.720489501953, 2009603, 4, 92
2021.51321187, 53.5046378523801, 120.862841901691, 330.707305908203, 2009603, 4, 92
2021.51321187, 53.5046568875708, 120.862838565249, 330.713531494141, 2009603, 4, 92
2021.51321187, 53.504675916211, 120.862835232822, 330.728271484375, 2009603, 4, 92
2021.51321187, 53.5046949177042, 120.862831898483, 329.826904296875, 2009603, 4, 92
2021.51321187, 53.5047203011374, 120.86282747776, 330.732513427734, 2009603, 4, 92
2021.51321187, 53.5047393135438, 120.862824162484, 330.725402832031, 2009603, 4, 92
2021.51321187, 53.5047583220561, 120.862820851594, 330.704071044922, 2009603, 4, 89
2021.51321187, 53.504783655657, 120.862816444809, 330.701629638672, 2009603, 4, 89
2021.51321187, 53.5048026544657, 120.862813147417, 330.714080810547, 2009603, 4, 89
2021.51321187, 53.5048216480522, 120.862809853942, 330.710815429688, 2009603, 4, 89
2021.51321187, 53.5048406364667, 120.862806565744, 330.699676513672, 2009603, 4, 89
2021.51321187, 53.5048596235953, 120.862803282629, 330.707275390625, 2009603, 4, 89
2021.51321187, 53.5048849281662, 120.862798912488, 330.707366943359, 2009603, 4, 89
2021.51321187, 53.5049039046791, 120.862795641282, 330.686157226562, 2009603, 4, 89
2021.51321187, 53.5049228822249, 120.862792376682, 330.708312988281, 2009603, 4, 89
2021.51321187, 53.5049418526506, 120.862789116081, 330.703826904297, 2009603, 4, 89
2021.51321187, 53.5049671393797, 120.862784776407, 330.693908691406, 2009603, 4, 89
2021.51321187, 53.5049861083182, 120.862781529168, 330.700408935547, 2009603, 4, 89
2021.51321187, 53.5050113875671, 120.86277720599, 330.691284179688, 2009603, 4, 73
2021.51321187, 53.5050366642183, 120.862772893001, 330.704010009766, 2009603, 4, 73
2021.51321187, 53.5050619392975, 120.862768588993, 330.687225341797, 2009603, 4, 73
2021.51321187, 53.5050872114434, 120.862764294245, 330.688507080078, 2009603, 4, 73
2021.51321187, 53.5051124806357, 120.86276000907, 330.692413330078, 2009603, 4, 73
2021.51321187, 53.5051314353435, 120.862756802176, 330.687042236328, 2009603, 4, 73
2021.51321187, 53.5051566994804, 120.862752532019, 330.697174072266, 2009603, 4, 73
2021.51321187, 53.5051819638443, 120.86274827138, 330.693634033203, 2009603, 4, 67
2021.51321187, 53.5052072300324, 120.862744020535, 330.688934326172, 2009603, 4, 67
2021.51321187, 53.5052261778442, 120.862740839101, 330.697692871094, 2009603, 4, 67
2021.51321187, 53.5052451264907, 120.862737661506, 330.706329345703, 2009603, 4, 67
2021.51321187, 53.5052640743291, 120.86273448855, 330.710296630859, 2009603, 4, 54
2021.51321187, 53.5052767084127, 120.862732376577, 330.726440429688, 2009603, 4, 54
2021.51321187, 53.5052956560432, 120.862729211425, 330.721527099609, 2009603, 4, 54
2021.51321187, 53.5053146050266, 120.862726051721, 330.706512451172, 2009603, 4, 54
2021.51321187, 53.5053335567163, 120.86272289643, 330.693725585938, 2009603, 4, 54
2021.51321187, 53.5053525078001, 120.862719746206, 330.686553955078, 2009603, 4, 54
2021.51321187, 53.5053714642673, 120.862716601452, 330.691070556641, 2009603, 4, 54
2021.51321187, 53.5053967364162, 120.862712413878, 330.687042236328, 2009603, 4, 54
2021.51321187, 53.5054220092713, 120.86270823356, 330.687530517578, 2009603, 4, 54
2021.51321187, 53.5054409666343, 120.862705104559, 330.695495605469, 2009603, 4, 54
2021.51321187, 53.5054725722354, 120.862699899783, 330.714691162109, 2009603, 4, 54
2021.51321187, 53.5054915328697, 120.862696780502, 330.710510253906, 2009603, 4, 54
2021.51321205, 53.8547739221776, 120.805108042145, 446.130432128906, 2009603, 4, 69
2021.51321205, 53.8549846096273, 120.805074276053, 446.126647949219, 2009603, 4, 69
2021.51321175, 53.2953307061788, 120.944417984043, 322.407409667969, 2009603, 5, 89
2021.51321175, 53.295457601266, 120.944398383965, 322.370056152344, 2009603, 5, 89
2021.51321175, 53.295578178938, 120.944379869949, 322.371795654297, 2009603, 5, 93
2021.51321175, 53.2957114702337, 120.944359434077, 322.431030273438, 2009603, 5, 93
2021.51321175, 53.2958511229189, 120.944337982788, 322.393646240234, 2009603, 5, 94
2021.51321175, 53.2959844464804, 120.944317425158, 322.406188964844, 2009603, 5, 94
2021.51321175, 53.2961050847386, 120.944298705694, 322.399444580078, 2009603, 5, 93
2021.51321175, 53.2962257500739, 120.944280073704, 322.412628173828, 2009603, 5, 93
2021.51321175, 53.2963527262909, 120.944259706685, 322.395294189453, 2009603, 5, 92
2021.51321175, 53.2964670125762, 120.944241226539, 322.423126220703, 2009603, 5, 92
2021.51321175, 53.2965939957877, 120.944220510024, 322.410858154297, 2009603, 5, 89
2021.51321175, 53.2967146458353, 120.944200701284, 322.428070068359, 2009603, 5, 89
2021.51321186, 53.5023080960641, 120.910787131151, 329.867553710938, 2009603, 5, 58
2021.51321186, 53.5024219376583, 120.91076971558, 329.882781982422, 2009603, 5, 58
2021.51321186, 53.5025420446679, 120.910751414298, 329.865875244141, 2009603, 5, 93
2021.51321186, 53.5026494791499, 120.910735082449, 329.878326416016, 2009603, 5, 90
2021.51321186, 53.502763221501, 120.910717767975, 329.875885009766, 2009603, 5, 94
2021.51321186, 53.5028769730126, 120.910700394918, 329.873168945312, 2009603, 5, 94
2021.51321186, 53.5029907476842, 120.910682905065, 329.873596191406, 2009603, 5, 94
2021.51321186, 53.5030982505596, 120.910666260011, 329.879364013672, 2009603, 5, 93
2021.51321186, 53.503205804594, 120.910649453628, 329.87548828125, 2009603, 5, 93
2021.51321186, 53.5033134308974, 120.910632466682, 329.846466064453, 2009603, 5, 93
2021.51321186, 53.5034210770637, 120.910615442239, 329.853210449219, 2009603, 5, 93
2021.51321186, 53.5035290064998, 120.910597646391, 329.85009765625, 2009603, 5, 95
2021.51321186, 53.5036370112593, 120.910579662895, 329.858459472656, 2009603, 5, 95
2021.51321186, 53.5037450969741, 120.9105615338, 329.860015869141, 2009603, 5, 95
2021.51321186, 53.5038596064712, 120.910542177952, 329.853729248047, 2009603, 5, 94
2021.51321186, 53.5039678249918, 120.910523812609, 329.852355957031, 2009603, 5, 94
2021.51321186, 53.5040760865702, 120.910505358492, 329.855072021484, 2009603, 5, 93
2021.51321186, 53.5041907595569, 120.910485761684, 329.851898193359, 2009603, 5, 93
2021.51321186, 53.5043054704499, 120.910466166, 329.856750488281, 2009603, 5, 93
2021.51321186, 53.5044202056901, 120.910446587678, 329.923278808594, 2009603, 5, 93
2021.51321186, 53.5045285804132, 120.910428153237, 329.934448242188, 2009603, 5, 78
2021.51321186, 53.5046433720537, 120.910408496653, 329.919952392578, 2009603, 5, 78
2021.51321176, 53.2952502744348, 120.945720398984, 322.309112548828, 2009603, 6, 59
2021.51321176, 53.2952821897891, 120.945715389511, 322.312713623047, 2009603, 6, 59
2021.51321176, 53.2953077289235, 120.94571135814, 322.304931640625, 2009603, 6, 59
2021.51321176, 53.2953396542279, 120.94570632783, 322.319396972656, 2009603, 6, 59
2021.51321176, 53.2953715755564, 120.945701330648, 322.309326171875, 2009603, 6, 59
2021.51321176, 53.2954035020827, 120.945696310963, 322.325164794922, 2009603, 6, 59
2021.51321176, 53.2954418117333, 120.945690324454, 322.32373046875, 2009603, 6, 59
2021.51321176, 53.2954737468472, 120.945685277515, 322.326293945312, 2009603, 6, 59
2021.51321176, 53.2955056758158, 120.945680272906, 322.308380126953, 2009603, 6, 93
2021.51321176, 53.2955439860007, 120.945674286823, 322.320983886719, 2009603, 6, 93
2021.51321176, 53.2955823027209, 120.945668262083, 322.322540283203, 2009603, 6, 93
2021.51321176, 53.2956206196502, 120.945662213721, 322.344818115234, 2009603, 6, 93
2021.51321176, 53.2956589314886, 120.94565618838, 322.328887939453, 2009603, 6, 93
2021.51321176, 53.2956972397359, 120.945650155959, 322.327270507812, 2009603, 6, 93
2021.51321176, 53.2957355438618, 120.945644125554, 322.356109619141, 2009603, 6, 93
2021.51321176, 53.2957738446905, 120.945638077203, 322.344116210938, 2009603, 6, 94
2021.51321176, 53.2958185175082, 120.945631047127, 322.383148193359, 2009603, 6, 94
2021.51321176, 53.2958568059193, 120.94562498106, 322.34912109375, 2009603, 6, 94
2021.51321176, 53.29588870545, 120.945619943324, 322.33984375, 2009603, 6, 94
2021.51321176, 53.2959206026935, 120.945614879881, 322.333099365234, 2009603, 6, 94
2021.51321176, 53.2959461249316, 120.945610782415, 322.355834960938, 2009603, 6, 94
2021.51321176, 53.2959780119101, 120.945605717404, 322.331451416016, 2009603, 6, 94
2021.51321176, 53.2960098899037, 120.945600665005, 322.352600097656, 2009603, 6, 95
2021.51321176, 53.2960417634113, 120.945595581215, 322.34033203125, 2009603, 6, 95
2021.51321176, 53.296073633206, 120.945590492001, 322.360260009766, 2009603, 6, 95
2021.51321176, 53.2961056723247, 120.945585655048, 322.345153808594, 2009603, 6, 95
2021.51321176, 53.2961374745196, 120.945580455773, 322.338928222656, 2009603, 6, 95
2021.51321176, 53.296169265064, 120.945575272198, 322.341003417969, 2009603, 6, 95
2021.51321176, 53.2962010533192, 120.945570061665, 322.350372314453, 2009603, 6, 95
2021.51321176, 53.2962328342509, 120.945564849186, 322.353759765625, 2009603, 6, 95
2021.51321176, 53.2962646057341, 120.945559632372, 322.363189697266, 2009603, 6, 94
2021.51321176, 53.2962900244091, 120.945555433265, 322.348022460938, 2009603, 6, 94
2021.51321176, 53.2963217832515, 120.945550231249, 322.346862792969, 2009603, 6, 94
2021.51321176, 53.2963535401237, 120.945545002204, 322.361663818359, 2009603, 6, 94
2021.51321176, 53.2963789462589, 120.945540788232, 322.359527587891, 2009603, 6, 94
2021.51321176, 53.2964106924259, 120.94553554912, 322.355926513672, 2009603, 6, 94
2021.51321176, 53.2964424301973, 120.945530329087, 322.384643554688, 2009603, 6, 94
2021.51321176, 53.2964741662275, 120.945525076055, 322.374298095703, 2009603, 6, 94
2021.51321176, 53.2964995546836, 120.945520861956, 322.367004394531, 2009603, 6, 94
2021.51321176, 53.2965312817021, 120.945515612148, 322.378173828125, 2009603, 6, 92
2021.51321176, 53.2965630055318, 120.945510358038, 322.363739013672, 2009603, 6, 92
2021.51321176, 53.2965947249151, 120.945505103825, 322.385223388672, 2009603, 6, 92
2021.51321176, 53.2966264399612, 120.94549985079, 322.374298095703, 2009603, 6, 91
2021.51321176, 53.2966581483102, 120.945494609105, 322.438293457031, 2009603, 6, 91
2021.51321176, 53.2966898538228, 120.945489358643, 322.375671386719, 2009603, 6, 91
2021.51321177, 53.2967215593673, 120.945484101071, 322.358764648438, 2009603, 6, 91
2021.51321187, 53.5022717091978, 120.912089846431, 329.843444824219, 2009603, 6, 88
2021.51321187, 53.5022971595009, 120.912085563872, 329.830078125, 2009603, 6, 88
2021.51321187, 53.5023289731128, 120.912080218747, 329.849853515625, 2009603, 6, 88
2021.51321187, 53.5023544297623, 120.912075913728, 329.843536376953, 2009603, 6, 88
2021.51321187, 53.5023862493966, 120.912070558268, 329.829467773438, 2009603, 6, 88
2021.51321187, 53.5024117116334, 120.912066246525, 329.816558837891, 2009603, 6, 88
2021.51321187, 53.5024435338855, 120.912060885712, 329.835601806641, 2009603, 6, 88
2021.51321187, 53.5024690028284, 120.912056556211, 329.826843261719, 2009603, 6, 88
2021.51321187, 53.5025008338444, 120.912051187244, 329.833160400391, 2009603, 6, 93
2021.51321187, 53.5025263046369, 120.912046863509, 329.824859619141, 2009603, 6, 93
2021.51321187, 53.5025581420749, 120.912041489879, 329.84375, 2009603, 6, 93
2021.51321187, 53.502583618194, 120.912037156931, 329.836273193359, 2009603, 6, 93
2021.51321187, 53.5026154596882, 120.91203178209, 329.848052978516, 2009603, 6, 93
2021.51321187, 53.5026409401077, 120.912027451757, 329.832977294922, 2009603, 6, 93
2021.51321187, 53.5026727827883, 120.912022081869, 329.870544433594, 2009603, 6, 93
2021.51321187, 53.5026982672438, 120.912017750872, 329.845367431641, 2009603, 6, 93
2021.51321187, 53.5027301210185, 120.912012360851, 329.847686767578, 2009603, 6, 93
2021.51321187, 53.502761973239, 120.912006995127, 329.84228515625, 2009603, 6, 95
2021.51321187, 53.5027874618184, 120.912002674485, 329.824615478516, 2009603, 6, 95
2021.51321187, 53.5028193163794, 120.911997317491, 329.851867675781, 2009603, 6, 93
2021.51321187, 53.5028448083603, 120.91199299914, 329.820129394531, 2009603, 6, 93
2021.51321187, 53.5028766667127, 120.911987642481, 329.838287353516, 2009603, 6, 93
2021.51321187, 53.5029021558897, 120.911983356366, 329.840454101562, 2009603, 6, 93
2021.51321187, 53.5029276510017, 120.911979050799, 329.84521484375, 2009603, 6, 93
2021.51321187, 53.5029531436708, 120.911974768489, 329.850708007812, 2009603, 6, 93
2021.51321187, 53.5029850082394, 120.911969435643, 329.832244873047, 2009603, 6, 93
2021.51321187, 53.5030105058949, 120.911965144907, 329.83642578125, 2009603, 6, 94
2021.51321187, 53.5030360016341, 120.911960873899, 329.829193115234, 2009603, 6, 94
2021.51321187, 53.5030678681266, 120.911955560463, 329.825958251953, 2009603, 6, 94
2021.51321187, 53.5030933668736, 120.911951280497, 329.84130859375, 2009603, 6, 94
2021.51321187, 53.5031252361906, 120.911945978759, 329.832672119141, 2009603, 6, 94
2021.51321187, 53.503150734187, 120.911941726235, 329.823974609375, 2009603, 6, 94
2021.51321187, 53.5031826045842, 120.911936439826, 329.844329833984, 2009603, 6, 94
2021.51321187, 53.5032081036322, 120.911932203147, 329.832641601562, 2009603, 6, 94
2021.51321187, 53.5032336045734, 120.911927962865, 329.853271484375, 2009603, 6, 94
2021.51321187, 53.5032654609441, 120.911922448394, 329.833404541016, 2009603, 6, 93
2021.51321187, 53.5032909649532, 120.911918298648, 329.830718994141, 2009603, 6, 93
2021.51321187, 53.503322838991, 120.911913149837, 329.845672607422, 2009603, 6, 93
2021.51321187, 53.5033483447336, 120.91190900748, 329.838806152344, 2009603, 6, 93
2021.51321187, 53.5033738433579, 120.911904904994, 329.833648681641, 2009603, 6, 93
2021.51321187, 53.503405719155, 120.911899785398, 329.82666015625, 2009603, 6, 93
2021.51321187, 53.5034312220904, 120.91189565961, 329.837371826172, 2009603, 6, 93
2021.51321187, 53.5034630943547, 120.911890550479, 329.878295898438, 2009603, 6, 93
2021.51321187, 53.5034885969302, 120.911886446804, 329.836090087891, 2009603, 6, 93
2021.51321187, 53.5035204655867, 120.911881350311, 329.853179931641, 2009603, 6, 94
2021.51321187, 53.5035459631595, 120.911877276066, 329.832733154297, 2009603, 6, 94
2021.51321187, 53.5035714621955, 120.911873181048, 329.841857910156, 2009603, 6, 94
2021.51321187, 53.5036033279895, 120.911868113715, 329.843109130859, 2009603, 6, 94
2021.51321187, 53.5036288236867, 120.911864044235, 329.828216552734, 2009603, 6, 94
2021.51321187, 53.5036543176025, 120.911859965531, 329.838317871094, 2009603, 6, 94
2021.51321187, 53.5036861799323, 120.91185491027, 329.861236572266, 2009603, 6, 94
2021.51321187, 53.5037116727464, 120.911850833705, 329.869384765625, 2009603, 6, 94
2021.51321187, 53.5037435294275, 120.911845781067, 329.863739013672, 2009603, 6, 94
2021.51321187, 53.5037690182847, 120.911841720541, 329.858123779297, 2009603, 6, 94
2021.51321187, 53.5038008719244, 120.911836677666, 329.845642089844, 2009603, 6, 94
2021.51321187, 53.5038263577347, 120.911832613071, 329.855285644531, 2009603, 6, 94
2021.51321187, 53.5038518417978, 120.911828555376, 329.857330322266, 2009603, 6, 94
2021.51321187, 53.5038836879048, 120.911823523482, 329.869964599609, 2009603, 6, 94
2021.51321187, 53.5039091661472, 120.911819479379, 329.85986328125, 2009603, 6, 94
2021.51321187, 53.5039346435749, 120.911815430041, 329.859649658203, 2009603, 6, 94
2021.51321187, 53.5039664813046, 120.91181039008, 329.836456298828, 2009603, 6, 94
2021.51321187, 53.5039919554544, 120.91180632961, 329.849822998047, 2009603, 6, 94
2021.51321187, 53.5040237900247, 120.91180129709, 329.849975585938, 2009603, 6, 92
2021.51321187, 53.5040492587861, 120.911797246442, 329.841125488281, 2009603, 6, 92
2021.51321187, 53.5040747250814, 120.91179319726, 329.861053466797, 2009603, 6, 92
2021.51321187, 53.5041065499661, 120.911788157817, 329.843170166016, 2009603, 6, 92
2021.51321187, 53.5041320131315, 120.911784091062, 329.852478027344, 2009603, 6, 92
2021.51321187, 53.5041638303002, 120.911779057266, 329.837097167969, 2009603, 6, 92
2021.51321187, 53.5041892890636, 120.911774988865, 329.848571777344, 2009603, 6, 92
2021.51321187, 53.504221101856, 120.911769938269, 329.840789794922, 2009603, 6, 92
2021.51321187, 53.5042465551386, 120.911765861527, 329.881591796875, 2009603, 6, 92
2021.51321187, 53.5042783607027, 120.911760819747, 329.853759765625, 2009603, 6, 92
2021.51321187, 53.5043038092987, 120.911756740233, 329.873565673828, 2009603, 6, 92
2021.51321187, 53.5043356093487, 120.911751678851, 329.873840332031, 2009603, 6, 92
2021.51321187, 53.5043610481007, 120.911747613135, 329.864685058594, 2009603, 6, 92
2021.51321187, 53.5043864871132, 120.911743518047, 329.875183105469, 2009603, 6, 92
2021.51321187, 53.5044182774928, 120.911738449415, 329.870788574219, 2009603, 6, 92
2021.51321187, 53.5044437116363, 120.911734354636, 329.864807128906, 2009603, 6, 92
2021.51321187, 53.5044691435061, 120.911730266069, 329.851287841797, 2009603, 6, 92
2021.51321204, 53.8478687291273, 120.85549721153, 434.815704345703, 2009603, 6, 77
