2020.21801078, 52.4631697718352, 116.208049686435, 510.395355224609, 2009603, 1, 89
2020.21801078, 52.4630619703098, 116.208032157369, 510.403259277344, 2009603, 1, 89
2020.21801078, 52.4629604777376, 116.208015615578, 510.391174316406, 2009603, 1, 92
2020.21801078, 52.4628462613749, 116.207996947054, 510.438842773438, 2009603, 1, 92
2020.21801078, 52.4626494402596, 116.20796461012, 510.408111572266, 2009603, 1, 90
2020.21801078, 52.4624079534991, 116.207924475008, 510.584106445312, 2009603, 1, 89
2020.21801133, 51.3581799577827, 116.033150786508, 530.974548339844, 2009603, 1, 83
2020.2180108, 52.4632494372792, 116.206717815006, 510.421630859375, 2009603, 2, 90
2020.2180108, 52.4632113356258, 116.206711742855, 510.380554199219, 2009603, 2, 90
2020.2180108, 52.4631732439553, 116.206705656838, 510.398864746094, 2009603, 2, 90
2020.2180108, 52.4631351554314, 116.206699560732, 510.366729736328, 2009603, 2, 90
2020.2180108, 52.4631034141374, 116.206694471475, 510.397979736328, 2009603, 2, 90
2020.2180108, 52.4630716728015, 116.206689374563, 510.351135253906, 2009603, 2, 90
2020.2180108, 52.463039941136, 116.206684266508, 510.363464355469, 2009603, 2, 90
2020.2180108, 52.4630082163779, 116.206679148582, 510.360168457031, 2009603, 2, 90
2020.2180108, 52.462982732862, 116.20667533244, 510.362487792969, 2009603, 2, 91
2020.2180108, 52.4629510505276, 116.206670092492, 510.338562011719, 2009603, 2, 91
2020.2180108, 52.4629193615916, 116.206664847797, 510.3828125, 2009603, 2, 91
2020.2180108, 52.4628876809689, 116.206659590945, 510.362121582031, 2009603, 2, 91
2020.2180108, 52.4628560053645, 116.206654326344, 510.365814208984, 2009603, 2, 91
2020.2180108, 52.4628179968789, 116.206647998922, 510.373657226562, 2009603, 2, 91
2020.2180108, 52.4627736521957, 116.206640607161, 510.364471435547, 2009603, 2, 91
2020.2180108, 52.4627356549748, 116.206634258484, 510.3701171875, 2009603, 2, 90
2020.2180108, 52.4626976527034, 116.206627905873, 510.378967285156, 2009603, 2, 90
2020.2180108, 52.4626659762161, 116.206622609515, 510.374542236328, 2009603, 2, 90
2020.2180108, 52.4626343126371, 116.206617305818, 510.362884521484, 2009603, 2, 90
2020.2180108, 52.46260264378, 116.206612000528, 510.387023925781, 2009603, 2, 90
2020.2180108, 52.4625709754257, 116.206606692674, 510.353912353516, 2009603, 2, 90
2020.2180108, 52.462532973697, 116.206600320811, 510.402038574219, 2009603, 2, 90
2020.2180108, 52.4624569752245, 116.20658757262, 510.427673339844, 2009603, 2, 89
2020.2180108, 52.4623492902912, 116.206569520516, 510.532897949219, 2009603, 2, 89
2020.2180113, 51.4437230757353, 116.045320511081, 524.818176269531, 2009603, 2, 72
2020.2180113, 51.4436395329212, 116.045307740374, 524.756042480469, 2009603, 2, 72
2020.2180113, 51.4435624701329, 116.04529594606, 524.727966308594, 2009603, 2, 72
2020.2180113, 51.4434790629419, 116.045283163973, 524.817443847656, 2009603, 2, 90
2020.2180113, 51.4433954578957, 116.045270587696, 524.816101074219, 2009603, 2, 90
2020.2180113, 51.4433124420132, 116.045257642495, 524.790283203125, 2009603, 2, 90
2020.21801135, 51.3577425941778, 116.031819261885, 531.000122070312, 2009603, 2, 89
2020.21801135, 51.35766005855, 116.03180628788, 530.945617675781, 2009603, 2, 89
2020.21801135, 51.3575711917987, 116.031792284605, 530.940124511719, 2009603, 2, 89
2020.21801135, 51.3574886628487, 116.031779268667, 530.926696777344, 2009603, 2, 92
2020.21801135, 51.3574124871502, 116.031767242658, 530.924255371094, 2009603, 2, 92
2020.21801135, 51.3573172708394, 116.031752205516, 530.902282714844, 2009603, 2, 92
2020.21801135, 51.3572283899445, 116.0317381764, 530.909912109375, 2009603, 2, 92
2020.21801135, 51.3571458405382, 116.031725165196, 530.991394042969, 2009603, 2, 92
2020.21801135, 51.3570569322168, 116.031711167533, 531.015380859375, 2009603, 2, 92
2020.21801135, 51.356955305706, 116.031695197466, 530.977416992188, 2009603, 2, 74
2020.21801135, 51.3568727313709, 116.031682150183, 530.993835449219, 2009603, 2, 74
2020.21801135, 51.3567837382404, 116.031668469202, 531.061950683594, 2009603, 2, 74
2020.21801074, 52.5454856851224, 116.173447881302, 516.346801757812, 2009603, 3, 88
2020.21801074, 52.5451756527015, 116.173399120433, 516.383544921875, 2009603, 3, 92
2020.21801074, 52.5449287040402, 116.173360251312, 516.369018554688, 2009603, 3, 92
2020.21801074, 52.5447194962578, 116.173327325816, 516.34619140625, 2009603, 3, 80
2020.21801127, 51.4848111630309, 116.006377538317, 522.904479980469, 2009603, 3, 86
2020.21801127, 51.484397733605, 116.006311512008, 522.744934082031, 2009603, 3, 91
2020.21801127, 51.484022648572, 116.006251563039, 522.791137695312, 2009603, 3, 92
2020.21801135, 51.3267066486268, 115.981807913402, 535.690979003906, 2009603, 3, 64
2020.21801135, 51.3263186690878, 115.981748968923, 535.069030761719, 2009603, 3, 94
2020.21801076, 52.5457382475439, 116.172285228551, 516.41845703125, 2009603, 4, 76
2020.21801076, 52.5456366878319, 116.172269285162, 516.353942871094, 2009603, 4, 76
2020.21801076, 52.5455160452052, 116.172250189982, 516.287048339844, 2009603, 4, 76
2020.21801076, 52.5453381669267, 116.172221877938, 516.346374511719, 2009603, 4, 92
2020.21801076, 52.5452301509156, 116.172204511991, 516.347534179688, 2009603, 4, 91
2020.21801076, 52.5451411669391, 116.172190204509, 516.3671875, 2009603, 4, 91
2020.21801076, 52.5450521825911, 116.172175822756, 516.330200195312, 2009603, 4, 91
2020.21801076, 52.5449631880908, 116.172161428247, 516.344482421875, 2009603, 4, 89
2020.21801076, 52.5448805457546, 116.172148035372, 516.368957519531, 2009603, 4, 89
2020.21801076, 52.5447914981045, 116.172133611066, 516.309936523438, 2009603, 4, 89
2020.21801128, 51.4849801436259, 116.005072309805, 522.987243652344, 2009603, 4, 67
2020.21801128, 51.4848589186502, 116.005052917262, 522.994140625, 2009603, 4, 67
2020.21801128, 51.4847314149449, 116.005032587761, 522.903137207031, 2009603, 4, 91
2020.21801128, 51.484616719549, 116.00501456853, 522.835693359375, 2009603, 4, 91
2020.21801128, 51.48448937613, 116.004994566912, 522.757629394531, 2009603, 4, 92
2020.21801128, 51.4843876485076, 116.004979361408, 522.763793945312, 2009603, 4, 92
2020.21801128, 51.4842669574623, 116.004961313683, 522.810974121094, 2009603, 4, 92
2020.21801128, 51.4841526698262, 116.004944399878, 522.844360351562, 2009603, 4, 91
2020.21801128, 51.4840384542786, 116.004927504935, 522.801208496094, 2009603, 4, 91
2020.21801136, 51.3261864438327, 115.980555056088, 534.296997070312, 2009603, 4, 89
2020.21801136, 51.326084211104, 115.980539559018, 534.283081054688, 2009603, 4, 89
2020.21801136, 51.3259820604374, 115.980524239085, 534.252807617188, 2009603, 4, 93
2020.21801136, 51.325771757991, 115.980492782379, 534.381408691406, 2009603, 4, 93
2020.21801136, 51.3256763114008, 115.980478657957, 534.671691894531, 2009603, 4, 90
2020.21801136, 51.3255872437114, 115.980465374071, 534.796752929688, 2009603, 4, 90
2020.21801136, 51.3254730722098, 115.980448687121, 534.727233886719, 2009603, 4, 62
2020.21801136, 51.325378004872, 115.980434893287, 534.63037109375, 2009603, 4, 62
2020.21801136, 51.325289332935, 115.980422089247, 534.603271484375, 2009603, 4, 62
2020.21801037, 53.3085370489972, 116.248213868988, 610.227233886719, 2009603, 5, 69
2020.21801037, 53.3082009431302, 116.248156868237, 609.981018066406, 2009603, 5, 90
2020.21801037, 53.3078900875477, 116.248104548285, 609.974487304688, 2009603, 5, 88
2020.21801037, 53.3075916333153, 116.248054745387, 610.034240722656, 2009603, 5, 69
2020.21801074, 52.5551097686554, 116.12722275046, 517.267395019531, 2009603, 5, 91
2020.21801074, 52.5548365588212, 116.127178421143, 517.171447753906, 2009603, 5, 88
2020.21801127, 51.4989246854327, 115.961999330792, 520.365417480469, 2009603, 5, 83
2020.21801127, 51.4985307497619, 115.961936228401, 520.3564453125, 2009603, 5, 93
2020.21801127, 51.4981750632808, 115.961879497654, 520.337341308594, 2009603, 5, 93
2020.21801127, 51.4973871130196, 115.961757833804, 520.422302246094, 2009603, 5, 68
2020.21801127, 51.4907305187402, 115.96070965152, 520.768493652344, 2009603, 5, 92
2020.21801127, 51.4903117965025, 115.960641650149, 520.694458007812, 2009603, 5, 93
2020.21801127, 51.4899245385012, 115.960579311848, 520.655944824219, 2009603, 5, 93
2020.21801127, 51.4894793934023, 115.960508741125, 520.760559082031, 2009603, 5, 92
2020.21801127, 51.4890462361473, 115.960441383083, 521.148498535156, 2009603, 5, 79
2020.21801139, 51.2487148498046, 115.923413552762, 539.879516601562, 2009603, 5, 82
2020.21801139, 51.2483953620246, 115.923363641799, 539.896545410156, 2009603, 5, 92
2020.21801139, 51.24809638066, 115.923316141483, 539.8994140625, 2009603, 5, 92
2020.21801139, 51.2478241606271, 115.923271903167, 539.884216308594, 2009603, 5, 78
2020.21801139, 51.2441418971137, 115.922695618508, 540.195434570312, 2009603, 5, 72
2020.21801139, 51.2438157117672, 115.922645485663, 540.186950683594, 2009603, 5, 72
2020.21801139, 51.2434578434919, 115.922590731064, 540.327270507812, 2009603, 5, 66
2020.21801139, 51.2431010101392, 115.922535967455, 540.253601074219, 2009603, 5, 67
2020.21801139, 51.2427781892127, 115.922485641463, 540.204284667969, 2009603, 5, 94
2020.21801139, 51.2424618471446, 115.922436074209, 540.147583007812, 2009603, 5, 94
2020.21801139, 51.2416671047592, 115.922311378781, 539.944274902344, 2009603, 5, 93
2020.21801139, 51.2413276267961, 115.922258395671, 539.939575195312, 2009603, 5, 89
2020.2180114, 51.2358244056908, 115.921401742011, 540.676452636719, 2009603, 5, 57
2020.2180114, 51.2355178832656, 115.921355444793, 540.666625976562, 2009603, 5, 84
2020.2180114, 51.2347179382374, 115.921230942327, 540.063171386719, 2009603, 5, 77
2020.21801038, 53.3074334746278, 116.246522603426, 610.049377441406, 2009603, 6, 53
2020.21801038, 53.3073578494002, 116.246509851249, 610.00390625, 2009603, 6, 53
2020.21801038, 53.3072822470883, 116.246497076385, 609.968017578125, 2009603, 6, 53
2020.21801038, 53.307212966248, 116.246485291158, 609.957214355469, 2009603, 6, 53
2020.21801038, 53.3071247981328, 116.246470223161, 609.951171875, 2009603, 6, 53
2020.21801038, 53.307042908443, 116.24645625232, 609.977600097656, 2009603, 6, 53
2020.21801038, 53.3069610058788, 116.24644220359, 609.986206054688, 2009603, 6, 79
2020.21801038, 53.306879053567, 116.24642821178, 609.991027832031, 2009603, 6, 79
2020.21801038, 53.3067907646948, 116.246412989676, 610.015197753906, 2009603, 6, 79
2020.21801038, 53.3067026141177, 116.246397923694, 609.974670410156, 2009603, 6, 82
2020.21801038, 53.306626575705, 116.246384615209, 609.949462890625, 2009603, 6, 82
2020.21801038, 53.3065504784273, 116.246371374412, 609.949951171875, 2009603, 6, 82
2020.21801038, 53.3064679918476, 116.246356976018, 609.904296875, 2009603, 6, 87
2020.21801038, 53.3063854645422, 116.24634253338, 609.867736816406, 2009603, 6, 87
2020.21801038, 53.3063028813873, 116.246328200192, 609.895263671875, 2009603, 6, 87
2020.21801038, 53.3062202499754, 116.2463139524, 609.876586914062, 2009603, 6, 63
2020.21801038, 53.3061439447301, 116.246300842363, 609.835510253906, 2009603, 6, 63
2020.21801038, 53.3060612666805, 116.246286638615, 609.729736328125, 2009603, 6, 63
2020.21801038, 53.3058131163992, 116.246244559116, 609.796997070312, 2009603, 6, 77
2020.21801075, 52.5559899359882, 116.126083722447, 517.396667480469, 2009603, 6, 68
2020.21801075, 52.5559326869541, 116.126074351781, 517.391052246094, 2009603, 6, 68
2020.21801075, 52.5558818153555, 116.126066101538, 517.358703613281, 2009603, 6, 68
2020.21801075, 52.5558182938947, 116.12605561603, 517.346740722656, 2009603, 6, 68
2020.21801075, 52.5557548108489, 116.126045165118, 517.283752441406, 2009603, 6, 68
2020.21801075, 52.5556913686432, 116.126034733078, 517.256225585938, 2009603, 6, 87
2020.21801075, 52.5556279824215, 116.126024244228, 517.320251464844, 2009603, 6, 87
2020.21801075, 52.5555519809507, 116.126011603566, 517.361022949219, 2009603, 6, 87
2020.21801075, 52.5554822005991, 116.126000152936, 517.429992675781, 2009603, 6, 81
2020.21801126, 51.5376767384914, 115.966690154123, 518.026184082031, 2009603, 6, 79
2020.21801126, 51.537594076115, 115.966677162817, 517.926574707031, 2009603, 6, 79
2020.21801126, 51.537505067898, 115.966663088005, 517.921508789062, 2009603, 6, 79
2020.21801126, 51.5374223882889, 115.966650157815, 517.906005859375, 2009603, 6, 93
2020.21801126, 51.5373333308272, 115.966636326484, 517.921752929688, 2009603, 6, 93
2020.21801126, 51.5372315365877, 115.966620584411, 517.92529296875, 2009603, 6, 93
2020.21801126, 51.5371424327148, 115.966606923882, 517.881164550781, 2009603, 6, 93
2020.21801126, 51.53704690337, 115.966592939986, 517.916320800781, 2009603, 6, 93
2020.21801126, 51.5369513557125, 115.96657900839, 517.932373046875, 2009603, 6, 94
2020.21801126, 51.5368685369409, 115.966566966616, 517.919067382812, 2009603, 6, 94
2020.21801126, 51.5367984269363, 115.966556939122, 517.948913574219, 2009603, 6, 94
2020.21801126, 51.5367283205026, 115.966546842149, 517.94677734375, 2009603, 6, 85
2020.21801126, 51.5366454601148, 115.966534923411, 517.974853515625, 2009603, 6, 85
2020.21801126, 51.5365689635006, 115.966523917367, 518.0654296875, 2009603, 6, 85
2020.21801128, 51.4979656252333, 115.960457085031, 520.4462890625, 2009603, 6, 81
2020.21801128, 51.4978823657548, 115.960444343738, 520.410034179688, 2009603, 6, 81
2020.21801128, 51.4977861193316, 115.960429341699, 520.362060546875, 2009603, 6, 81
2020.21801128, 51.497696980212, 115.960415744191, 520.407409667969, 2009603, 6, 91
2020.21801128, 51.4975189991774, 115.960388592473, 520.388427734375, 2009603, 6, 91
2020.21801128, 51.4974301284709, 115.960375107097, 520.401000976562, 2009603, 6, 93
2020.21801128, 51.4973540212862, 115.96036348075, 520.451599121094, 2009603, 6, 93
2020.21801128, 51.4972779379345, 115.960351998954, 520.404602050781, 2009603, 6, 93
2020.21801128, 51.4971892555694, 115.960338388261, 520.40576171875, 2009603, 6, 93
2020.21801128, 51.4970942703578, 115.960323869585, 520.38818359375, 2009603, 6, 93
2020.21801128, 51.4969993114777, 115.960309377083, 520.406799316406, 2009603, 6, 94
2020.21801128, 51.4969170197289, 115.960296837347, 520.384765625, 2009603, 6, 94
2020.21801128, 51.4968157750326, 115.960281161287, 520.40576171875, 2009603, 6, 94
2020.21801128, 51.4967334905469, 115.960268484603, 520.363891601562, 2009603, 6, 94
2020.21801128, 51.4966511954412, 115.960255738871, 520.414001464844, 2009603, 6, 94
2020.21801128, 51.4965688820456, 115.960242948656, 520.435668945312, 2009603, 6, 94
2020.21801128, 51.4964676198043, 115.960227090097, 520.383239746094, 2009603, 6, 94
2020.21801128, 51.496372369639, 115.960212117343, 520.355407714844, 2009603, 6, 94
2020.21801128, 51.4962834386336, 115.960198044204, 520.390747070312, 2009603, 6, 94
2020.21801128, 51.4962008437998, 115.960184862668, 520.394714355469, 2009603, 6, 89
2020.21801128, 51.4961118544195, 115.960170731806, 520.387634277344, 2009603, 6, 89
2020.21801128, 51.496010152076, 115.960154328289, 520.341430664062, 2009603, 6, 89
2020.21801128, 51.4954632347637, 115.960066006527, 520.714111328125, 2009603, 6, 75
2020.21801128, 51.4953742218451, 115.960051557196, 520.75, 2009603, 6, 75
2020.21801128, 51.4952915874327, 115.960038120749, 520.770202636719, 2009603, 6, 75
2020.21801128, 51.4932428191001, 115.959711179268, 520.902282714844, 2009603, 6, 53
2020.21801128, 51.4931475449766, 115.959696366054, 520.887023925781, 2009603, 6, 53
2020.21801128, 51.493052244735, 115.95968151644, 520.865356445312, 2009603, 6, 53
2020.21801128, 51.4929696453571, 115.95966852239, 520.833190917969, 2009603, 6, 53
2020.21801128, 51.4928742968004, 115.959653619885, 520.812377929688, 2009603, 6, 53
2020.21801128, 51.4927916245977, 115.959640759382, 520.705627441406, 2009603, 6, 53
2020.21801128, 51.4927025572463, 115.959626961713, 520.623901367188, 2009603, 6, 59
2020.21801128, 51.4926008244539, 115.95961064789, 520.591796875, 2009603, 6, 59
2020.21801128, 51.4925181364077, 115.959597439851, 520.592224121094, 2009603, 6, 59
2020.21801128, 51.4924290750014, 115.959583128152, 520.5458984375, 2009603, 6, 64
2020.21801128, 51.4923336155129, 115.959567857421, 520.678466796875, 2009603, 6, 64
2020.21801128, 51.4922317605393, 115.959551617883, 520.792846679688, 2009603, 6, 69
2020.21801128, 51.4921362589523, 115.959536313828, 520.786071777344, 2009603, 6, 69
2020.21801128, 51.4920470738555, 115.959522270747, 520.819763183594, 2009603, 6, 69
2020.21801128, 51.4919515172946, 115.959507127477, 520.862548828125, 2009603, 6, 74
2020.21801128, 51.4918559443332, 115.959492037147, 520.914794921875, 2009603, 6, 84
2020.21801128, 51.4917667204406, 115.95947805229, 520.920288085938, 2009603, 6, 84
2020.21801128, 51.4916838666474, 115.959465072733, 520.863891601562, 2009603, 6, 93
2020.21801128, 51.4915946201972, 115.959451254546, 520.713562011719, 2009603, 6, 93
2020.21801128, 51.4914862577312, 115.959434465223, 520.64599609375, 2009603, 6, 94
2020.21801128, 51.4913843242098, 115.959418697841, 520.638061523438, 2009603, 6, 94
2020.21801128, 51.491282169692, 115.959403457532, 520.682983398438, 2009603, 6, 94
2020.21801128, 51.4912055709708, 115.959392078568, 520.622436523438, 2009603, 6, 93
2020.21801128, 51.4911034765952, 115.959376898086, 520.641845703125, 2009603, 6, 93
2020.21801128, 51.4910014335784, 115.959361765934, 520.647155761719, 2009603, 6, 93
2020.21801128, 51.490905817765, 115.959347611737, 520.686218261719, 2009603, 6, 95
2020.21801128, 51.4907339086197, 115.959321909794, 520.695434570312, 2009603, 6, 92
2020.21801128, 51.4906448701766, 115.959308501794, 520.715759277344, 2009603, 6, 92
2020.21801128, 51.490555905455, 115.959295036039, 520.692626953125, 2009603, 6, 92
2020.21801128, 51.4904543306311, 115.95927948329, 520.727722167969, 2009603, 6, 55
2020.21801128, 51.4903464992914, 115.959262957492, 520.761535644531, 2009603, 6, 55
2020.2180114, 51.2459201726363, 115.921645531026, 540.026672363281, 2009603, 6, 58
2020.2180114, 51.2458382667153, 115.921633535668, 539.975341796875, 2009603, 6, 58
2020.2180114, 51.2457500634382, 115.921620645359, 539.991760253906, 2009603, 6, 58
2020.2180114, 51.2456681373851, 115.92160873321, 539.959899902344, 2009603, 6, 74
2020.2180114, 51.2455798919717, 115.921595764247, 539.932067871094, 2009603, 6, 74
2020.2180114, 51.245497865442, 115.921583908841, 539.920776367188, 2009603, 6, 87
2020.2180114, 51.2454157880328, 115.921571915769, 539.91943359375, 2009603, 6, 87
2020.2180114, 51.2453273000211, 115.92155895611, 539.919128417969, 2009603, 6, 87
2020.2180114, 51.2452576976603, 115.921548729686, 539.945434570312, 2009603, 6, 87
2020.2180114, 51.2451689866676, 115.921535743811, 539.933410644531, 2009603, 6, 90
2020.2180114, 51.2450864975324, 115.921523568744, 539.909545898438, 2009603, 6, 90
2020.2180114, 51.2449911693786, 115.921509402319, 539.919555664062, 2009603, 6, 91
2020.2180114, 51.244902028252, 115.921496162283, 539.932983398438, 2009603, 6, 62
2020.2180114, 51.2448254969456, 115.921484758082, 539.94775390625, 2009603, 6, 62
2020.2180114, 51.2447494459969, 115.921473525078, 539.904846191406, 2009603, 6, 66
2020.2180114, 51.2446657835227, 115.921460769818, 539.917907714844, 2009603, 6, 66
2020.2180114, 51.2445948978996, 115.9214499849, 539.911254882812, 2009603, 6, 66
2020.2180114, 51.2445239598821, 115.921439098636, 539.890869140625, 2009603, 6, 66
2020.2180114, 51.2444336161581, 115.921425139523, 539.900085449219, 2009603, 6, 67
2020.2180114, 51.2443496811517, 115.921412174105, 539.919982910156, 2009603, 6, 67
2020.2180114, 51.2442721850232, 115.921400246956, 539.93115234375, 2009603, 6, 67
2020.2180114, 51.2441947183824, 115.921388173024, 539.938537597656, 2009603, 6, 69
2020.2180114, 51.2440979391807, 115.921373048472, 539.923095703125, 2009603, 6, 69
2020.2180114, 51.2440205696473, 115.921360985347, 539.956176757812, 2009603, 6, 69
2020.2180114, 51.2439304273178, 115.921346752444, 539.89208984375, 2009603, 6, 69
2020.2180114, 51.2438468162273, 115.921333702284, 539.9482421875, 2009603, 6, 69
2020.2180114, 51.2437633546897, 115.921320523172, 539.962890625, 2009603, 6, 69
2020.2180114, 51.2436864251704, 115.92130849695, 539.99072265625, 2009603, 6, 71
2020.2180114, 51.2435904881666, 115.921293247202, 539.9765625, 2009603, 6, 71
2020.2180114, 51.2435138659093, 115.921281288872, 540.010559082031, 2009603, 6, 71
2020.2180114, 51.2434306280371, 115.921268159784, 539.993591308594, 2009603, 6, 69
2020.2180114, 51.2433485474953, 115.921255209986, 539.990051269531, 2009603, 6, 69
2020.21801141, 51.2346719841088, 115.919937844016, 541.018859863281, 2009603, 6, 64
2020.21801141, 51.2345515952627, 115.919919177069, 541.054809570312, 2009603, 6, 64
2020.21801141, 51.2344171313751, 115.919898109722, 540.875793457031, 2009603, 6, 89
2020.21801141, 51.234320892338, 115.91988307551, 540.843872070312, 2009603, 6, 89
2020.21801141, 51.2342309470721, 115.919869115402, 540.457336425781, 2009603, 6, 93
2020.21801141, 51.2341345024539, 115.919854089627, 540.121154785156, 2009603, 6, 93
2020.21801141, 51.2340572865417, 115.919842169769, 540.135070800781, 2009603, 6, 93
2020.21801141, 51.2339736160609, 115.91982927462, 540.157165527344, 2009603, 6, 72
2020.21801141, 51.2338834879935, 115.919815515288, 540.126647949219, 2009603, 6, 72
2020.21801141, 51.2337869270676, 115.919800953993, 540.1650390625, 2009603, 6, 72
2020.21801141, 51.2336904304041, 115.919786400367, 540.127075195312, 2009603, 6, 72
2020.21801141, 51.2336068592363, 115.919773872765, 540.145751953125, 2009603, 6, 72
2020.21801141, 51.2335041071236, 115.919758569772, 540.116027832031, 2009603, 6, 72
