2019.12605728, 48.7762131312381, 138.148209500394, 483.43896484375, 2006423, 1, 63
2019.12605728, 48.7762888571931, 138.148198337221, 483.485382080078, 2006423, 1, 90
2019.12605728, 48.7763520358176, 138.148189013094, 483.542419433594, 2006423, 1, 90
2019.12605728, 48.7764153069916, 138.148179613904, 483.548706054688, 2006423, 1, 90
2019.12605728, 48.7764849789536, 138.148169289643, 483.551116943359, 2006423, 1, 90
2019.12605728, 48.7765606804888, 138.148158178619, 483.587677001953, 2006423, 1, 90
2019.12605728, 48.7766308528062, 138.148147663947, 483.607208251953, 2006423, 1, 90
2019.12605728, 48.7767011286248, 138.148137109956, 483.538543701172, 2006423, 1, 90
2019.12605739, 48.9882927741823, 138.116797582723, 382.789337158203, 2006423, 1, 52
2019.12605739, 48.9883567791989, 138.116788360042, 382.776672363281, 2006423, 1, 52
2019.12605739, 48.9884272132802, 138.116778196523, 382.873992919922, 2006423, 1, 52
2019.12605739, 48.9952877355847, 138.115781397933, 371.818725585938, 2006423, 1, 86
2019.12605739, 48.9953642094258, 138.115769997798, 371.694305419922, 2006423, 1, 86
2019.12605739, 48.9954342493289, 138.115759525829, 371.632446289062, 2006423, 1, 86
2019.12605739, 48.9954979645716, 138.115750098686, 371.700927734375, 2006423, 1, 86
2019.1260574, 49.0186602286137, 138.112350601707, 362.582580566406, 2006423, 1, 86
2019.12605745, 49.1135496651093, 138.098213529282, 326.869964599609, 2006423, 1, 55
2019.12605745, 49.1136196668063, 138.098203218745, 326.952270507812, 2006423, 1, 55
2019.12605745, 49.113676983878, 138.098194759969, 327.077392578125, 2006423, 1, 55
2019.12605745, 49.113747028479, 138.098184535897, 327.180206298828, 2006423, 1, 55
2019.12605745, 49.1138105784635, 138.098175066062, 327.387115478516, 2006423, 1, 90
2019.12605745, 49.1138807735603, 138.098165128031, 327.412139892578, 2006423, 1, 90
2019.12605745, 49.1139573864431, 138.098154295616, 327.382904052734, 2006423, 1, 90
2019.12605746, 49.1456946283627, 138.093493046414, 312.519439697266, 2006423, 1, 85
2019.12605746, 49.1457644388632, 138.093482423123, 312.552307128906, 2006423, 1, 90
2019.12605746, 49.1458215479417, 138.093473651824, 312.51611328125, 2006423, 1, 90
2019.12605746, 49.145884942796, 138.0934639456, 312.438751220703, 2006423, 1, 90
2019.12605746, 49.1459483109317, 138.093454196908, 312.380950927734, 2006423, 1, 90
2019.12605746, 49.1460116325762, 138.093444456128, 312.376983642578, 2006423, 1, 86
2019.12605746, 49.1460749227702, 138.09343470279, 312.292602539062, 2006423, 1, 86
2019.12605747, 49.1461444900709, 138.093423997708, 312.290679931641, 2006423, 1, 86
2019.12605747, 49.1462014087419, 138.093415162152, 312.190521240234, 2006423, 1, 86
2019.12605747, 49.1618042999709, 138.09108675033, 307.391906738281, 2006423, 1, 76
2019.12605747, 49.1618680588991, 138.091077132452, 307.314086914062, 2006423, 1, 76
2019.12605747, 49.1619381583575, 138.091066572713, 307.281707763672, 2006423, 1, 76
2019.12605747, 49.1620018788038, 138.091056919711, 307.304138183594, 2006423, 1, 60
2019.12605747, 49.1620591995251, 138.091048236105, 307.320526123047, 2006423, 1, 60
2019.12605747, 49.1621228723938, 138.0910385685, 307.23095703125, 2006423, 1, 60
2019.12605747, 49.1621865088941, 138.091029001025, 307.228637695312, 2006423, 1, 60
2019.12605747, 49.1623836564679, 138.090998726273, 307.439910888672, 2006423, 1, 65
2019.12605747, 49.1624598967869, 138.090987011876, 307.472930908203, 2006423, 1, 65
2019.12605824, 50.7088733852177, 137.85684767436, 12.070855140686, 2009603, 1, 60
2019.12605824, 50.7090576343829, 137.856819790622, 11.9401178359985, 2009603, 1, 69
2019.12605824, 50.7092162663585, 137.856795338305, 11.9176397323608, 2009603, 1, 69
2019.12605824, 50.7094060554538, 137.856765350675, 11.4624242782593, 2009603, 1, 81
2019.12605824, 50.7095826538914, 137.856736696034, 11.390643119812, 2009603, 1, 83
2019.12605824, 50.7097656627841, 137.856706620261, 11.3004417419434, 2009603, 1, 70
2019.12605824, 50.7099362149303, 137.856678559105, 11.2614164352417, 2009603, 1, 70
2019.12605825, 50.7121133907562, 137.856336158941, 10.4057598114014, 2009603, 1, 71
2019.12605825, 50.7122895921539, 137.856309782265, 10.4329833984375, 2009603, 1, 90
2019.12605825, 50.7124468141132, 137.856286211802, 10.4381608963013, 2009603, 1, 90
2019.12605825, 50.7126292431508, 137.856258863004, 10.4083395004272, 2009603, 1, 92
2019.12605825, 50.7128308884129, 137.856228482542, 10.3996915817261, 2009603, 1, 90
2019.12605825, 50.7130204545225, 137.856199745663, 10.4040060043335, 2009603, 1, 89
2019.12605825, 50.7133897065643, 137.856143224899, 11.0486469268799, 2009603, 1, 90
2019.12605825, 50.713543287468, 137.856119467747, 11.2474670410156, 2009603, 1, 89
2019.12605825, 50.713709931772, 137.856093526888, 11.3655548095703, 2009603, 1, 89
2019.12605825, 50.7138574998531, 137.856070406575, 11.3126058578491, 2009603, 1, 87
2019.12605825, 50.714017968826, 137.856045121054, 11.3412752151489, 2009603, 1, 88
2019.12605825, 50.7141912277424, 137.856017708027, 11.3430671691895, 2009603, 1, 88
2019.12605825, 50.7143515934456, 137.855992296218, 11.2930068969727, 2009603, 1, 88
2019.12605825, 50.7145242887259, 137.855964688468, 11.32470703125, 2009603, 1, 86
2019.12605825, 50.7146966924509, 137.855937112896, 11.3248767852783, 2009603, 1, 86
2019.12605825, 50.7148623993755, 137.855910652246, 11.3349714279175, 2009603, 1, 84
2019.12605825, 50.7150341615651, 137.855883288404, 11.2207193374634, 2009603, 1, 85
2019.12605825, 50.7151992470245, 137.855857121859, 11.2490921020508, 2009603, 1, 85
2019.12605825, 50.7153387183534, 137.855835126676, 11.2797403335571, 2009603, 1, 85
2019.12605825, 50.715490662056, 137.855811306434, 11.2925252914429, 2009603, 1, 85
2019.12605825, 50.7156488394799, 137.855786582406, 11.3294897079468, 2009603, 1, 84
2019.12605825, 50.7158002210335, 137.855763342736, 11.4347019195557, 2009603, 1, 84
2019.12605825, 50.7159705008112, 137.855737296933, 11.4500427246094, 2009603, 1, 84
2019.12605825, 50.716140856383, 137.855711291791, 11.4504289627075, 2009603, 1, 86
2019.12605825, 50.7162860907325, 137.855689177284, 11.4638433456421, 2009603, 1, 86
2019.12605825, 50.7164757978387, 137.855660269077, 11.4472560882568, 2009603, 1, 86
2019.12605825, 50.7166341947706, 137.855636036479, 11.4671239852905, 2009603, 1, 85
2019.12605825, 50.7167801816573, 137.855613626641, 11.6236772537231, 2009603, 1, 85
2019.12605825, 50.7169646608071, 137.855585138258, 11.8655252456665, 2009603, 1, 85
2019.12605825, 50.7171436312556, 137.855557253126, 12.3343849182129, 2009603, 1, 83
2019.12605825, 50.7173228477446, 137.855529094798, 12.1921100616455, 2009603, 1, 79
2019.12605825, 50.7174829339129, 137.855503831124, 12.0254697799683, 2009603, 1, 79
2019.12605825, 50.7251374074271, 137.854305877553, 11.9343891143799, 2009603, 1, 52
2019.12605825, 50.7253096199627, 137.854278533697, 11.5340166091919, 2009603, 1, 81
2019.12605825, 50.7254885870949, 137.854250212354, 11.5192384719849, 2009603, 1, 81
2019.12605826, 50.7377093803554, 137.852346886876, 11.7555770874023, 2009603, 1, 78
2019.12605826, 50.7379116076244, 137.852315554144, 11.382230758667, 2009603, 1, 85
2019.12605826, 50.7383428660268, 137.852248704662, 10.4831466674805, 2009603, 1, 94
2019.12605826, 50.7385273577907, 137.852220074214, 10.24840259552, 2009603, 1, 95
2019.12605826, 50.7387066520614, 137.852191790666, 10.1678247451782, 2009603, 1, 95
2019.12605826, 50.7388797332513, 137.852164483481, 10.1522827148438, 2009603, 1, 96
2019.12605826, 50.7390656800248, 137.852135169588, 10.1478729248047, 2009603, 1, 96
2019.12605826, 50.7392962907913, 137.85209898838, 10.1300134658813, 2009603, 1, 96
2019.12605826, 50.7394944723374, 137.852068096483, 10.154146194458, 2009603, 1, 96
2019.12605826, 50.7396921296327, 137.852037523648, 10.1209764480591, 2009603, 1, 96
2019.12605826, 50.7399206622336, 137.852002550621, 10.1287279129028, 2009603, 1, 96
2019.12605826, 50.7401352507989, 137.851970287355, 10.2677726745605, 2009603, 1, 96
2019.12605826, 50.7403431751457, 137.851939101715, 10.6853342056274, 2009603, 1, 96
2019.12605826, 50.7405510283634, 137.851907791478, 10.943754196167, 2009603, 1, 95
2019.12605826, 50.7407463987959, 137.851878202232, 11.0575752258301, 2009603, 1, 95
2019.12605826, 50.7409736501059, 137.851843475476, 11.0876626968384, 2009603, 1, 95
2019.12605826, 50.7411636114882, 137.85181403409, 11.084023475647, 2009603, 1, 95
2019.12605826, 50.7413734418284, 137.851780988226, 11.0852613449097, 2009603, 1, 95
2019.12605826, 50.7415518300919, 137.851752648413, 10.8587408065796, 2009603, 1, 96
2019.12605826, 50.7417368102828, 137.851723173016, 10.4646263122559, 2009603, 1, 96
2019.12605826, 50.7419155851396, 137.851694569477, 10.2685804367065, 2009603, 1, 97
2019.12605826, 50.7420815867504, 137.851668157897, 10.0887756347656, 2009603, 1, 96
2019.12605826, 50.742273152896, 137.851637635353, 10.0037126541138, 2009603, 1, 89
2019.12605826, 50.7491737077533, 137.850564437932, 10.1493368148804, 2009603, 1, 59
2019.12605826, 50.7493456665398, 137.850535869342, 10.1837167739868, 2009603, 1, 66
2019.12605826, 50.7495239066814, 137.850506422512, 10.1565074920654, 2009603, 1, 81
2019.12605826, 50.7497275320974, 137.850473036897, 10.1168441772461, 2009603, 1, 87
2019.12605826, 50.7498992483198, 137.850445272484, 10.1168909072876, 2009603, 1, 88
2019.12605826, 50.7500708036657, 137.850418038446, 10.1680526733398, 2009603, 1, 88
2019.12605826, 50.7502801664942, 137.850385710809, 10.1721220016479, 2009603, 1, 94
2019.12605826, 50.7504833221359, 137.850354778105, 10.0986223220825, 2009603, 1, 94
2019.12605826, 50.7506422146578, 137.850330763114, 10.1902751922607, 2009603, 1, 96
2019.12605826, 50.750814010019, 137.850304975956, 10.1598310470581, 2009603, 1, 96
2019.12605827, 50.7509988419341, 137.850277195984, 10.1958789825439, 2009603, 1, 96
2019.12605827, 50.7511964090253, 137.850247601906, 10.28173828125, 2009603, 1, 98
2019.12605827, 50.7513952794784, 137.850217227809, 10.2734270095825, 2009603, 1, 98
2019.12605827, 50.7515750007315, 137.850189622461, 10.2450323104858, 2009603, 1, 98
2019.12605827, 50.7517546540004, 137.85016184919, 10.2188110351562, 2009603, 1, 97
2019.12605827, 50.7519276677161, 137.850134976631, 10.44797706604, 2009603, 1, 97
2019.12605827, 50.7521259005305, 137.850104013427, 10.864631652832, 2009603, 1, 97
2019.12605827, 50.7524444257787, 137.850053810313, 10.3721113204956, 2009603, 1, 97
2019.12605827, 50.7526597197511, 137.850019815483, 10.346752166748, 2009603, 1, 97
2019.12605827, 50.75286134872, 137.849987960483, 10.4393424987793, 2009603, 1, 97
2019.12605827, 50.7530876785264, 137.849952162019, 10.2779531478882, 2009603, 1, 96
2019.12605827, 50.7532760404877, 137.849922507582, 10.3065071105957, 2009603, 1, 96
2019.12605827, 50.7534769327386, 137.849891059345, 10.4747114181519, 2009603, 1, 96
2019.12605827, 50.7536843560862, 137.849858678449, 10.5717935562134, 2009603, 1, 96
2019.12605827, 50.7538921635264, 137.849826505469, 10.4949913024902, 2009603, 1, 97
2019.12605827, 50.7541132045548, 137.849792475625, 10.3290596008301, 2009603, 1, 97
2019.12605827, 50.754328710194, 137.849759467547, 10.1580076217651, 2009603, 1, 96
2019.12605827, 50.754525960615, 137.849729255128, 10.1576271057129, 2009603, 1, 97
2019.12605827, 50.7547046700069, 137.849701993121, 10.1077432632446, 2009603, 1, 97
2019.12605827, 50.7548967252442, 137.849672601666, 10.0889492034912, 2009603, 1, 96
2019.12605827, 50.755082744251, 137.849644061027, 10.1713590621948, 2009603, 1, 96
2019.12605827, 50.7552827678178, 137.849613363125, 10.3209667205811, 2009603, 1, 96
2019.12605827, 50.7554698581431, 137.849584445234, 10.2219867706299, 2009603, 1, 96
2019.12605827, 50.7556759169114, 137.849552361571, 10.0639753341675, 2009603, 1, 95
2019.12605827, 50.7558684461542, 137.849522169128, 10.047700881958, 2009603, 1, 95
2019.12605827, 50.7560474099388, 137.849493873254, 10.060133934021, 2009603, 1, 95
2019.12605827, 50.7562445656595, 137.849462550053, 10.06556224823, 2009603, 1, 95
2019.12605827, 50.7564529039981, 137.849429063725, 10.0787963867188, 2009603, 1, 96
2019.12605827, 50.7566907503368, 137.849390441835, 10.0751104354858, 2009603, 1, 96
2019.12605827, 50.7568905673802, 137.849358145223, 10.0481214523315, 2009603, 1, 96
2019.12605827, 50.7570716103785, 137.849329190429, 10.0800752639771, 2009603, 1, 96
2019.12605827, 50.7574033709778, 137.849277016439, 10.2227439880371, 2009603, 1, 96
2019.12605827, 50.7575919071364, 137.849247784865, 10.1831932067871, 2009603, 1, 95
2019.12605827, 50.7578013302886, 137.849216754451, 10.1578283309937, 2009603, 1, 93
2019.12605827, 50.7580244679717, 137.849183922025, 10.175422668457, 2009603, 1, 92
2019.12605827, 50.7582100214875, 137.849156562381, 10.1573057174683, 2009603, 1, 92
2019.12605827, 50.7583831979116, 137.849130802646, 10.1400108337402, 2009603, 1, 92
2019.12605827, 50.7585887627498, 137.849099850233, 10.1497592926025, 2009603, 1, 92
2019.12605827, 50.7587816137298, 137.849070315277, 10.166898727417, 2009603, 1, 91
2019.12605827, 50.7590128781813, 137.849033769591, 10.1493062973022, 2009603, 1, 91
2019.12605827, 50.759198879011, 137.849003474334, 10.1696863174438, 2009603, 1, 91
2019.12605827, 50.7593654049778, 137.848976195114, 10.1800441741943, 2009603, 1, 90
2019.12605827, 50.7595060539265, 137.848953251914, 10.2049674987793, 2009603, 1, 91
2019.12605827, 50.7596911435515, 137.848923139843, 10.1591901779175, 2009603, 1, 91
2019.12605827, 50.759882166523, 137.84889245892, 10.1674547195435, 2009603, 1, 92
2019.12605827, 50.760060079808, 137.848864291218, 10.1613750457764, 2009603, 1, 94
2019.12605827, 50.760218579222, 137.848839765793, 10.1809215545654, 2009603, 1, 94
2019.12605827, 50.7603829168723, 137.848815360422, 10.1920280456543, 2009603, 1, 94
2019.12605827, 50.7605597575381, 137.84878936849, 10.2276878356934, 2009603, 1, 94
2019.12605827, 50.7607049976621, 137.848768111183, 10.2264366149902, 2009603, 1, 94
2019.12605827, 50.7608629402243, 137.848744938404, 10.2080659866333, 2009603, 1, 95
2019.12605827, 50.761033644623, 137.848719778416, 10.2255096435547, 2009603, 1, 96
2019.12605827, 50.7611855630569, 137.848697162546, 10.2049112319946, 2009603, 1, 96
2019.12605827, 50.7613313460002, 137.848675201326, 10.4148607254028, 2009603, 1, 95
2019.12605827, 50.7615092677274, 137.84864781407, 10.8335838317871, 2009603, 1, 96
2019.12605827, 50.7618538449185, 137.848592756178, 11.0742101669312, 2009603, 1, 95
2019.12605827, 50.7620517620102, 137.84856076666, 11.041561126709, 2009603, 1, 95
2019.12605827, 50.7621985293454, 137.848537041821, 11.2351837158203, 2009603, 1, 95
2019.12605827, 50.7623706662304, 137.848509315921, 11.4791717529297, 2009603, 1, 95
2019.12605827, 50.7625616957587, 137.848478724035, 11.6452989578247, 2009603, 1, 94
2019.12605827, 50.7627397141069, 137.848450472636, 11.7381467819214, 2009603, 1, 94
2019.12605827, 50.7629042029351, 137.848425017738, 11.6295356750488, 2009603, 1, 92
2019.12605827, 50.7630496655105, 137.848402686768, 11.6556968688965, 2009603, 1, 91
2019.12605827, 50.7632014665705, 137.848379592568, 11.8884840011597, 2009603, 1, 91
2019.12605827, 50.7633533495428, 137.848356714148, 12.150559425354, 2009603, 1, 89
2019.12605827, 50.7635244689865, 137.848331025248, 12.2915210723877, 2009603, 1, 85
2019.12605827, 50.7637150292568, 137.848302437285, 12.1097774505615, 2009603, 1, 85
2019.12605827, 50.763918541083, 137.84827204147, 12.017557144165, 2009603, 1, 85
2019.12605827, 50.7641043535251, 137.848244091703, 11.9305391311646, 2009603, 1, 76
2019.12605827, 50.7642905527897, 137.84821599205, 11.7371463775635, 2009603, 1, 78
2019.12605827, 50.7644577008616, 137.848190663487, 11.7321462631226, 2009603, 1, 78
2019.12605827, 50.7646313430152, 137.84816428062, 12.1704778671265, 2009603, 1, 85
2019.12605827, 50.7648243238925, 137.8481345749, 11.6338405609131, 2009603, 1, 90
2019.12605827, 50.7652224261797, 137.848072814733, 10.470311164856, 2009603, 1, 93
2019.12605827, 50.7653821586802, 137.84804782106, 10.4707517623901, 2009603, 1, 98
2019.12605827, 50.7655734219039, 137.848017753437, 10.4829978942871, 2009603, 1, 97
2019.12605827, 50.7657896891069, 137.847983545337, 10.4732475280762, 2009603, 1, 97
2019.12605827, 50.765967417677, 137.847955346029, 10.4729852676392, 2009603, 1, 97
2019.12605827, 50.766144814232, 137.847927289372, 10.47975730896, 2009603, 1, 97
2019.12605827, 50.7663346628446, 137.847897229803, 10.4216604232788, 2009603, 1, 97
2019.12605827, 50.766492786041, 137.847872206907, 10.413535118103, 2009603, 1, 97
2019.12605827, 50.7666507180446, 137.847847344789, 10.4347066879272, 2009603, 1, 98
2019.12605827, 50.7669730341013, 137.847796830969, 10.542893409729, 2009603, 1, 98
2019.12605827, 50.7671438907417, 137.847770184807, 10.4733800888062, 2009603, 1, 98
2019.12605827, 50.7673213222738, 137.847742620461, 10.4249534606934, 2009603, 1, 97
2019.12605827, 50.7674863612155, 137.847717045728, 10.4273157119751, 2009603, 1, 97
2019.12605827, 50.767683520649, 137.847686581873, 10.3623609542847, 2009603, 1, 97
2019.12605827, 50.7678684145007, 137.847658087563, 10.4821500778198, 2009603, 1, 97
2019.12605827, 50.768028244137, 137.847633539037, 10.4170541763306, 2009603, 1, 98
2019.12605827, 50.7682010709777, 137.847607000054, 10.480845451355, 2009603, 1, 98
2019.12605827, 50.7683932381581, 137.847577556731, 10.4017152786255, 2009603, 1, 97
2019.12605827, 50.7685790180094, 137.847549188222, 10.5228605270386, 2009603, 1, 97
2019.12605827, 50.7687327449778, 137.847525694283, 10.4904956817627, 2009603, 1, 97
2019.12605827, 50.7689311455479, 137.847495466165, 10.5090026855469, 2009603, 1, 97
2019.12605827, 50.769103788385, 137.847469089682, 10.483452796936, 2009603, 1, 97
2019.12605827, 50.7692695834612, 137.847443907246, 10.4371671676636, 2009603, 1, 97
2019.12605827, 50.7694224877152, 137.847420602733, 10.4528160095215, 2009603, 1, 97
2019.12605827, 50.7695815883015, 137.84739638163, 10.4655799865723, 2009603, 1, 97
2019.12605827, 50.7697596418164, 137.847369164478, 10.4467449188232, 2009603, 1, 98
2019.12605827, 50.7699375225964, 137.847341989627, 10.503454208374, 2009603, 1, 98
2019.12605827, 50.7701216605629, 137.847313749152, 10.4498872756958, 2009603, 1, 98
2019.12605827, 50.7703247040366, 137.847282612319, 10.4609098434448, 2009603, 1, 97
2019.12605827, 50.7705342316946, 137.84725025724, 10.3846845626831, 2009603, 1, 96
2019.12605827, 50.7707183058046, 137.84722187156, 10.4396076202393, 2009603, 1, 96
2019.12605827, 50.7709087073918, 137.847192524418, 10.4465065002441, 2009603, 1, 96
2019.12605828, 50.771092796165, 137.847164088307, 10.4409074783325, 2009603, 1, 96
2019.12605828, 50.7712578508651, 137.847138616927, 10.4502906799316, 2009603, 1, 97
2019.12605828, 50.7714483406193, 137.847109224138, 10.42995262146, 2009603, 1, 97
2019.12605828, 50.7716325384085, 137.847080818988, 10.4318408966064, 2009603, 1, 97
2019.12605828, 50.7718166738768, 137.847052544243, 10.4426107406616, 2009603, 1, 97
2019.12605828, 50.7719818362291, 137.847027210088, 10.3709735870361, 2009603, 1, 97
2019.12605828, 50.7721343723956, 137.847003838249, 10.4247465133667, 2009603, 1, 98
2019.12605828, 50.7722996955866, 137.846978568943, 10.3905296325684, 2009603, 1, 98
2019.12605828, 50.7724969188755, 137.846948513047, 10.3642444610596, 2009603, 1, 98
2019.12605828, 50.7726815508171, 137.846920392934, 10.3687553405762, 2009603, 1, 98
2019.12605828, 50.7728598500718, 137.846893287281, 10.4104986190796, 2009603, 1, 97
2019.12605828, 50.7730320737811, 137.846867183514, 10.4223957061768, 2009603, 1, 96
2019.12605828, 50.7732234360959, 137.84683825719, 10.3663187026978, 2009603, 1, 96
2019.12605828, 50.7734403153404, 137.846805386983, 10.3796682357788, 2009603, 1, 94
2019.12605828, 50.7736252120324, 137.846777358258, 10.3881072998047, 2009603, 1, 92
2019.12605828, 50.7738036586831, 137.846750187472, 10.4124279022217, 2009603, 1, 91
2019.12605828, 50.7739692210612, 137.846724992604, 10.3616800308228, 2009603, 1, 90
2019.12605828, 50.7741474705354, 137.846697799488, 10.3483581542969, 2009603, 1, 90
2019.12605828, 50.7743379450805, 137.846668577137, 10.3005666732788, 2009603, 1, 84
2019.12605828, 50.7745156768446, 137.84664120171, 10.3788747787476, 2009603, 1, 75
2019.12605828, 50.7746997119773, 137.84661291371, 10.5532751083374, 2009603, 1, 75
2019.12605828, 50.7779318214843, 137.846113984148, 10.3725032806396, 2009603, 1, 87
2019.12605828, 50.7780858679581, 137.84609063762, 10.2762174606323, 2009603, 1, 92
2019.12605828, 50.7782336166739, 137.84606827186, 10.2220849990845, 2009603, 1, 92
2019.12605828, 50.7784263229876, 137.846039089577, 10.2730083465576, 2009603, 1, 92
2019.12605828, 50.77863802201, 137.846006987103, 10.2738370895386, 2009603, 1, 92
2019.12605923, 52.6940302637629, 137.542679654922, 41.5596122741699, 2007706, 1, 96
2019.12605923, 52.6947813026909, 137.542558310105, 41.6108932495117, 2007706, 1, 96
2019.12605729, 48.7771455511402, 138.149121230497, 483.234313964844, 2006423, 2, 53
2019.12605729, 48.7774190049749, 138.149081949035, 483.350860595703, 2006423, 2, 92
2019.12605729, 48.7776797581441, 138.149044451616, 483.235321044922, 2006423, 2, 92
2019.12605746, 49.1138888778084, 138.099264338237, 327.755706787109, 2006423, 2, 61
2019.12605748, 49.1468420567455, 138.094348168409, 311.766418457031, 2006423, 2, 52
2019.12605748, 49.1470762451143, 138.094312290872, 311.578247070312, 2006423, 2, 82
2019.12605748, 49.1473165760785, 138.094275742644, 311.582794189453, 2006423, 2, 89
2019.12605748, 49.1608967522256, 138.092252536073, 307.931671142578, 2006423, 2, 56
2019.12605748, 49.1611318691087, 138.092216526457, 307.687683105469, 2006423, 2, 58
2019.12605826, 50.7102999933836, 137.857673142819, 11.1874809265137, 2009603, 2, 82
2019.12605826, 50.7108797424565, 137.857585398639, 11.2519826889038, 2009603, 2, 83
2019.12605826, 50.7114660861899, 137.857495662495, 11.5709819793701, 2009603, 2, 55
2019.12605826, 50.7121212816086, 137.857391391902, 10.498046875, 2009603, 2, 70
2019.12605826, 50.7126035756162, 137.857314531838, 10.3939352035522, 2009603, 2, 93
2019.12605826, 50.7137192355618, 137.857146979164, 11.3494749069214, 2009603, 2, 89
2019.12605826, 50.7144601572193, 137.857031496244, 11.4071626663208, 2009603, 2, 89
2019.12605826, 50.715133967191, 137.856919541591, 11.2602910995483, 2009603, 2, 86
2019.12605826, 50.7158775356515, 137.856802245252, 11.4523258209229, 2009603, 2, 85
2019.12605826, 50.7164765413437, 137.85671333813, 11.5280847549438, 2009603, 2, 88
2019.12605826, 50.7170717631293, 137.856623209042, 11.8910055160522, 2009603, 2, 83
2019.12605826, 50.7176065543464, 137.856539922687, 11.6550445556641, 2009603, 2, 71
2019.12605826, 50.7258450430857, 137.855253977803, 11.6983995437622, 2009603, 2, 77
2019.12605827, 50.7384117254522, 137.853301159089, 11.2490873336792, 2009603, 2, 87
2019.12605827, 50.739054044762, 137.853197305549, 10.271951675415, 2009603, 2, 95
2019.12605827, 50.7395957413869, 137.853110103126, 10.1546564102173, 2009603, 2, 96
2019.12605827, 50.7401956531277, 137.853015616588, 10.1789026260376, 2009603, 2, 97
2019.12605827, 50.7409101296752, 137.852905472952, 10.9571104049683, 2009603, 2, 95
2019.12605827, 50.7414575738783, 137.852821491619, 10.9941825866699, 2009603, 2, 96
2019.12605828, 50.7497306876967, 137.851548461426, 10.1850051879883, 2009603, 2, 57
2019.12605828, 50.7502707999478, 137.851469000595, 10.1803512573242, 2009603, 2, 87
2019.12605828, 50.750859221425, 137.851383695851, 10.2151556015015, 2009603, 2, 94
2019.12605828, 50.75149432777, 137.851283447679, 10.2505121231079, 2009603, 2, 97
2019.12605828, 50.7520484879353, 137.851192621955, 10.2986879348755, 2009603, 2, 97
2019.12605828, 50.7528476995693, 137.851073395272, 10.3609523773193, 2009603, 2, 97
2019.12605828, 50.7536196074466, 137.850962540331, 10.1378326416016, 2009603, 2, 97
2019.12605828, 50.7543639016618, 137.850838783813, 10.1287040710449, 2009603, 2, 96
2019.12605828, 50.7551542462358, 137.850719020526, 10.1176404953003, 2009603, 2, 97
2019.12605828, 50.7558862346827, 137.850622138053, 10.0956687927246, 2009603, 2, 96
2019.12605828, 50.7565855774966, 137.850513598362, 10.1471815109253, 2009603, 2, 95
2019.12605828, 50.7572211506315, 137.850402184624, 10.1775541305542, 2009603, 2, 94
2019.12605828, 50.7578379068, 137.850298594586, 10.1707210540771, 2009603, 2, 95
2019.12605828, 50.7586212236931, 137.850178732209, 10.1387710571289, 2009603, 2, 94
2019.12605828, 50.7593040334794, 137.85007776917, 10.3385944366455, 2009603, 2, 92
2019.12605828, 50.7600042850648, 137.849972846912, 10.4393396377563, 2009603, 2, 94
2019.12605828, 50.7607445532506, 137.84985855198, 10.4798164367676, 2009603, 2, 94
2019.12605828, 50.7613911588936, 137.849760302407, 11.0014677047729, 2009603, 2, 93
2019.12605828, 50.7620222968052, 137.849667857986, 11.3375825881958, 2009603, 2, 95
2019.12605828, 50.7627865822396, 137.849556226816, 11.369553565979, 2009603, 2, 94
2019.12605828, 50.763478847636, 137.849452646072, 11.9245796203613, 2009603, 2, 90
2019.12605828, 50.764186492507, 137.849344642239, 12.4894514083862, 2009603, 2, 86
2019.12605828, 50.7648694591684, 137.849239663259, 12.0876312255859, 2009603, 2, 85
2019.12605828, 50.7660659964718, 137.849060833133, 10.6664991378784, 2009603, 2, 97
2019.12605828, 50.7665410894592, 137.848990361979, 10.4582796096802, 2009603, 2, 98
2019.12605828, 50.7671457971445, 137.848899144686, 10.4175748825073, 2009603, 2, 97
2019.12605828, 50.7677324676668, 137.848809143525, 10.4556427001953, 2009603, 2, 97
2019.12605828, 50.7682676249906, 137.848726026435, 10.4414186477661, 2009603, 2, 97
2019.12605828, 50.7688530650509, 137.848637045992, 10.4035577774048, 2009603, 2, 97
2019.12605829, 50.7694952650141, 137.848543031073, 10.4709768295288, 2009603, 2, 97
2019.12605829, 50.7700744638705, 137.848456216065, 10.4451513290405, 2009603, 2, 97
2019.12605829, 50.7705974002544, 137.848372550046, 10.3813304901123, 2009603, 2, 97
2019.12605829, 50.7711915094002, 137.848274887518, 10.3904790878296, 2009603, 2, 97
2019.12605829, 50.7718945228582, 137.848163741765, 10.4367399215698, 2009603, 2, 97
2019.12605829, 50.7724805209926, 137.848075771949, 10.4012327194214, 2009603, 2, 97
2019.12605829, 50.772942974358, 137.84800757096, 10.3954133987427, 2009603, 2, 97
2019.12605829, 50.7736118675179, 137.847909901657, 10.4104146957397, 2009603, 2, 96
2019.12605829, 50.7742956526526, 137.84781352862, 10.3676652908325, 2009603, 2, 92
2019.12605829, 50.7749259396189, 137.847724677047, 10.4210815429688, 2009603, 2, 75
2019.12605829, 50.7787002687739, 137.847139221799, 10.3018245697021, 2009603, 2, 93
2019.12605829, 50.7792033322152, 137.847060353822, 10.2643690109253, 2009603, 2, 92
2019.12605731, 48.8435450681512, 138.182251376998, 453.515777587891, 2006423, 3, 71
2019.12605738, 48.9730131823386, 138.163205020724, 392.541595458984, 2006423, 3, 63
2019.12605738, 48.9731154695295, 138.163190121627, 392.511108398438, 2006423, 3, 63
2019.12605738, 48.9732176182436, 138.163175273124, 392.436889648438, 2006423, 3, 63
2019.12605802, 50.2716539950107, 137.969241480321, 137.875228881836, 2009603, 3, 67
2019.12605802, 50.2719720258175, 137.969192367213, 137.984909057617, 2009603, 3, 87
2019.12605802, 50.2721054753645, 137.969171790996, 138.009826660156, 2009603, 3, 85
2019.12605802, 50.2722641868195, 137.969147363649, 138.03466796875, 2009603, 3, 75
2019.12605825, 50.7306718177826, 137.899295357734, 10.2480039596558, 2009603, 3, 87
2019.12605825, 50.7310846602524, 137.899227891179, 10.1696109771729, 2009603, 3, 89
2019.12605825, 50.7315045353717, 137.899158775267, 9.66233730316162, 2009603, 3, 91
2019.12605825, 50.7319119654888, 137.899093973648, 9.76626968383789, 2009603, 3, 88
2019.12605825, 50.7322812189608, 137.89903903413, 10.366548538208, 2009603, 3, 82
2019.12605825, 50.7325994382685, 137.898993598396, 10.6672315597534, 2009603, 3, 89
2019.12605825, 50.7329111096538, 137.898948946984, 10.9053792953491, 2009603, 3, 86
2019.12605825, 50.7333242355206, 137.898887892881, 11.2501211166382, 2009603, 3, 75
2019.12605825, 50.7337050606892, 137.898827502835, 11.628288269043, 2009603, 3, 61
2019.12605826, 50.7355655286151, 137.898525477368, 11.5278882980347, 2009603, 3, 72
2019.12605826, 50.7359358709924, 137.898470068503, 11.0016355514526, 2009603, 3, 84
2019.12605826, 50.7366809023515, 137.898362507998, 9.58000469207764, 2009603, 3, 95
2019.12605826, 50.7369911612446, 137.898316182959, 9.57344341278076, 2009603, 3, 94
2019.12605826, 50.7373314587347, 137.898262768414, 9.60940265655518, 2009603, 3, 93
2019.12605826, 50.7376711210541, 137.898207364341, 9.9435920715332, 2009603, 3, 94
2019.12605826, 50.7380309278029, 137.898148485975, 9.90769863128662, 2009603, 3, 92
2019.12605826, 50.7384119999558, 137.898087219673, 9.81960010528564, 2009603, 3, 55
2019.12605826, 50.7485137263261, 137.8965321662, 11.6585626602173, 2009603, 3, 80
2019.12605826, 50.7487434553687, 137.89649900455, 11.2129058837891, 2009603, 3, 87
2019.12605826, 50.7489730474816, 137.8964662946, 10.981912612915, 2009603, 3, 86
2019.12605826, 50.7492406846878, 137.896428062104, 11.00719165802, 2009603, 3, 88
2019.12605826, 50.7495079672166, 137.89638910443, 11.0198287963867, 2009603, 3, 79
2019.12605826, 50.754502039387, 137.895609693734, 11.2549905776978, 2009603, 3, 79
2019.12605827, 50.7547493956217, 137.895572413897, 10.7861909866333, 2009603, 3, 79
2019.12605827, 50.7549712714584, 137.895538758787, 10.5748291015625, 2009603, 3, 88
2019.12605827, 50.7551929359021, 137.89550482466, 10.443473815918, 2009603, 3, 91
2019.12605827, 50.755446308405, 137.895465790487, 10.2276382446289, 2009603, 3, 95
2019.12605827, 50.7556935809022, 137.895427466882, 9.93675518035889, 2009603, 3, 95
2019.12605827, 50.7559601777122, 137.895385965386, 9.8092737197876, 2009603, 3, 96
2019.12605827, 50.7561889906502, 137.895350252656, 9.80096244812012, 2009603, 3, 96
2019.12605827, 50.7564438218417, 137.8953103411, 9.80728435516357, 2009603, 3, 96
2019.12605827, 50.7567117068176, 137.8952684031, 9.81282711029053, 2009603, 3, 96
2019.12605827, 50.756941459039, 137.895232497347, 9.72668743133545, 2009603, 3, 96
2019.12605827, 50.7571840122417, 137.895194672653, 9.72322750091553, 2009603, 3, 97
2019.12605827, 50.7573882547534, 137.895162878916, 9.72677040100098, 2009603, 3, 96
2019.12605827, 50.757611495724, 137.895128320019, 9.73755741119385, 2009603, 3, 95
2019.12605827, 50.7578154397095, 137.895096852124, 9.75563049316406, 2009603, 3, 95
2019.12605827, 50.7580447264436, 137.895061321499, 9.72055435180664, 2009603, 3, 95
2019.12605827, 50.7583056102044, 137.895020600611, 9.71061038970947, 2009603, 3, 96
2019.12605827, 50.7585662865304, 137.894979532535, 9.73283195495605, 2009603, 3, 96
2019.12605827, 50.7588140392587, 137.894940074129, 9.72164058685303, 2009603, 3, 97
2019.12605827, 50.759093301253, 137.894894859737, 9.73254203796387, 2009603, 3, 95
2019.12605827, 50.759359890957, 137.894851915154, 9.74114990234375, 2009603, 3, 95
2019.12605827, 50.7596265743153, 137.894809517164, 9.73261070251465, 2009603, 3, 95
2019.12605827, 50.7598552843832, 137.894773789945, 9.78111171722412, 2009603, 3, 94
2019.12605827, 50.7600650379772, 137.894741670889, 9.91880226135254, 2009603, 3, 86
2019.12605827, 50.7602751368767, 137.894710525732, 10.2111654281616, 2009603, 3, 86
2019.12605827, 50.7604915111699, 137.894678796906, 10.9618825912476, 2009603, 3, 86
2019.12605827, 50.7607077868943, 137.894647214105, 11.1650819778442, 2009603, 3, 86
2019.12605827, 50.760898448196, 137.894619325914, 11.3918123245239, 2009603, 3, 80
2019.12605827, 50.7611143014555, 137.894587540831, 11.4417934417725, 2009603, 3, 74
2019.12605827, 50.761317199952, 137.894557341544, 11.4552145004272, 2009603, 3, 68
2019.12605827, 50.7615258445221, 137.894525418974, 11.3551111221313, 2009603, 3, 60
2019.12605827, 50.7626024763889, 137.894357983893, 10.9585981369019, 2009603, 3, 53
2019.12605827, 50.7627873418976, 137.894329579861, 10.5706014633179, 2009603, 3, 71
2019.12605827, 50.7632150489576, 137.894263815444, 9.76654148101807, 2009603, 3, 84
2019.12605827, 50.7634193457009, 137.894232270973, 9.7314453125, 2009603, 3, 91
2019.12605827, 50.7636108040625, 137.894202569512, 9.73066711425781, 2009603, 3, 93
2019.12605827, 50.7638276471978, 137.894168790192, 9.81582832336426, 2009603, 3, 93
2019.12605827, 50.7640311327153, 137.894136605399, 9.8098726272583, 2009603, 3, 95
2019.12605827, 50.764221754271, 137.894106377804, 9.81808662414551, 2009603, 3, 95
2019.12605827, 50.764469419409, 137.894067115075, 9.85237503051758, 2009603, 3, 97
2019.12605827, 50.7646916255523, 137.894032016828, 9.83786964416504, 2009603, 3, 97
2019.12605827, 50.7648821104587, 137.89400210444, 9.84394931793213, 2009603, 3, 96
2019.12605827, 50.7650725915866, 137.893972363409, 9.85406589508057, 2009603, 3, 97
2019.12605827, 50.7652635031471, 137.893942983154, 9.82151889801025, 2009603, 3, 97
2019.12605827, 50.7654799162529, 137.893909966761, 9.83499336242676, 2009603, 3, 97
2019.12605827, 50.7658491525963, 137.893854223851, 9.80603313446045, 2009603, 3, 97
2019.12605827, 50.766071936323, 137.893820849989, 9.76281833648682, 2009603, 3, 97
2019.12605827, 50.7662755415235, 137.89379044837, 9.82099628448486, 2009603, 3, 97
2019.12605827, 50.766466279605, 137.893761980115, 9.83950328826904, 2009603, 3, 97
2019.12605827, 50.7667012829384, 137.893726842293, 9.83147430419922, 2009603, 3, 97
2019.12605827, 50.7669363934449, 137.893691580997, 9.836106300354, 2009603, 3, 97
2019.12605827, 50.7671271782648, 137.893662840762, 9.84468746185303, 2009603, 3, 96
2019.12605827, 50.7673181247936, 137.893633932633, 9.79654407501221, 2009603, 3, 96
2019.12605827, 50.7674901622446, 137.893607739029, 9.84762477874756, 2009603, 3, 96
2019.12605827, 50.7676814699475, 137.893578445905, 9.86842632293701, 2009603, 3, 97
2019.12605827, 50.7678605187562, 137.893550927657, 9.88808727264404, 2009603, 3, 97
2019.12605827, 50.7680523541512, 137.893521239404, 9.82780361175537, 2009603, 3, 97
2019.12605827, 50.7682633202571, 137.893488328467, 9.8404369354248, 2009603, 3, 96
2019.12605827, 50.7684676726397, 137.893456208008, 9.85548973083496, 2009603, 3, 96
2019.12605827, 50.768697217372, 137.893419881821, 9.77782249450684, 2009603, 3, 97
2019.12605827, 50.768926324685, 137.893383482447, 9.73912334442139, 2009603, 3, 97
2019.12605827, 50.7691292611139, 137.893350794114, 9.84062004089355, 2009603, 3, 96
2019.12605827, 50.7692939177607, 137.893324342029, 9.83889389038086, 2009603, 3, 97
2019.12605827, 50.7694457559286, 137.893300080182, 9.83559894561768, 2009603, 3, 97
2019.12605827, 50.7696607631702, 137.893266031601, 9.82590484619141, 2009603, 3, 97
2019.12605827, 50.7698377839023, 137.893238346172, 9.86467552185059, 2009603, 3, 97
2019.12605827, 50.7700275383535, 137.893209054327, 9.8060884475708, 2009603, 3, 98
2019.12605827, 50.7702111094246, 137.893181093056, 9.81244468688965, 2009603, 3, 98
2019.12605827, 50.7704265325034, 137.893149334286, 9.78006172180176, 2009603, 3, 97
2019.12605827, 50.7706233219825, 137.893120511055, 9.73074245452881, 2009603, 3, 97
2019.12605827, 50.7708332389432, 137.893089762522, 9.75006008148193, 2009603, 3, 97
2019.12605827, 50.7710308938449, 137.89306063166, 9.86064720153809, 2009603, 3, 97
2019.12605827, 50.7712289703836, 137.893031133421, 9.7597074508667, 2009603, 3, 97
2019.12605827, 50.7714079840327, 137.893004414425, 9.71213817596436, 2009603, 3, 97
2019.12605827, 50.7715944083798, 137.892975297935, 9.75109386444092, 2009603, 3, 97
2019.12605827, 50.7718002394709, 137.892942827209, 9.68148040771484, 2009603, 3, 97
2019.12605827, 50.7719738429209, 137.892915293619, 9.7468843460083, 2009603, 3, 97
2019.12605827, 50.7721665085672, 137.892884708205, 9.73254871368408, 2009603, 3, 97
2019.12605827, 50.7723524208459, 137.892855278416, 9.71816349029541, 2009603, 3, 97
2019.12605827, 50.7725315094189, 137.892827102903, 9.70457458496094, 2009603, 3, 96
2019.12605827, 50.7727041556017, 137.892799927954, 9.71574783325195, 2009603, 3, 96
2019.12605827, 50.7728752198425, 137.892774047261, 9.71156024932861, 2009603, 3, 97
2019.12605827, 50.7730397403555, 137.892749318639, 9.73313236236572, 2009603, 3, 96
2019.12605827, 50.7732232054315, 137.892721830595, 9.73438739776611, 2009603, 3, 96
2019.12605827, 50.7733878337753, 137.892697153456, 9.73031711578369, 2009603, 3, 97
2019.12605827, 50.7735463474913, 137.892673316954, 9.729172706604, 2009603, 3, 97
2019.12605827, 50.7737179202094, 137.892647361829, 9.74217414855957, 2009603, 3, 97
2019.12605827, 50.7739027170384, 137.892619170064, 9.72770690917969, 2009603, 3, 97
2019.12605827, 50.7740819286298, 137.89259144054, 9.74054908752441, 2009603, 3, 97
2019.12605827, 50.7742559327798, 137.892563898739, 9.73434448242188, 2009603, 3, 96
2019.12605827, 50.7744236444165, 137.892537254707, 9.77326679229736, 2009603, 3, 96
2019.12605827, 50.7745526618963, 137.892516741718, 9.7574462890625, 2009603, 3, 97
2019.12605828, 50.774687989339, 137.892495263412, 9.82938385009766, 2009603, 3, 97
2019.12605828, 50.7748295859521, 137.892472863464, 9.92460823059082, 2009603, 3, 97
2019.12605828, 50.7750157140486, 137.892443620121, 9.96938514709473, 2009603, 3, 97
2019.12605828, 50.7751820269628, 137.892417732234, 10.0687084197998, 2009603, 3, 97
2019.12605828, 50.7753349711598, 137.892394182839, 9.902174949646, 2009603, 3, 97
2019.12605828, 50.7755434108605, 137.892362986579, 9.7825231552124, 2009603, 3, 96
2019.12605828, 50.7757197199834, 137.89233683557, 9.7526388168335, 2009603, 3, 96
2019.12605828, 50.7759145316192, 137.892308093389, 9.75611686706543, 2009603, 3, 96
2019.12605828, 50.7761217566431, 137.892277571063, 9.73830890655518, 2009603, 3, 97
2019.12605828, 50.7763480217602, 137.892244155173, 9.73969650268555, 2009603, 3, 97
2019.12605828, 50.7765494416643, 137.892214325578, 9.73782920837402, 2009603, 3, 97
2019.12605828, 50.7767647097093, 137.892181645762, 9.76520347595215, 2009603, 3, 97
2019.12605828, 50.7769869801115, 137.89214775642, 9.73027896881104, 2009603, 3, 97
2019.12605828, 50.7772034429436, 137.892114720061, 9.79401779174805, 2009603, 3, 98
2019.12605828, 50.7773948161663, 137.892085561614, 9.88397216796875, 2009603, 3, 98
2019.12605828, 50.777592821397, 137.892055504761, 9.95405673980713, 2009603, 3, 98
2019.12605828, 50.777778166263, 137.892027351594, 9.94302749633789, 2009603, 3, 97
2019.12605828, 50.7779635827868, 137.891999850306, 10.0254278182983, 2009603, 3, 98
2019.12605828, 50.7781425277594, 137.891973399465, 10.0085420608521, 2009603, 3, 97
2019.12605828, 50.7783276979236, 137.891946053515, 10.0042943954468, 2009603, 3, 98
2019.12605828, 50.7784934724409, 137.891921542457, 10.0773897171021, 2009603, 3, 98
2019.12605828, 50.7786971705553, 137.891891305492, 9.96660614013672, 2009603, 3, 97
2019.12605828, 50.7788877486836, 137.891862838705, 9.98962020874023, 2009603, 3, 97
2019.12605828, 50.7790527350745, 137.891838149547, 9.90543937683105, 2009603, 3, 97
2019.12605828, 50.779254943949, 137.891807161838, 10.0640916824341, 2009603, 3, 98
2019.12605828, 50.779469516763, 137.891774035926, 10.001166343689, 2009603, 3, 98
2019.12605828, 50.779658712575, 137.891744694587, 10.0181159973145, 2009603, 3, 97
2019.12605828, 50.7798416223827, 137.891716269355, 9.99430656433105, 2009603, 3, 97
2019.12605828, 50.7800183347898, 137.891688807039, 9.98961734771729, 2009603, 3, 98
2019.12605828, 50.7802205657712, 137.891657429555, 10.0662155151367, 2009603, 3, 98
2019.12605828, 50.780416857407, 137.891627098154, 10.0066213607788, 2009603, 3, 98
2019.12605828, 50.7805818951969, 137.891601879863, 9.979323387146, 2009603, 3, 98
2019.12605828, 50.78079816665, 137.891568896675, 10.0077857971191, 2009603, 3, 98
2019.12605828, 50.7810021214454, 137.891537818354, 10.0603551864624, 2009603, 3, 98
2019.12605828, 50.7811936755067, 137.89150860599, 10.0458812713623, 2009603, 3, 98
2019.12605828, 50.7814110979321, 137.891475379423, 10.0714302062988, 2009603, 3, 98
2019.12605828, 50.7816350847326, 137.891441102905, 10.0702285766602, 2009603, 3, 98
2019.12605828, 50.7818273481887, 137.891411269593, 10.026349067688, 2009603, 3, 98
2019.12605828, 50.7820259523637, 137.891380424112, 10.0512676239014, 2009603, 3, 98
2019.12605828, 50.7822308015588, 137.891348630666, 10.055248260498, 2009603, 3, 98
2019.12605828, 50.7824225723685, 137.891318939172, 10.0563344955444, 2009603, 3, 98
2019.12605828, 50.7826012801103, 137.891291359007, 9.99477767944336, 2009603, 3, 97
2019.12605828, 50.782792369666, 137.891261989412, 9.98634433746338, 2009603, 3, 97
2019.12605828, 50.7829957213797, 137.891230955731, 10.0898580551147, 2009603, 3, 97
2019.12605828, 50.7832047808243, 137.891199446156, 10.0427331924438, 2009603, 3, 96
2019.12605828, 50.7833945941927, 137.891170806626, 10.0497188568115, 2009603, 3, 96
2019.12605828, 50.7836095692491, 137.891138229132, 10.0798482894897, 2009603, 3, 96
2019.12605828, 50.7837992471602, 137.891109284421, 10.0895080566406, 2009603, 3, 96
2019.12605828, 50.7839826711657, 137.891081075364, 10.0270195007324, 2009603, 3, 96
2019.12605828, 50.7841852689097, 137.891049712898, 10.0382881164551, 2009603, 3, 96
2019.12605828, 50.7843819707211, 137.891018497192, 9.98891639709473, 2009603, 3, 96
2019.12605828, 50.784528088187, 137.890995236154, 9.9816837310791, 2009603, 3, 97
2019.12605828, 50.7846998016227, 137.890967906943, 10.0139265060425, 2009603, 3, 97
2019.12605828, 50.7848780456951, 137.89093964168, 10.0289964675903, 2009603, 3, 96
2019.12605828, 50.7850564506632, 137.890911544787, 10.0451021194458, 2009603, 3, 96
2019.12605828, 50.7852413920714, 137.890882698663, 10.0109701156616, 2009603, 3, 96
2019.12605828, 50.7854136422969, 137.890855981963, 10.0369672775269, 2009603, 3, 97
2019.12605828, 50.7856051243448, 137.890827267542, 10.0223197937012, 2009603, 3, 97
2019.12605828, 50.7857966263958, 137.890798886663, 10.0020790100098, 2009603, 3, 97
2019.12605828, 50.7860008186995, 137.890768904791, 10.0859413146973, 2009603, 3, 97
2019.12605828, 50.7861857709694, 137.890741899388, 10.0410852432251, 2009603, 3, 97
2019.12605828, 50.7863833596701, 137.890713103026, 9.99024772644043, 2009603, 3, 97
2019.12605828, 50.7865871226067, 137.890683373939, 10.0461702346802, 2009603, 3, 97
2019.12605828, 50.7867907039651, 137.890653498774, 10.0295581817627, 2009603, 3, 97
2019.12605828, 50.7869749390719, 137.890626067487, 10.0699214935303, 2009603, 3, 97
2019.12605828, 50.7871907962996, 137.890593796002, 10.0952939987183, 2009603, 3, 97
2019.12605828, 50.7873938627526, 137.890563344082, 10.0529985427856, 2009603, 3, 96
2019.12605828, 50.7875841661279, 137.890534767589, 9.99985027313232, 2009603, 3, 97
2019.12605828, 50.7877744466259, 137.89050618654, 10.0597944259644, 2009603, 3, 95
2019.12605828, 50.7879647962492, 137.89047749883, 10.0696411132812, 2009603, 3, 95
2019.12605828, 50.7881297835919, 137.890452990662, 10.0632905960083, 2009603, 3, 95
2019.12605828, 50.7883647382738, 137.890418052589, 10.0322408676147, 2009603, 3, 94
2019.12605828, 50.7885426961293, 137.890391511703, 10.2470712661743, 2009603, 3, 92
2019.12605828, 50.788708088122, 137.890366748072, 10.4715700149536, 2009603, 3, 92
2019.12605732, 48.8441795457914, 138.183179294692, 453.530364990234, 2006423, 4, 69
2019.12605732, 48.8444405511463, 138.1831420407, 453.398712158203, 2006423, 4, 85
2019.12605739, 48.9725951540678, 138.164314015441, 392.588958740234, 2006423, 4, 83
2019.12605826, 50.7327782745108, 137.900023251523, 11.5207891464233, 2009603, 4, 76
2019.12605827, 50.7336611442165, 137.899885860577, 12.0145788192749, 2009603, 4, 52
2019.12605827, 50.7352866947447, 137.899638081769, 12.2638864517212, 2009603, 4, 64
2019.12605827, 50.7371074626728, 137.899359650753, 9.92186832427979, 2009603, 4, 94
2019.12605827, 50.7379112599141, 137.899232983805, 10.0863008499146, 2009603, 4, 95
2019.12605827, 50.7498873075794, 137.897392333615, 10.9406185150146, 2009603, 4, 88
2019.12605828, 50.7557518577224, 137.89649655162, 11.2137355804443, 2009603, 4, 92
2019.12605828, 50.7570811642544, 137.896290891815, 9.77353000640869, 2009603, 4, 96
2019.12605828, 50.757692406005, 137.896195502802, 9.72022914886475, 2009603, 4, 95
2019.12605828, 50.7582781178633, 137.896105052628, 9.73371124267578, 2009603, 4, 96
2019.12605828, 50.7589143579693, 137.896009284628, 9.74942016601562, 2009603, 4, 97
2019.12605828, 50.7595626985219, 137.895913087485, 9.69528770446777, 2009603, 4, 95
2019.12605828, 50.7602358292495, 137.895810565889, 9.73762989044189, 2009603, 4, 96
2019.12605828, 50.7608580030446, 137.895713600221, 9.74500560760498, 2009603, 4, 95
2019.12605828, 50.761556914247, 137.895606488702, 10.8999271392822, 2009603, 4, 86
2019.12605828, 50.7619575416293, 137.895546233162, 11.1031932830811, 2009603, 4, 81
2019.12605828, 50.7625046416297, 137.8954638765, 11.223575592041, 2009603, 4, 68
2019.12605828, 50.7629945009809, 137.895388929744, 10.8233137130737, 2009603, 4, 72
2019.12605828, 50.7635607871571, 137.895301927714, 9.91018676757812, 2009603, 4, 90
2019.12605828, 50.7641399433559, 137.895213520576, 9.82913875579834, 2009603, 4, 94
2019.12605828, 50.7647062829963, 137.89512757855, 9.78795337677002, 2009603, 4, 96
2019.12605828, 50.7652023581211, 137.895052251888, 9.80389881134033, 2009603, 4, 97
2019.12605828, 50.7657746319735, 137.894965498099, 9.79795169830322, 2009603, 4, 97
2019.12605828, 50.7663540122359, 137.894879331064, 9.80685615539551, 2009603, 4, 97
2019.12605828, 50.7668961916159, 137.894800681848, 9.83559513092041, 2009603, 4, 96
2019.12605828, 50.7675654571188, 137.894701791405, 9.82752227783203, 2009603, 4, 96
2019.12605828, 50.7681502526459, 137.894610985501, 9.86469078063965, 2009603, 4, 96
2019.12605828, 50.7686517853676, 137.894532737754, 9.84076023101807, 2009603, 4, 96
2019.12605828, 50.7691786996676, 137.894452465368, 9.79665374755859, 2009603, 4, 96
2019.12605828, 50.7698014333961, 137.894359422561, 9.82883930206299, 2009603, 4, 97
2019.12605828, 50.7703231614509, 137.894280770277, 9.76613426208496, 2009603, 4, 97
2019.12605828, 50.7707815983346, 137.894210734732, 9.7630615234375, 2009603, 4, 97
2019.12605828, 50.771214434981, 137.894145066534, 9.7776460647583, 2009603, 4, 97
2019.12605828, 50.7716405246801, 137.894081571506, 9.68631267547607, 2009603, 4, 97
2019.12605828, 50.7721425257842, 137.894008043065, 9.70274353027344, 2009603, 4, 97
2019.12605828, 50.7725936927795, 137.893942112218, 9.69801998138428, 2009603, 4, 97
2019.12605829, 50.7730578336282, 137.893873646644, 9.77340030670166, 2009603, 4, 97
2019.12605829, 50.7735859863768, 137.893794496545, 9.7521276473999, 2009603, 4, 96
2019.12605829, 50.7741845868345, 137.893703178286, 9.75181102752686, 2009603, 4, 97
2019.12605829, 50.7747767015935, 137.893612254244, 9.71131134033203, 2009603, 4, 96
2019.12605829, 50.7753423580611, 137.893526672799, 9.99915981292725, 2009603, 4, 97
2019.12605829, 50.7758245493625, 137.89345516212, 9.6933650970459, 2009603, 4, 96
2019.12605829, 50.7763643220769, 137.89337460291, 9.74815273284912, 2009603, 4, 97
2019.12605829, 50.7768927862737, 137.893293833736, 9.86957454681396, 2009603, 4, 98
2019.12605829, 50.7774790312878, 137.893204067016, 10.0001811981201, 2009603, 4, 97
2019.12605829, 50.7780514255013, 137.893118843985, 9.89927864074707, 2009603, 4, 97
2019.12605829, 50.7786037882169, 137.89303807394, 9.94718360900879, 2009603, 4, 96
2019.12605829, 50.7791883286823, 137.892950750449, 9.93471431732178, 2009603, 4, 97
2019.12605829, 50.7797165915323, 137.892869255943, 9.93900108337402, 2009603, 4, 98
2019.12605829, 50.7803468080822, 137.892772068634, 9.95821857452393, 2009603, 4, 97
2019.12605829, 50.7809001305557, 137.892688796984, 10.0586709976196, 2009603, 4, 98
2019.12605829, 50.7814273662358, 137.892610646775, 10.0498495101929, 2009603, 4, 97
2019.12605829, 50.7820047758802, 137.892525467754, 10.0379581451416, 2009603, 4, 97
2019.12605829, 50.7825956491124, 137.892437411941, 10.0400094985962, 2009603, 4, 98
2019.12605829, 50.7832204828865, 137.892342346098, 10.0146789550781, 2009603, 4, 97
2019.12605829, 50.7838265662691, 137.892249318232, 10.0887660980225, 2009603, 4, 96
2019.12605829, 50.7843540702963, 137.892169218724, 10.0796384811401, 2009603, 4, 96
2019.12605829, 50.7849238109404, 137.892083708986, 10.0529298782349, 2009603, 4, 95
2019.12605829, 50.7854744264179, 137.892000712588, 10.0327577590942, 2009603, 4, 97
2019.12605829, 50.7859375478062, 137.891930075529, 9.99741744995117, 2009603, 4, 97
2019.12605829, 50.7864714444596, 137.891848499109, 9.98798179626465, 2009603, 4, 98
2019.12605829, 50.7869996483427, 137.891768158982, 9.99248123168945, 2009603, 4, 96
2019.12605829, 50.7875475529461, 137.89168577457, 9.93561553955078, 2009603, 4, 95
2019.12605829, 50.7881215753531, 137.891600687623, 9.94318580627441, 2009603, 4, 95
2019.12605733, 48.8807503873889, 138.220802444998, 440.826293945312, 2006423, 5, 57
2019.12605733, 48.8808271726945, 138.22079134577, 440.828430175781, 2006423, 5, 57
2019.12605733, 48.8808912274452, 138.220782131184, 440.780090332031, 2006423, 5, 57
2019.12605733, 48.8809680995841, 138.220771039449, 440.793182373047, 2006423, 5, 57
2019.12605733, 48.8810385789945, 138.220760868693, 440.75048828125, 2006423, 5, 80
2019.12605733, 48.8811154861926, 138.220749793697, 440.656707763672, 2006423, 5, 80
2019.12605733, 48.8811795786371, 138.220740581336, 440.669189453125, 2006423, 5, 80
2019.12605733, 48.8813077056185, 138.220722169738, 440.680328369141, 2006423, 5, 94
2019.12605733, 48.8813716930517, 138.220712929372, 440.681945800781, 2006423, 5, 94
2019.12605733, 48.88143570021, 138.22070377433, 440.669799804688, 2006423, 5, 94
2019.12605733, 48.8814932578748, 138.220695531282, 440.593536376953, 2006423, 5, 94
2019.12605733, 48.8815380056916, 138.220689136146, 440.619140625, 2006423, 5, 96
2019.12605733, 48.8815954870613, 138.220680905026, 440.588775634766, 2006423, 5, 96
2019.12605733, 48.881672072715, 138.220669974873, 440.568878173828, 2006423, 5, 96
2019.12605733, 48.8817358521493, 138.220660913987, 440.482818603516, 2006423, 5, 96
2019.12605733, 48.8818058835228, 138.220650898253, 440.429290771484, 2006423, 5, 95
2019.12605733, 48.8818695230577, 138.220641869044, 440.420837402344, 2006423, 5, 95
2019.12605733, 48.8819397778655, 138.22063179313, 440.359802246094, 2006423, 5, 95
2019.12605733, 48.8819966738748, 138.220623838796, 440.341796875, 2006423, 5, 95
2019.12605733, 48.8820534814028, 138.220615845801, 440.347290039062, 2006423, 5, 69
2019.12605733, 48.8821102687495, 138.220607898404, 440.363708496094, 2006423, 5, 69
2019.12605733, 48.8821544096137, 138.220601719361, 440.347991943359, 2006423, 5, 69
2019.12605733, 48.8821922255485, 138.220596422475, 440.331085205078, 2006423, 5, 69
2019.12605733, 48.8822363360521, 138.220590258022, 440.355529785156, 2006423, 5, 69
2019.12605733, 48.887253350305, 138.219867714593, 439.175109863281, 2006423, 5, 73
2019.12605733, 48.8873304253785, 138.219857201911, 438.967987060547, 2006423, 5, 73
2019.12605733, 48.8874074835081, 138.219846548396, 439.153625488281, 2006423, 5, 73
2019.12605733, 48.8874782250674, 138.219836836626, 439.215606689453, 2006423, 5, 73
2019.12605733, 48.8875425668359, 138.21982799582, 439.242218017578, 2006423, 5, 85
2019.12605733, 48.8876069120043, 138.219819113712, 439.245727539062, 2006423, 5, 85
2019.12605733, 48.88768413097, 138.219808421403, 439.215911865234, 2006423, 5, 85
2019.12605802, 50.2768205652587, 138.013802327651, 142.987854003906, 2009603, 5, 61
2019.12605803, 50.2769409943698, 138.013784349229, 143.145324707031, 2009603, 5, 61
2019.12605827, 50.7631905122165, 137.940111765607, 9.74470520019531, 2009603, 5, 92
2019.12605827, 50.7645403454134, 137.939900770237, 11.7173519134521, 2009603, 5, 72
2019.12605827, 50.76522370023, 137.939792904975, 11.3419399261475, 2009603, 5, 79
2019.12605827, 50.7659166961575, 137.939686933211, 11.1449117660522, 2009603, 5, 85
2019.12605827, 50.7665529850974, 137.939591396138, 11.0727396011353, 2009603, 5, 85
2019.12605827, 50.767193842196, 137.939494818695, 11.0314483642578, 2009603, 5, 87
2019.12605827, 50.7679381624541, 137.939380163032, 11.0100765228271, 2009603, 5, 87
2019.12605827, 50.7686790791798, 137.939264310408, 10.5906763076782, 2009603, 5, 89
2019.12605827, 50.7694201829661, 137.939149969008, 10.1887454986572, 2009603, 5, 95
2019.12605827, 50.7700040899787, 137.93906203679, 9.83401203155518, 2009603, 5, 94
2019.12605827, 50.7706120263219, 137.938972435941, 9.74226951599121, 2009603, 5, 95
2019.12605827, 50.771272709075, 137.938874604552, 9.70486354827881, 2009603, 5, 95
2019.12605827, 50.7719344031272, 137.938773736007, 9.7467041015625, 2009603, 5, 95
2019.12605827, 50.772501903429, 137.938686425785, 9.71389484405518, 2009603, 5, 96
2019.12605827, 50.7731118387219, 137.938593469095, 9.68898868560791, 2009603, 5, 95
2019.12605827, 50.773654667809, 137.938510195158, 9.68345260620117, 2009603, 5, 95
2019.12605827, 50.7741850841267, 137.938427044496, 9.70876026153564, 2009603, 5, 96
2019.12605827, 50.7746961338055, 137.938345525256, 9.92948246002197, 2009603, 5, 94
2019.12605827, 50.7752330396386, 137.938259661992, 10.2369022369385, 2009603, 5, 94
2019.12605827, 50.7757897164805, 137.938171702651, 10.2791204452515, 2009603, 5, 93
2019.12605827, 50.7764668367466, 137.938067031775, 10.2928228378296, 2009603, 5, 95
2019.12605827, 50.7769444164366, 137.937995239069, 9.88907146453857, 2009603, 5, 96
2019.12605827, 50.7774015419483, 137.937926354141, 9.63319206237793, 2009603, 5, 97
2019.12605827, 50.7778132059144, 137.937863530573, 9.59841156005859, 2009603, 5, 97
2019.12605827, 50.778148353593, 137.93781140544, 9.63612365722656, 2009603, 5, 95
2019.12605828, 50.7785721107314, 137.93774684065, 11.0280027389526, 2009603, 5, 77
2019.12605828, 50.7793780050317, 137.937633058289, 9.59644985198975, 2009603, 5, 77
2019.12605828, 50.7798233677234, 137.93757224694, 9.59193420410156, 2009603, 5, 86
2019.12605828, 50.7802879079636, 137.937505676023, 9.66231632232666, 2009603, 5, 90
2019.12605828, 50.7806945758827, 137.937441665413, 9.61317253112793, 2009603, 5, 95
2019.12605828, 50.7810506217803, 137.937384189709, 9.62419700622559, 2009603, 5, 96
2019.12605828, 50.7814898965475, 137.937313047559, 9.65488147735596, 2009603, 5, 96
2019.12605828, 50.7818919088374, 137.937251414338, 9.76791095733643, 2009603, 5, 96
2019.12605828, 50.7823136205485, 137.937187558368, 9.82512760162354, 2009603, 5, 97
2019.12605828, 50.7827098312899, 137.937127334648, 9.80901908874512, 2009603, 5, 97
2019.12605828, 50.7830419624484, 137.937075583053, 9.88467121124268, 2009603, 5, 97
2019.12605828, 50.783805517883, 137.936957047317, 9.75354385375977, 2009603, 5, 98
2019.12605828, 50.784222750568, 137.936895662594, 9.73938655853271, 2009603, 5, 98
2019.12605828, 50.7846699739148, 137.936833206852, 9.65868759155273, 2009603, 5, 98
2019.12605828, 50.7851118495707, 137.93677105644, 9.74678039550781, 2009603, 5, 98
2019.12605828, 50.7855564134605, 137.936705653016, 9.63778018951416, 2009603, 5, 97
2019.12605828, 50.786029322638, 137.9366321791, 9.63343906402588, 2009603, 5, 96
2019.12605828, 50.7865477613074, 137.936549023579, 9.6952657699585, 2009603, 5, 97
2019.12605828, 50.7870394867909, 137.936469682038, 9.65977096557617, 2009603, 5, 97
2019.12605828, 50.7875490800516, 137.936388716565, 9.70879459381104, 2009603, 5, 97
2019.12605828, 50.7879244440883, 137.936330498874, 9.7145357131958, 2009603, 5, 97
2019.12605828, 50.7883439590529, 137.936267386714, 9.67207527160645, 2009603, 5, 97
2019.12605828, 50.7887576679558, 137.936205754219, 9.63158321380615, 2009603, 5, 98
2019.12605828, 50.7891784403573, 137.936143072102, 9.69510364532471, 2009603, 5, 97
2019.12605828, 50.7896135543817, 137.936077069976, 9.57589912414551, 2009603, 5, 97
2019.12605828, 50.7900281759737, 137.936014360764, 9.59778785705566, 2009603, 5, 97
2019.12605828, 50.7904343782901, 137.935953512665, 9.59519577026367, 2009603, 5, 97
2019.12605828, 50.7908115678835, 137.935898404722, 9.58847236633301, 2009603, 5, 96
2019.12605828, 50.7911822822603, 137.935844542624, 9.59442329406738, 2009603, 5, 96
2019.12605828, 50.7915481463692, 137.935791232857, 9.54945659637451, 2009603, 5, 97
2019.12605828, 50.7918594631083, 137.935745362779, 9.57587432861328, 2009603, 5, 97
2019.12605828, 50.7922372606491, 137.935688960668, 9.60541725158691, 2009603, 5, 98
2019.12605828, 50.792590602452, 137.935635784662, 9.61707878112793, 2009603, 5, 98
2019.12605828, 50.7928926691588, 137.93559021642, 9.56219387054443, 2009603, 5, 97
2019.12605828, 50.7932388595427, 137.935537942346, 9.59891414642334, 2009603, 5, 97
2019.12605828, 50.7935519291955, 137.935490905066, 9.6929817199707, 2009603, 5, 98
2019.12605828, 50.7938639466443, 137.935444330554, 9.76323318481445, 2009603, 5, 98
2019.12605828, 50.79418134736, 137.935397292224, 9.67493152618408, 2009603, 5, 97
2019.12605828, 50.7945165530925, 137.935348083331, 9.83456516265869, 2009603, 5, 98
2019.12605828, 50.7948136522449, 137.935304736137, 9.73318290710449, 2009603, 5, 98
2019.12605828, 50.7952003541678, 137.935248236063, 9.63511085510254, 2009603, 5, 97
2019.12605828, 50.7955825096022, 137.935192123163, 9.65221691131592, 2009603, 5, 96
2019.12605828, 50.7959164031461, 137.93514250556, 9.60240840911865, 2009603, 5, 97
2019.12605828, 50.7962304633722, 137.935095732487, 9.67161178588867, 2009603, 5, 97
2019.12605828, 50.7964984017512, 137.93505587235, 9.52597713470459, 2009603, 5, 96
2019.12605828, 50.7971468181286, 137.934960074633, 11.435131072998, 2009603, 5, 56
2019.12605734, 48.8837250173997, 138.221482811761, 439.552917480469, 2006423, 6, 91
2019.12605734, 48.8839097669353, 138.221457059678, 439.555816650391, 2006423, 6, 91
2019.12605734, 48.8840880258276, 138.221432201944, 439.521881103516, 2006423, 6, 91
2019.12605734, 48.8842915669484, 138.221403673027, 439.496978759766, 2006423, 6, 87
2019.12605734, 48.8844632458793, 138.221379501414, 439.483825683594, 2006423, 6, 87
2019.12605734, 48.8846405883062, 138.221353873472, 439.457397460938, 2006423, 6, 85
2019.12605734, 48.884836881782, 138.221325259473, 439.445159912109, 2006423, 6, 84
2019.12605734, 48.8850205871859, 138.221298381923, 439.423004150391, 2006423, 6, 89
2019.12605734, 48.8851854298779, 138.221274194047, 439.42919921875, 2006423, 6, 89
2019.12605734, 48.8853758852661, 138.221246261839, 439.508087158203, 2006423, 6, 84
2019.12605734, 48.885674618316, 138.221202319834, 439.50927734375, 2006423, 6, 81
2019.12605734, 48.8858985686999, 138.221170106527, 439.496215820312, 2006423, 6, 80
2019.12605734, 48.8861676637426, 138.221131456967, 439.501495361328, 2006423, 6, 78
2019.12605734, 48.8864239532622, 138.221094604204, 439.443511962891, 2006423, 6, 80
2019.12605734, 48.8866735218545, 138.221058562303, 439.426300048828, 2006423, 6, 79
2019.12605734, 48.8869225377303, 138.221022324938, 439.459289550781, 2006423, 6, 81
2019.12605734, 48.8871958917468, 138.220982022552, 439.545166015625, 2006423, 6, 96
2019.12605829, 50.7791111582266, 137.938833207549, 9.64537048339844, 2009603, 6, 87
2019.12605829, 50.780288772972, 137.938658507563, 9.62527656555176, 2009603, 6, 86
2019.12605829, 50.7815618588789, 137.938466185361, 9.68569087982178, 2009603, 6, 96
2019.12605829, 50.7839865732785, 137.938100862265, 9.85365390777588, 2009603, 6, 98
2019.12605829, 50.7865760109307, 137.937714135515, 9.80494689941406, 2009603, 6, 97
2019.12605829, 50.7880208489665, 137.937500517225, 9.72992515563965, 2009603, 6, 97
2019.12605829, 50.7894022097255, 137.937291135877, 9.67388439178467, 2009603, 6, 98
2019.12605829, 50.7904134229969, 137.937138192896, 9.63519859313965, 2009603, 6, 97
2019.12605829, 50.7915962859213, 137.936960132151, 9.67494678497314, 2009603, 6, 97
2019.12605829, 50.7927736806919, 137.936785683001, 9.59773731231689, 2009603, 6, 97
2019.12605829, 50.7939543290481, 137.936604150302, 9.72988700866699, 2009603, 6, 97
2019.12605829, 50.7950809473879, 137.936438133125, 9.59302425384521, 2009603, 6, 97
2019.12605829, 50.7963098905181, 137.936251341952, 9.6548900604248, 2009603, 6, 97
2019.1260583, 50.7971022541358, 137.936127470447, 9.63720607757568, 2009603, 6, 94
