2019.88633111, 50.0249651248961, 119.155799540413, 518.810485839844, 2009588, 1, 52
2019.88633111, 50.0258183972492, 119.155672912175, 519.161010742188, 2009588, 1, 64
2019.88633243, 52.6607310322215, 118.744590690149, 399.422546386719, 2009603, 1, 66
2019.88633243, 52.6612839945992, 118.744500445585, 399.409423828125, 2009603, 1, 83
2019.88633243, 52.6615505415853, 118.744456389323, 399.246368408203, 2009603, 1, 88
2019.88633243, 52.6618297261664, 118.744410392208, 399.171783447266, 2009603, 1, 88
2019.88633243, 52.6620899142652, 118.744367726689, 399.187469482422, 2009603, 1, 89
2019.88633243, 52.6623502388803, 118.744325252549, 399.151184082031, 2009603, 1, 91
2019.88633243, 52.6626171724561, 118.744282139486, 399.193664550781, 2009603, 1, 91
2019.88633243, 52.6628397021206, 118.744246153651, 399.183197021484, 2009603, 1, 89
2019.88633243, 52.6631004367801, 118.744204221975, 399.17578125, 2009603, 1, 90
2019.88633243, 52.6633675538841, 118.744161359528, 399.164154052734, 2009603, 1, 91
2019.88633243, 52.6636664151609, 118.744113373013, 399.205352783203, 2009603, 1, 92
2019.88633243, 52.6639524493482, 118.744067285845, 399.369232177734, 2009603, 1, 91
2019.88633243, 52.6642066973498, 118.744026255362, 399.289489746094, 2009603, 1, 92
2019.88633243, 52.6644673120351, 118.743983975968, 399.340209960938, 2009603, 1, 91
2019.88633243, 52.6647215829018, 118.743942929573, 399.291381835938, 2009603, 1, 91
2019.88633243, 52.665001357329, 118.743897445918, 399.209869384766, 2009603, 1, 90
2019.88633243, 52.6652811521364, 118.743852158454, 399.247009277344, 2009603, 1, 90
2019.88633243, 52.6655735707462, 118.743804860752, 399.267547607422, 2009603, 1, 90
2019.88633243, 52.6660754472093, 118.743724060619, 399.280426025391, 2009603, 1, 91
2019.88633243, 52.6663292878013, 118.743683432308, 399.24365234375, 2009603, 1, 91
2019.88633243, 52.6666211548913, 118.743637007131, 399.262329101562, 2009603, 1, 91
2019.88633243, 52.6668813361298, 118.743595357634, 399.196899414062, 2009603, 1, 91
2019.88633243, 52.6671606687159, 118.743550566569, 399.188446044922, 2009603, 1, 90
2019.88633243, 52.6674274842858, 118.743507611656, 399.176666259766, 2009603, 1, 90
2019.88633243, 52.6676881756885, 118.743465320252, 399.180816650391, 2009603, 1, 90
2019.88633243, 52.6679553992313, 118.743421852603, 399.170257568359, 2009603, 1, 90
2019.88633243, 52.6682227612807, 118.743378476882, 399.154388427734, 2009603, 1, 90
2019.88633243, 52.6685029560551, 118.743333301221, 399.101531982422, 2009603, 1, 89
2019.88633243, 52.6687386124231, 118.74329552811, 399.123565673828, 2009603, 1, 89
2019.88633243, 52.6689870017698, 118.743256060901, 399.168090820312, 2009603, 1, 72
2019.88633268, 53.1739095341407, 118.661208777399, 433.748931884766, 2009603, 1, 72
2019.88633268, 53.1741571851669, 118.661168012289, 433.700256347656, 2009603, 1, 88
2019.88633269, 53.1852730701808, 118.659356350459, 436.250061035156, 2009603, 1, 88
2019.88633269, 53.1855339380263, 118.659313411473, 436.279144287109, 2009603, 1, 90
2019.88633269, 53.1858075364964, 118.659268176362, 436.328277587891, 2009603, 1, 90
2019.88633269, 53.1860556306311, 118.659227078261, 436.333068847656, 2009603, 1, 90
2019.88633269, 53.186316144676, 118.659183911715, 436.291290283203, 2009603, 1, 88
2019.88633269, 53.1865766280554, 118.659140832783, 436.268737792969, 2009603, 1, 88
2019.88633269, 53.1868689122797, 118.65909279673, 436.284118652344, 2009603, 1, 89
2019.88633269, 53.1871358788583, 118.659048865717, 436.290771484375, 2009603, 1, 89
2019.88633269, 53.1874157461287, 118.659003205697, 436.302185058594, 2009603, 1, 88
2019.88633269, 53.1876703840042, 118.658961733907, 436.282745361328, 2009603, 1, 89
2019.88633269, 53.1879059516755, 118.65892343224, 436.261291503906, 2009603, 1, 90
2019.88633269, 53.18816696459, 118.658881133284, 436.296295166016, 2009603, 1, 86
2019.88633269, 53.1883897215412, 118.658844991808, 436.276824951172, 2009603, 1, 83
2019.88633269, 53.1886060382363, 118.658809856245, 436.278747558594, 2009603, 1, 75
2019.88633284, 53.4967639439413, 118.608084689283, 514.575500488281, 2009603, 1, 90
2019.88633284, 53.4969987792229, 118.608046621981, 514.555725097656, 2009603, 1, 90
2019.88633284, 53.4972337190469, 118.608008514407, 514.592468261719, 2009603, 1, 90
2019.88633071, 49.196860973218, 119.28076151843, 589.537719726562, 2009588, 2, 52
2019.88633071, 49.1972178897002, 119.280707736436, 589.517272949219, 2009588, 2, 64
2019.88633071, 49.1975861231175, 119.280652937856, 589.537963867188, 2009588, 2, 72
2019.88633113, 50.0314207789942, 119.156092146188, 518.405029296875, 2009588, 2, 58
2019.88633113, 50.031774870011, 119.156037943501, 518.373840332031, 2009588, 2, 79
2019.88633244, 52.6612832714191, 118.745840818681, 399.227478027344, 2009603, 2, 83
2019.88633244, 52.6613536968778, 118.74582997092, 399.233093261719, 2009603, 2, 83
2019.88633244, 52.6614305353338, 118.74581797928, 399.223358154297, 2009603, 2, 83
2019.88633244, 52.6614945910653, 118.745807994439, 399.236602783203, 2009603, 2, 83
2019.88633244, 52.6615522669954, 118.745799110349, 399.239135742188, 2009603, 2, 85
2019.88633244, 52.6616227586527, 118.745788132551, 399.260162353516, 2009603, 2, 85
2019.88633244, 52.6616804584168, 118.745779267176, 399.338012695312, 2009603, 2, 85
2019.88633244, 52.6617445598026, 118.745769271915, 399.324371337891, 2009603, 2, 85
2019.88633244, 52.6618150597547, 118.745758150627, 399.353240966797, 2009603, 2, 85
2019.88633244, 52.6618855630691, 118.745747032944, 399.340270996094, 2009603, 2, 87
2019.88633244, 52.6619624643155, 118.745734842617, 399.269104003906, 2009603, 2, 87
2019.88633244, 52.6620329448866, 118.745723647779, 399.261840820312, 2009603, 2, 89
2019.88633244, 52.6620970248231, 118.745713606203, 399.221527099609, 2009603, 2, 89
2019.88633244, 52.6621609905187, 118.745703357487, 399.228790283203, 2009603, 2, 89
2019.88633244, 52.6622250808272, 118.745693044315, 399.241088867188, 2009603, 2, 89
2019.88633244, 52.6622827176623, 118.745683545305, 399.186401367188, 2009603, 2, 89
2019.88633244, 52.6623403360063, 118.745674054585, 399.209136962891, 2009603, 2, 89
2019.88633244, 52.6624043297292, 118.745663507746, 399.234222412109, 2009603, 2, 89
2019.88633244, 52.6624746731366, 118.745651833723, 399.240386962891, 2009603, 2, 89
2019.88633244, 52.6625513693235, 118.745639147595, 399.269287109375, 2009603, 2, 88
2019.88633244, 52.6626279860987, 118.745626280054, 399.204772949219, 2009603, 2, 88
2019.88633244, 52.6626981768416, 118.745614630152, 399.244750976562, 2009603, 2, 88
2019.88633244, 52.6627619332817, 118.745603978673, 399.210906982422, 2009603, 2, 88
2019.88633244, 52.6628256346123, 118.745593274538, 399.243377685547, 2009603, 2, 88
2019.88633244, 52.6628829265635, 118.745583673102, 399.201751708984, 2009603, 2, 88
2019.88633244, 52.6629401741923, 118.745574063359, 399.227630615234, 2009603, 2, 88
2019.88633244, 52.663010085985, 118.745562291247, 399.239379882812, 2009603, 2, 86
2019.88633244, 52.6630799394558, 118.745550559714, 399.280517578125, 2009603, 2, 86
2019.88633244, 52.66314339329, 118.745539959143, 399.258880615234, 2009603, 2, 86
2019.88633244, 52.6632194779152, 118.74552726936, 399.306671142578, 2009603, 2, 86
2019.88633244, 52.6632828309401, 118.745516729806, 399.276550292969, 2009603, 2, 83
2019.88633244, 52.6633524466012, 118.745505005226, 399.258331298828, 2009603, 2, 83
2019.88633244, 52.6634096828349, 118.745495495495, 399.278778076172, 2009603, 2, 89
2019.88633244, 52.6634727179469, 118.745485175204, 399.260162353516, 2009603, 2, 89
2019.88633244, 52.6635419917388, 118.745473636061, 399.305816650391, 2009603, 2, 88
2019.88633244, 52.6636112731067, 118.745462438465, 399.296112060547, 2009603, 2, 88
2019.88633244, 52.6636742303401, 118.745452210961, 399.314270019531, 2009603, 2, 88
2019.88633244, 52.663737168765, 118.745441915939, 399.279235839844, 2009603, 2, 88
2019.88633244, 52.6638126924778, 118.745429588634, 399.303314208984, 2009603, 2, 86
2019.88633244, 52.6638756560894, 118.745419485692, 399.273010253906, 2009603, 2, 86
2019.88633244, 52.6639386376886, 118.745409419867, 399.295593261719, 2009603, 2, 86
2019.88633244, 52.6640079353122, 118.745398307396, 399.296691894531, 2009603, 2, 78
2019.88633244, 52.6640709605565, 118.745388170463, 399.260589599609, 2009603, 2, 78
2019.88633244, 52.6641466488983, 118.74537610303, 399.246826171875, 2009603, 2, 78
2019.88633244, 52.6642160898079, 118.7453651226, 399.269927978516, 2009603, 2, 78
2019.88633244, 52.6642856012213, 118.74535422831, 399.260040283203, 2009603, 2, 56
2019.88633244, 52.6643425339647, 118.745345417206, 399.245483398438, 2009603, 2, 56
2019.88633244, 52.6643995041864, 118.745336560202, 399.213623046875, 2009603, 2, 56
2019.88633244, 52.6644565348781, 118.745327775871, 399.193054199219, 2009603, 2, 56
2019.88633244, 52.664526285506, 118.745316847197, 399.411071777344, 2009603, 2, 56
2019.88633244, 52.6646024944728, 118.745305167827, 399.486145019531, 2009603, 2, 56
2019.88633244, 52.6646720254936, 118.745294294468, 399.678497314453, 2009603, 2, 56
2019.88633244, 52.6650435349828, 118.745237986494, 399.316467285156, 2009603, 2, 90
2019.88633244, 52.6651141250884, 118.745227101457, 399.340087890625, 2009603, 2, 90
2019.88633244, 52.6651911755008, 118.745215347283, 399.356842041016, 2009603, 2, 90
2019.88633244, 52.6653196249259, 118.745195785183, 399.291931152344, 2009603, 2, 90
2019.88633244, 52.6654480464247, 118.745176077492, 399.485260009766, 2009603, 2, 90
2019.88633244, 52.6655828253509, 118.745155510612, 399.505279541016, 2009603, 2, 89
2019.88633244, 52.6657238032587, 118.745133337837, 399.324951171875, 2009603, 2, 89
2019.88633244, 52.6657878115251, 118.745123194625, 399.457885742188, 2009603, 2, 89
2019.88633244, 52.6658581862903, 118.745112208262, 399.398254394531, 2009603, 2, 89
2019.88633244, 52.6659284795252, 118.745101087727, 399.280151367188, 2009603, 2, 89
2019.88633244, 52.6659988605471, 118.745089835504, 399.226867675781, 2009603, 2, 89
2019.88633244, 52.6660751063664, 118.745077435746, 399.274688720703, 2009603, 2, 90
2019.88633244, 52.6661512712219, 118.745065011232, 399.282379150391, 2009603, 2, 90
2019.88633244, 52.6662146756649, 118.745054554591, 399.230377197266, 2009603, 2, 90
2019.88633244, 52.6662717122005, 118.745045234589, 399.232696533203, 2009603, 2, 87
2019.88633244, 52.6663350349739, 118.745034787552, 399.244232177734, 2009603, 2, 87
2019.88633244, 52.6663983090244, 118.745024265317, 399.181854248047, 2009603, 2, 87
2019.88633244, 52.6664615479516, 118.745013713935, 399.220092773438, 2009603, 2, 87
2019.88633244, 52.6665310756537, 118.745002094019, 399.235076904297, 2009603, 2, 90
2019.88633244, 52.6666005839166, 118.744990574111, 399.225494384766, 2009603, 2, 91
2019.88633244, 52.6666763586605, 118.74497776105, 399.238098144531, 2009603, 2, 91
2019.88633244, 52.6667395158003, 118.744967309252, 399.308685302734, 2009603, 2, 91
2019.88633244, 52.666802634989, 118.74495662069, 399.232482910156, 2009603, 2, 90
2019.88633244, 52.6668720656225, 118.744944868846, 399.223724365234, 2009603, 2, 90
2019.88633244, 52.6669415125822, 118.74493325067, 399.215393066406, 2009603, 2, 90
2019.88633244, 52.6670109673687, 118.744921665049, 399.239105224609, 2009603, 2, 90
2019.88633244, 52.6670867519899, 118.744909007216, 399.162139892578, 2009603, 2, 90
2019.88633244, 52.6671499182718, 118.744898432576, 399.219390869141, 2009603, 2, 90
2019.88633244, 52.6672192539813, 118.744886705139, 399.215026855469, 2009603, 2, 90
2019.88633244, 52.6672952302875, 118.744874001567, 399.209442138672, 2009603, 2, 91
2019.88633244, 52.667364928232, 118.744862565032, 399.229309082031, 2009603, 2, 91
2019.88633244, 52.6674346337031, 118.744850985343, 399.226531982422, 2009603, 2, 91
2019.88633244, 52.6675107348281, 118.744838562093, 399.204742431641, 2009603, 2, 92
2019.88633244, 52.6675805172885, 118.744827138492, 399.203430175781, 2009603, 2, 92
2019.88633244, 52.6676439779574, 118.744816773666, 399.249053955078, 2009603, 2, 92
2019.88633244, 52.6677074574614, 118.744806375837, 399.195251464844, 2009603, 2, 92
2019.88633244, 52.6677709641818, 118.74479604996, 399.237609863281, 2009603, 2, 91
2019.88633244, 52.6678344857132, 118.744785699035, 399.223236083984, 2009603, 2, 91
2019.88633244, 52.6679107380593, 118.744773338751, 399.237060546875, 2009603, 2, 91
2019.88633244, 52.6679806497639, 118.744761959756, 399.218505859375, 2009603, 2, 91
2019.88633244, 52.6680442280304, 118.744751690421, 399.227142333984, 2009603, 2, 91
2019.88633244, 52.6681078102357, 118.744741372261, 399.223449707031, 2009603, 2, 90
2019.88633244, 52.6681714116499, 118.744731137745, 399.238464355469, 2009603, 2, 90
2019.88633244, 52.6682350272051, 118.744720971673, 399.283081054688, 2009603, 2, 90
2019.88633244, 52.6682986330584, 118.744710696631, 399.20849609375, 2009603, 2, 92
2019.88633244, 52.6683559101188, 118.744701686367, 399.224029541016, 2009603, 2, 92
2019.88633244, 52.6684322340386, 118.744689265312, 399.215911865234, 2009603, 2, 92
2019.88633244, 52.6684894878718, 118.744680250985, 399.254486083984, 2009603, 2, 92
2019.88633244, 52.6685594766406, 118.744668990938, 399.2333984375, 2009603, 2, 92
2019.88633244, 52.6686231182145, 118.744658940813, 399.224975585938, 2009603, 2, 92
2019.88633244, 52.6686867370242, 118.744648746285, 399.223114013672, 2009603, 2, 92
2019.88633244, 52.668756690705, 118.744637408778, 399.238647460938, 2009603, 2, 90
2019.88633244, 52.6688202926676, 118.74462725404, 399.245300292969, 2009603, 2, 90
2019.88633244, 52.6688775313806, 118.744618181379, 399.232757568359, 2009603, 2, 90
2019.88633244, 52.6689411134058, 118.744608094431, 399.302551269531, 2009603, 2, 90
2019.88633244, 52.6690046801158, 118.744597975667, 399.328094482422, 2009603, 2, 92
2019.88633244, 52.6690745910423, 118.744586906022, 399.297546386719, 2009603, 2, 92
2019.88633244, 52.6691508051166, 118.744574584102, 399.291137695312, 2009603, 2, 92
2019.88633244, 52.6692206519661, 118.74456333199, 399.276062011719, 2009603, 2, 92
2019.88633244, 52.6692905105539, 118.744552369441, 399.313903808594, 2009603, 2, 93
2019.88633244, 52.669366669416, 118.744540207583, 399.321014404297, 2009603, 2, 93
2019.88633244, 52.6694301203499, 118.744530096612, 399.297393798828, 2009603, 2, 93
2019.88633244, 52.6694998991534, 118.74451899616, 399.360900878906, 2009603, 2, 93
2019.88633244, 52.6695633053018, 118.74450880235, 399.266296386719, 2009603, 2, 92
2019.88633244, 52.6696203967685, 118.744499985615, 399.263427734375, 2009603, 2, 92
2019.88633244, 52.6696901010749, 118.744488678558, 399.290893554688, 2009603, 2, 92
2019.88633244, 52.6697471710422, 118.744479870445, 399.361541748047, 2009603, 2, 92
2019.88633244, 52.6698105865444, 118.744469700822, 399.351470947266, 2009603, 2, 90
2019.88633244, 52.6698738514725, 118.744459595355, 399.433441162109, 2009603, 2, 90
2019.88633244, 52.6699307967936, 118.744450616372, 399.423583984375, 2009603, 2, 90
2019.88633244, 52.669994043883, 118.744440427402, 399.314880371094, 2009603, 2, 90
2019.88633244, 52.6700636383045, 118.744429372477, 399.303039550781, 2009603, 2, 91
2019.88633244, 52.6701332386715, 118.744418292388, 399.269378662109, 2009603, 2, 91
2019.88633244, 52.6702788027524, 118.744395009557, 399.317443847656, 2009603, 2, 91
2019.88633244, 52.6703547869854, 118.744382831844, 399.286102294922, 2009603, 2, 91
2019.88633244, 52.670430801073, 118.744370626983, 399.310180664062, 2009603, 2, 91
2019.88633244, 52.6705005260035, 118.744359501444, 399.240478515625, 2009603, 2, 91
2019.88633244, 52.670570271212, 118.744348215791, 399.216644287109, 2009603, 2, 91
2019.88633244, 52.670640041755, 118.744336800103, 399.230072021484, 2009603, 2, 91
2019.88633244, 52.6707098804185, 118.744325563397, 399.2744140625, 2009603, 2, 91
2019.88633244, 52.6707797453327, 118.744314139757, 399.263153076172, 2009603, 2, 90
2019.88633244, 52.6708496470445, 118.744302591929, 399.249877929688, 2009603, 2, 90
2019.88633244, 52.6709132613379, 118.744292300495, 399.246612548828, 2009603, 2, 90
2019.88633244, 52.6709768879647, 118.744281715456, 399.218139648438, 2009603, 2, 90
2019.88633244, 52.671046880678, 118.744270408459, 399.237060546875, 2009603, 2, 90
2019.88633244, 52.6711425585077, 118.744254279645, 399.134552001953, 2009603, 2, 90
2019.88633269, 53.17228592926, 118.662837783256, 433.549133300781, 2009603, 2, 80
2019.88633269, 53.1723497076292, 118.662826533491, 433.559600830078, 2009603, 2, 80
2019.88633269, 53.1724134773402, 118.662815461298, 433.671691894531, 2009603, 2, 80
2019.88633269, 53.172470840726, 118.662805472681, 433.691101074219, 2009603, 2, 80
2019.88633269, 53.1725791799426, 118.662786958177, 433.683410644531, 2009603, 2, 80
2019.88633269, 53.1726428623228, 118.662775961209, 433.709411621094, 2009603, 2, 80
2019.88633269, 53.1727001709632, 118.662766208968, 433.680908203125, 2009603, 2, 80
2019.88633269, 53.1727638362881, 118.662755444673, 433.625396728516, 2009603, 2, 78
2019.88633269, 53.172827473704, 118.662744611344, 433.623779296875, 2009603, 2, 62
2019.88633269, 53.1728847381786, 118.662734937966, 433.625640869141, 2009603, 2, 62
2019.88633269, 53.1729483863084, 118.662724493224, 433.628936767578, 2009603, 2, 62
2019.88633269, 53.1730120020734, 118.662713899258, 433.565612792969, 2009603, 2, 73
2019.88633269, 53.1730692376132, 118.662704298106, 433.574554443359, 2009603, 2, 73
2019.88633269, 53.1731328424753, 118.662693832231, 433.570892333984, 2009603, 2, 73
2019.88633269, 53.173196432394, 118.662683334326, 433.561920166016, 2009603, 2, 73
2019.88633285, 53.4967929116662, 118.609469576447, 514.934143066406, 2009603, 2, 67
2019.88633285, 53.4968501539323, 118.60946074961, 514.945678710938, 2009603, 2, 67
2019.88633285, 53.4969074045674, 118.609451775864, 515.009826660156, 2009603, 2, 67
2019.88633285, 53.496964668387, 118.609442695769, 514.980285644531, 2009603, 2, 67
2019.88633285, 53.4970283239545, 118.609432624337, 514.940246582031, 2009603, 2, 92
2019.88633285, 53.4970919937197, 118.609422400429, 514.822021484375, 2009603, 2, 92
2019.88633285, 53.4971556946843, 118.60941219827, 514.872497558594, 2009603, 2, 92
2019.88633285, 53.4972194347071, 118.609402119703, 514.851501464844, 2009603, 2, 92
2019.88633114, 50.0843034128833, 119.19200793859, 517.915161132812, 2009588, 3, 77
2019.88633128, 50.3580028425523, 119.150782405782, 506.802001953125, 2009588, 3, 94
2019.88633128, 50.358727849524, 119.150674677709, 506.684387207031, 2009588, 3, 94
2019.88633128, 50.3661316204229, 119.149555586981, 506.646850585938, 2009588, 3, 94
2019.88633129, 50.3796072764821, 119.147516410476, 506.161254882812, 2009588, 3, 92
2019.88633129, 50.380249644278, 119.147419082187, 506.116027832031, 2009588, 3, 92
2019.88633244, 52.6885148863698, 118.787966128274, 397.193420410156, 2009603, 3, 76
2019.88633244, 52.6887114734846, 118.787934842253, 397.317108154297, 2009603, 3, 76
2019.88633244, 52.6892825427837, 118.787844409611, 397.811340332031, 2009603, 3, 56
2019.88633244, 52.6895621179607, 118.787799983393, 397.758483886719, 2009603, 3, 63
2019.88633244, 52.6898482081867, 118.78775467637, 397.557678222656, 2009603, 3, 90
2019.88633244, 52.690147178751, 118.787707028642, 397.563323974609, 2009603, 3, 94
2019.88633244, 52.6904398682049, 118.787660378796, 397.540435791016, 2009603, 3, 93
2019.88633244, 52.6907071108741, 118.78761751167, 397.579956054688, 2009603, 3, 92
2019.88633244, 52.6910062503833, 118.787569575407, 397.561004638672, 2009603, 3, 93
2019.88633244, 52.6913054731876, 118.787521496241, 397.522155761719, 2009603, 3, 90
2019.88633244, 52.6915983546001, 118.787474460046, 397.560424804688, 2009603, 3, 67
2019.88633264, 53.0888054561099, 118.723497370255, 421.634613037109, 2009603, 3, 67
2019.88633264, 53.0890792580364, 118.723452157992, 421.634429931641, 2009603, 3, 88
2019.88633264, 53.0893464962303, 118.723408295264, 421.626037597656, 2009603, 3, 84
2019.88633285, 53.524596411592, 118.652316882922, 525.151672363281, 2009603, 3, 55
2019.88633073, 49.2387984112474, 119.318936881363, 591.870178222656, 2009588, 4, 84
2019.88633115, 50.0838214787575, 119.193366848062, 517.815246582031, 2009588, 4, 79
2019.88633115, 50.084056534337, 119.193329353847, 517.83447265625, 2009588, 4, 72
2019.88633129, 50.3577583549273, 119.1521065612, 506.769348144531, 2009588, 4, 91
2019.88633129, 50.3579841415244, 119.152072852415, 506.736694335938, 2009588, 4, 91
2019.88633129, 50.3581988080398, 119.152040304321, 506.785980224609, 2009588, 4, 94
2019.88633129, 50.3584141057818, 119.152007479528, 506.756622314453, 2009588, 4, 93
2019.88633129, 50.3586046065606, 119.151978295955, 506.745971679688, 2009588, 4, 77
2019.88633129, 50.3668174260364, 119.150736825056, 506.683410644531, 2009588, 4, 94
2019.88633129, 50.3671412070439, 119.150686560228, 506.681579589844, 2009588, 4, 94
2019.88633129, 50.3673188629535, 119.150659064208, 506.662231445312, 2009588, 4, 90
2019.88633129, 50.3674711568024, 119.150635528508, 506.635559082031, 2009588, 4, 90
2019.88633129, 50.3676044590187, 119.150615087003, 506.759521484375, 2009588, 4, 76
2019.8863313, 50.3788627131082, 119.148919756578, 506.235382080078, 2009588, 4, 89
2019.8863313, 50.3791183909177, 119.148880644635, 506.285522460938, 2009588, 4, 91
2019.8863313, 50.3792717153184, 119.148856981321, 506.283233642578, 2009588, 4, 90
2019.8863313, 50.3794057638841, 119.148836151833, 506.280426025391, 2009588, 4, 90
2019.88633245, 52.6883148424797, 118.789375667506, 397.126098632812, 2009603, 4, 52
2019.88633245, 52.6883914289422, 118.789362615558, 397.128112792969, 2009603, 4, 52
2019.88633245, 52.6884743846222, 118.789348692562, 397.140228271484, 2009603, 4, 52
2019.88633245, 52.6885763963506, 118.789331460847, 397.1494140625, 2009603, 4, 67
2019.88633245, 52.6886592511502, 118.789317745652, 397.391143798828, 2009603, 4, 67
2019.88633245, 52.6887611438754, 118.789300922697, 397.632293701172, 2009603, 4, 67
2019.88633245, 52.6888438473493, 118.789287223677, 397.804351806641, 2009603, 4, 67
2019.88633245, 52.6889328556206, 118.789272634387, 397.883270263672, 2009603, 4, 67
2019.88633245, 52.6890218926979, 118.789258011315, 397.933807373047, 2009603, 4, 56
2019.88633245, 52.6891103993817, 118.789244109422, 397.982727050781, 2009603, 4, 58
2019.88633245, 52.6891925559265, 118.789231325748, 398.003173828125, 2009603, 4, 58
2019.88633245, 52.6892746727458, 118.789218427404, 398.050872802734, 2009603, 4, 54
2019.88633245, 52.6893694377008, 118.789203684583, 398.048522949219, 2009603, 4, 54
2019.88633245, 52.6894578768804, 118.789189732978, 397.936096191406, 2009603, 4, 54
2019.88633245, 52.6896159522726, 118.789165098412, 397.47607421875, 2009603, 4, 72
2019.88633245, 52.6896919043348, 118.789153288953, 397.519866943359, 2009603, 4, 72
2019.88633245, 52.6897742588372, 118.789140476106, 397.561767578125, 2009603, 4, 93
2019.88633245, 52.6898503472933, 118.789128589145, 397.553894042969, 2009603, 4, 93
2019.88633245, 52.6899392083104, 118.789114629, 397.535766601562, 2009603, 4, 93
2019.88633245, 52.6900281899997, 118.789100654842, 397.529479980469, 2009603, 4, 92
2019.88633245, 52.6901172808871, 118.78908654586, 397.517059326172, 2009603, 4, 92
2019.88633245, 52.6902064912478, 118.789072334641, 397.528289794922, 2009603, 4, 92
2019.88633245, 52.6903021370003, 118.78905700432, 397.537811279297, 2009603, 4, 92
2019.88633245, 52.6903792118096, 118.789044359926, 397.517120361328, 2009603, 4, 92
2019.88633245, 52.6904691930174, 118.789029443646, 397.545074462891, 2009603, 4, 92
2019.88633245, 52.6905592271196, 118.789014482363, 397.592468261719, 2009603, 4, 92
2019.88633245, 52.690649282835, 118.788999429407, 397.56494140625, 2009603, 4, 92
2019.88633245, 52.6907329168457, 118.788985529871, 397.546752929688, 2009603, 4, 92
2019.88633245, 52.6908101063116, 118.788972733032, 397.532531738281, 2009603, 4, 92
2019.88633245, 52.6909001042702, 118.788957714402, 397.535217285156, 2009603, 4, 92
2019.88633245, 52.6909900421725, 118.788942824592, 397.528717041016, 2009603, 4, 92
2019.88633245, 52.6910670700246, 118.788930158026, 397.547149658203, 2009603, 4, 91
2019.88633245, 52.6911504125886, 118.78891638466, 397.539825439453, 2009603, 4, 91
2019.88633245, 52.6912208644255, 118.788904910319, 397.549346923828, 2009603, 4, 91
2019.88633245, 52.6912976246564, 118.788892437254, 397.526580810547, 2009603, 4, 70
2019.88633245, 52.6913806444846, 118.788878890824, 397.567047119141, 2009603, 4, 70
2019.88633245, 52.6914571517432, 118.788866423244, 397.582763671875, 2009603, 4, 70
2019.88633265, 53.0875395033322, 118.725051536065, 421.686676025391, 2009603, 4, 80
2019.88633265, 53.0876221160456, 118.725037705731, 421.674163818359, 2009603, 4, 80
2019.88633265, 53.0876983766078, 118.725025156107, 421.645324707031, 2009603, 4, 80
2019.88633265, 53.0877873045341, 118.725010323917, 421.628540039062, 2009603, 4, 87
2019.88633265, 53.0878635203723, 118.724997669257, 421.625213623047, 2009603, 4, 74
2019.88633265, 53.0879524284841, 118.724982954227, 421.621612548828, 2009603, 4, 74
2019.88633265, 53.0880540190814, 118.724966072117, 421.634368896484, 2009603, 4, 88
2019.88633265, 53.0881364873868, 118.724952518015, 421.630401611328, 2009603, 4, 88
2019.88633265, 53.0882318064829, 118.724936709, 421.642974853516, 2009603, 4, 88
2019.88633265, 53.0883334950638, 118.724920016255, 421.635437011719, 2009603, 4, 79
2019.88633265, 53.0884224660932, 118.724905359003, 421.632995605469, 2009603, 4, 79
2019.88633265, 53.0884923851987, 118.724893970442, 421.659698486328, 2009603, 4, 79
2019.88633287, 53.525267134325, 118.653611959913, 525.187744140625, 2009603, 4, 67
2019.88633287, 53.5253564083396, 118.653597715989, 525.187133789062, 2009603, 4, 67
2019.88633287, 53.5254520246494, 118.653582412796, 525.206909179688, 2009603, 4, 67
2019.88633073, 49.2612729170469, 119.358760920325, 592.934814453125, 2009588, 5, 93
2019.88633127, 50.3559426818407, 119.196537264622, 508.046295166016, 2009588, 5, 91
2019.88633127, 50.3565155173065, 119.196451507923, 508.019836425781, 2009588, 5, 93
2019.88633127, 50.3570750364964, 119.196369025552, 508.083404541016, 2009588, 5, 88
2019.8863313, 50.4166053456642, 119.187411863051, 503.859100341797, 2009588, 5, 56
2019.8863313, 50.416967286189, 119.187356476671, 503.827362060547, 2009588, 5, 92
2019.8863313, 50.4173736441298, 119.187293733509, 503.857971191406, 2009588, 5, 90
2019.8863313, 50.4177674143566, 119.187233079402, 504.024932861328, 2009588, 5, 56
2019.88633245, 52.7112377280006, 118.832238896771, 395.813781738281, 2009603, 5, 72
2019.88633245, 52.7114852721592, 118.832199062943, 395.616516113281, 2009603, 5, 89
2019.88633245, 52.7117710992258, 118.832153108588, 395.582977294922, 2009603, 5, 93
2019.88633245, 52.7120891425801, 118.832101953628, 395.61474609375, 2009603, 5, 93
2019.88633245, 52.7124014810927, 118.832051654424, 395.582641601562, 2009603, 5, 93
2019.88633245, 52.7126949718146, 118.832004492255, 395.593170166016, 2009603, 5, 93
2019.88633245, 52.7129885583353, 118.831957521981, 395.591125488281, 2009603, 5, 91
2019.88633245, 52.7132629313894, 118.831913824806, 395.627838134766, 2009603, 5, 92
2019.88633263, 53.0702987128412, 118.774825454583, 418.318939208984, 2009603, 5, 60
2019.88633263, 53.0705466675276, 118.774785440279, 418.276519775391, 2009603, 5, 89
2019.88633286, 53.5483079851452, 118.697289196986, 533.741027832031, 2009603, 5, 67
2019.88633286, 53.5485571040912, 118.697249154698, 533.809875488281, 2009603, 5, 67
2019.88633074, 49.2611285775389, 119.360003083654, 593.003540039062, 2009588, 6, 90
2019.88633074, 49.2614219758399, 119.359960262314, 592.932678222656, 2009588, 6, 90
2019.88633074, 49.276107500613, 119.357814988471, 593.150146484375, 167650, 6, 75
2019.88633115, 50.0878404931862, 119.237905499305, 517.14794921875, 2009588, 6, 56
2019.88633128, 50.3563688277151, 119.197727862156, 508.164215087891, 2009588, 6, 63
2019.88633128, 50.3572856539229, 119.197588332683, 508.154663085938, 2009588, 6, 85
2019.88633128, 50.3573978154707, 119.197571188988, 508.144866943359, 2009588, 6, 85
2019.88633128, 50.3575913244419, 119.19754174662, 508.200256347656, 2009588, 6, 93
2019.88633128, 50.3577541265274, 119.19751698264, 508.196075439453, 2009588, 6, 93
2019.88633128, 50.3578609120073, 119.197500821321, 508.145874023438, 2009588, 6, 93
2019.88633128, 50.3579674134457, 119.197484725023, 508.160552978516, 2009588, 6, 93
2019.88633128, 50.3581200526389, 119.197461961041, 508.151489257812, 2009588, 6, 74
2019.88633128, 50.358241293871, 119.197443900493, 508.150665283203, 2009588, 6, 74
2019.88633131, 50.4155414805288, 119.188831242635, 503.756011962891, 2009588, 6, 92
2019.88633131, 50.4156247016946, 119.188819064321, 503.761260986328, 2009588, 6, 92
2019.88633131, 50.4156950876029, 119.18880873517, 503.762237548828, 2009588, 6, 92
2019.88633131, 50.4157590500006, 119.188799394894, 503.763854980469, 2009588, 6, 93
2019.88633131, 50.4158421403001, 119.18878714039, 503.787902832031, 2009588, 6, 93
2019.88633131, 50.4159634625512, 119.188769227923, 503.794250488281, 2009588, 6, 93
2019.88633131, 50.4160463812, 119.188756933679, 503.782836914062, 2009588, 6, 89
2019.88633131, 50.4161228529302, 119.188745603521, 503.800842285156, 2009588, 6, 92
2019.88633131, 50.4162246882741, 119.188730397406, 503.784118652344, 2009588, 6, 92
2019.88633131, 50.4163263884331, 119.18871514193, 503.777282714844, 2009588, 6, 82
2019.88633131, 50.4164025718331, 119.188703687138, 503.761352539062, 2009588, 6, 82
2019.88633246, 52.7115153595846, 118.833521722943, 396.157318115234, 2009603, 6, 76
2019.88633246, 52.7115791584245, 118.833511992917, 396.201324462891, 2009603, 6, 76
2019.88633246, 52.7116430042672, 118.833502370044, 396.244445800781, 2009603, 6, 76
2019.88633246, 52.7117068740748, 118.833492688222, 396.080444335938, 2009603, 6, 76
2019.88633246, 52.7117771680077, 118.833482032401, 395.945678710938, 2009603, 6, 92
2019.88633246, 52.7118411154514, 118.833472452988, 395.856811523438, 2009603, 6, 92
2019.88633246, 52.7119049242048, 118.833462691196, 395.737762451172, 2009603, 6, 92
2019.88633246, 52.7119818922495, 118.833451360866, 395.697387695312, 2009603, 6, 92
2019.88633246, 52.7120396447131, 118.833442900778, 395.704803466797, 2009603, 6, 94
2019.88633246, 52.7121102358372, 118.833432479561, 395.678619384766, 2009603, 6, 94
2019.88633246, 52.7121808459651, 118.833422071047, 395.65966796875, 2009603, 6, 94
2019.88633246, 52.7122514545549, 118.833411593258, 395.675567626953, 2009603, 6, 92
2019.88633246, 52.712309235993, 118.833403087863, 395.651672363281, 2009603, 6, 92
2019.88633246, 52.7123734164586, 118.833393496142, 395.656433105469, 2009603, 6, 92
2019.88633246, 52.7124311844966, 118.833384937089, 395.658294677734, 2009603, 6, 92
2019.88633246, 52.7124953486728, 118.833375350941, 395.627044677734, 2009603, 6, 92
2019.88633246, 52.7125594876408, 118.833365679926, 395.634094238281, 2009603, 6, 93
2019.88633246, 52.7126300188479, 118.833355037104, 395.664978027344, 2009603, 6, 93
2019.88633246, 52.7127005194591, 118.833344370099, 395.625762939453, 2009603, 6, 93
2019.88633246, 52.7127709752377, 118.833333628013, 395.640594482422, 2009603, 6, 93
2019.88633246, 52.7128349811505, 118.833323758762, 395.589569091797, 2009603, 6, 93
2019.88633246, 52.7128989404189, 118.833313795082, 395.595642089844, 2009603, 6, 93
2019.88633246, 52.7129564821351, 118.833304895639, 395.63330078125, 2009603, 6, 93
2019.88633246, 52.7130203651163, 118.833294870835, 395.607849121094, 2009603, 6, 93
2019.88633246, 52.7130905755318, 118.833283738085, 395.571807861328, 2009603, 6, 93
2019.88633246, 52.7131543640293, 118.83327364942, 395.60546875, 2009603, 6, 93
2019.88633246, 52.7132118852543, 118.833264627876, 395.618255615234, 2009603, 6, 93
2019.88633246, 52.7132753868368, 118.833254160879, 395.606750488281, 2009603, 6, 91
2019.88633246, 52.7133325064621, 118.833244740632, 395.613372802734, 2009603, 6, 92
2019.88633246, 52.7134022621135, 118.833233109796, 395.606872558594, 2009603, 6, 92
2019.88633246, 52.7134593113026, 118.833223607037, 395.579864501953, 2009603, 6, 92
2019.88633246, 52.7135226648853, 118.83321299489, 395.585754394531, 2009603, 6, 91
2019.88633246, 52.7135923134967, 118.833201251438, 395.613677978516, 2009603, 6, 91
2019.88633246, 52.7136556157362, 118.833190603992, 395.609985351562, 2009603, 6, 91
2019.88633246, 52.7137188976194, 118.833179923638, 395.595764160156, 2009603, 6, 91
2019.88633246, 52.7137758381721, 118.833170291892, 395.628143310547, 2009603, 6, 82
2019.88633246, 52.7138390948663, 118.833159591558, 395.648193359375, 2009603, 6, 82
2019.88633246, 52.7139086672158, 118.833147784707, 395.617767333984, 2009603, 6, 82
2019.88633246, 52.7139719272532, 118.83313714056, 396.067565917969, 2009603, 6, 82
2019.88633264, 53.0710503464877, 118.776026368521, 418.277435302734, 2009603, 6, 80
2019.88633264, 53.0711076810517, 118.776016984342, 418.299194335938, 2009603, 6, 80
2019.88633264, 53.0711650008688, 118.776007587858, 418.262603759766, 2009603, 6, 80
2019.88633264, 53.0712286707725, 118.775997150771, 418.314544677734, 2009603, 6, 59
2019.88633288, 53.5510112848667, 118.698220028047, 534.140930175781, 2009603, 6, 57
2019.88633288, 53.5511007677449, 118.698205165562, 534.214111328125, 2009603, 6, 57
2019.88633288, 53.5511710688768, 118.698193577968, 534.357299804688, 2009603, 6, 57
2019.88633288, 53.5512413636657, 118.698182104897, 534.461242675781, 2009603, 6, 57
2019.88633288, 53.5524444741084, 118.697992784829, 535.000610351562, 2009603, 6, 82
2019.88633288, 53.5525141837362, 118.697982156347, 535.036315917969, 2009603, 6, 63
2019.88633288, 53.5525712300294, 118.697973509374, 535.079895019531, 2009603, 6, 63
2019.88633288, 53.5526409390912, 118.697962804169, 535.122863769531, 2009603, 6, 63
2019.88633288, 53.5527106710778, 118.697952120248, 535.138793945312, 2009603, 6, 63
2019.88633288, 53.5527740718413, 118.697942329398, 535.131591796875, 2009603, 6, 63
2019.88633288, 53.5528438300775, 118.697931507347, 535.141906738281, 2009603, 6, 63
2019.88633288, 53.5529136017702, 118.697920529927, 535.137573242188, 2009603, 6, 63
2019.88633288, 53.5529770635203, 118.69791054896, 535.1376953125, 2009603, 6, 63
2019.88633288, 53.5539463579979, 118.697748321907, 535.24658203125, 2009603, 6, 68
2019.88633288, 53.5540231645239, 118.697734882142, 535.256042480469, 2009603, 6, 67
2019.88633288, 53.5540935600054, 118.697722546834, 535.326965332031, 2009603, 6, 67
2019.88633288, 53.5541639338037, 118.697710175725, 535.344116210938, 2009603, 6, 67
2019.88633288, 53.5542342997677, 118.697697881472, 535.378662109375, 2009603, 6, 67
2019.88633288, 53.554291866839, 118.697687923398, 535.496643066406, 2009603, 6, 57
2019.88633288, 53.554368570739, 118.697674548034, 535.563110351562, 2009603, 6, 57
2019.88633288, 53.554445243826, 118.697661253356, 535.519714355469, 2009603, 6, 57
2019.88633288, 53.5552781668788, 118.697523621163, 535.272705078125, 2009603, 6, 54
2019.88633288, 53.5553415742944, 118.697513601226, 535.265319824219, 2009603, 6, 54
2019.88633288, 53.5554049877106, 118.697503618387, 535.2587890625, 2009603, 6, 54
2019.88633288, 53.555468401102, 118.697493615057, 535.269836425781, 2009603, 6, 56
2019.88633288, 53.5555381674302, 118.697482601288, 535.277648925781, 2009603, 6, 68
2019.88633288, 53.5556143054936, 118.697470655195, 535.254943847656, 2009603, 6, 68
2019.88633288, 53.5556777815188, 118.697460763658, 535.269775390625, 2009603, 6, 68
2019.88633288, 53.555753965794, 118.697448780603, 535.266357421875, 2009603, 6, 80
2019.88633288, 53.5558174938356, 118.697438890044, 535.273010253906, 2009603, 6, 80
2019.88633288, 53.5558873866855, 118.697427901858, 535.268798828125, 2009603, 6, 80
2019.88633288, 53.5559633978822, 118.697416218574, 535.282836914062, 2009603, 6, 80
2019.88633288, 53.5560335882431, 118.697405063987, 535.278930664062, 2009603, 6, 84
2019.88633288, 53.5561038072257, 118.697393899084, 535.285461425781, 2009603, 6, 84
2019.88633288, 53.5561676733263, 118.697383788272, 535.260192871094, 2009603, 6, 84
2019.88633288, 53.5562379275846, 118.697372549727, 535.271789550781, 2009603, 6, 84
2019.88633288, 53.5563082079765, 118.697361406266, 535.262878417969, 2009603, 6, 84
2019.88633288, 53.556378486048, 118.697350172571, 535.281921386719, 2009603, 6, 84
2019.88633288, 53.5564551581456, 118.697337952055, 535.278381347656, 2009603, 6, 84
2019.88633288, 53.5565254293226, 118.697326722971, 535.287048339844, 2009603, 6, 88
2019.88633288, 53.5565956922861, 118.697315505908, 535.262268066406, 2009603, 6, 88
2019.88633288, 53.556659553186, 118.69730531481, 535.253051757812, 2009603, 6, 88
2019.88633288, 53.5567233926082, 118.697295125071, 535.27978515625, 2009603, 6, 88
2019.88633288, 53.5567872166999, 118.697284970415, 535.288146972656, 2009603, 6, 87
2019.88633288, 53.556857384202, 118.697273748934, 535.30859375, 2009603, 6, 87
2019.88633288, 53.5569211456185, 118.697263591188, 535.280090332031, 2009603, 6, 87
2019.88633288, 53.5569976132385, 118.697251377265, 535.259399414062, 2009603, 6, 87
