2019.14525169, 47.1740843986989, 131.113846706867, 66.0446624755859, 2009603, 1, 59
2019.14525169, 47.1741606885402, 131.113835815777, 65.9698181152344, 2009603, 1, 59
2019.14525169, 47.1741988270789, 131.113830376278, 65.9899215698242, 2009603, 1, 59
2019.14525169, 47.1742369799164, 131.113824894893, 66.0077896118164, 2009603, 1, 59
2019.14525169, 47.1742687954636, 131.11382027174, 66.02099609375, 2009603, 1, 66
2019.14525169, 47.1743006071067, 131.113815650523, 65.9893951416016, 2009603, 1, 66
2019.14525169, 47.1743385867064, 131.113810489011, 66.0116806030273, 2009603, 1, 66
2019.14525169, 47.174376891171, 131.11380467235, 65.9828643798828, 2009603, 1, 66
2019.14525169, 47.174415181138, 131.113798890226, 65.9842987060547, 2009603, 1, 66
2019.14525169, 47.1744471020598, 131.113794038109, 65.9733657836914, 2009603, 1, 66
2019.14525169, 47.1744790348333, 131.113789157474, 65.9860382080078, 2009603, 1, 66
2019.14525169, 47.1749709387702, 131.113713497713, 68.1130142211914, 2009603, 1, 66
2019.14525169, 47.176358215428, 131.11351211743, 68.5501403808594, 2009603, 1, 63
2019.14525169, 47.1765420550471, 131.113486793434, 67.4856948852539, 2009603, 1, 58
2019.14525169, 47.1766117797355, 131.113477181355, 67.3989410400391, 2009603, 1, 58
2019.14525169, 47.1766624786688, 131.113470207448, 67.2933654785156, 2009603, 1, 58
2019.14525169, 47.176700505296, 131.113464960554, 67.222785949707, 2009603, 1, 58
2019.14525169, 47.176732229224, 131.113460505752, 67.2445449829102, 2009603, 1, 58
2019.14525169, 47.1767765875059, 131.113454399427, 67.1360855102539, 2009603, 1, 70
2019.14525169, 47.1768273284005, 131.113447305534, 67.0127182006836, 2009603, 1, 70
2019.14525169, 47.1768780899942, 131.113440396736, 67.0875930786133, 2009603, 1, 70
2019.14525169, 47.1769161453922, 131.113434946671, 67.0900802612305, 2009603, 1, 70
2019.14525169, 47.176960536789, 131.113428610193, 67.1489944458008, 2009603, 1, 70
2019.1452517, 47.1908161248858, 131.111447923248, 66.0391006469727, 2009603, 1, 56
2019.1452517, 47.1909187983381, 131.111433141498, 66.0276641845703, 2009603, 1, 56
2019.1452517, 47.1910152500714, 131.111419156328, 66.0329666137695, 2009603, 1, 67
2019.1452517, 47.1911052997109, 131.111406059487, 66.0159378051758, 2009603, 1, 67
2019.1452517, 47.191169596722, 131.111396766087, 66.0399551391602, 2009603, 1, 67
2019.1452517, 47.1912595958616, 131.111383770166, 66.0465087890625, 2009603, 1, 75
2019.1452517, 47.1913688275065, 131.111368030146, 66.0400848388672, 2009603, 1, 75
2019.1452517, 47.1914715750696, 131.111353237647, 66.0129089355469, 2009603, 1, 75
2019.1452517, 47.1915741965722, 131.111338580544, 66.0671157836914, 2009603, 1, 79
2019.1452517, 47.1916831421775, 131.111323007951, 66.0260848999023, 2009603, 1, 79
2019.1452517, 47.1917919571842, 131.11130747727, 65.9878616333008, 2009603, 1, 84
2019.1452517, 47.1919005902026, 131.111292094182, 66.0106430053711, 2009603, 1, 84
2019.1452517, 47.1920154422755, 131.111275858517, 66.0125503540039, 2009603, 1, 84
2019.1452517, 47.1921173826148, 131.11126147282, 66.0265960693359, 2009603, 1, 84
2019.1452517, 47.1922128788117, 131.111247953207, 65.9738235473633, 2009603, 1, 85
2019.1452517, 47.1923016300727, 131.11123569623, 66.0087509155273, 2009603, 1, 87
2019.1452517, 47.1923713015914, 131.111226053578, 66.0232543945312, 2009603, 1, 87
2019.1452517, 47.1924661963291, 131.111212972303, 66.0242156982422, 2009603, 1, 87
2019.1452517, 47.1925610305562, 131.111199814052, 66.0262603759766, 2009603, 1, 89
2019.1452517, 47.1926747241499, 131.111184023933, 66.0054397583008, 2009603, 1, 89
2019.1452517, 47.1927757239754, 131.111169937051, 66.020149230957, 2009603, 1, 91
2019.1452517, 47.1928830012764, 131.111154883225, 66.0125427246094, 2009603, 1, 91
2019.1452517, 47.1929650383543, 131.111143285856, 65.9725494384766, 2009603, 1, 91
2019.1452517, 47.1930723271088, 131.111128012345, 66.0163040161133, 2009603, 1, 92
2019.1452517, 47.193167026896, 131.111114422005, 65.9884338378906, 2009603, 1, 92
2019.1452517, 47.1932617466886, 131.111100778635, 65.9749298095703, 2009603, 1, 91
2019.1452517, 47.1933439070614, 131.111088811401, 66.0295791625977, 2009603, 1, 91
2019.1452517, 47.1934449708164, 131.111074350781, 66.0211639404297, 2009603, 1, 91
2019.1452517, 47.1935337077785, 131.111060867015, 65.9925003051758, 2009603, 1, 92
2019.1452517, 47.1936351809637, 131.111045442626, 66.0121917724609, 2009603, 1, 92
2019.1452517, 47.1937431073209, 131.111028968285, 66.025146484375, 2009603, 1, 92
2019.1452517, 47.1938511121156, 131.11101254456, 66.0138244628906, 2009603, 1, 92
2019.1452517, 47.1939401288137, 131.110999038717, 65.9999694824219, 2009603, 1, 92
2019.1452517, 47.1940164878884, 131.110987478836, 65.9840240478516, 2009603, 1, 92
2019.1452517, 47.194118345621, 131.110972184892, 65.9966430664062, 2009603, 1, 92
2019.1452517, 47.1942393848974, 131.110954194519, 66.0171813964844, 2009603, 1, 92
2019.1452517, 47.1943541393565, 131.110937310275, 66.0023345947266, 2009603, 1, 84
2019.1452517, 47.1944625510353, 131.110921619861, 66.0273742675781, 2009603, 1, 84
2019.1452517, 47.1945837610202, 131.110904339018, 66.062873840332, 2009603, 1, 81
2019.1452517, 47.1946986603412, 131.110887694296, 66.0204315185547, 2009603, 1, 81
2019.1452517, 47.1948071434753, 131.110873326306, 66.0263595581055, 2009603, 1, 81
2019.1452517, 47.1949219959518, 131.110858356856, 66.0141525268555, 2009603, 1, 81
2019.1452517, 47.195024103357, 131.110845115453, 66.0060119628906, 2009603, 1, 82
2019.1452517, 47.1951134254761, 131.110833620836, 66.0247802734375, 2009603, 1, 82
2019.1452517, 47.1951963626196, 131.110822945892, 66.0020217895508, 2009603, 1, 82
2019.1452517, 47.1952665328338, 131.110813905304, 66.0036010742188, 2009603, 1, 79
2019.1452517, 47.1953494457309, 131.110803197269, 66.0430603027344, 2009603, 1, 79
2019.1452517, 47.1954323314536, 131.110792452817, 66.0048980712891, 2009603, 1, 79
2019.1452517, 47.1955406872504, 131.110778304758, 66.0196151733398, 2009603, 1, 80
2019.1452517, 47.1956426439171, 131.110764807002, 66.0101165771484, 2009603, 1, 80
2019.1452517, 47.1957445623066, 131.110751142618, 65.9977874755859, 2009603, 1, 80
2019.1452517, 47.1958400596206, 131.110738181487, 66.0041122436523, 2009603, 1, 81
2019.1452517, 47.1959418822802, 131.110724154011, 66.0208129882812, 2009603, 1, 81
2019.1452517, 47.1960245994549, 131.110712726334, 66.0483322143555, 2009603, 1, 83
2019.1452517, 47.1961136183186, 131.110699608318, 65.9741134643555, 2009603, 1, 83
2019.1452517, 47.1961708289061, 131.110691098309, 66.0222549438477, 2009603, 1, 83
2019.1452517, 47.1962280235468, 131.110682540674, 66.0256271362305, 2009603, 1, 83
2019.1452517, 47.1963233342325, 131.11066813934, 65.9870529174805, 2009603, 1, 86
2019.1452517, 47.1964249729941, 131.110652648993, 66.0072708129883, 2009603, 1, 86
2019.1452517, 47.1965202069187, 131.110638103042, 66.033203125, 2009603, 1, 88
2019.1452517, 47.196634493301, 131.110620514648, 66.0073318481445, 2009603, 1, 88
2019.1452517, 47.1967296843045, 131.110605910072, 66.017578125, 2009603, 1, 88
2019.1452517, 47.1968185313886, 131.110592270325, 66.0183792114258, 2009603, 1, 86
2019.1452517, 47.1969137021986, 131.110577735289, 66.0350189208984, 2009603, 1, 86
2019.1452517, 47.1970152205446, 131.110562294118, 66.0229644775391, 2009603, 1, 86
2019.1452517, 47.1971230873092, 131.110546013481, 65.9913787841797, 2009603, 1, 86
2019.1452517, 47.1972119236789, 131.110532723821, 66.0204849243164, 2009603, 1, 86
2019.1452517, 47.1973071268157, 131.110518564896, 66.0184097290039, 2009603, 1, 87
2019.1452517, 47.1974149583583, 131.110503122103, 65.9827194213867, 2009603, 1, 87
2019.1452517, 47.1975164647283, 131.110488780737, 66.0029067993164, 2009603, 1, 86
2019.1452517, 47.1975926220093, 131.110478106099, 66.0185317993164, 2009603, 1, 86
2019.1452517, 47.1976751500501, 131.110466639972, 66.0117568969727, 2009603, 1, 86
2019.1452517, 47.1977767766624, 131.110452612824, 66.0335693359375, 2009603, 1, 87
2019.1452517, 47.1978721024894, 131.110439546965, 66.0436401367188, 2009603, 1, 87
2019.1452517, 47.1979738265066, 131.110425729868, 66.0371627807617, 2009603, 1, 87
2019.1452517, 47.1980819928498, 131.110411068959, 66.0430450439453, 2009603, 1, 87
2019.1452517, 47.1981774804674, 131.110398207936, 66.0392379760742, 2009603, 1, 87
2019.1452517, 47.1982730315132, 131.110385337361, 66.0627746582031, 2009603, 1, 87
2019.1452517, 47.1983877582693, 131.110369908392, 66.0167465209961, 2009603, 1, 87
2019.1452517, 47.1985023333667, 131.110354565844, 66.0189895629883, 2009603, 1, 90
2019.1452517, 47.198611048891, 131.110339838895, 65.9957046508789, 2009603, 1, 90
2019.14525171, 47.1987389851832, 131.110322452105, 66.0061950683594, 2009603, 1, 90
2019.14525171, 47.1988541506585, 131.110306693929, 66.0121688842773, 2009603, 1, 91
2019.14525171, 47.1989629037921, 131.11029171601, 65.9785232543945, 2009603, 1, 91
2019.14525171, 47.1990716088297, 131.110276682317, 66.0041656494141, 2009603, 1, 93
2019.14525171, 47.1991802726736, 131.110261510913, 65.9836196899414, 2009603, 1, 93
2019.14525171, 47.1992760702569, 131.110248104403, 66.0051956176758, 2009603, 1, 94
2019.14525171, 47.1993590730656, 131.110236340346, 65.9960708618164, 2009603, 1, 94
2019.14525171, 47.1994547358783, 131.110222801845, 66.0122680664062, 2009603, 1, 94
2019.14525171, 47.199569447081, 131.110206408035, 66.029426574707, 2009603, 1, 95
2019.14525171, 47.199696783241, 131.110188033975, 65.9957656860352, 2009603, 1, 95
2019.14525171, 47.1998177804104, 131.110170590818, 66.0027236938477, 2009603, 1, 95
2019.14525171, 47.199912752913, 131.110156605683, 66.0183029174805, 2009603, 1, 95
2019.14525171, 47.2000140022791, 131.110141626108, 66.0175247192383, 2009603, 1, 94
2019.14525171, 47.2001341938021, 131.110123797939, 65.9934158325195, 2009603, 1, 94
2019.14525171, 47.2002100972663, 131.110112525533, 66.0295715332031, 2009603, 1, 94
2019.14525171, 47.200292333463, 131.110100327566, 66.0285797119141, 2009603, 1, 94
2019.14525171, 47.2003935661336, 131.110085361656, 66.0001220703125, 2009603, 1, 94
2019.14525171, 47.200482196351, 131.110072276763, 66.0414657592773, 2009603, 1, 94
2019.14525171, 47.200602599332, 131.110054529395, 65.9957046508789, 2009603, 1, 94
2019.14525171, 47.2008120279655, 131.110024023691, 66.0144577026367, 2009603, 1, 96
2019.14525171, 47.2009010413631, 131.110011168289, 66.0243835449219, 2009603, 1, 96
2019.14525171, 47.2010156654596, 131.109994691001, 65.9976348876953, 2009603, 1, 94
2019.14525171, 47.2011176146163, 131.109980139437, 66.027587890625, 2009603, 1, 94
2019.14525171, 47.2012329094361, 131.109964121947, 65.9954528808594, 2009603, 1, 94
2019.14525171, 47.2013355217106, 131.109949945681, 65.9977722167969, 2009603, 1, 95
2019.14525171, 47.201457491992, 131.109933202821, 65.9836654663086, 2009603, 1, 95
2019.14525171, 47.2015731388224, 131.109917371598, 65.9940338134766, 2009603, 1, 93
2019.14525171, 47.2016888234074, 131.109901611752, 65.9812622070312, 2009603, 1, 93
2019.14525171, 47.2017723800906, 131.109890244748, 65.9704208374023, 2009603, 1, 91
2019.14525171, 47.2018109602558, 131.109884961414, 65.9583282470703, 2009603, 1, 91
2019.14525171, 47.2018495097749, 131.109879744939, 65.9646530151367, 2009603, 1, 91
2019.14525171, 47.2018880718727, 131.109874488516, 65.9621810913086, 2009603, 1, 91
2019.14525171, 47.2019266258613, 131.109869235292, 65.9203720092773, 2009603, 1, 91
2019.14525171, 47.2019715955013, 131.10986310628, 65.9833908081055, 2009603, 1, 91
2019.14525171, 47.2020037211349, 131.109858701593, 65.9723358154297, 2009603, 1, 83
2019.14525171, 47.2020486703974, 131.109852572191, 65.9700775146484, 2009603, 1, 83
2019.14525171, 47.2021000199, 131.109845569179, 65.9990692138672, 2009603, 1, 83
2019.14525171, 47.2021706179128, 131.109835856429, 66.0133743286133, 2009603, 1, 83
2019.14525171, 47.2022411400282, 131.109826204589, 65.9927139282227, 2009603, 1, 83
2019.14525171, 47.2022796039849, 131.10982088739, 65.979621887207, 2009603, 1, 56
2019.14525171, 47.2023180257703, 131.109815627351, 66.0146789550781, 2009603, 1, 56
2019.14525171, 47.2023565072712, 131.109810454196, 65.9790115356445, 2009603, 1, 56
2019.14525171, 47.2024012704702, 131.109804161206, 65.9731063842773, 2009603, 1, 56
2019.14525171, 47.2024651842009, 131.109795137976, 66.0241165161133, 2009603, 1, 56
2019.14525195, 47.6820073220958, 131.041161505162, 60.8956146240234, 2009603, 1, 79
2019.14525195, 47.6820778100181, 131.041151577218, 60.861499786377, 2009603, 1, 79
2019.14525195, 47.6822251209481, 131.041130736395, 60.8526878356934, 2009603, 1, 79
2019.14525195, 47.6823019890806, 131.041119844787, 61.0266914367676, 2009603, 1, 83
2019.14525195, 47.682372429166, 131.041109826606, 61.1429824829102, 2009603, 1, 83
2019.14525195, 47.6824428629078, 131.041099723149, 61.2165222167969, 2009603, 1, 83
2019.14525195, 47.6825260006045, 131.041087901995, 61.3550262451172, 2009603, 1, 71
2019.14525195, 47.6826027691015, 131.041076786607, 61.0142402648926, 2009603, 1, 71
2019.14525195, 47.6826730914544, 131.041066584561, 61.0616493225098, 2009603, 1, 71
2019.14525195, 47.6828135667541, 131.041046218391, 60.9511108398438, 2009603, 1, 89
2019.14525195, 47.6828837509666, 131.041035960807, 60.9371643066406, 2009603, 1, 89
2019.14525195, 47.682966618776, 131.041023856168, 60.9190483093262, 2009603, 1, 89
2019.14525195, 47.6830430793832, 131.041012589347, 61.0684089660645, 2009603, 1, 97
2019.14525195, 47.6831131042113, 131.041002271256, 60.971492767334, 2009603, 1, 97
2019.14525195, 47.6832530417983, 131.040981513352, 60.9340744018555, 2009603, 1, 97
2019.14525195, 47.6833229686725, 131.040971037246, 60.957347869873, 2009603, 1, 97
2019.14525195, 47.6834055154617, 131.040958734157, 60.9478416442871, 2009603, 1, 97
2019.14525195, 47.683564110412, 131.040934961959, 60.9022216796875, 2009603, 1, 97
2019.14525195, 47.6836337358745, 131.040924429565, 60.8586616516113, 2009603, 1, 97
2019.14525195, 47.6836970311981, 131.040914791909, 60.9056167602539, 2009603, 1, 97
2019.14525195, 47.6838361955457, 131.04089367924, 60.9345512390137, 2009603, 1, 97
2019.14525195, 47.6839120480504, 131.040882260711, 60.9243583679199, 2009603, 1, 97
2019.14525195, 47.684051154514, 131.04086126008, 60.891185760498, 2009603, 1, 97
2019.14525195, 47.6841333205529, 131.040848993055, 60.9355201721191, 2009603, 1, 97
2019.14525195, 47.6842092072145, 131.040837644607, 60.9441719055176, 2009603, 1, 97
2019.14525195, 47.684291403206, 131.040825486664, 60.8509864807129, 2009603, 1, 97
2019.14525195, 47.6843609850149, 131.040815215902, 60.858154296875, 2009603, 1, 97
2019.14525195, 47.6844305983525, 131.040804974637, 60.8114395141602, 2009603, 1, 97
2019.14525195, 47.6845128896213, 131.040792968077, 60.8256034851074, 2009603, 1, 97
2019.14525195, 47.6846015297333, 131.040780180195, 60.8507347106934, 2009603, 1, 97
2019.14525195, 47.6846775528046, 131.040769280951, 60.8416328430176, 2009603, 1, 97
2019.14525195, 47.6847535557789, 131.040758271707, 60.8708229064941, 2009603, 1, 98
2019.14525195, 47.6848297389826, 131.040747671661, 60.8709297180176, 2009603, 1, 98
2019.14525195, 47.68488691997, 131.040739722565, 60.8990783691406, 2009603, 1, 98
2019.14525195, 47.6849504702643, 131.040730951778, 60.8347663879395, 2009603, 1, 98
2019.14525195, 47.6850267419186, 131.040720522537, 60.8008613586426, 2009603, 1, 98
2019.14525195, 47.6850840012419, 131.040712653374, 60.8419342041016, 2009603, 1, 98
2019.14525195, 47.6851539643761, 131.040703176991, 60.8747863769531, 2009603, 1, 98
2019.14525195, 47.6852366895459, 131.040691983274, 60.9082679748535, 2009603, 1, 98
2019.14525195, 47.6853067344264, 131.040682480955, 60.8897552490234, 2009603, 1, 98
2019.14525195, 47.685383165834, 131.040672137091, 60.993824005127, 2009603, 1, 98
2019.14525195, 47.6854532442543, 131.040662658285, 61.0551300048828, 2009603, 1, 98
2019.14525195, 47.6855233144418, 131.040653238972, 61.0629425048828, 2009603, 1, 98
2019.14525195, 47.685593410073, 131.040643777653, 61.0790748596191, 2009603, 1, 98
2019.14525195, 47.6856699297405, 131.040633327956, 60.9467430114746, 2009603, 1, 98
2019.14525195, 47.685739989866, 131.04062395372, 61.0231056213379, 2009603, 1, 98
2019.14525195, 47.685810131787, 131.040614357426, 61.0623588562012, 2009603, 1, 98
2019.14525195, 47.6858802302047, 131.040604833638, 61.0531578063965, 2009603, 1, 98
2019.14525195, 47.6859566931608, 131.040594419144, 61.0179328918457, 2009603, 1, 98
2019.14525195, 47.686020444764, 131.040585709902, 60.9338912963867, 2009603, 1, 98
2019.14525195, 47.6860968900128, 131.040575110844, 60.9689712524414, 2009603, 1, 98
2019.14525195, 47.6861733586049, 131.040564376022, 60.9496154785156, 2009603, 1, 98
2019.14525195, 47.6862370669631, 131.040555400653, 60.9432983398438, 2009603, 1, 98
2019.14525195, 47.6863007824275, 131.040546337612, 60.9577751159668, 2009603, 1, 97
2019.14525195, 47.6863707928967, 131.040536484309, 60.9710502624512, 2009603, 1, 97
2019.14525195, 47.6864535761185, 131.040524620198, 60.9582176208496, 2009603, 1, 97
2019.14525195, 47.6865235701525, 131.040514614599, 60.9963111877441, 2009603, 1, 97
2019.14525195, 47.6865935075467, 131.0405046659, 60.9817581176758, 2009603, 1, 97
2019.14525195, 47.6866698419769, 131.040493614442, 60.9715766906738, 2009603, 1, 97
2019.14525195, 47.6867460915922, 131.040482667033, 61.015266418457, 2009603, 1, 97
2019.14525195, 47.6868223211849, 131.040471673244, 60.8739013671875, 2009603, 1, 97
2019.14525195, 47.6868921878784, 131.0404615356, 60.9538536071777, 2009603, 1, 97
2019.14525195, 47.6869810461001, 131.040448676263, 60.9380874633789, 2009603, 1, 97
2019.14525195, 47.6870508464879, 131.040438537481, 60.9513130187988, 2009603, 1, 97
2019.14525195, 47.6871143090655, 131.040429241715, 60.9092063903809, 2009603, 1, 97
2019.14525195, 47.6871903892286, 131.04041820684, 60.9325523376465, 2009603, 1, 97
2019.14525195, 47.6872601345738, 131.040408028841, 60.9193534851074, 2009603, 1, 97
2019.14525195, 47.6873425710987, 131.040395974186, 60.9307746887207, 2009603, 1, 97
2019.14525195, 47.6874121740478, 131.04038590398, 60.8705215454102, 2009603, 1, 97
2019.14525195, 47.6874880879149, 131.040374947418, 60.8456039428711, 2009603, 1, 97
2019.14525195, 47.6875576689455, 131.040364913878, 61.0458564758301, 2009603, 1, 98
2019.14525195, 47.6876272538497, 131.040354872226, 61.0281372070312, 2009603, 1, 98
2019.14525195, 47.6876968657235, 131.040344790524, 61.1525611877441, 2009603, 1, 98
2019.14525195, 47.6877791456277, 131.040332891985, 61.1230545043945, 2009603, 1, 98
2019.14525195, 47.6878488331373, 131.040322702639, 61.052604675293, 2009603, 1, 98
2019.14525195, 47.6879248132055, 131.040311767273, 61.1328544616699, 2009603, 1, 98
2019.14525195, 47.6880072399228, 131.040299727935, 61.1052894592285, 2009603, 1, 98
2019.14525195, 47.6880897364513, 131.040287622466, 61.0547714233398, 2009603, 1, 98
2019.14525195, 47.6881595337327, 131.040277501123, 61.0302772521973, 2009603, 1, 98
2019.14525195, 47.6882294144829, 131.040267271601, 61.062614440918, 2009603, 1, 98
2019.14525195, 47.6883057127542, 131.040256066315, 61.0872001647949, 2009603, 1, 97
2019.14525195, 47.6883756848823, 131.040245836735, 61.1121864318848, 2009603, 1, 97
2019.14525195, 47.6884584443634, 131.040233735125, 61.0012245178223, 2009603, 1, 97
2019.14525195, 47.6885285647633, 131.040223389861, 60.988899230957, 2009603, 1, 97
2019.14525195, 47.6886753542009, 131.040201809754, 61.20849609375, 2009603, 1, 97
2019.14525195, 47.6887521634819, 131.040190313839, 61.1290397644043, 2009603, 1, 97
2019.14525195, 47.6888162025112, 131.040180758844, 61.2963066101074, 2009603, 1, 97
2019.14525195, 47.6888738726096, 131.040172145493, 61.1238899230957, 2009603, 1, 97
2019.14525195, 47.6889379829795, 131.040162564912, 61.1331405639648, 2009603, 1, 97
2019.14525195, 47.6890085132961, 131.040152094826, 61.277027130127, 2009603, 1, 97
2019.14525195, 47.6890854682625, 131.040140736149, 61.3424758911133, 2009603, 1, 97
2019.14525195, 47.6891560477278, 131.040130299209, 61.341178894043, 2009603, 1, 97
2019.14525195, 47.6893036074942, 131.040108714547, 61.3936386108398, 2009603, 1, 97
2019.14525195, 47.6894511485804, 131.040087342576, 61.5017776489258, 2009603, 1, 97
2019.14525195, 47.6895217741213, 131.040077002161, 61.3355751037598, 2009603, 1, 95
2019.14525195, 47.6896050898206, 131.040065154114, 61.0694885253906, 2009603, 1, 95
2019.14525195, 47.689682015916, 131.040054166494, 61.0636901855469, 2009603, 1, 95
2019.14525195, 47.6897461255404, 131.04004498252, 61.1185722351074, 2009603, 1, 95
2019.14525195, 47.6898230010405, 131.040033905064, 61.241096496582, 2009603, 1, 89
2019.14525195, 47.6898933406676, 131.040024293262, 61.1296615600586, 2009603, 1, 89
2019.14525195, 47.6899572502727, 131.040015597253, 60.9430885314941, 2009603, 1, 89
2019.14525195, 47.6900211167647, 131.040006947624, 60.9951477050781, 2009603, 1, 75
2019.14525195, 47.6900913415723, 131.039997438056, 60.9913864135742, 2009603, 1, 75
2019.14525195, 47.6901678892057, 131.03998711763, 61.1903305053711, 2009603, 1, 75
2019.14525195, 47.6902380399767, 131.03997759368, 60.9568939208984, 2009603, 1, 75
2019.14525195, 47.6903144720529, 131.039967322054, 60.9193229675293, 2009603, 1, 63
2019.14525195, 47.6903908990859, 131.039956929296, 60.9826736450195, 2009603, 1, 63
2019.14525195, 47.690460867598, 131.039947487002, 61.0483512878418, 2009603, 1, 63
2019.14525195, 47.6905308223854, 131.039937955761, 61.0987930297852, 2009603, 1, 54
2019.14525195, 47.6906007744515, 131.039928302797, 61.0745277404785, 2009603, 1, 54
2019.14525195, 47.6906706323568, 131.039918736479, 61.0103721618652, 2009603, 1, 54
2019.14525195, 47.6907404871618, 131.039909049012, 60.9343452453613, 2009603, 1, 54
2019.14525195, 47.6910196333676, 131.039869625147, 60.9761009216309, 2009603, 1, 53
2019.14525195, 47.6910830382969, 131.039860475008, 60.8987846374512, 2009603, 1, 53
2019.14525195, 47.6911527630503, 131.039850544401, 60.9036750793457, 2009603, 1, 53
2019.14525195, 47.6912287787494, 131.039839091478, 60.8500137329102, 2009603, 1, 53
2019.14525195, 47.6912984606098, 131.039828505631, 60.8527374267578, 2009603, 1, 53
2019.14525195, 47.6913744691183, 131.039816901315, 60.8094940185547, 2009603, 1, 53
2019.14525195, 47.6914378007584, 131.039807218822, 60.8269882202148, 2009603, 1, 53
2019.14525195, 47.6915074764258, 131.039796519354, 60.8452529907227, 2009603, 1, 60
2019.14525195, 47.6915771565837, 131.039785800771, 60.8315887451172, 2009603, 1, 60
2019.14525195, 47.6916531790419, 131.039774111563, 60.8204765319824, 2009603, 1, 60
2019.14525195, 47.691716544476, 131.039764369953, 60.8256378173828, 2009603, 1, 60
2019.14525195, 47.6917735898822, 131.039755592645, 60.7783813476562, 2009603, 1, 72
2019.14525195, 47.6918306321429, 131.039746870602, 60.803352355957, 2009603, 1, 72
2019.14525195, 47.6918876933253, 131.039738156017, 60.7285194396973, 2009603, 1, 72
2019.14525299, 49.783309762203, 130.731737662854, 169.978408813477, 2009603, 1, 85
2019.14525299, 49.7842249839244, 130.73160293514, 170.075897216797, 2009603, 1, 57
2019.14525324, 50.2882154156981, 130.655154750635, 247.502685546875, 2009603, 1, 56
2019.14525324, 50.2883933346745, 130.655127837201, 247.50114440918, 2009603, 1, 58
2019.14525324, 50.2885891059548, 130.655098362336, 247.470199584961, 2009603, 1, 61
2019.14525325, 50.2892572591863, 130.654996923612, 247.503005981445, 2009603, 1, 64
2019.14525325, 50.2894405020905, 130.654968801682, 247.471008300781, 2009603, 1, 64
2019.14525325, 50.2896242800165, 130.654940417737, 247.488632202148, 2009603, 1, 65
2019.14525325, 50.2897899179183, 130.654914494441, 247.520584106445, 2009603, 1, 66
2019.14525325, 50.2899750440295, 130.654885504982, 247.520462036133, 2009603, 1, 66
2019.14525325, 50.2901476647595, 130.654858559785, 247.508255004883, 2009603, 1, 66
2019.14525325, 50.2903076658437, 130.654833654636, 247.519073486328, 2009603, 1, 66
2019.14525325, 50.2904869701625, 130.654805844168, 247.523742675781, 2009603, 1, 66
2019.14525325, 50.2906854593997, 130.654775303954, 247.524291992188, 2009603, 1, 74
2019.14525325, 50.2908710438381, 130.654746913885, 247.520767211914, 2009603, 1, 91
2019.14525325, 50.2910371173481, 130.65472210934, 247.499664306641, 2009603, 1, 95
2019.14525325, 50.2912030162661, 130.654697367828, 247.518905639648, 2009603, 1, 95
2019.14525325, 50.2914005695184, 130.654667854457, 247.532455444336, 2009603, 1, 94
2019.14525325, 50.2915533506738, 130.654644848603, 247.527725219727, 2009603, 1, 95
2019.14525325, 50.2916745004062, 130.654626540525, 247.648284912109, 2009603, 1, 95
2019.1452543, 52.4049208988409, 130.323362888352, 227.660339355469, 2009603, 1, 54
2019.1452543, 52.4054374171138, 130.323281919177, 227.34016418457, 2009603, 1, 54
2019.14525472, 53.2510478533194, 130.185403346932, 281.462188720703, 2009603, 1, 87
2019.1452517, 47.1761729397518, 131.114569170232, 67.0510635375977, 2009603, 2, 72
2019.1452517, 47.1763061422631, 131.114549683258, 66.8470764160156, 2009603, 2, 59
2019.1452517, 47.1764394199546, 131.114530265806, 66.8612823486328, 2009603, 2, 59
2019.1452517, 47.176598219266, 131.114507317098, 67.0429840087891, 2009603, 2, 59
2019.1452517, 47.1767444688297, 131.11448631388, 67.2687759399414, 2009603, 2, 60
2019.14525171, 47.1916587167506, 131.112379920805, 65.9428787231445, 2009603, 2, 55
2019.14525171, 47.1920019796796, 131.112331467906, 65.9828186035156, 2009603, 2, 77
2019.14525171, 47.1924537057633, 131.112267316802, 66.0040512084961, 2009603, 2, 80
2019.14525171, 47.1928483153944, 131.1122113527, 65.979850769043, 2009603, 2, 86
2019.14525171, 47.1932682123927, 131.112152488095, 65.9614639282227, 2009603, 2, 91
2019.14525171, 47.1936813507792, 131.112095600741, 65.9987716674805, 2009603, 2, 92
2019.14525171, 47.1940751556063, 131.112041680252, 66.009407043457, 2009603, 2, 92
2019.14525171, 47.1943101522582, 131.112009202095, 65.9457321166992, 2009603, 2, 91
2019.14525171, 47.1944625996867, 131.111987894095, 66.0083236694336, 2009603, 2, 92
2019.14525171, 47.1946214520304, 131.111965706852, 65.975212097168, 2009603, 2, 87
2019.14525171, 47.1947612255432, 131.111945594526, 66.0095520019531, 2009603, 2, 82
2019.14525171, 47.1949264633842, 131.11192165026, 66.0233917236328, 2009603, 2, 82
2019.14525171, 47.1951299291627, 131.111892005081, 66.0251693725586, 2009603, 2, 80
2019.14525171, 47.1953335119296, 131.111862252135, 66.0264511108398, 2009603, 2, 81
2019.14525171, 47.1955626819009, 131.111828787083, 66.0289916992188, 2009603, 2, 79
2019.14525171, 47.1957792392662, 131.111797323046, 66.0404968261719, 2009603, 2, 84
2019.14525171, 47.1960788206532, 131.111754287838, 66.0408020019531, 2009603, 2, 88
2019.14525171, 47.1963658276433, 131.111713814092, 66.0265808105469, 2009603, 2, 87
2019.14525171, 47.196576138467, 131.111684247778, 66.0297317504883, 2009603, 2, 88
2019.14525171, 47.1969388603306, 131.111633288346, 66.0745697021484, 2009603, 2, 86
2019.14525172, 47.197376668245, 131.111571306048, 66.0835876464844, 2009603, 2, 83
2019.14525172, 47.1977246867282, 131.111521385095, 66.0447311401367, 2009603, 2, 81
2019.14525172, 47.1980538340334, 131.111474152163, 66.0328750610352, 2009603, 2, 86
2019.14525172, 47.1984978078286, 131.111410756944, 66.045539855957, 2009603, 2, 85
2019.14525172, 47.1989183821206, 131.111351674012, 66.0308685302734, 2009603, 2, 89
2019.14525172, 47.1993206559725, 131.111295199655, 66.0184860229492, 2009603, 2, 93
2019.14525172, 47.1995762225809, 131.11125920933, 65.9861221313477, 2009603, 2, 93
2019.14525172, 47.199921067914, 131.111210280849, 66.0079116821289, 2009603, 2, 94
2019.14525172, 47.2001124515737, 131.111182900185, 66.002326965332, 2009603, 2, 95
2019.14525172, 47.2002973931022, 131.111156451081, 65.9726409912109, 2009603, 2, 93
2019.14525172, 47.2005077724386, 131.111126423227, 66.0041122436523, 2009603, 2, 93
2019.14525172, 47.2006989690955, 131.111099221497, 65.9791259765625, 2009603, 2, 93
2019.14525172, 47.200890122116, 131.11107215622, 66.0049591064453, 2009603, 2, 94
2019.14525172, 47.2011640748661, 131.111033755776, 66.0143814086914, 2009603, 2, 94
2019.14525172, 47.2013615720303, 131.111006368939, 65.9743499755859, 2009603, 2, 93
2019.14525172, 47.2016418109177, 131.110967511252, 65.9630889892578, 2009603, 2, 93
2019.14525172, 47.2018009865691, 131.110945352767, 65.9474792480469, 2009603, 2, 93
2019.14525172, 47.2019728504289, 131.110921332481, 65.9766311645508, 2009603, 2, 93
2019.14525172, 47.202176475174, 131.110892688461, 65.9723205566406, 2009603, 2, 92
2019.14525172, 47.2023609395478, 131.110866494933, 65.9579391479492, 2009603, 2, 92
2019.14525172, 47.2025707780512, 131.110836253784, 65.9448471069336, 2009603, 2, 92
2019.14525172, 47.2028694837312, 131.110792924432, 65.9641036987305, 2009603, 2, 91
2019.14525172, 47.2031680260167, 131.110749607229, 65.9623413085938, 2009603, 2, 81
2019.14525172, 47.2034093048324, 131.11071477244, 65.9765396118164, 2009603, 2, 63
2019.14525196, 47.6817900105424, 131.042246977065, 60.7993507385254, 2009603, 2, 92
2019.14525196, 47.6820506076911, 131.042210194088, 60.7893600463867, 2009603, 2, 88
2019.14525196, 47.6823176808704, 131.042172373338, 60.9480209350586, 2009603, 2, 77
2019.14525196, 47.6828907268209, 131.042090776575, 61.0391464233398, 2009603, 2, 97
2019.14525196, 47.6831970454963, 131.042046960736, 60.9040489196777, 2009603, 2, 97
2019.14525196, 47.6834910086314, 131.04200493056, 60.8687591552734, 2009603, 2, 98
2019.14525196, 47.683727987667, 131.041971160488, 60.8974189758301, 2009603, 2, 97
2019.14525196, 47.6839904646945, 131.041933724582, 60.9258766174316, 2009603, 2, 97
2019.14525196, 47.6842781138127, 131.041892498927, 61.0029525756836, 2009603, 2, 97
2019.14525196, 47.6845778099854, 131.041849403346, 60.9866981506348, 2009603, 2, 97
2019.14525196, 47.6848700811323, 131.041807086739, 60.8775939941406, 2009603, 2, 98
2019.14525196, 47.6851107488947, 131.041772058878, 60.8295364379883, 2009603, 2, 97
2019.14525196, 47.6853765607904, 131.041733487202, 60.8717231750488, 2009603, 2, 98
2019.14525196, 47.6856741650313, 131.041690498135, 60.8228034973145, 2009603, 2, 98
2019.14525196, 47.6859531680571, 131.041650413545, 60.8296966552734, 2009603, 2, 99
2019.14525196, 47.6862459718764, 131.04160904863, 60.8508796691895, 2009603, 2, 98
2019.14525196, 47.6865331129862, 131.041568649548, 60.9058418273926, 2009603, 2, 98
2019.14525196, 47.6870832441442, 131.041491005796, 60.7986145019531, 2009603, 2, 97
2019.14525196, 47.6873650164549, 131.041450820707, 60.8405838012695, 2009603, 2, 98
2019.14525196, 47.6876787532595, 131.041405531925, 60.8800926208496, 2009603, 2, 98
2019.14525196, 47.6879472066548, 131.04136659002, 60.9260063171387, 2009603, 2, 98
2019.14525196, 47.6881895732426, 131.041331235144, 60.8918342590332, 2009603, 2, 98
2019.14525196, 47.6884441057553, 131.041294057156, 60.9560813903809, 2009603, 2, 98
2019.14525196, 47.6887168215764, 131.041254118477, 61.0454444885254, 2009603, 2, 98
2019.14525196, 47.688995204762, 131.041213595045, 61.2542724609375, 2009603, 2, 97
2019.14525196, 47.6892609372701, 131.041175007024, 60.9595909118652, 2009603, 2, 97
2019.14525196, 47.6895269923182, 131.041136779092, 60.9068183898926, 2009603, 2, 94
2019.14525196, 47.6898253222178, 131.041094380165, 60.9034996032715, 2009603, 2, 88
2019.14525196, 47.6900740771593, 131.041059591988, 61.066967010498, 2009603, 2, 72
2019.14525196, 47.6903487477939, 131.041021228102, 61.1360397338867, 2009603, 2, 61
2019.14525196, 47.6906043863186, 131.040985356158, 60.9144592285156, 2009603, 2, 54
2019.14525196, 47.6908854645999, 131.040945589515, 60.8573341369629, 2009603, 2, 52
2019.14525196, 47.6911661162188, 131.040905382669, 60.8713226318359, 2009603, 2, 54
2019.14525196, 47.691433204724, 131.04086631216, 60.8636665344238, 2009603, 2, 54
2019.14525196, 47.6917127829957, 131.040825322746, 60.7742156982422, 2009603, 2, 61
2019.14525326, 50.28872073065, 130.656184869001, 247.500610351562, 2009603, 2, 58
2019.14525326, 50.290109795268, 130.655977111479, 247.499053955078, 2009603, 2, 66
2019.14525326, 50.2907678234494, 130.655876564315, 247.527801513672, 2009603, 2, 72
2019.14525326, 50.2913623826715, 130.655787508839, 247.507568359375, 2009603, 2, 95
2019.14525326, 50.291802340095, 130.655720605407, 247.581481933594, 2009603, 2, 95
2019.14525431, 52.4125422457291, 130.32327749949, 226.009063720703, 2009603, 2, 91
2019.14525432, 52.4129392111902, 130.323213964992, 226.591186523438, 2009603, 2, 60
2019.14525473, 53.2512542121798, 130.186532021255, 282.418792724609, 2009603, 2, 87
2019.14525171, 47.212306727781, 131.151062363696, 65.6267776489258, 2009603, 3, 66
2019.14525171, 47.2124024944871, 131.15104925219, 65.5941314697266, 2009603, 3, 66
2019.14525171, 47.2124660391762, 131.151040191548, 65.5864562988281, 2009603, 3, 66
2019.14525171, 47.212535864199, 131.151030183078, 65.6218643188477, 2009603, 3, 76
2019.14525171, 47.2125993344339, 131.151021030052, 65.6050643920898, 2009603, 3, 76
2019.14525171, 47.2126817659765, 131.151009085217, 65.6138000488281, 2009603, 3, 76
2019.14525171, 47.2127578574671, 131.150997993533, 65.6026611328125, 2009603, 3, 81
2019.14525171, 47.2128338689539, 131.150986874062, 65.6492614746094, 2009603, 3, 81
2019.14525171, 47.21289090674, 131.150978494643, 65.6225891113281, 2009603, 3, 81
2019.14525171, 47.2129479109279, 131.150970104707, 65.6089477539062, 2009603, 3, 81
2019.14525171, 47.2130175671204, 131.150959831478, 65.5969772338867, 2009603, 3, 88
2019.14525171, 47.2130935527372, 131.150948602432, 65.6204223632812, 2009603, 3, 88
2019.14525171, 47.2131569038748, 131.150939223421, 65.6415786743164, 2009603, 3, 88
2019.14525171, 47.213226571684, 131.150928906833, 65.646240234375, 2009603, 3, 88
2019.14525171, 47.2132962428992, 131.150918588936, 65.6303176879883, 2009603, 3, 90
2019.14525171, 47.2133786242089, 131.150906389824, 65.6019592285156, 2009603, 3, 90
2019.14525171, 47.213461041575, 131.150894196948, 65.6290969848633, 2009603, 3, 90
2019.14525171, 47.2135371399414, 131.150882959717, 65.603645324707, 2009603, 3, 89
2019.14525171, 47.2136196267888, 131.150870804328, 65.5832595825195, 2009603, 3, 89
2019.14525171, 47.2137083989131, 131.150857685426, 65.5625381469727, 2009603, 3, 89
2019.14525171, 47.2137911409392, 131.150845698372, 65.5826873779297, 2009603, 3, 91
2019.14525171, 47.2138993827031, 131.150830078336, 65.5479965209961, 2009603, 3, 91
2019.14525171, 47.2139949559167, 131.150816337079, 65.5388107299805, 2009603, 3, 91
2019.14525171, 47.2140714502426, 131.150805372196, 65.5827255249023, 2009603, 3, 90
2019.14525171, 47.214154339731, 131.150793523387, 65.5764846801758, 2009603, 3, 90
2019.14525171, 47.2142436491537, 131.150780788414, 65.5792770385742, 2009603, 3, 90
2019.14525171, 47.2143457167987, 131.150766278427, 65.5462188720703, 2009603, 3, 90
2019.14525171, 47.2144541818199, 131.150750900003, 65.5678939819336, 2009603, 3, 90
2019.14525171, 47.2145371278676, 131.150739164196, 65.5886993408203, 2009603, 3, 90
2019.14525171, 47.2146328318965, 131.15072564448, 65.5999145507812, 2009603, 3, 90
2019.14525171, 47.2147093931101, 131.150714841905, 65.6345443725586, 2009603, 3, 90
2019.14525171, 47.2147540433459, 131.150708547513, 65.5769500732422, 2009603, 3, 92
2019.14525171, 47.2147859439215, 131.150704049807, 65.5982818603516, 2009603, 3, 92
2019.14525171, 47.2148178372068, 131.150699555802, 65.5898818969727, 2009603, 3, 92
2019.14525171, 47.2148560955776, 131.15069416822, 65.6304016113281, 2009603, 3, 92
2019.14525171, 47.2149198564621, 131.150685190993, 65.5973815917969, 2009603, 3, 92
2019.14525171, 47.2150091092487, 131.150672640258, 65.6602096557617, 2009603, 3, 92
2019.14525171, 47.2150791363487, 131.150662758572, 65.6429138183594, 2009603, 3, 92
2019.14525171, 47.215187347956, 131.150647487147, 65.6448516845703, 2009603, 3, 92
2019.14525171, 47.2152954799822, 131.150632236597, 65.6365661621094, 2009603, 3, 92
2019.14525171, 47.2154163094629, 131.15061519435, 65.63623046875, 2009603, 3, 92
2019.14525171, 47.2154925805601, 131.150604441742, 65.608757019043, 2009603, 3, 92
2019.14525171, 47.215524352943, 131.150599963688, 65.615104675293, 2009603, 3, 90
2019.14525171, 47.2155561238111, 131.150595485854, 65.6291732788086, 2009603, 3, 90
2019.14525171, 47.215600609705, 131.150589214574, 65.6663284301758, 2009603, 3, 90
2019.14525171, 47.2156959088691, 131.150575784884, 65.6554336547852, 2009603, 3, 90
2019.14525171, 47.215835637864, 131.150556107145, 65.6487731933594, 2009603, 3, 92
2019.14525171, 47.2159626481209, 131.1505382336, 65.6555404663086, 2009603, 3, 92
2019.14525171, 47.216089621832, 131.150520389252, 65.6733932495117, 2009603, 3, 91
2019.14525171, 47.2161531055558, 131.150511477109, 65.6346740722656, 2009603, 3, 91
2019.14525171, 47.2161785232297, 131.15050790609, 65.582763671875, 2009603, 3, 91
2019.14525171, 47.2162039045611, 131.150504440963, 65.5845108032227, 2009603, 3, 91
2019.14525171, 47.216235633992, 131.150499965175, 65.594856262207, 2009603, 3, 92
2019.14525171, 47.2162610382061, 131.150496379194, 65.5856704711914, 2009603, 3, 92
2019.14525171, 47.2162864268005, 131.150492799606, 65.6186065673828, 2009603, 3, 92
2019.14525171, 47.2163118426982, 131.150489212777, 65.6221771240234, 2009603, 3, 92
2019.14525171, 47.2163435781574, 131.150484743442, 65.6102676391602, 2009603, 3, 92
2019.14525171, 47.2163689861825, 131.150481163462, 65.6236419677734, 2009603, 3, 92
2019.14525171, 47.2164007373878, 131.150476694527, 65.5776138305664, 2009603, 3, 92
2019.14525171, 47.2164324895451, 131.150472228702, 65.6178359985352, 2009603, 3, 92
2019.14525171, 47.2164705747247, 131.150466880672, 65.6177062988281, 2009603, 3, 92
2019.14525171, 47.2165023263682, 131.150462423268, 65.6031341552734, 2009603, 3, 93
2019.14525171, 47.2165340795993, 131.150457969968, 65.6148910522461, 2009603, 3, 93
2019.14525171, 47.2165658462049, 131.150453516764, 65.643913269043, 2009603, 3, 93
2019.14525171, 47.2167246402471, 131.150431337543, 65.5947570800781, 2009603, 3, 93
2019.14525171, 47.2168517089656, 131.150413682092, 65.6377105712891, 2009603, 3, 93
2019.14525171, 47.2169915225022, 131.150394358484, 65.6302947998047, 2009603, 3, 93
2019.14525171, 47.2170868857776, 131.150381239713, 65.5539855957031, 2009603, 3, 93
2019.14525171, 47.2171504744127, 131.150372520042, 65.5825500488281, 2009603, 3, 93
2019.14525171, 47.2172458735916, 131.150359479175, 65.6311111450195, 2009603, 3, 93
2019.14525171, 47.2173921950874, 131.150339565894, 65.5983352661133, 2009603, 3, 93
2019.14525171, 47.2175067463566, 131.15032387019, 65.5300369262695, 2009603, 3, 93
2019.14525171, 47.2176404651996, 131.150306125251, 65.5918273925781, 2009603, 3, 93
2019.14525171, 47.2177487391947, 131.150291765497, 65.5833053588867, 2009603, 3, 93
2019.14525171, 47.2178124323621, 131.150283310555, 65.5641937255859, 2009603, 3, 93
2019.14525171, 47.2179016417727, 131.15027144017, 65.5704956054688, 2009603, 3, 93
2019.14525171, 47.2180354399989, 131.150253563351, 65.6073303222656, 2009603, 3, 94
2019.14525171, 47.2181628945873, 131.150236407258, 65.5741195678711, 2009603, 3, 94
2019.14525171, 47.2182202331959, 131.150228644035, 65.5449676513672, 2009603, 3, 94
2019.14525171, 47.2182648476108, 131.150222576048, 65.5871124267578, 2009603, 3, 95
2019.14525171, 47.2183413209138, 131.150212126398, 65.569450378418, 2009603, 3, 95
2019.14525171, 47.2183986750841, 131.150204244152, 65.5361862182617, 2009603, 3, 95
2019.14525171, 47.2184432656243, 131.15019809176, 65.5628890991211, 2009603, 3, 95
2019.14525171, 47.2184878735062, 131.150191907777, 65.5577926635742, 2009603, 3, 95
2019.14525171, 47.2185515844272, 131.150183033877, 65.5971832275391, 2009603, 3, 93
2019.14525171, 47.2186152932393, 131.150174106764, 65.5624465942383, 2009603, 3, 93
2019.14525171, 47.2186726315231, 131.150166025512, 65.5300064086914, 2009603, 3, 93
2019.14525171, 47.2187235924252, 131.150158806789, 65.5601425170898, 2009603, 3, 93
2019.14525171, 47.2187681962571, 131.15015274339, 65.5402908325195, 2009603, 3, 94
2019.14525171, 47.2188255033922, 131.150144352307, 65.5598449707031, 2009603, 3, 94
2019.14525171, 47.2188700927688, 131.150137792386, 65.5524444580078, 2009603, 3, 94
2019.14525171, 47.2189146448006, 131.150131222789, 65.5520553588867, 2009603, 3, 94
2019.14525171, 47.2189592335531, 131.150124621756, 65.5401992797852, 2009603, 3, 94
2019.14525171, 47.218997428506, 131.150118957516, 65.5459747314453, 2009603, 3, 94
2019.14525171, 47.2190419903932, 131.150112335078, 65.559944152832, 2009603, 3, 93
2019.14525171, 47.2191056415724, 131.150102855093, 65.5817413330078, 2009603, 3, 93
2019.14525171, 47.2192265499183, 131.150084804016, 65.5543899536133, 2009603, 3, 93
2019.14525171, 47.2193219820594, 131.150070541675, 65.565315246582, 2009603, 3, 94
2019.14525171, 47.219436470036, 131.150053449856, 65.5082321166992, 2009603, 3, 94
2019.14525171, 47.2195382263975, 131.150038301217, 65.5142669677734, 2009603, 3, 94
2019.14525171, 47.2196971720491, 131.150014782353, 65.5271224975586, 2009603, 3, 94
2019.14525171, 47.2198115809539, 131.149997999706, 65.5360946655273, 2009603, 3, 94
2019.14525171, 47.2198814917933, 131.149987815736, 65.5794372558594, 2009603, 3, 94
2019.14525171, 47.2199704507549, 131.149974945478, 65.5282211303711, 2009603, 3, 94
2019.14525171, 47.2200530759526, 131.149962843346, 65.5554275512695, 2009603, 3, 93
2019.14525171, 47.2201864565062, 131.149944351743, 65.5315246582031, 2009603, 3, 93
2019.14525171, 47.2202817092253, 131.149931274133, 65.5404663085938, 2009603, 3, 92
2019.14525171, 47.2204087210531, 131.149913967581, 65.5402145385742, 2009603, 3, 92
2019.14525171, 47.220561122514, 131.149893351669, 65.5081253051758, 2009603, 3, 89
2019.14525171, 47.2206627215835, 131.149879664667, 65.5617218017578, 2009603, 3, 89
2019.14525171, 47.2207643669888, 131.149865982867, 65.5248641967773, 2009603, 3, 89
2019.14525171, 47.2208786948896, 131.149850595967, 65.5355529785156, 2009603, 3, 89
2019.14525171, 47.2209803468145, 131.149836886413, 65.5276107788086, 2009603, 3, 89
2019.14525171, 47.2210566002964, 131.149826573112, 65.4768600463867, 2009603, 3, 84
2019.14525171, 47.221113784678, 131.149818820403, 65.5193023681641, 2009603, 3, 84
2019.14525171, 47.2212281691393, 131.149803248964, 65.4920349121094, 2009603, 3, 84
2019.14525171, 47.2213298332712, 131.1497894864, 65.5041122436523, 2009603, 3, 84
2019.14525171, 47.2213934525372, 131.149780557801, 65.5198593139648, 2009603, 3, 84
2019.14525171, 47.221476174932, 131.149768898084, 65.5438613891602, 2009603, 3, 84
2019.14525171, 47.221597080553, 131.149751768836, 65.5405426025391, 2009603, 3, 81
2019.14525171, 47.2217370881238, 131.149731820851, 65.4739151000977, 2009603, 3, 81
2019.14525171, 47.2218388959851, 131.149717259898, 65.4458999633789, 2009603, 3, 79
2019.14525171, 47.221966156346, 131.149699007792, 65.4851989746094, 2009603, 3, 79
2019.14525171, 47.2220997743545, 131.149679809257, 65.486213684082, 2009603, 3, 77
2019.14525171, 47.2222206440454, 131.149662436516, 65.5147018432617, 2009603, 3, 77
2019.14525171, 47.2223606087687, 131.149642331395, 65.5005264282227, 2009603, 3, 76
2019.14525172, 47.2225068798182, 131.149621373341, 65.4734497070312, 2009603, 3, 76
2019.14525172, 47.2226404490235, 131.14960225555, 65.4831237792969, 2009603, 3, 76
2019.14525172, 47.2227611488589, 131.149585277831, 65.5052032470703, 2009603, 3, 79
2019.14525172, 47.2228818411283, 131.149568349044, 65.4896087646484, 2009603, 3, 79
2019.14525172, 47.222989874722, 131.149553221105, 65.4911422729492, 2009603, 3, 79
2019.14525172, 47.2231106089807, 131.14953634612, 65.4785614013672, 2009603, 3, 82
2019.14525172, 47.2231868852556, 131.149525693177, 65.4560394287109, 2009603, 3, 82
2019.14525172, 47.2232695463851, 131.149514149911, 65.5051803588867, 2009603, 3, 92
2019.14525172, 47.2234094871863, 131.149494607418, 65.5030670166016, 2009603, 3, 92
2019.14525172, 47.2235176782409, 131.149479487677, 65.4878616333008, 2009603, 3, 94
2019.14525172, 47.2236068350639, 131.14946701182, 65.4457397460938, 2009603, 3, 94
2019.14525172, 47.2236832657413, 131.149456308241, 65.4707336425781, 2009603, 3, 94
2019.14525172, 47.2237533676904, 131.149446476704, 65.4449920654297, 2009603, 3, 94
2019.14525172, 47.223817119175, 131.149437524807, 65.4232635498047, 2009603, 3, 94
2019.14525172, 47.2238681291636, 131.14943040849, 65.4668350219727, 2009603, 3, 94
2019.14525172, 47.2239127904806, 131.149424086548, 65.4502639770508, 2009603, 3, 94
2019.14525172, 47.2239510640186, 131.149418667763, 65.4595794677734, 2009603, 3, 94
2019.14525172, 47.2239893673203, 131.149413236474, 65.4501724243164, 2009603, 3, 94
2019.14525172, 47.2240340623704, 131.149406894442, 65.4994583129883, 2009603, 3, 95
2019.14525172, 47.224085153893, 131.149399638728, 65.4507064819336, 2009603, 3, 95
2019.14525172, 47.2241426448638, 131.149391466887, 65.4676895141602, 2009603, 3, 95
2019.14525172, 47.2242385057389, 131.149377824908, 65.4995803833008, 2009603, 3, 95
2019.14525172, 47.2243599659372, 131.149360519794, 65.4939575195312, 2009603, 3, 95
2019.14525172, 47.2245006895053, 131.149340443675, 65.4549331665039, 2009603, 3, 95
2019.14525172, 47.2247310036343, 131.149307577138, 65.5026550292969, 2009603, 3, 95
2019.14525172, 47.2248078081669, 131.149296615475, 65.4865951538086, 2009603, 3, 95
2019.14525172, 47.2249229957376, 131.149280189367, 65.47412109375, 2009603, 3, 95
2019.14525172, 47.2250573280844, 131.14926106238, 65.4810562133789, 2009603, 3, 96
2019.14525172, 47.2251852088861, 131.149242880305, 65.496467590332, 2009603, 3, 95
2019.14525172, 47.2252748361197, 131.149230162282, 65.4482269287109, 2009603, 3, 95
2019.14525172, 47.2253515944387, 131.149219293218, 65.4824447631836, 2009603, 3, 95
2019.14525172, 47.2254539221478, 131.149204820439, 65.4991607666016, 2009603, 3, 95
2019.14525172, 47.225536984643, 131.14919309949, 65.4504547119141, 2009603, 3, 94
2019.14525172, 47.2255944567249, 131.14918500148, 65.4754791259766, 2009603, 3, 94
2019.14525172, 47.2256518689486, 131.149176927439, 65.4986572265625, 2009603, 3, 94
2019.14525172, 47.2256965303147, 131.149170648369, 65.5432281494141, 2009603, 3, 94
2019.14525172, 47.2257730083578, 131.149159917682, 65.532829284668, 2009603, 3, 87
2019.14525172, 47.2258303435679, 131.149151881562, 65.523796081543, 2009603, 3, 87
2019.14525172, 47.225881253419, 131.149144758933, 65.5515747070312, 2009603, 3, 87
2019.14525172, 47.226046546175, 131.149121680412, 65.3947143554688, 2009603, 3, 64
2019.14525172, 47.2261163761726, 131.149111954711, 65.450813293457, 2009603, 3, 64
2019.14525172, 47.2261734500883, 131.149104018913, 65.4447479248047, 2009603, 3, 64
2019.14525172, 47.2262178381888, 131.149097847883, 65.4259185791016, 2009603, 3, 64
2019.14525194, 47.6795012582393, 131.084557406297, 60.5998229980469, 2009603, 3, 91
2019.14525194, 47.6796025208184, 131.084542979059, 60.6642150878906, 2009603, 3, 91
2019.14525194, 47.6797035035789, 131.084528788265, 60.7099952697754, 2009603, 3, 91
2019.14525194, 47.6798234422755, 131.084511986424, 60.7097396850586, 2009603, 3, 95
2019.14525194, 47.6799244169409, 131.084497886999, 60.6964492797852, 2009603, 3, 95
2019.14525194, 47.6801455344454, 131.084467050658, 60.7109680175781, 2009603, 3, 96
2019.14525194, 47.6802467119822, 131.084452945047, 60.7723770141602, 2009603, 3, 96
2019.14525194, 47.6803480565694, 131.084438787477, 60.6662139892578, 2009603, 3, 96
2019.14525194, 47.6806973018723, 131.084389786063, 60.7452659606934, 2009603, 3, 97
2019.14525194, 47.680805373496, 131.084374661834, 60.8068199157715, 2009603, 3, 97
2019.14525194, 47.6808949567672, 131.084361814958, 60.6939315795898, 2009603, 3, 97
2019.14525194, 47.6809973706224, 131.084347111442, 60.8219375610352, 2009603, 3, 97
2019.14525194, 47.681100011996, 131.084332321973, 60.7646980285645, 2009603, 3, 97
2019.14525194, 47.6812091311989, 131.084316587078, 60.7079925537109, 2009603, 3, 97
2019.14525194, 47.6813310910297, 131.084299008359, 60.7414855957031, 2009603, 3, 96
2019.14525194, 47.6814724335524, 131.084278634926, 60.9040908813477, 2009603, 3, 96
2019.14525194, 47.6816972806138, 131.084246312308, 60.8653564453125, 2009603, 3, 97
2019.14525194, 47.6819283485337, 131.084213282414, 60.8546981811523, 2009603, 3, 98
2019.14525194, 47.6820116533115, 131.084201443239, 60.6300888061523, 2009603, 3, 97
2019.14525194, 47.6821078661542, 131.084187721934, 60.5948219299316, 2009603, 3, 97
2019.14525194, 47.6822227936014, 131.08417164873, 60.6392936706543, 2009603, 3, 97
2019.14525194, 47.6823311519702, 131.08415656114, 60.6425132751465, 2009603, 3, 97
2019.14525194, 47.6824394759525, 131.084141502878, 60.7223815917969, 2009603, 3, 97
2019.14525194, 47.6825540065959, 131.084125624758, 60.6724128723145, 2009603, 3, 97
2019.14525194, 47.6826493920622, 131.084112409758, 60.6397285461426, 2009603, 3, 97
2019.14525194, 47.6827574178625, 131.084097447125, 60.6266479492188, 2009603, 3, 96
2019.14525194, 47.6828653896719, 131.08408247875, 60.675952911377, 2009603, 3, 96
2019.14525194, 47.6829669552762, 131.08406837893, 60.6333808898926, 2009603, 3, 96
2019.14525194, 47.6830811641158, 131.084052487348, 60.5911140441895, 2009603, 3, 98
2019.14525194, 47.6831826761825, 131.084038313476, 60.6478080749512, 2009603, 3, 98
2019.14525194, 47.6832841507558, 131.08402409763, 60.7297019958496, 2009603, 3, 97
2019.14525194, 47.6834045944974, 131.084007152845, 60.6604919433594, 2009603, 3, 97
2019.14525194, 47.6835062242332, 131.083992755503, 60.6059265136719, 2009603, 3, 98
2019.14525194, 47.6836015576446, 131.083979174444, 60.6082878112793, 2009603, 3, 98
2019.14525194, 47.683734948349, 131.083960076943, 60.5680465698242, 2009603, 3, 98
2019.14525194, 47.6838619720654, 131.083941772929, 60.6573295593262, 2009603, 3, 98
2019.14525194, 47.6839762842259, 131.083925201117, 60.8216934204102, 2009603, 3, 98
2019.14525195, 47.684166749726, 131.083897397172, 60.643611907959, 2009603, 3, 97
2019.14525195, 47.684268308558, 131.083882480909, 60.604175567627, 2009603, 3, 98
2019.14525195, 47.6843761547664, 131.083866588772, 60.5951194763184, 2009603, 3, 98
2019.14525195, 47.6844903555006, 131.083849696707, 60.5635795593262, 2009603, 3, 98
2019.14525195, 47.6846045021532, 131.083832772153, 60.5634536743164, 2009603, 3, 98
2019.14525195, 47.6847249531006, 131.083814859404, 60.5491905212402, 2009603, 3, 98
2019.14525195, 47.6848324982637, 131.08379874381, 60.5696792602539, 2009603, 3, 98
2019.14525195, 47.6849400596525, 131.08378263899, 60.5615882873535, 2009603, 3, 98
2019.14525195, 47.6850540001279, 131.083765612488, 60.6359214782715, 2009603, 3, 98
2019.14525195, 47.6851680406166, 131.083748622602, 60.6054878234863, 2009603, 3, 97
2019.14525195, 47.6852694709148, 131.083733578013, 60.634391784668, 2009603, 3, 97
2019.14525195, 47.6853900067466, 131.083715801165, 60.6337356567383, 2009603, 3, 97
2019.14525195, 47.6854979884207, 131.083699973202, 60.6034812927246, 2009603, 3, 97
2019.14525195, 47.6856060936264, 131.083684232808, 60.6598129272461, 2009603, 3, 98
2019.14525195, 47.6857015857637, 131.083670421464, 60.6603965759277, 2009603, 3, 98
2019.14525195, 47.6858099239219, 131.083654863059, 60.6386184692383, 2009603, 3, 99
2019.14525195, 47.6859373621684, 131.083636633165, 60.6100006103516, 2009603, 3, 99
2019.14525195, 47.6860334892758, 131.08362323246, 60.605598449707, 2009603, 3, 98
2019.14525195, 47.6861424838131, 131.083608131698, 60.5983810424805, 2009603, 3, 98
2019.14525195, 47.6862451397136, 131.083593973913, 60.6187324523926, 2009603, 3, 98
2019.14525195, 47.6863606180223, 131.083578113381, 60.7369766235352, 2009603, 3, 98
2019.14525195, 47.6864696910957, 131.083563165058, 60.6427536010742, 2009603, 3, 98
2019.14525195, 47.6865786671191, 131.083548256188, 60.619083404541, 2009603, 3, 97
2019.14525195, 47.6867003813086, 131.083531598408, 60.6780471801758, 2009603, 3, 97
2019.14525195, 47.6868091784478, 131.083516682736, 60.6144561767578, 2009603, 3, 97
2019.14525195, 47.6869178327392, 131.08350175063, 60.651741027832, 2009603, 3, 97
2019.14525195, 47.6870263609617, 131.083486777415, 60.6500625610352, 2009603, 3, 96
2019.14525195, 47.6871411023945, 131.08347087507, 60.6309776306152, 2009603, 3, 96
2019.14525195, 47.6872493499451, 131.083455813463, 60.6064567565918, 2009603, 3, 96
2019.14525195, 47.6873569773491, 131.083440550682, 60.6844635009766, 2009603, 3, 97
2019.14525195, 47.6874582019456, 131.083426123729, 60.7483901977539, 2009603, 3, 97
2019.14525195, 47.6875719744876, 131.083409846658, 60.643424987793, 2009603, 3, 96
2019.14525195, 47.6876856313398, 131.083393539695, 60.7331275939941, 2009603, 3, 96
2019.14525195, 47.6878119381778, 131.083375357013, 60.6217422485352, 2009603, 3, 96
2019.14525195, 47.6879129744523, 131.083360789428, 60.6229057312012, 2009603, 3, 96
2019.14525195, 47.6880140398581, 131.083346206279, 60.672908782959, 2009603, 3, 97
2019.14525195, 47.6881214407653, 131.083330713596, 60.7402648925781, 2009603, 3, 97
2019.14525195, 47.6882353301177, 131.083314276671, 60.634464263916, 2009603, 3, 97
2019.14525195, 47.688342969505, 131.083298764519, 60.7267875671387, 2009603, 3, 95
2019.14525195, 47.6887179623476, 131.083245188911, 61.8886947631836, 2009603, 3, 51
2019.14525307, 49.935051393567, 130.753846210395, 212.381072998047, 2009603, 3, 56
2019.14525308, 49.9526958175337, 130.751184459242, 215.061157226562, 2009603, 3, 56
2019.14525308, 49.9529182055734, 130.751148482677, 214.825302124023, 2009603, 3, 61
2019.14525325, 50.2949023697935, 130.699528922018, 247.510803222656, 2009603, 3, 59
2019.14525325, 50.2953329000831, 130.699464892949, 247.520370483398, 2009603, 3, 61
2019.14525325, 50.2962332467239, 130.699329379322, 247.495193481445, 2009603, 3, 65
2019.14525325, 50.2967098541246, 130.699256820698, 247.48176574707, 2009603, 3, 90
2019.14525325, 50.2971929700455, 130.699183197363, 247.495056152344, 2009603, 3, 96
2019.14525325, 50.2976822542305, 130.699108885706, 247.473266601562, 2009603, 3, 97
2019.14525325, 50.2981973204251, 130.699030953399, 247.495880126953, 2009603, 3, 96
2019.1452543, 52.3992315910386, 130.371853616922, 236.733001708984, 2009603, 3, 62
2019.1452543, 52.400829468719, 130.371595978347, 235.919036865234, 2009603, 3, 69
2019.1452543, 52.405396156172, 130.37086508861, 234.871734619141, 2009603, 3, 79
2019.1452543, 52.4057974726407, 130.370800574072, 235.248001098633, 2009603, 3, 87
2019.1452543, 52.4065688847619, 130.37067550895, 232.508773803711, 2009603, 3, 63
2019.14525538, 54.573990291679, 130.013039993383, 381.146514892578, 2007670, 3, 87
2019.14525538, 54.5742379116946, 130.012996400214, 380.982177734375, 2007670, 3, 90
2019.14525538, 54.5744789330105, 130.012954158426, 380.800598144531, 2007670, 3, 90
2019.14525538, 54.5782822775646, 130.012305180528, 381.392272949219, 2007670, 3, 90
2019.14525172, 47.2129293625594, 131.151996848043, 65.629150390625, 2009603, 4, 75
2019.14525172, 47.2131644559817, 131.15196349715, 65.627082824707, 2009603, 4, 83
2019.14525172, 47.2134377750603, 131.151924412838, 65.6181793212891, 2009603, 4, 87
2019.14525172, 47.2136921868334, 131.151887705521, 65.6546478271484, 2009603, 4, 88
2019.14525172, 47.2139786580255, 131.151845565762, 65.6151351928711, 2009603, 4, 88
2019.14525172, 47.2142335129674, 131.151807995096, 65.5735549926758, 2009603, 4, 89
2019.14525172, 47.2145268040041, 131.151764954911, 65.5900192260742, 2009603, 4, 91
2019.14525172, 47.2147564506123, 131.151731567737, 65.6158142089844, 2009603, 4, 90
2019.14525172, 47.2150244417168, 131.151693145629, 65.6232147216797, 2009603, 4, 91
2019.14525172, 47.2154073301099, 131.151639537975, 65.6442337036133, 2009603, 4, 91
2019.14525172, 47.215751515138, 131.151592080746, 65.6047973632812, 2009603, 4, 92
2019.14525172, 47.2158915755598, 131.151572892948, 65.6063461303711, 2009603, 4, 92
2019.14525172, 47.2160633220964, 131.151549404145, 65.6049194335938, 2009603, 4, 91
2019.14525172, 47.2162031906493, 131.151530289944, 65.611572265625, 2009603, 4, 91
2019.14525172, 47.2164062058404, 131.151502462497, 65.6319122314453, 2009603, 4, 92
2019.14525172, 47.2166597564712, 131.151467550288, 65.6365127563477, 2009603, 4, 92
2019.14525172, 47.2170082331543, 131.151419098117, 65.621467590332, 2009603, 4, 93
2019.14525172, 47.2173568269053, 131.151369941555, 65.5868988037109, 2009603, 4, 93
2019.14525172, 47.2176932052155, 131.151321756758, 65.5847015380859, 2009603, 4, 93
2019.14525172, 47.2179982790423, 131.151277500593, 65.5838012695312, 2009603, 4, 93
2019.14525172, 47.2183417498719, 131.151227290815, 65.5733489990234, 2009603, 4, 92
2019.14525172, 47.218564458678, 131.15119462396, 65.5447616577148, 2009603, 4, 94
2019.14525172, 47.2187235887187, 131.151171245246, 65.5446929931641, 2009603, 4, 94
2019.14525172, 47.2190734755538, 131.15112005852, 65.5801086425781, 2009603, 4, 93
2019.14525172, 47.219512455281, 131.151056092328, 65.5869216918945, 2009603, 4, 93
2019.14525172, 47.2197542406502, 131.151021031642, 65.610107421875, 2009603, 4, 94
2019.14525172, 47.22010425586, 131.150970522284, 65.5740280151367, 2009603, 4, 93
2019.14525172, 47.2205053539277, 131.150912938887, 65.5282745361328, 2009603, 4, 90
2019.14525172, 47.2207791101329, 131.150873967352, 65.5470199584961, 2009603, 4, 89
2019.14525173, 47.2209509875525, 131.150849640521, 65.5407180786133, 2009603, 4, 89
2019.14525173, 47.2211610450868, 131.15082004205, 65.5174713134766, 2009603, 4, 84
2019.14525173, 47.221421958507, 131.150783517837, 65.5267944335938, 2009603, 4, 84
2019.14525173, 47.2216191627197, 131.150756097221, 65.5183944702148, 2009603, 4, 80
2019.14525173, 47.2218737009642, 131.150720643152, 65.4856719970703, 2009603, 4, 77
2019.14525173, 47.222204832225, 131.150674212585, 65.4914398193359, 2009603, 4, 75
2019.14525173, 47.222580864524, 131.150620931566, 65.5116806030273, 2009603, 4, 74
2019.14525173, 47.2227660468573, 131.150594162509, 65.5146179199219, 2009603, 4, 74
2019.14525173, 47.2230917300159, 131.150546915679, 65.526496887207, 2009603, 4, 78
2019.14525173, 47.2233980603932, 131.150502576586, 65.5087051391602, 2009603, 4, 81
2019.14525173, 47.2237486053406, 131.150452309552, 65.5026550292969, 2009603, 4, 87
2019.14525173, 47.2239077343056, 131.150429744998, 65.4883728027344, 2009603, 4, 95
2019.14525173, 47.2241427690374, 131.150396967777, 65.4709854125977, 2009603, 4, 95
2019.14525173, 47.2244602552111, 131.150353036773, 65.4675674438477, 2009603, 4, 94
2019.14525173, 47.2246126852282, 131.150332011146, 65.4556198120117, 2009603, 4, 96
2019.14525173, 47.2248414545006, 131.15030045278, 65.4758148193359, 2009603, 4, 96
2019.14525173, 47.2251595853869, 131.150256396372, 65.4642791748047, 2009603, 4, 95
2019.14525173, 47.2254083627428, 131.150221493801, 65.4465866088867, 2009603, 4, 95
2019.14525173, 47.2257084695676, 131.15017911992, 65.4521713256836, 2009603, 4, 95
2019.14525173, 47.2258937297922, 131.150152832514, 65.4936981201172, 2009603, 4, 93
2019.14525173, 47.226219519378, 131.150106411941, 65.4563064575195, 2009603, 4, 88
2019.14525173, 47.226379190744, 131.150083539569, 65.4146270751953, 2009603, 4, 64
2019.14525173, 47.2264940249968, 131.150067191906, 65.3893661499023, 2009603, 4, 64
2019.14525195, 47.6795366116355, 131.085592732242, 60.5627555847168, 2009603, 4, 96
2019.14525195, 47.6798222462119, 131.08555192777, 60.5465049743652, 2009603, 4, 96
2019.14525195, 47.6805485543575, 131.085448994192, 60.6936187744141, 2009603, 4, 97
2019.14525195, 47.6809002343755, 131.085399522898, 60.7822608947754, 2009603, 4, 97
2019.14525195, 47.6812012217488, 131.085357345992, 60.78076171875, 2009603, 4, 97
2019.14525195, 47.6814957091794, 131.085315892066, 60.7783966064453, 2009603, 4, 96
2019.14525195, 47.681879208323, 131.085261420511, 60.6355438232422, 2009603, 4, 97
2019.14525195, 47.6822424447473, 131.085209104747, 60.6728401184082, 2009603, 4, 97
2019.14525196, 47.6825728053794, 131.085160956514, 60.7617721557617, 2009603, 4, 96
2019.14525196, 47.6828582783928, 131.085119342188, 60.7103691101074, 2009603, 4, 96
2019.14525196, 47.683206985357, 131.085068773116, 60.6182479858398, 2009603, 4, 97
2019.14525196, 47.6835304396567, 131.085022419132, 60.5849914550781, 2009603, 4, 98
2019.14525196, 47.6838351718018, 131.084979251134, 60.6308097839355, 2009603, 4, 98
2019.14525196, 47.6841212048124, 131.084938952041, 60.6069946289062, 2009603, 4, 98
2019.14525196, 47.6844203321824, 131.084896867397, 60.635082244873, 2009603, 4, 98
2019.14525196, 47.6846815687768, 131.084860044038, 60.6157188415527, 2009603, 4, 98
2019.14525196, 47.6849878457241, 131.084816695062, 60.5037117004395, 2009603, 4, 98
2019.14525196, 47.6852812881526, 131.084774812456, 60.4788131713867, 2009603, 4, 97
2019.14525196, 47.6855871842399, 131.084730737658, 60.4572486877441, 2009603, 4, 98
2019.14525196, 47.6858990465266, 131.0846854571, 60.565013885498, 2009603, 4, 98
2019.14525196, 47.6862543614887, 131.084633160496, 60.6104011535645, 2009603, 4, 98
2019.14525196, 47.6866095332448, 131.084581162909, 60.5254669189453, 2009603, 4, 98
2019.14525196, 47.6869713798505, 131.084528973512, 60.6146659851074, 2009603, 4, 97
2019.14525196, 47.6873149180334, 131.084480588894, 60.5397071838379, 2009603, 4, 97
2019.14525196, 47.6876912279149, 131.084428882734, 60.6185874938965, 2009603, 4, 96
2019.14525196, 47.6880168172427, 131.08438445629, 60.503604888916, 2009603, 4, 96
2019.14525308, 49.9324870775413, 130.755289319643, 212.312454223633, 2009603, 4, 62
2019.14525326, 50.2953652827723, 130.700545949208, 247.522933959961, 2009603, 4, 60
2019.14525326, 50.2962215936096, 130.700418239739, 247.532653808594, 2009603, 4, 63
2019.14525326, 50.2973987491049, 130.700240548772, 247.514205932617, 2009603, 4, 96
2019.14525326, 50.2983854776301, 130.700090523596, 247.466842651367, 2009603, 4, 96
2019.14525171, 47.2077662392289, 131.194342170266, 65.0394515991211, 2009603, 5, 87
2019.14525171, 47.2077979903561, 131.194337821159, 65.0474853515625, 2009603, 5, 87
2019.14525171, 47.2078297318253, 131.194333461202, 65.0145034790039, 2009603, 5, 87
2019.14525171, 47.2078614847935, 131.194329119036, 65.0385437011719, 2009603, 5, 87
2019.14525171, 47.2078868846158, 131.194325642909, 65.030143737793, 2009603, 5, 87
2019.14525171, 47.2079122952266, 131.194322182373, 65.0485763549805, 2009603, 5, 87
2019.14525171, 47.2079440310356, 131.194317825086, 65.0544891357422, 2009603, 5, 87
2019.14525171, 47.2079757766102, 131.194313479106, 65.0682067871094, 2009603, 5, 87
2019.14525171, 47.2080139007266, 131.194308302691, 65.0650405883789, 2009603, 5, 89
2019.14525171, 47.2080583352593, 131.194302206273, 65.0475769042969, 2009603, 5, 89
2019.14525171, 47.2081028190998, 131.194296166217, 65.0533905029297, 2009603, 5, 89
2019.14525171, 47.2081472802929, 131.19429009308, 65.0248031616211, 2009603, 5, 89
2019.14525171, 47.2081853653561, 131.194284852719, 65.0314865112305, 2009603, 5, 89
2019.14525171, 47.2082234997443, 131.194279669482, 65.0314559936523, 2009603, 5, 89
2019.14525171, 47.2082679521541, 131.194273564379, 65.0574722290039, 2009603, 5, 90
2019.14525171, 47.2083060800723, 131.194268355563, 65.0109329223633, 2009603, 5, 90
2019.14525171, 47.2083378693473, 131.194264026762, 65.0192337036133, 2009603, 5, 90
2019.14525171, 47.2083759818911, 131.194258782436, 65.0136566162109, 2009603, 5, 90
2019.14525171, 47.2084077798658, 131.194254449504, 65.0294647216797, 2009603, 5, 90
2019.14525171, 47.2084648779968, 131.194246660646, 65.0822677612305, 2009603, 5, 91
2019.14525171, 47.208554078054, 131.194234371365, 65.0085372924805, 2009603, 5, 91
2019.14525171, 47.2086177815535, 131.194225545846, 65.0346298217773, 2009603, 5, 91
2019.14525171, 47.2086815001345, 131.19421671569, 65.0344161987305, 2009603, 5, 91
2019.14525171, 47.2087771200585, 131.194203472894, 65.0817260742188, 2009603, 5, 92
2019.14525171, 47.2088663555182, 131.194191061422, 65.1302108764648, 2009603, 5, 92
2019.14525171, 47.2089364860383, 131.194181310113, 65.2428588867188, 2009603, 5, 92
2019.14525171, 47.2090066255988, 131.194171551693, 65.1407623291016, 2009603, 5, 83
2019.14525171, 47.2090512436181, 131.194165315892, 65.1023254394531, 2009603, 5, 83
2019.14525171, 47.2091022417541, 131.194158194639, 65.0973434448242, 2009603, 5, 83
2019.14525171, 47.209165975302, 131.194149267717, 65.1065673828125, 2009603, 5, 83
2019.14525171, 47.2092360699581, 131.194139430417, 65.1703872680664, 2009603, 5, 83
2019.14525171, 47.209299795652, 131.194130489972, 65.1846466064453, 2009603, 5, 80
2019.14525171, 47.2093380198015, 131.194125116123, 65.1762161254883, 2009603, 5, 80
2019.14525171, 47.2093762567481, 131.194119756428, 65.2006530761719, 2009603, 5, 80
2019.14525171, 47.2094144836267, 131.194114385464, 65.1784591674805, 2009603, 5, 80
2019.14525171, 47.2094526843166, 131.194108985579, 65.1725997924805, 2009603, 5, 80
2019.14525171, 47.209484538137, 131.194104511118, 65.1890411376953, 2009603, 5, 80
2019.14525171, 47.2095163815708, 131.194100026622, 65.1547546386719, 2009603, 5, 80
2019.14525171, 47.2095609291772, 131.194093714613, 65.2520141601562, 2009603, 5, 80
2019.14525171, 47.2096182300553, 131.194085632271, 65.1381912231445, 2009603, 5, 80
2019.14525171, 47.2096691581564, 131.194078447174, 65.0273818969727, 2009603, 5, 80
2019.14525171, 47.2097074823124, 131.19407292489, 64.9675979614258, 2009603, 5, 80
2019.14525171, 47.2097392602714, 131.194068478622, 64.9664535522461, 2009603, 5, 80
2019.14525171, 47.2128225189936, 131.193630734959, 64.9725952148438, 2009603, 5, 53
2019.14525171, 47.2129301856068, 131.193616425021, 64.9530029296875, 2009603, 5, 53
2019.14525171, 47.2130315013989, 131.193602998928, 64.9382095336914, 2009603, 5, 75
2019.14525171, 47.2131264490749, 131.193590395581, 64.9524765014648, 2009603, 5, 75
2019.14525171, 47.2132087328299, 131.193579472093, 64.9643249511719, 2009603, 5, 75
2019.14525171, 47.2132783809703, 131.193570251491, 64.9459609985352, 2009603, 5, 79
2019.14525171, 47.2133480388736, 131.193561023271, 64.9675827026367, 2009603, 5, 79
2019.14525171, 47.2134239904076, 131.193550880509, 64.9805374145508, 2009603, 5, 79
2019.14525171, 47.2135127560741, 131.193539151078, 64.9473724365234, 2009603, 5, 83
2019.14525171, 47.2135950461382, 131.193528089455, 64.9951324462891, 2009603, 5, 83
2019.14525171, 47.2136963678251, 131.193514426053, 64.9560623168945, 2009603, 5, 83
2019.14525171, 47.2137850868746, 131.193502434927, 64.9502105712891, 2009603, 5, 85
2019.14525171, 47.2138548241461, 131.193492967993, 64.9398193359375, 2009603, 5, 85
2019.14525171, 47.2139309554365, 131.193482621213, 64.9373092651367, 2009603, 5, 85
2019.14525171, 47.2140134610817, 131.193471334783, 64.9745559692383, 2009603, 5, 87
2019.14525171, 47.2141024110616, 131.193459166201, 64.9759826660156, 2009603, 5, 87
2019.14525171, 47.2142168697776, 131.193443415957, 64.9772109985352, 2009603, 5, 87
2019.14525171, 47.2143059787575, 131.193431101246, 64.9710540771484, 2009603, 5, 88
2019.14525171, 47.2144079121179, 131.1934169535, 64.9415054321289, 2009603, 5, 88
2019.14525171, 47.214509969781, 131.193402763683, 64.9289245605469, 2009603, 5, 88
2019.14525171, 47.2145993221682, 131.193390257963, 64.9573364257812, 2009603, 5, 88
2019.14525171, 47.2146568226656, 131.193382216896, 64.9378204345703, 2009603, 5, 88
2019.14525171, 47.214733525705, 131.193371454741, 64.9807434082031, 2009603, 5, 88
2019.14525171, 47.2148165418805, 131.193359819946, 64.993408203125, 2009603, 5, 89
2019.14525171, 47.214912760357, 131.193346240533, 64.9771575927734, 2009603, 5, 89
2019.14525171, 47.2150026007628, 131.193333527441, 65.0059661865234, 2009603, 5, 90
2019.14525171, 47.215073239014, 131.193323554991, 65.0231094360352, 2009603, 5, 90
2019.14525171, 47.2151567050414, 131.193311722778, 64.9557113647461, 2009603, 5, 90
2019.14525171, 47.2152530088835, 131.193298059447, 64.988166809082, 2009603, 5, 89
2019.14525171, 47.2153621695279, 131.19328261374, 64.9805297851562, 2009603, 5, 89
2019.14525171, 47.2154712638008, 131.193267159081, 64.9942779541016, 2009603, 5, 89
2019.14525171, 47.2155546634276, 131.193255379932, 65.0220489501953, 2009603, 5, 86
2019.14525171, 47.215638005312, 131.193243613564, 65.0430221557617, 2009603, 5, 86
2019.14525171, 47.2157276768145, 131.193230948285, 65.0294036865234, 2009603, 5, 86
2019.14525171, 47.2158172970163, 131.193218349283, 65.0301132202148, 2009603, 5, 83
2019.14525171, 47.2158876344916, 131.193208455904, 65.0243530273438, 2009603, 5, 83
2019.14525171, 47.215977084894, 131.193195911755, 65.0598754882812, 2009603, 5, 83
2019.14525171, 47.2160409194037, 131.193186977186, 65.0303192138672, 2009603, 5, 82
2019.14525171, 47.2160793909201, 131.193181527661, 65.018684387207, 2009603, 5, 82
2019.14525171, 47.2161302675109, 131.19317444728, 65.0662384033203, 2009603, 5, 82
2019.14525171, 47.2162129125825, 131.19316301603, 65.0322723388672, 2009603, 5, 82
2019.14525171, 47.2162954510825, 131.193151586109, 65.0802383422852, 2009603, 5, 80
2019.14525171, 47.2163842422286, 131.193139283828, 65.1135101318359, 2009603, 5, 80
2019.14525171, 47.2164412928835, 131.193131402725, 65.212028503418, 2009603, 5, 80
2019.14525171, 47.2165109838277, 131.193121786415, 65.3378295898438, 2009603, 5, 77
2019.14525171, 47.2165933097025, 131.193110442983, 65.4179916381836, 2009603, 5, 77
2019.14525171, 47.2166819215674, 131.193098240021, 65.5029525756836, 2009603, 5, 77
2019.14525171, 47.2167578469851, 131.193087790585, 65.4558715820312, 2009603, 5, 79
2019.14525171, 47.2168527152336, 131.193074713631, 65.5358276367188, 2009603, 5, 79
2019.14525171, 47.2169602254711, 131.193059903524, 65.4109725952148, 2009603, 5, 79
2019.14525171, 47.2170614111427, 131.193045951101, 65.3776550292969, 2009603, 5, 85
2019.14525171, 47.2171752865765, 131.193030258719, 65.3864822387695, 2009603, 5, 85
2019.14525171, 47.2172891683604, 131.193014490227, 65.2991256713867, 2009603, 5, 89
2019.14525171, 47.2173713833545, 131.193003168669, 65.2271957397461, 2009603, 5, 89
2019.14525171, 47.2174791958444, 131.192988094391, 65.2422332763672, 2009603, 5, 89
2019.14525171, 47.2175680288191, 131.192975653242, 65.3896026611328, 2009603, 5, 90
2019.14525171, 47.2176378631319, 131.192965868598, 65.4392547607422, 2009603, 5, 90
2019.14525171, 47.217707711588, 131.192956055376, 65.4788208007812, 2009603, 5, 90
2019.14525171, 47.2177649149376, 131.192948059616, 65.4105682373047, 2009603, 5, 90
2019.14525171, 47.2178284491946, 131.192939115402, 65.6059799194336, 2009603, 5, 90
2019.14525171, 47.2179174306173, 131.192926576089, 65.415771484375, 2009603, 5, 90
2019.14525171, 47.2180128750874, 131.192913206982, 65.1906661987305, 2009603, 5, 88
2019.14525171, 47.2181273816181, 131.192897049363, 65.1166687011719, 2009603, 5, 88
2019.14525171, 47.2182165266974, 131.192884530362, 65.0576782226562, 2009603, 5, 88
2019.14525171, 47.2182928761253, 131.19287369751, 65.1206741333008, 2009603, 5, 85
2019.14525171, 47.2183374633579, 131.192867424555, 65.1282043457031, 2009603, 5, 85
2019.14525171, 47.218490284825, 131.192845804748, 65.7470245361328, 2009603, 5, 85
2019.14525171, 47.2187196749015, 131.192813470354, 65.4722442626953, 2009603, 5, 84
2019.14525171, 47.2187961321833, 131.192802798224, 65.3771667480469, 2009603, 5, 83
2019.14525171, 47.2188725666602, 131.192792083597, 65.29345703125, 2009603, 5, 83
2019.14525171, 47.2189490319208, 131.192781383973, 65.194221496582, 2009603, 5, 83
2019.14525171, 47.2190127473632, 131.192772445562, 65.1190185546875, 2009603, 5, 85
2019.14525171, 47.2190700835238, 131.192764378109, 65.0604095458984, 2009603, 5, 85
2019.14525171, 47.2191019349764, 131.192759891572, 65.0672378540039, 2009603, 5, 85
2019.14525171, 47.2191337968454, 131.192755409442, 65.0836944580078, 2009603, 5, 85
2019.14525171, 47.2191847831647, 131.192748238235, 65.0977401733398, 2009603, 5, 83
2019.14525171, 47.2192357848888, 131.1927410733, 65.0640411376953, 2009603, 5, 83
2019.14525171, 47.2192676586054, 131.192736586097, 65.0473785400391, 2009603, 5, 86
2019.14525171, 47.2193122543595, 131.192730266573, 65.0538101196289, 2009603, 5, 86
2019.14525171, 47.2193632447933, 131.192723056916, 65.0525588989258, 2009603, 5, 86
2019.14525171, 47.2194269929602, 131.192714039588, 65.034553527832, 2009603, 5, 86
2019.14525171, 47.2195035169064, 131.192703223669, 64.9539489746094, 2009603, 5, 89
2019.14525171, 47.2195991368625, 131.192689623371, 64.9658966064453, 2009603, 5, 89
2019.14525171, 47.219675668466, 131.192678752199, 64.9941329956055, 2009603, 5, 89
2019.14525171, 47.219764932884, 131.19266600967, 64.9716110229492, 2009603, 5, 90
2019.14525171, 47.2198542233615, 131.192653259757, 64.9938812255859, 2009603, 5, 90
2019.14525171, 47.2199499094691, 131.192639649843, 64.97705078125, 2009603, 5, 90
2019.14525171, 47.2200583318113, 131.192623871025, 64.9492645263672, 2009603, 5, 91
2019.14525171, 47.2201540214658, 131.192609962694, 64.8955230712891, 2009603, 5, 91
2019.14525171, 47.2202624588781, 131.192594199024, 64.9316940307617, 2009603, 5, 94
2019.14525171, 47.2203390256843, 131.19258311463, 64.9335021972656, 2009603, 5, 94
2019.14525171, 47.2204155991555, 131.192572064879, 64.9676208496094, 2009603, 5, 94
2019.14525171, 47.220492151249, 131.19256101661, 64.9224395751953, 2009603, 5, 94
2019.14525171, 47.2205495855162, 131.19255277924, 64.9483489990234, 2009603, 5, 92
2019.14525171, 47.2206261514488, 131.19254182028, 64.9168090820312, 2009603, 5, 92
2019.14525171, 47.220689939555, 131.192532702031, 64.9281768798828, 2009603, 5, 92
2019.14525171, 47.2207474011629, 131.192524590495, 64.9193878173828, 2009603, 5, 92
2019.14525171, 47.2208366956629, 131.19251193002, 64.9017715454102, 2009603, 5, 91
2019.14525171, 47.2209387863629, 131.192497607903, 64.9609375, 2009603, 5, 93
2019.14525171, 47.2210472283747, 131.192482483367, 64.9516067504883, 2009603, 5, 90
2019.14525171, 47.2211492930665, 131.192468377547, 64.9563217163086, 2009603, 5, 90
2019.14525171, 47.2212130572309, 131.192459499886, 64.9452896118164, 2009603, 5, 90
2019.14525171, 47.2213087874415, 131.192446715991, 64.9672775268555, 2009603, 5, 90
2019.14525171, 47.2214044786447, 131.192433976188, 64.9524688720703, 2009603, 5, 90
2019.14525171, 47.2215065398009, 131.192420466183, 64.9532165527344, 2009603, 5, 85
2019.14525171, 47.2216276509017, 131.192404407349, 64.9612655639648, 2009603, 5, 85
2019.14525171, 47.2216977740765, 131.192395153509, 64.9695129394531, 2009603, 5, 85
2019.14525171, 47.2217487155328, 131.192388368876, 64.9580001831055, 2009603, 5, 85
2019.14525171, 47.2217933133835, 131.192382466163, 64.9223098754883, 2009603, 5, 82
2019.14525171, 47.2218378672431, 131.192376513206, 64.9313735961914, 2009603, 5, 82
2019.14525171, 47.2218824427312, 131.192370589188, 64.9649658203125, 2009603, 5, 82
2019.14525171, 47.2219460577526, 131.192362053927, 64.9243087768555, 2009603, 5, 82
2019.14525171, 47.2219969659867, 131.192355241945, 64.9255447387695, 2009603, 5, 82
2019.14525171, 47.222041467224, 131.192349225609, 64.9225769042969, 2009603, 5, 82
2019.14525171, 47.2220796071889, 131.192344061552, 64.9451904296875, 2009603, 5, 82
2019.14525171, 47.2221241193581, 131.192338050716, 64.9599533081055, 2009603, 5, 82
2019.14525171, 47.222174959422, 131.192331137743, 64.9192657470703, 2009603, 5, 82
2019.14525171, 47.2222194030218, 131.192325029455, 64.9363174438477, 2009603, 5, 82
2019.14525171, 47.2222511771478, 131.19232069487, 64.9127349853516, 2009603, 5, 82
2019.14525171, 47.2222892724713, 131.192315446672, 64.9102935791016, 2009603, 5, 82
2019.14525171, 47.2223336915936, 131.192309282205, 64.9531173706055, 2009603, 5, 82
2019.14525171, 47.2223717828585, 131.192304014575, 64.9158172607422, 2009603, 5, 82
2019.14525171, 47.2224161855728, 131.192297808004, 64.9571228027344, 2009603, 5, 82
2019.14525171, 47.2224670525151, 131.192290944144, 64.9460830688477, 2009603, 5, 82
2019.14525171, 47.2225493412876, 131.192279010166, 64.9585571289062, 2009603, 5, 86
2019.14525171, 47.2226126427546, 131.192269802982, 64.9396820068359, 2009603, 5, 86
2019.14525171, 47.2226949217608, 131.192257773101, 64.9858474731445, 2009603, 5, 86
2019.14525171, 47.2227961707091, 131.192242887884, 64.991569519043, 2009603, 5, 91
2019.14525171, 47.2229037391178, 131.19222698741, 65.0292816162109, 2009603, 5, 91
2019.14525171, 47.2229923250537, 131.192213843908, 64.9659271240234, 2009603, 5, 91
2019.14525171, 47.2230682652683, 131.192202558772, 64.9161224365234, 2009603, 5, 93
2019.14525171, 47.223106249792, 131.192196923005, 64.9049072265625, 2009603, 5, 93
2019.14525171, 47.2231442207288, 131.192191263037, 64.8991165161133, 2009603, 5, 93
2019.14525171, 47.2231758827268, 131.192186564795, 64.9005508422852, 2009603, 5, 93
2019.14525171, 47.2232265353864, 131.192179036245, 64.9456329345703, 2009603, 5, 93
2019.14525171, 47.2232708874674, 131.192172475382, 64.9215240478516, 2009603, 5, 90
2019.14525171, 47.2233089113729, 131.19216685736, 64.9445419311523, 2009603, 5, 90
2019.14525171, 47.2233722759895, 131.192157472558, 64.9672927856445, 2009603, 5, 90
2019.14525171, 47.2234356745785, 131.192148118487, 64.9438247680664, 2009603, 5, 90
2019.14525171, 47.2234991108204, 131.192138804185, 64.9993057250977, 2009603, 5, 90
2019.14525171, 47.2235752646497, 131.192127651778, 65.0203552246094, 2009603, 5, 84
2019.14525171, 47.223651443641, 131.192116523337, 64.9537582397461, 2009603, 5, 84
2019.14525171, 47.2236895730351, 131.192111009456, 64.877799987793, 2009603, 5, 84
2019.14525171, 47.2237339664395, 131.192104363398, 64.9388427734375, 2009603, 5, 84
2019.14525171, 47.2237785152492, 131.192098073969, 64.9730072021484, 2009603, 5, 64
2019.14525171, 47.2238358244587, 131.192090026263, 65.020133972168, 2009603, 5, 64
2019.14525171, 47.2239122586285, 131.192079322543, 64.959831237793, 2009603, 5, 64
2019.14525171, 47.2239759811006, 131.192070432737, 64.9610595703125, 2009603, 5, 64
2019.14525194, 47.6800668726628, 131.127532442913, 60.260082244873, 2009603, 5, 72
2019.14525194, 47.6801307999833, 131.127523634083, 60.3640556335449, 2009603, 5, 72
2019.14525194, 47.6801946137724, 131.127514718709, 60.3629455566406, 2009603, 5, 72
2019.14525194, 47.6802456754883, 131.127507625655, 59.863037109375, 2009603, 5, 72
2019.14525194, 47.6802902976092, 131.127501367566, 59.8609008789062, 2009603, 5, 74
2019.14525194, 47.6803348866302, 131.127495085908, 59.844539642334, 2009603, 5, 74
2019.14525194, 47.6803730941241, 131.127489703256, 59.8184700012207, 2009603, 5, 74
2019.14525194, 47.680404917606, 131.127485206812, 59.8475952148438, 2009603, 5, 74
2019.14525194, 47.6804367275643, 131.127480707843, 59.8747406005859, 2009603, 5, 74
2019.14525194, 47.6804748881447, 131.127475303324, 59.8465042114258, 2009603, 5, 74
2019.14525194, 47.6805066854716, 131.127470806833, 59.8406181335449, 2009603, 5, 68
2019.14525194, 47.6805448059629, 131.127465378638, 59.8438110351562, 2009603, 5, 68
2019.14525194, 47.6805955826654, 131.127458100436, 59.8674125671387, 2009603, 5, 68
2019.14525194, 47.6806463470134, 131.127450834318, 59.8500556945801, 2009603, 5, 68
2019.14525194, 47.6807036749504, 131.127442659311, 59.8610000610352, 2009603, 5, 68
2019.14525194, 47.6807541115874, 131.12743529999, 59.8307991027832, 2009603, 5, 66
2019.14525194, 47.680810804468, 131.127426979649, 59.831111907959, 2009603, 5, 66
2019.14525194, 47.6808486167536, 131.127421460278, 59.8114547729492, 2009603, 5, 66
2019.14525194, 47.6808863807263, 131.127415890131, 59.846378326416, 2009603, 5, 66
2019.14525194, 47.6809304326563, 131.127409380478, 59.8071174621582, 2009603, 5, 66
2019.14525194, 47.6809745033792, 131.127402891304, 59.8090400695801, 2009603, 5, 66
2019.14525194, 47.6810248195111, 131.127395409946, 59.8122367858887, 2009603, 5, 66
2019.14525194, 47.681075133062, 131.12738791678, 59.811767578125, 2009603, 5, 66
2019.14525194, 47.6811254602782, 131.127380420469, 59.8763694763184, 2009603, 5, 66
2019.14525194, 47.6811758085089, 131.127372928388, 59.8628349304199, 2009603, 5, 66
2019.14525194, 47.6812261406911, 131.127365394596, 59.8623390197754, 2009603, 5, 66
2019.14525194, 47.6812764915598, 131.127357852288, 59.912036895752, 2009603, 5, 62
2019.14525194, 47.681320542321, 131.127351221981, 59.9357147216797, 2009603, 5, 62
2019.14525194, 47.6813646385824, 131.127344614951, 59.9840240478516, 2009603, 5, 62
2019.14525194, 47.6814213182924, 131.127336057337, 60.0550651550293, 2009603, 5, 62
2019.14525194, 47.6814780654645, 131.127327526869, 60.1601486206055, 2009603, 5, 62
2019.14525194, 47.6815348489809, 131.127318984767, 60.2080726623535, 2009603, 5, 56
2019.14525194, 47.6815979684843, 131.127309448388, 60.296947479248, 2009603, 5, 56
2019.14525194, 47.6816548381519, 131.127300873086, 60.3310623168945, 2009603, 5, 56
2019.14525194, 47.681699122707, 131.127294219231, 60.3247947692871, 2009603, 5, 56
2019.14525194, 47.6817434156569, 131.127287537479, 60.3459968566895, 2009603, 5, 56
2019.14525194, 47.6818067696424, 131.127278007721, 60.3824920654297, 2009603, 5, 51
2019.14525194, 47.6818765444746, 131.127267527202, 60.4033584594727, 2009603, 5, 51
2019.14525194, 47.6819524534642, 131.127256164944, 60.4659042358398, 2009603, 5, 51
2019.14525194, 47.682279010829, 131.127207561943, 60.2826118469238, 2009603, 5, 52
2019.14525194, 47.6823368045249, 131.127199072922, 60.2470664978027, 2009603, 5, 52
2019.14525194, 47.6824010083479, 131.127189617712, 60.2064781188965, 2009603, 5, 52
2019.14525194, 47.682478119858, 131.127178347995, 60.1865921020508, 2009603, 5, 52
2019.14525194, 47.6840546346693, 131.126958858686, 61.595100402832, 2009603, 5, 82
2019.14525194, 47.6841369489723, 131.126947707569, 60.8681335449219, 2009603, 5, 82
2019.14525194, 47.6841938976683, 131.126939928793, 60.8691940307617, 2009603, 5, 82
2019.14525194, 47.6843774668119, 131.126914817991, 60.7346153259277, 2009603, 5, 96
2019.14525194, 47.684453395616, 131.126904300067, 60.3826065063477, 2009603, 5, 96
2019.14525194, 47.6845357584006, 131.12689304923, 60.124267578125, 2009603, 5, 96
2019.14525194, 47.6846118437847, 131.12688237658, 60.0459480285645, 2009603, 5, 96
2019.14525194, 47.6846942739907, 131.126870728283, 60.192554473877, 2009603, 5, 96
2019.14525194, 47.6847830795446, 131.126858122489, 60.1764183044434, 2009603, 5, 97
2019.14525194, 47.6848656075766, 131.126846395142, 60.1889114379883, 2009603, 5, 97
2019.14525194, 47.6849482161468, 131.12683467355, 60.1025886535645, 2009603, 5, 97
2019.14525194, 47.6850308591074, 131.12682290518, 60.0933837890625, 2009603, 5, 96
2019.14525194, 47.6851135494098, 131.126811105676, 60.1198425292969, 2009603, 5, 96
2019.14525194, 47.6852025880866, 131.126798292352, 60.09375, 2009603, 5, 96
2019.14525194, 47.6852662923572, 131.12678921642, 60.1024742126465, 2009603, 5, 97
2019.14525194, 47.6853490982929, 131.126777341218, 60.0868148803711, 2009603, 5, 97
2019.14525194, 47.6854383272457, 131.126764551428, 60.0522232055664, 2009603, 5, 97
2019.14525194, 47.6855212118493, 131.126752652778, 60.092399597168, 2009603, 5, 97
2019.14525194, 47.6855977982784, 131.126741722977, 59.9947891235352, 2009603, 5, 97
2019.14525194, 47.6856871181773, 131.126728899573, 60.050163269043, 2009603, 5, 97
2019.14525194, 47.6857700782371, 131.126717050267, 60.1102676391602, 2009603, 5, 98
2019.14525194, 47.6859427228393, 131.126692545736, 60.029052734375, 2009603, 5, 98
2019.14525194, 47.6860194681488, 131.12668167535, 60.0863075256348, 2009603, 5, 98
2019.14525194, 47.6861090191938, 131.126669036679, 60.0959777832031, 2009603, 5, 98
2019.14525194, 47.6861921772606, 131.12665733176, 59.9894828796387, 2009603, 5, 98
2019.14525194, 47.6862689162597, 131.126646536678, 60.0163993835449, 2009603, 5, 98
2019.14525194, 47.6863583954811, 131.126633935963, 60.0270729064941, 2009603, 5, 98
2019.14525194, 47.6864606178367, 131.126619564727, 60.1877174377441, 2009603, 5, 98
2019.14525194, 47.6866329829952, 131.126595379108, 60.1493263244629, 2009603, 5, 97
2019.14525194, 47.686715909256, 131.126583765695, 60.0528259277344, 2009603, 5, 97
2019.14525194, 47.686792405866, 131.126573053263, 60.1151428222656, 2009603, 5, 98
2019.14525194, 47.6870344122333, 131.126539028982, 60.2373580932617, 2009603, 5, 97
2019.14525194, 47.6871993191006, 131.126515890189, 60.052921295166, 2009603, 5, 97
2019.14525194, 47.6872880556721, 131.126503441378, 60.0379409790039, 2009603, 5, 98
2019.14525194, 47.6873703841481, 131.126491829763, 60.0498123168945, 2009603, 5, 98
2019.14525194, 47.6874463866256, 131.126481136874, 60.0087661743164, 2009603, 5, 98
2019.14525194, 47.6875350029942, 131.126468597722, 60.0633087158203, 2009603, 5, 97
2019.14525194, 47.6876235532593, 131.126455966848, 59.9682273864746, 2009603, 5, 97
2019.14525194, 47.6877058125582, 131.12644424863, 60.003532409668, 2009603, 5, 97
2019.14525195, 47.6877880592458, 131.12643247631, 60.026195526123, 2009603, 5, 97
2019.14525195, 47.6878703073521, 131.126420655454, 59.9796104431152, 2009603, 5, 97
2019.14525195, 47.6879462187952, 131.126409673996, 59.9469909667969, 2009603, 5, 97
2019.14525195, 47.6881044940586, 131.126386743366, 59.9944229125977, 2009603, 5, 97
2019.14525195, 47.6881805191546, 131.126375686018, 60.0552024841309, 2009603, 5, 97
2019.14525195, 47.6882628856406, 131.126363626703, 60.0113716125488, 2009603, 5, 97
2019.14525195, 47.6883452669428, 131.126351578894, 59.9682731628418, 2009603, 5, 97
2019.14525195, 47.6884087559142, 131.126342172528, 60.1246871948242, 2009603, 5, 97
2019.14525195, 47.6885676093306, 131.126318576406, 60.0657691955566, 2009603, 5, 97
2019.14525195, 47.6886439330328, 131.126307227116, 60.0515975952148, 2009603, 5, 97
2019.14525195, 47.6887330174652, 131.126293957455, 59.9769706726074, 2009603, 5, 97
2019.14525195, 47.6888986166679, 131.12626930997, 60.0175552368164, 2009603, 5, 98
2019.14525195, 47.6889814736204, 131.126256980872, 60.1546516418457, 2009603, 5, 98
2019.14525195, 47.6890772245357, 131.126242891019, 60.0593566894531, 2009603, 5, 98
2019.14525195, 47.6891665642751, 131.126229683732, 60.1618728637695, 2009603, 5, 98
2019.14525195, 47.6892432051918, 131.126218428852, 60.0321502685547, 2009603, 5, 98
2019.14525195, 47.6893326434252, 131.12620532918, 59.9917449951172, 2009603, 5, 98
2019.14525195, 47.6894093093953, 131.126194119651, 60.0709114074707, 2009603, 5, 98
2019.14525195, 47.6894860629206, 131.12618303376, 60.0948677062988, 2009603, 5, 98
2019.14525195, 47.6895627153189, 131.126171871528, 60.0833320617676, 2009603, 5, 97
2019.14525195, 47.6896458990693, 131.126159957535, 60.0685691833496, 2009603, 5, 97
2019.14525195, 47.689729177214, 131.126148207257, 60.0848731994629, 2009603, 5, 97
2019.14525195, 47.6898123482797, 131.126136389631, 60.0657348632812, 2009603, 5, 97
2019.14525195, 47.6898891731425, 131.12612560002, 60.1299781799316, 2009603, 5, 97
2019.14525195, 47.6900619718773, 131.12610149255, 60.0329246520996, 2009603, 5, 97
2019.14525195, 47.6902219027893, 131.126079409341, 60.0775527954102, 2009603, 5, 97
2019.14525195, 47.6903113650873, 131.126067063379, 60.0797233581543, 2009603, 5, 99
2019.14525195, 47.6903944415415, 131.126055699845, 59.9925918579102, 2009603, 5, 99
2019.14525195, 47.6904774584646, 131.126044355192, 59.9891548156738, 2009603, 5, 99
2019.14525195, 47.6906369010395, 131.126022532812, 60.2374572753906, 2009603, 5, 98
2019.14525195, 47.6907133365706, 131.126012051797, 60.435188293457, 2009603, 5, 98
2019.14525195, 47.6907961721618, 131.126000804543, 60.5899238586426, 2009603, 5, 97
2019.14525195, 47.6908663149953, 131.125991212312, 60.5137214660645, 2009603, 5, 97
2019.14525195, 47.6909362003282, 131.125981728621, 60.5096015930176, 2009603, 5, 97
2019.14525195, 47.6910059684139, 131.125972138171, 60.7885093688965, 2009603, 5, 91
2019.14525195, 47.6912533905471, 131.125938361642, 60.4793434143066, 2009603, 5, 91
2019.14525195, 47.691335841805, 131.125927074344, 60.3261070251465, 2009603, 5, 91
2019.14525195, 47.6914182724114, 131.125915733021, 60.2959022521973, 2009603, 5, 91
2019.14525195, 47.6915133043267, 131.125902500761, 60.1299018859863, 2009603, 5, 76
2019.14525195, 47.6915957316299, 131.125891049192, 60.0395889282227, 2009603, 5, 76
2019.14525195, 47.691678140944, 131.125879507087, 60.0413093566895, 2009603, 5, 76
2019.14525195, 47.6917669150624, 131.125867019305, 60.1391906738281, 2009603, 5, 65
2019.14525195, 47.6918557425058, 131.125854490529, 60.2118072509766, 2009603, 5, 65
2019.14525195, 47.6919382365453, 131.125842768693, 60.0497512817383, 2009603, 5, 65
2019.14525195, 47.6920144289256, 131.125831912121, 59.9663734436035, 2009603, 5, 62
2019.14525195, 47.692084325155, 131.125821941657, 59.9474258422852, 2009603, 5, 62
2019.14525195, 47.6921731975534, 131.125809155258, 59.9964637756348, 2009603, 5, 62
2019.14525195, 47.6922496133185, 131.125798043374, 59.9776649475098, 2009603, 5, 62
2019.14525195, 47.69233243312, 131.125785956662, 60.0003890991211, 2009603, 5, 62
2019.14525195, 47.6924152998268, 131.125773848339, 60.1352882385254, 2009603, 5, 62
2019.14525325, 50.2984304829681, 130.744385455443, 247.456481933594, 2009603, 5, 68
2019.14525325, 50.2985901540293, 130.744362536801, 247.508193969727, 2009603, 5, 86
2019.14525325, 50.2987621110166, 130.744337950924, 247.478866577148, 2009603, 5, 93
2019.14525325, 50.2989589644799, 130.744309779868, 247.512573242188, 2009603, 5, 93
2019.14525325, 50.29916153881, 130.744280508128, 247.47900390625, 2009603, 5, 94
2019.14525325, 50.29936361649, 130.744250903404, 247.518890380859, 2009603, 5, 94
2019.14525325, 50.2996030375589, 130.744214943768, 247.554779052734, 2009603, 5, 95
2019.14525325, 50.2998418935087, 130.744177398111, 247.541702270508, 2009603, 5, 93
2019.14525325, 50.3000431679386, 130.744145561753, 247.502853393555, 2009603, 5, 93
2019.14525325, 50.3002195358995, 130.74411770075, 247.5537109375, 2009603, 5, 93
2019.14525325, 50.30038995626, 130.744090987886, 247.50862121582, 2009603, 5, 78
2019.14525325, 50.3005861231896, 130.744060623097, 247.524887084961, 2009603, 5, 78
2019.14525325, 50.3007507630704, 130.744035162497, 247.514175415039, 2009603, 5, 62
2019.14525325, 50.3009168636691, 130.744011079222, 247.515853881836, 2009603, 5, 62
2019.14525325, 50.3010768116802, 130.74398813121, 247.55046081543, 2009603, 5, 61
2019.14525325, 50.3012113007383, 130.743969000274, 247.191207885742, 2009603, 5, 61
2019.14525429, 52.3939310026793, 130.420264119695, 231.314636230469, 2009603, 5, 91
2019.1452543, 52.4027502569025, 130.418860287716, 233.361099243164, 2009603, 5, 57
2019.1452543, 52.4030127440045, 130.418819612081, 232.914596557617, 2009603, 5, 63
2019.1452543, 52.4032672198319, 130.418781875624, 232.237564086914, 2009603, 5, 70
2019.1452543, 52.4038553798072, 130.418692722196, 233.379531860352, 2009603, 5, 59
2019.14525474, 53.3034726284609, 130.273935915766, 293.842742919922, 2009603, 5, 54
2019.14525475, 53.3036373642466, 130.273909644319, 294.353118896484, 2009603, 5, 69
2019.14525539, 54.5965364670447, 130.059328360644, 386.362060546875, 2007670, 5, 85
2019.14525539, 54.596702190873, 130.059299330611, 385.389404296875, 2007670, 5, 85
2019.14525539, 54.5968609389461, 130.059271662801, 385.407287597656, 2007670, 5, 90
2019.14525539, 54.5970005655535, 130.059247370579, 385.377838134766, 2007670, 5, 92
2019.14525539, 54.5971401323183, 130.059223085675, 385.398010253906, 2007670, 5, 92
2019.14525539, 54.5972669680673, 130.059200990139, 385.423248291016, 2007670, 5, 90
2019.14525539, 54.5974128449229, 130.059175590317, 385.393524169922, 2007670, 5, 90
2019.14525539, 54.5975524223405, 130.059151305704, 385.451507568359, 2007670, 5, 80
2019.14525539, 54.597704728518, 130.059124780455, 385.566558837891, 2007670, 5, 80
2019.14525172, 47.2078123950761, 131.195374960052, 65.041259765625, 2009603, 6, 88
2019.14525172, 47.208054315803, 131.195340261003, 65.0411911010742, 2009603, 6, 88
2019.14525172, 47.2082324923455, 131.195314967993, 65.0400695800781, 2009603, 6, 88
2019.14525172, 47.2083469897631, 131.195298841623, 65.0539169311523, 2009603, 6, 90
2019.14525172, 47.2085568808922, 131.195269802312, 65.039192199707, 2009603, 6, 93
2019.14525172, 47.2089318921024, 131.195218912747, 65.0448532104492, 2009603, 6, 91
2019.14525172, 47.2092365601978, 131.195177580587, 65.1864242553711, 2009603, 6, 83
2019.14525172, 47.2094141063978, 131.19515331031, 65.1925506591797, 2009603, 6, 79
2019.14525172, 47.2095662035246, 131.195132382296, 65.0559158325195, 2009603, 6, 83
2019.14525172, 47.2096866287289, 131.195115750742, 65.0131988525391, 2009603, 6, 83
2019.14525172, 47.2098194274761, 131.195096903553, 65.0782241821289, 2009603, 6, 53
2019.14525172, 47.2099522286069, 131.195077920223, 65.2355194091797, 2009603, 6, 53
2019.14525172, 47.2126345999882, 131.194704340104, 65.0259628295898, 2009603, 6, 67
2019.14525172, 47.2129015616788, 131.194667737963, 64.9929351806641, 2009603, 6, 83
2019.14525172, 47.2132574412406, 131.194618212502, 64.9813766479492, 2009603, 6, 81
2019.14525172, 47.2135817799843, 131.194572141263, 64.9586029052734, 2009603, 6, 81
2019.14525172, 47.2139068282383, 131.194524967854, 65.0076217651367, 2009603, 6, 82
2019.14525172, 47.2142828459263, 131.194470208499, 65.0243377685547, 2009603, 6, 88
2019.14525172, 47.2147223130572, 131.194406590087, 64.9769134521484, 2009603, 6, 88
2019.14525172, 47.2151540261574, 131.194346026703, 65.0151672363281, 2009603, 6, 89
2019.14525172, 47.2155031376658, 131.194297340544, 65.0126190185547, 2009603, 6, 77
2019.14525172, 47.2156619158599, 131.194275164161, 64.986572265625, 2009603, 6, 77
2019.14525172, 47.2158017180629, 131.19425556689, 64.9909820556641, 2009603, 6, 76
2019.14525172, 47.2159606856377, 131.194233170078, 65.2145919799805, 2009603, 6, 79
2019.14525172, 47.2163749036567, 131.194173830721, 65.806526184082, 2009603, 6, 80
2019.14525172, 47.216579105048, 131.194144347192, 65.6161499023438, 2009603, 6, 83
2019.14525172, 47.2167641945475, 131.194117622299, 65.5712356567383, 2009603, 6, 87
2019.14525172, 47.2169875458727, 131.194085443308, 65.5368041992188, 2009603, 6, 87
2019.14525172, 47.2172363011038, 131.194049833769, 65.4416198730469, 2009603, 6, 88
2019.14525172, 47.2174274664353, 131.194022750648, 65.1731719970703, 2009603, 6, 91
2019.14525172, 47.2176311029897, 131.193994140618, 65.2087249755859, 2009603, 6, 89
2019.14525172, 47.2178092005517, 131.19396928962, 65.2073822021484, 2009603, 6, 89
2019.14525172, 47.2180571568829, 131.193934813143, 65.1100997924805, 2009603, 6, 90
2019.14525172, 47.2186610381395, 131.193850925942, 65.3813552856445, 2009603, 6, 83
2019.14525172, 47.2190299806848, 131.193799389359, 65.0921401977539, 2009603, 6, 84
2019.14525172, 47.2194181378621, 131.193744655712, 64.9553909301758, 2009603, 6, 86
2019.14525172, 47.219685437209, 131.193706678333, 64.8996734619141, 2009603, 6, 89
2019.14525172, 47.2200481983959, 131.193654712928, 64.9287033081055, 2009603, 6, 93
2019.14525172, 47.2204426538456, 131.193597996893, 64.9341583251953, 2009603, 6, 90
2019.14525172, 47.2207986869881, 131.19354745475, 64.9327087402344, 2009603, 6, 83
2019.14525172, 47.2211734975821, 131.193495127768, 64.9372711181641, 2009603, 6, 84
2019.14525172, 47.221490851783, 131.193452147565, 64.9252624511719, 2009603, 6, 84
2019.14525172, 47.2218652579367, 131.193401156526, 64.9502334594727, 2009603, 6, 84
2019.14525172, 47.2222270972845, 131.193350806616, 64.9538650512695, 2009603, 6, 87
2019.14525172, 47.2224494168634, 131.193319135224, 64.950927734375, 2009603, 6, 93
2019.14525172, 47.2227099434166, 131.193280680198, 64.9391784667969, 2009603, 6, 94
2019.14525172, 47.2230980362022, 131.193222760417, 64.9480667114258, 2009603, 6, 88
2019.14525172, 47.2233528376456, 131.193184804439, 64.9817352294922, 2009603, 6, 82
2019.14525172, 47.2235568326119, 131.193154742188, 64.9857635498047, 2009603, 6, 53
2019.14525195, 47.6806355737872, 131.128484004074, 59.8136405944824, 2009603, 6, 80
2019.14525195, 47.6807753380851, 131.128464284236, 59.8121452331543, 2009603, 6, 74
2019.14525195, 47.6809403909404, 131.128441029803, 59.7927742004395, 2009603, 6, 74
2019.14525195, 47.6811053552517, 131.128417851245, 59.7932472229004, 2009603, 6, 74
2019.14525195, 47.6812512401769, 131.128397377344, 59.7678680419922, 2009603, 6, 70
2019.14525195, 47.6813844341106, 131.128378732936, 59.7651977539062, 2009603, 6, 70
2019.14525195, 47.6815112980847, 131.128360989386, 59.7869033813477, 2009603, 6, 66
2019.14525195, 47.6816762693586, 131.128337987407, 59.8475952148438, 2009603, 6, 66
2019.14525195, 47.6819238168332, 131.128303461483, 60.1565704345703, 2009603, 6, 59
2019.14525195, 47.6821783929006, 131.128268285697, 60.302562713623, 2009603, 6, 53
2019.14525195, 47.6849479196016, 131.127876341507, 60.0271224975586, 2009603, 6, 97
2019.14525195, 47.6852488341741, 131.127834778414, 59.9552345275879, 2009603, 6, 98
2019.14525195, 47.6855618539552, 131.127791186761, 59.9272270202637, 2009603, 6, 98
2019.14525195, 47.6858926073459, 131.127744179497, 60.0145416259766, 2009603, 6, 98
2019.14525196, 47.6862471464808, 131.127692490437, 60.0310363769531, 2009603, 6, 98
2019.14525196, 47.6865888634522, 131.127642807841, 59.9570350646973, 2009603, 6, 97
2019.14525196, 47.6869247797145, 131.127594512395, 60.0109519958496, 2009603, 6, 98
2019.14525196, 47.6872046764116, 131.127555155517, 60.0097198486328, 2009603, 6, 97
2019.14525196, 47.6875109631026, 131.12751289937, 59.9553298950195, 2009603, 6, 97
2019.14525196, 47.6878112777892, 131.127471644509, 60.0346145629883, 2009603, 6, 97
2019.14525196, 47.6881244611477, 131.127428505118, 59.8976860046387, 2009603, 6, 98
2019.14525196, 47.688392695644, 131.127391240217, 60.0141525268555, 2009603, 6, 97
2019.14525196, 47.6886668752201, 131.127352591458, 60.0460586547852, 2009603, 6, 97
2019.14525196, 47.6889978930771, 131.127305394943, 60.0557403564453, 2009603, 6, 97
2019.14525196, 47.6893346722978, 131.127256933391, 60.0421600341797, 2009603, 6, 97
2019.14525196, 47.6898990378684, 131.127175188468, 60.0079536437988, 2009603, 6, 98
2019.14525196, 47.6901778923864, 131.127134768206, 59.9768447875977, 2009603, 6, 98
2019.14525196, 47.690482349034, 131.127090811968, 60.0285758972168, 2009603, 6, 98
2019.14525196, 47.6907935076827, 131.12704606578, 60.2551612854004, 2009603, 6, 97
2019.14525196, 47.691143871704, 131.126996223411, 60.6256294250488, 2009603, 6, 93
2019.14525196, 47.6914180954927, 131.126957486997, 60.7967987060547, 2009603, 6, 93
2019.14525196, 47.6919794747028, 131.126878621037, 60.9021911621094, 2009603, 6, 68
2019.14525196, 47.6922917438132, 131.126834958289, 59.9499244689941, 2009603, 6, 65
2019.14525196, 47.6925591752337, 131.126797478051, 59.9919357299805, 2009603, 6, 61
2019.14525326, 50.297595579858, 130.745610192219, 247.510406494141, 2009603, 6, 61
2019.14525326, 50.2984101036945, 130.745486092492, 247.503784179688, 2009603, 6, 74
2019.14525326, 50.2992246918027, 130.745364042335, 247.527725219727, 2009603, 6, 94
2019.14525326, 50.2999798412568, 130.745251011805, 247.523193359375, 2009603, 6, 94
2019.14525326, 50.300617407988, 130.745155748797, 247.694778442383, 2009603, 6, 73
2019.14525476, 53.3045270072676, 130.274914833372, 292.074279785156, 2009603, 6, 84
2019.14525476, 53.3050376691582, 130.274830578525, 292.369262695312, 2009603, 6, 84
2019.1452554, 54.5952728573675, 130.060722136787, 386.857818603516, 2007670, 6, 71
2019.1452554, 54.5956845800168, 130.060654438467, 386.872924804688, 2007670, 6, 74
2019.1452554, 54.5960836285468, 130.060589067639, 386.716796875, 2007670, 6, 75
2019.1452554, 54.596584727053, 130.060505957277, 385.938018798828, 2007670, 6, 86
2019.1452554, 54.5970682775779, 130.060422786672, 385.419281005859, 2007670, 6, 92
