2020.24391333, 50.3805184413765, 111.380319491017, 1038.57751464844, 2009603, 1, 75
2020.24391333, 50.3806325490515, 111.380303137642, 1038.61486816406, 2009603, 1, 75
2020.24391333, 50.3807403328938, 111.380287654085, 1038.60009765625, 2009603, 1, 75
2020.24391356, 50.8460972437141, 111.309262590099, 887.619384765625, 2009603, 1, 89
2020.24391356, 50.8467079851768, 111.309172007653, 887.545471191406, 2009603, 1, 76
2020.24391356, 50.8469305628291, 111.309139215053, 887.568908691406, 2009603, 1, 76
2020.24391255, 48.8040990785775, 111.617133375688, 928.554870605469, 2009603, 2, 64
2020.24391255, 48.8042460654657, 111.617110876226, 928.526916503906, 2009603, 2, 64
2020.24391255, 48.8043674318353, 111.617092119808, 928.486083984375, 2009603, 2, 64
2020.24391255, 48.8044887705606, 111.617073655932, 928.405883789062, 2009603, 2, 64
2020.24391255, 48.8046482796218, 111.617049375268, 928.5478515625, 2009603, 2, 80
2020.24391255, 48.804756594792, 111.617032668956, 928.595581054688, 2009603, 2, 66
2020.24391357, 50.8465378822906, 111.310416358662, 887.563720703125, 2009603, 2, 59
2020.24391357, 50.8465823577562, 111.310409249302, 887.566345214844, 2009603, 2, 59
2020.24391357, 50.846633159709, 111.310400927558, 887.56982421875, 2009603, 2, 59
2020.24391357, 50.846683965413, 111.310392581182, 887.560791015625, 2009603, 2, 59
2020.24391357, 50.846734794998, 111.310384358507, 887.566162109375, 2009603, 2, 59
2020.24391357, 50.8467856110935, 111.310375994554, 887.578369140625, 2009603, 2, 59
2020.24391357, 50.8468237344407, 111.310369768102, 887.551818847656, 2009603, 2, 59
2020.24391357, 50.8468618768499, 111.310363621139, 887.565979003906, 2009603, 2, 59
2020.24391357, 50.8469063525057, 111.310356248838, 887.578735351562, 2009603, 2, 59
2020.24391357, 50.8469445065174, 111.310350095302, 887.577697753906, 2009603, 2, 59
2020.24391357, 50.8469890016237, 111.310342741387, 887.585876464844, 2009603, 2, 59
2020.24391357, 50.8470335282106, 111.310335556008, 887.555114746094, 2009603, 2, 87
2020.24391357, 50.8470780438594, 111.310328212776, 887.593078613281, 2009603, 2, 87
2020.24391357, 50.8471225817612, 111.310320950853, 887.552795410156, 2009603, 2, 87
2020.24391357, 50.8471607748164, 111.310314795625, 887.555969238281, 2009603, 2, 87
2020.24391357, 50.8471989576964, 111.310308511745, 887.575439453125, 2009603, 2, 87
2020.24391357, 50.8472371559169, 111.310302296281, 887.539489746094, 2009603, 2, 87
2020.24391357, 50.8472817146762, 111.31029491253, 887.506652832031, 2009603, 2, 91
2020.24391357, 50.8473199513413, 111.310288820672, 887.569458007812, 2009603, 2, 91
2020.24391357, 50.8473645486382, 111.310281552067, 887.533203125, 2009603, 2, 91
2020.24391357, 50.8474027866586, 111.310275338145, 887.5458984375, 2009603, 2, 91
2020.24391357, 50.8474410134257, 111.310268991409, 887.501586914062, 2009603, 2, 91
2020.24391357, 50.8474729062455, 111.310263927853, 887.53955078125, 2009603, 2, 91
2020.24391357, 50.8475111558339, 111.310257629227, 887.551391601562, 2009603, 2, 89
2020.24391357, 50.8475430605695, 111.310252539067, 887.565979003906, 2009603, 2, 89
2020.24391357, 50.8475877018411, 111.310245183365, 887.558288574219, 2009603, 2, 69
2020.24391357, 50.8476260050301, 111.310239077237, 887.610656738281, 2009603, 2, 69
2020.24391357, 50.8476834366934, 111.310229682164, 887.585632324219, 2009603, 2, 69
2020.24391357, 50.8477345325282, 111.310221521302, 887.579284667969, 2009603, 2, 69
2020.24391355, 50.8371934627854, 111.356485677565, 878.1796875, 2009603, 3, 73
2020.24391355, 50.8373212886246, 111.356467394442, 878.162841796875, 2009603, 3, 74
2020.24391257, 48.8470858592668, 111.654694959638, 923.173461914062, 2009603, 4, 79
2020.24391257, 48.8471999589311, 111.654676734717, 923.169189453125, 2009603, 4, 79
2020.24391345, 50.6080729691072, 111.392567910206, 948.457092285156, 2009603, 4, 90
2020.24391345, 50.6082248976138, 111.392544944342, 948.433959960938, 2009603, 4, 90
2020.24391345, 50.6084024888887, 111.392518090174, 948.396057128906, 2009603, 4, 90
2020.24391345, 50.6086186981913, 111.392485223813, 948.381408691406, 2009603, 4, 73
2020.24391345, 50.608829228876, 111.392453104852, 948.350769042969, 2009603, 4, 86
2020.24391356, 50.8385045341779, 111.357632846074, 878.223571777344, 2009603, 4, 69
2020.24391356, 50.8385364519344, 111.357627948718, 878.252990722656, 2009603, 4, 69
2020.24391356, 50.8385620042644, 111.35762408853, 878.226806640625, 2009603, 4, 69
2020.24391356, 50.8386003289431, 111.357618213943, 878.294067382812, 2009603, 4, 69
2020.24391356, 50.8386322843673, 111.357613373631, 878.300842285156, 2009603, 4, 69
2020.24391356, 50.8386642460606, 111.357608499386, 878.355712890625, 2009603, 4, 69
2020.24391356, 50.8387090018431, 111.357601646161, 878.389221191406, 2009603, 4, 69
2020.24391356, 50.838747384019, 111.357595798077, 878.403747558594, 2009603, 4, 69
2020.24391356, 50.8387857768158, 111.357589938865, 878.406188964844, 2009603, 4, 81
2020.24391356, 50.8388177755422, 111.357585031119, 878.403503417969, 2009603, 4, 81
2020.24391356, 50.8388497753245, 111.357580100652, 878.429443359375, 2009603, 4, 81
2020.24391356, 50.8388946028039, 111.357573253856, 878.446655273438, 2009603, 4, 81
2020.24391356, 50.8389393036908, 111.357566431555, 878.418701171875, 2009603, 4, 81
2020.24391356, 50.838977817636, 111.357560477531, 878.450744628906, 2009603, 4, 81
2020.24391356, 50.839022762155, 111.357553529614, 878.462890625, 2009603, 4, 82
2020.24391356, 50.8390869621325, 111.357543499022, 878.479125976562, 2009603, 4, 82
2020.24391356, 50.8391447701724, 111.357534545274, 878.502685546875, 2009603, 4, 82
2020.24391356, 50.8391961641526, 111.357526611529, 878.5439453125, 2009603, 4, 82
2020.24391356, 50.8392539639, 111.357517570611, 878.507751464844, 2009603, 4, 85
2020.24391356, 50.8393053491454, 111.357509595265, 878.567565917969, 2009603, 4, 85
2020.24391356, 50.8393503065389, 111.357502609088, 878.5166015625, 2009603, 4, 85
2020.24391356, 50.8393888236353, 111.35749654542, 878.485290527344, 2009603, 4, 85
2020.24391356, 50.8394273448798, 111.357490539125, 878.51904296875, 2009603, 4, 85
2020.24391356, 50.8394658624554, 111.357484544155, 878.541320800781, 2009603, 4, 85
2020.24391356, 50.8395043644608, 111.35747851964, 878.540100097656, 2009603, 4, 85
2020.24391356, 50.8395364502015, 111.357473531892, 878.523498535156, 2009603, 4, 85
2020.24391356, 50.839574941722, 111.357467541305, 878.529174804688, 2009603, 4, 85
2020.24391356, 50.8396198308293, 111.357460528436, 878.540893554688, 2009603, 4, 85
2020.24391356, 50.8396454830098, 111.357456573392, 878.509155273438, 2009603, 4, 85
2020.24391356, 50.8396711214033, 111.357452565753, 878.5029296875, 2009603, 4, 85
2020.24391356, 50.8397031503649, 111.357447523354, 878.50537109375, 2009603, 4, 85
2020.24391356, 50.8397351774583, 111.357442509912, 878.538452148438, 2009603, 4, 85
2020.24391356, 50.8397672085603, 111.357437575606, 878.514038085938, 2009603, 4, 85
2020.24391356, 50.8397992152096, 111.357432570504, 878.545043945312, 2009603, 4, 85
2020.24391356, 50.8398312140018, 111.357427591123, 878.5244140625, 2009603, 4, 85
2020.24391356, 50.8398632011962, 111.357422609906, 878.537231445312, 2009603, 4, 85
2020.24391356, 50.839895176461, 111.357417632285, 878.559509277344, 2009603, 4, 85
2020.24391356, 50.839927125831, 111.357412601224, 878.578125, 2009603, 4, 85
2020.24391356, 50.8399590769005, 111.357407635117, 878.595153808594, 2009603, 4, 85
2020.24391356, 50.8399910146337, 111.357402670546, 878.595336914062, 2009603, 4, 85
2020.24391356, 50.8400229409496, 111.35739772529, 878.632568359375, 2009603, 4, 85
2020.24391356, 50.8400548522061, 111.357392770422, 878.622131347656, 2009603, 4, 85
2020.24391356, 50.8400867507605, 111.35738782509, 878.64453125, 2009603, 4, 85
2020.24391356, 50.8401186272676, 111.357382840244, 878.601989746094, 2009603, 4, 85
2020.24391356, 50.840150491575, 111.357377885322, 878.639831542969, 2009603, 4, 85
2020.24391356, 50.8401823416126, 111.357372918158, 878.641357421875, 2009603, 4, 85
2020.24391356, 50.8402080125641, 111.357368936547, 878.641296386719, 2009603, 4, 85
2020.24391356, 50.8402397682209, 111.357364048594, 878.643432617188, 2009603, 4, 85
2020.24391356, 50.840271504325, 111.357359140323, 878.651550292969, 2009603, 4, 83
2020.24391356, 50.8403032291034, 111.357354243184, 878.657592773438, 2009603, 4, 83
2020.24391356, 50.840334932412, 111.357349305619, 878.685668945312, 2009603, 4, 83
2020.24391356, 50.8403666289288, 111.357344419152, 878.706237792969, 2009603, 4, 83
2020.24391356, 50.8403983157403, 111.357339534975, 878.695922851562, 2009603, 4, 83
2020.24391356, 50.8404299914733, 111.357334658299, 878.730163574219, 2009603, 4, 83
2020.24391356, 50.8404679942256, 111.357328847075, 878.735961914062, 2009603, 4, 83
2020.24391356, 50.8405059732094, 111.357323000863, 878.791076660156, 2009603, 4, 85
2020.24391356, 50.8405502589678, 111.357316153593, 878.778564453125, 2009603, 4, 85
2020.24391356, 50.8405945256599, 111.357309323299, 878.841613769531, 2009603, 4, 85
2020.24391356, 50.8406324718464, 111.357303548745, 878.840087890625, 2009603, 4, 85
2020.24391356, 50.840670386723, 111.357297670181, 878.845764160156, 2009603, 4, 85
2020.24391356, 50.8406956746738, 111.357293844822, 878.836853027344, 2009603, 4, 85
2020.24391356, 50.8407335761678, 111.357287988051, 878.845520019531, 2009603, 4, 85
2020.24391356, 50.8407714811461, 111.357282204282, 878.854553222656, 2009603, 4, 80
2020.24391356, 50.8408093589267, 111.35727632803, 878.876525878906, 2009603, 4, 80
2020.24391356, 50.8408472430751, 111.357270507607, 878.860046386719, 2009603, 4, 80
2020.24391356, 50.8408851258859, 111.357264711169, 878.878967285156, 2009603, 4, 80
2020.24391356, 50.8409230032291, 111.35725891162, 878.876525878906, 2009603, 4, 80
2020.24391356, 50.8409671816922, 111.357252107507, 878.890625, 2009603, 4, 80
2020.24391356, 50.8410176615577, 111.357244316737, 878.916809082031, 2009603, 4, 55
2020.24391356, 50.8410681544638, 111.35723659669, 878.917236328125, 2009603, 4, 55
2020.24391356, 50.8411312580079, 111.357226870313, 878.967590332031, 2009603, 4, 55
2020.24391356, 50.8411754320588, 111.357220056752, 878.947509765625, 2009603, 4, 55
2020.24391356, 50.8412133040632, 111.357214262252, 878.981018066406, 2009603, 4, 55
2020.24391356, 50.8412574834715, 111.35720743404, 878.962890625, 2009603, 4, 63
2020.24391356, 50.8412953665033, 111.357201640717, 878.955627441406, 2009603, 4, 63
2020.24391356, 50.841345868141, 111.357193815221, 878.991821289062, 2009603, 4, 63
2020.24391356, 50.8414090253301, 111.357184108605, 879.022644042969, 2009603, 4, 63
2020.24391356, 50.8414657312623, 111.357175331188, 879.016357421875, 2009603, 4, 63
2020.24391356, 50.8415290137279, 111.357165501576, 879.025390625, 2009603, 4, 70
2020.24391356, 50.8415860040995, 111.357156743932, 879.037170410156, 2009603, 4, 70
2020.24391356, 50.8416493295996, 111.357146915775, 879.05419921875, 2009603, 4, 70
2020.24391356, 50.8417190089601, 111.3571360552, 879.074401855469, 2009603, 4, 70
2020.24391356, 50.8417887213575, 111.357125225998, 879.067504882812, 2009603, 4, 61
2020.24391356, 50.841858456768, 111.357114380387, 879.070373535156, 2009603, 4, 61
2020.24391356, 50.8419345595367, 111.357102533857, 879.100036621094, 2009603, 4, 61
2020.24391356, 50.8422074123678, 111.357059721199, 879.117370605469, 2009603, 4, 75
2020.24391258, 48.8958666984909, 111.690429178103, 917.57470703125, 2009603, 5, 57
2020.24391258, 48.8959751581276, 111.69041369361, 917.565307617188, 2009603, 5, 57
2020.24391258, 48.8960963244922, 111.690396435498, 917.626159667969, 2009603, 5, 83
2020.24391355, 50.8258020550188, 111.405446629104, 871.302856445312, 2009603, 6, 85
2020.24391355, 50.8258402241921, 111.405441026813, 871.279724121094, 2009603, 6, 85
2020.24391355, 50.8258720267227, 111.405436383698, 871.295349121094, 2009603, 6, 85
2020.24391355, 50.825903821235, 111.405431745646, 871.283630371094, 2009603, 6, 85
2020.24391355, 50.8259356085845, 111.405427117552, 871.301086425781, 2009603, 6, 85
2020.24391355, 50.825980099071, 111.405420648165, 871.291931152344, 2009603, 6, 85
2020.24391355, 50.8260309387135, 111.40541331271, 871.302856445312, 2009603, 6, 85
2020.24391355, 50.8261135149324, 111.405401455585, 871.31884765625, 2009603, 6, 85
2020.24391355, 50.8261770155869, 111.40539239847, 871.282104492188, 2009603, 6, 85
