2020.43609507, 52.2709393943376, 124.288396117343, 399.158111572266, 2002009, 1, 74
2020.43609777, 46.8543542297359, 123.47798157171, 137.316986083984, 2009593, 1, 91
2020.43609777, 46.842720846059, 123.476352512373, 137.075637817383, 2009593, 1, 60
2020.43609777, 46.8664817116965, 123.478531243182, 137.563629150391, 2009593, 2, 80
2020.43609777, 46.8658054979491, 123.478438667609, 137.521026611328, 2009593, 2, 87
2020.43609777, 46.8647805458452, 123.478295274476, 137.440582275391, 2009593, 2, 79
2020.43609509, 52.240430092913, 124.236153905948, 407.949798583984, 2002009, 3, 86
2020.43609509, 52.2403791472313, 124.236145975506, 407.972381591797, 2002009, 3, 86
2020.43609509, 52.2403281916204, 124.236138037526, 407.963958740234, 2002009, 3, 86
2020.43609509, 52.2402835926208, 124.236131085944, 407.974273681641, 2002009, 3, 86
2020.43609509, 52.2402326304183, 124.236123134396, 408.005401611328, 2002009, 3, 86
2020.43609509, 52.2401689164223, 124.236113185355, 407.99169921875, 2002009, 3, 86
2020.43609509, 52.2401051996797, 124.236103225334, 407.999359130859, 2002009, 3, 86
2020.43609509, 52.240047860847, 124.236094251903, 407.999267578125, 2002009, 3, 86
2020.43609509, 52.2399841439586, 124.236084271871, 407.986724853516, 2002009, 3, 86
2020.43609509, 52.2399268085295, 124.236075281563, 408.001525878906, 2002009, 3, 86
2020.43609509, 52.239869475929, 124.236066282986, 407.989166259766, 2002009, 3, 86
2020.43609509, 52.2398248890219, 124.236059278571, 407.999481201172, 2002009, 3, 86
2020.43609509, 52.2397739364447, 124.23605126795, 408.001708984375, 2002009, 3, 86
2020.43609509, 52.2394684143627, 124.236003088681, 407.981018066406, 2002009, 3, 60
2020.4360951, 52.2387884009041, 124.234579721768, 408.900482177734, 2002009, 4, 75
