2021.56774768, 53.1246062531957, 140.598517483925, 2.05106425285339, 4007613, 1, 88
2021.56774768, 53.0969714872962, 140.604394388244, 2.12908005714417, 4007613, 2, 98
2021.56774768, 53.097130423773, 140.604367602513, 2.13997149467468, 4007613, 2, 98
2021.56774768, 53.0972640009829, 140.604344960828, 2.12506532669067, 4007613, 2, 97
2021.56774768, 53.0973594669989, 140.604328779006, 2.13332343101501, 4007613, 2, 97
2021.56774768, 53.097448651208, 140.604313689229, 2.10895776748657, 4007613, 2, 97
2021.56774768, 53.097537672491, 140.604298376912, 2.13172650337219, 4007613, 2, 96
2021.56774768, 53.0977221723674, 140.604266694476, 2.13968801498413, 4007613, 2, 96
2021.56774768, 53.0979704891704, 140.604224269789, 2.15540361404419, 4007613, 2, 97
2021.56774768, 53.0983338090039, 140.604163163044, 2.12856721878052, 4007613, 2, 97
2021.56774768, 53.100594087679, 140.603803270185, 2.12007117271423, 4007613, 2, 97
2021.56774768, 53.1014910868154, 140.603653850821, 2.1172456741333, 4007613, 2, 97
2021.56774768, 53.1024370229466, 140.603495957982, 2.13649702072144, 4007613, 2, 97
2021.56774768, 53.1035034113074, 140.603313146341, 2.08381056785583, 4007613, 2, 96
2021.56774768, 53.1037326787887, 140.603274689723, 2.0877673625946, 4007613, 2, 96
2021.56774768, 53.1043135783313, 140.603180466324, 2.10915565490723, 4007613, 2, 97
2021.56774768, 53.1271225285881, 140.646541871584, 2.01747298240662, 4007613, 3, 62
2021.56774769, 53.14075385174, 140.644308410171, 1.96497595310211, 4007613, 3, 61
2021.56774769, 53.1409064762211, 140.644283377173, 1.96955788135529, 4007613, 3, 61
2021.56774769, 53.1410591700845, 140.644259006551, 1.99975526332855, 4007613, 3, 62
2021.56774769, 53.1412754522015, 140.644224596178, 1.97617423534393, 4007613, 3, 67
2021.56774769, 53.1414217245091, 140.644201306093, 1.98914468288422, 4007613, 3, 67
2021.56774769, 53.1415933844926, 140.644173862683, 2.00716876983643, 4007613, 3, 67
2021.56774769, 53.1417776910186, 140.644144179825, 2.00160312652588, 4007613, 3, 66
2021.56774769, 53.1421143403622, 140.644089356059, 1.99577331542969, 4007613, 3, 63
2021.56774769, 53.1423173182993, 140.644054877344, 1.96535956859589, 4007613, 3, 60
2021.56774769, 53.1424695094729, 140.644028877416, 1.9679514169693, 4007613, 3, 60
2021.56774769, 53.1435417781522, 140.643849647046, 1.96725213527679, 4007613, 3, 64
2021.56774769, 53.1437006905008, 140.643824663679, 1.95472383499146, 4007613, 3, 64
2021.56774769, 53.1438914337242, 140.64379494737, 1.97723960876465, 4007613, 3, 65
2021.56774769, 53.1441648807527, 140.643752589094, 2.00071501731873, 4007613, 3, 65
2021.56774769, 53.14450826088, 140.643699197277, 1.97233974933624, 4007613, 3, 62
2021.56774769, 53.144718039776, 140.643666163858, 1.96753370761871, 4007613, 3, 62
2021.56774769, 53.1448641326291, 140.643642720038, 1.97823178768158, 4007613, 3, 61
2021.56774769, 53.1450038581941, 140.643620102289, 1.96057426929474, 4007613, 3, 61
2021.56774769, 53.1451562646006, 140.643595211144, 1.95392191410065, 4007613, 3, 61
2021.56774769, 53.145448352129, 140.643546942639, 2.00995826721191, 4007613, 3, 63
2021.56774769, 53.1460770686226, 140.643441379469, 2.01003694534302, 4007613, 3, 64
2021.56774769, 53.1469408505035, 140.643297242926, 2.00317454338074, 4007613, 3, 64
2021.56774768, 53.1052582483886, 140.651442781282, 2.05490231513977, 4007613, 4, 96
2021.56774768, 53.1059944513637, 140.651327737417, 2.06780791282654, 4007613, 4, 96
2021.56774768, 53.1061971107934, 140.651295982846, 2.0775671005249, 4007613, 4, 97
2021.56774768, 53.1064132397383, 140.651261827492, 2.07362914085388, 4007613, 4, 97
2021.56774768, 53.108621493117, 140.650899317752, 2.04395389556885, 4007613, 4, 98
2021.56774768, 53.1105139301716, 140.650583635064, 2.03704929351807, 4007613, 4, 97
2021.56774769, 53.1268018492694, 140.647934463521, 1.99875140190125, 4007613, 4, 56
2021.56774769, 53.1270131615194, 140.647897131602, 1.98464226722717, 4007613, 4, 69
2021.56774769, 53.1270899078076, 140.647883637028, 1.96985912322998, 4007613, 4, 69
2021.56774769, 53.1271410250645, 140.64787469134, 1.97797226905823, 4007613, 4, 69
2021.56774769, 53.1271857377358, 140.647866881314, 1.94991827011108, 4007613, 4, 69
2021.56774769, 53.1272304217961, 140.647859103898, 1.94221913814545, 4007613, 4, 69
2021.56774769, 53.1272750734279, 140.647851365329, 1.94245564937592, 4007613, 4, 74
2021.56774769, 53.127319710597, 140.64784364543, 1.96521162986755, 4007613, 4, 74
2021.56774769, 53.1273706818373, 140.647834878325, 1.9692268371582, 4007613, 4, 74
2021.56774769, 53.1274279889579, 140.647825065162, 1.99201476573944, 4007613, 4, 74
2021.56774769, 53.1274916153722, 140.647814229604, 1.97735941410065, 4007613, 4, 74
2021.56774769, 53.1275615277089, 140.647802415679, 1.9803694486618, 4007613, 4, 69
2021.56774769, 53.1276123335924, 140.647793883936, 1.94727313518524, 4007613, 4, 69
2021.56774769, 53.1276567594909, 140.647786463187, 1.97008645534515, 4007613, 4, 69
2021.56774769, 53.1276948244748, 140.647780129395, 1.9324449300766, 4007613, 4, 69
2021.56774769, 53.1277328619283, 140.647773833993, 1.94915866851807, 4007613, 4, 69
2021.56774769, 53.1277708825774, 140.647767567315, 1.97045111656189, 4007613, 4, 69
2021.56774769, 53.1278152127237, 140.647760299497, 1.95369684696198, 4007613, 4, 69
2021.56774769, 53.1278595169735, 140.647753074427, 1.97320413589478, 4007613, 4, 69
2021.56774769, 53.1279101240407, 140.647744864941, 1.98666679859161, 4007613, 4, 69
2021.56774769, 53.1279608911949, 140.647736327906, 1.99464583396912, 4007613, 4, 69
2021.56774769, 53.1280176190436, 140.647727465675, 1.96701562404633, 4007613, 4, 72
2021.56774769, 53.1280617324756, 140.647720602286, 1.99558258056641, 4007613, 4, 72
2021.56774769, 53.1281247034956, 140.647710871208, 1.96963727474213, 4007613, 4, 72
2021.56774769, 53.1281939411061, 140.647700229385, 1.98708355426788, 4007613, 4, 72
2021.56774769, 53.1283197418109, 140.64768104415, 1.98523473739624, 4007613, 4, 71
2021.56774769, 53.1284580758783, 140.647660070538, 1.99822676181793, 4007613, 4, 71
2021.56774769, 53.1286781671366, 140.64762677652, 2.01221752166748, 4007613, 4, 74
2021.56774769, 53.1291697864342, 140.647551180435, 2.01797986030579, 4007613, 4, 56
2021.5677477, 53.1437524606202, 140.645186127769, 1.97135400772095, 4007613, 4, 65
2021.5677477, 53.1437841688129, 140.645181026406, 1.95018768310547, 4007613, 4, 65
2021.5677477, 53.1438222218393, 140.645174901399, 1.92146873474121, 4007613, 4, 65
2021.5677477, 53.1438602807871, 140.645168769226, 1.9510350227356, 4007613, 4, 65
2021.5677477, 53.1439110315325, 140.645160584222, 1.97754740715027, 4007613, 4, 65
2021.5677477, 53.1439808307149, 140.645149307375, 1.98790049552917, 4007613, 4, 65
2021.5677477, 53.1440696904511, 140.645134920664, 1.97726809978485, 4007613, 4, 72
2021.5677477, 53.144114142403, 140.645127701214, 1.95227670669556, 4007613, 4, 72
2021.5677477, 53.1441522488978, 140.645121505055, 1.95399069786072, 4007613, 4, 72
2021.5677477, 53.1441903564785, 140.645115302252, 1.95494794845581, 4007613, 4, 72
2021.5677477, 53.1442284759041, 140.645109086958, 1.94155359268188, 4007613, 4, 72
2021.5677477, 53.1442666002209, 140.645102862569, 1.95605826377869, 4007613, 4, 76
2021.5677477, 53.1443047334759, 140.645096626655, 1.93883287906647, 4007613, 4, 76
2021.5677477, 53.1443492246866, 140.645089343938, 1.95282483100891, 4007613, 4, 76
2021.5677477, 53.144387377318, 140.645083080326, 1.9695873260498, 4007613, 4, 76
2021.5677477, 53.1444762388917, 140.645068652618, 1.99820756912231, 4007613, 4, 76
2021.5677477, 53.1446037366494, 140.645047332143, 2.02865815162659, 4007613, 4, 70
2021.5677477, 53.14469301655, 140.645032349559, 2.02640962600708, 4007613, 4, 70
2021.5677477, 53.1447376568956, 140.645024849825, 1.94820404052734, 4007613, 4, 70
2021.5677477, 53.1447695522352, 140.645019481744, 1.94741976261139, 4007613, 4, 63
2021.5677477, 53.1448078197786, 140.645013043132, 1.95751309394836, 4007613, 4, 63
2021.5677477, 53.1448397098314, 140.645007672585, 1.96615839004517, 4007613, 4, 63
2021.5677477, 53.1448716029737, 140.645002299239, 1.96007895469666, 4007613, 4, 63
2021.5677477, 53.144903498558, 140.64499692158, 1.96095609664917, 4007613, 4, 63
2021.5677477, 53.1449417609631, 140.644990477133, 1.93096303939819, 4007613, 4, 63
2021.5677477, 53.1449736541561, 140.644985096955, 1.93185794353485, 4007613, 4, 63
2021.5677477, 53.1450119177343, 140.644978647034, 1.89900922775269, 4007613, 4, 63
2021.5677477, 53.1450565532657, 140.644971122317, 1.98460745811462, 4007613, 4, 63
2021.5677477, 53.1451266819713, 140.644959308016, 1.9760570526123, 4007613, 4, 63
2021.5677477, 53.1452732505885, 140.644934649396, 2.00467610359192, 4007613, 4, 64
2021.5677477, 53.1455024161486, 140.644896272828, 2.0143609046936, 4007613, 4, 65
2021.5677477, 53.1457631795265, 140.644852873934, 1.98355686664581, 4007613, 4, 64
2021.5677477, 53.1459972746209, 140.644814763672, 1.9996612071991, 4007613, 4, 64
2021.5677477, 53.1462248277588, 140.644778036659, 2.00825762748718, 4007613, 4, 64
2021.5677477, 53.1464333944736, 140.644744561324, 1.99722802639008, 4007613, 4, 61
2021.5677477, 53.1465851536268, 140.644720254909, 1.99118602275848, 4007613, 4, 64
2021.5677477, 53.1466990423862, 140.644702018254, 1.99669814109802, 4007613, 4, 64
2021.5677477, 53.1468066654046, 140.644684778423, 2.00645327568054, 4007613, 4, 58
2021.5677477, 53.1469207119739, 140.644666476568, 2.01284027099609, 4007613, 4, 58
2021.56774769, 53.1265900073445, 140.696389497623, 2.00840067863464, 4007613, 6, 98
2021.56774769, 53.1367296447736, 140.694750628489, 2.00062775611877, 4007613, 6, 52
