2019.72774604, 49.2139023020219, 118.758097854685, 577.061462402344, 2009588, 1, 83
2019.72774759, 52.3286359899726, 118.278710534076, 421.410949707031, 2009603, 1, 90
2019.72774759, 52.329139972845, 118.278632440272, 421.438751220703, 2009603, 1, 90
2019.72774759, 52.330031063299, 118.278495259549, 421.438659667969, 2009603, 1, 92
2019.7277452, 47.5212817242034, 119.004847755812, 726.443969726562, 2006420, 2, 68
2019.7277452, 47.5213522807271, 119.004837229326, 726.420532226562, 2006420, 2, 68
2019.7277452, 47.5214356245528, 119.004824651455, 726.378051757812, 2006420, 2, 68
2019.72774605, 49.2142903602315, 118.759210043054, 577.248596191406, 2009588, 2, 88
2019.72774605, 49.2147218945025, 118.759142310772, 577.24658203125, 2009588, 2, 93
2019.72774605, 49.2149599574721, 118.75910489364, 577.266357421875, 2009588, 2, 85
2019.7277476, 52.328378127697, 118.280246527989, 421.514526367188, 2009603, 2, 90
2019.7277476, 52.3285622461637, 118.280219316882, 421.506500244141, 2009603, 2, 91
2019.7277476, 52.3287209283664, 118.280195706682, 421.492553710938, 2009603, 2, 91
2019.7277476, 52.3289177116448, 118.280166460698, 421.530731201172, 2009603, 2, 92
2019.7277476, 52.3290954932872, 118.280140014297, 421.530822753906, 2009603, 2, 91
2019.7277476, 52.3292606030911, 118.280115136532, 421.512145996094, 2009603, 2, 91
2019.7277476, 52.3294067066774, 118.280092948477, 421.5419921875, 2009603, 2, 91
2019.7277476, 52.3296546538386, 118.280055154669, 421.527618408203, 2009603, 2, 91
2019.7277476, 52.3298328363569, 118.280027562278, 421.470642089844, 2009603, 2, 91
2019.7277476, 52.3299983448512, 118.280002044989, 421.502746582031, 2009603, 2, 91
2019.7277476, 52.3303166241288, 118.279952689455, 421.526458740234, 2009603, 2, 90
2019.7277476, 52.3305839654862, 118.279911741825, 421.471588134766, 2009603, 2, 90
2019.72774603, 49.2160310280717, 118.80217026799, 577.977844238281, 2009588, 3, 60
2019.7277464, 49.9488398933819, 118.6931904912, 526.708618164062, 2009588, 3, 79
2019.7277464, 49.9489988198668, 118.693165158946, 526.708984375, 2009588, 3, 79
2019.7277464, 49.9491831008033, 118.693135594366, 526.712158203125, 2009588, 3, 53
2019.7277464, 49.9493609614304, 118.693106749888, 526.682739257812, 2009588, 3, 78
2019.7277464, 49.9495324420607, 118.693078350738, 526.698974609375, 2009588, 3, 77
2019.7277464, 49.9497229044432, 118.69304660795, 526.674560546875, 2009588, 3, 77
2019.72774759, 52.3369615248888, 118.324953033481, 420.229583740234, 2009603, 3, 93
2019.72774759, 52.3372541219566, 118.324907886804, 420.235809326172, 2009603, 3, 93
2019.72774759, 52.3375849110052, 118.324857438948, 420.227691650391, 2009603, 3, 92
2019.72774759, 52.3378774857269, 118.324813420567, 420.182800292969, 2009603, 3, 93
2019.72774759, 52.3381063507399, 118.324779237982, 420.191589355469, 2009603, 3, 94
2019.72774759, 52.3383859357389, 118.324737823555, 420.217346191406, 2009603, 3, 91
2019.72774604, 49.2141396565082, 118.803664356606, 578.039978027344, 2009588, 4, 72
2019.72774604, 49.2142287227828, 118.803650424168, 578.037963867188, 2009588, 4, 72
2019.72774641, 49.9483852213548, 118.694304601441, 526.804016113281, 2009588, 4, 61
2019.7277476, 52.3370273201667, 118.326446220285, 420.307067871094, 2009603, 4, 88
2019.7277476, 52.3371290267426, 118.326430893286, 420.279876708984, 2009603, 4, 88
2019.7277476, 52.3372434671218, 118.326413665598, 420.273040771484, 2009603, 4, 88
2019.7277476, 52.3373134655382, 118.326403073818, 420.271148681641, 2009603, 4, 92
2019.7277476, 52.3374089393134, 118.326388573443, 420.262512207031, 2009603, 4, 92
2019.7277476, 52.3375235550259, 118.326371229248, 420.249084472656, 2009603, 4, 91
2019.7277476, 52.3376382075746, 118.326353827229, 420.242889404297, 2009603, 4, 91
2019.7277476, 52.3377465150419, 118.32633732754, 420.259735107422, 2009603, 4, 91
2019.7277476, 52.3378102516184, 118.326327707402, 420.243560791016, 2009603, 4, 91
2019.7277476, 52.3378867440728, 118.326316156373, 420.259674072266, 2009603, 4, 91
2019.7277476, 52.3379632403988, 118.3263045341, 420.291137695312, 2009603, 4, 91
2019.7277476, 52.3380397401869, 118.326292867769, 420.266571044922, 2009603, 4, 92
2019.7277476, 52.3381226397827, 118.32628039025, 420.256072998047, 2009603, 4, 92
2019.7277476, 52.3382246641434, 118.32626491487, 420.237182617188, 2009603, 4, 92
2019.7277476, 52.3383330735206, 118.326248547953, 420.233917236328, 2009603, 4, 93
2019.7277476, 52.338390467602, 118.326239895883, 420.245574951172, 2009603, 4, 93
2019.7277476, 52.3384606058778, 118.326229272826, 420.263702392578, 2009603, 4, 93
2019.7277476, 52.338581755068, 118.326211009397, 420.238647460938, 2009603, 4, 93
2019.7277476, 52.3386710525465, 118.3261976203, 420.233306884766, 2009603, 4, 93
2019.7277476, 52.3387348217122, 118.32618804123, 420.203338623047, 2009603, 4, 93
2019.7277476, 52.3387985902125, 118.326178568952, 420.215576171875, 2009603, 4, 93
2019.7277476, 52.3388623334209, 118.326168999848, 420.236267089844, 2009603, 4, 93
2019.7277476, 52.3389451794516, 118.326156588708, 420.216918945312, 2009603, 4, 93
2019.7277476, 52.3390343515825, 118.326143142089, 420.208038330078, 2009603, 4, 90
2019.7277476, 52.3391425978334, 118.326126920036, 420.240264892578, 2009603, 4, 90
2019.7277476, 52.3392507793278, 118.326110684973, 420.246337890625, 2009603, 4, 74
2019.7277476, 52.3393588809355, 118.32609429643, 420.223266601562, 2009603, 4, 74
2019.7277476, 52.3394351552225, 118.326082787091, 420.188568115234, 2009603, 4, 74
2019.7277476, 52.3394986964689, 118.326073210419, 420.181579589844, 2009603, 4, 74
2019.72774604, 49.2355731284954, 118.843692072616, 579.231140136719, 2009588, 5, 71
2019.72774604, 49.2361270852158, 118.843608509615, 579.204956054688, 2009588, 5, 86
2019.72774604, 49.2363881758726, 118.843569276473, 579.217041015625, 2009588, 5, 86
2019.7277464, 49.9486470567956, 118.738304072286, 526.391906738281, 2009588, 5, 81
2019.72774761, 52.3722713381209, 118.367129950955, 418.583648681641, 2009603, 5, 72
2019.72774761, 52.372392089008, 118.367111818585, 418.575225830078, 2009603, 5, 72
2019.72774761, 52.3725065080279, 118.367094607856, 418.581909179688, 2009603, 5, 91
2019.72774761, 52.3726272974589, 118.367076449959, 418.580810546875, 2009603, 5, 91
2019.72774761, 52.3727417493218, 118.367059235666, 418.587036132812, 2009603, 5, 91
2019.72774761, 52.3728562216858, 118.367041961763, 418.580749511719, 2009603, 5, 94
2019.72774761, 52.3729707137392, 118.367024656061, 418.587799072266, 2009603, 5, 94
2019.72774761, 52.3730915813153, 118.36700634794, 418.578063964844, 2009603, 5, 95
2019.72774761, 52.3732061091534, 118.366988844796, 418.592529296875, 2009603, 5, 95
2019.72774761, 52.3733270133717, 118.366970367222, 418.574890136719, 2009603, 5, 93
2019.72774761, 52.3734543012009, 118.366950839342, 418.597015380859, 2009603, 5, 93
2019.72774761, 52.373575245228, 118.366932215121, 418.595947265625, 2009603, 5, 94
2019.72774761, 52.3737025705727, 118.366912545851, 418.576141357422, 2009603, 5, 94
2019.72774761, 52.3738235354271, 118.366893881456, 418.573577880859, 2009603, 5, 92
2019.72774761, 52.3739381547519, 118.366876042743, 418.576965332031, 2009603, 5, 92
2019.72774761, 52.3740591418398, 118.366857245488, 418.5771484375, 2009603, 5, 80
2019.72774761, 52.3741737661443, 118.366839381969, 418.581512451172, 2009603, 5, 80
2019.72774761, 52.374262904085, 118.366825501651, 418.618957519531, 2009603, 5, 80
2019.72774605, 49.2357911426351, 118.84472309738, 579.278686523438, 2009588, 6, 74
2019.72774605, 49.2359994959804, 118.844692166049, 579.237731933594, 2009588, 6, 74
2019.72774605, 49.236119356203, 118.844674502203, 579.207458496094, 2009588, 6, 87
2019.72774605, 49.2362580746551, 118.844654003901, 579.193481445312, 2009588, 6, 87
2019.72774605, 49.2363715512985, 118.844637145096, 579.181030273438, 2009588, 6, 87
2019.72774605, 49.236478746392, 118.844621256131, 579.212890625, 2009588, 6, 87
2019.72774605, 49.2365544213222, 118.844609931713, 579.146240234375, 2009588, 6, 86
2019.72774605, 49.2365922638903, 118.844604250316, 579.149353027344, 2009588, 6, 86
2019.72774605, 49.236623808804, 118.844599525559, 579.149536132812, 2009588, 6, 86
2019.72774605, 49.2366553562833, 118.844594782408, 579.162536621094, 2009588, 6, 86
2019.72774605, 49.2366869041175, 118.844590000574, 579.162536621094, 2009588, 6, 86
2019.72774605, 49.2367184588326, 118.844585215982, 579.147033691406, 2009588, 6, 86
2019.72774605, 49.2367500224199, 118.844580443017, 579.160034179688, 2009588, 6, 71
2019.72774605, 49.2367815859927, 118.844575624339, 579.171447753906, 2009588, 6, 71
2019.72774605, 49.2368194664402, 118.844569813156, 579.16552734375, 2009588, 6, 71
2019.72774605, 49.2368510548903, 118.844565037332, 579.193176269531, 2009588, 6, 71
2019.72774605, 49.2368888578443, 118.84455947964, 579.208374023438, 2009588, 6, 71
2019.72774605, 49.2369584648242, 118.844548499327, 579.21728515625, 2009588, 6, 71
2019.72774641, 49.9488049805265, 118.739352487453, 526.396057128906, 2009588, 6, 65
2019.72774641, 49.9489187662023, 118.739334027985, 526.378356933594, 2009588, 6, 65
2019.72774641, 49.9489567042926, 118.739327912402, 526.280700683594, 2009588, 6, 65
2019.72774641, 49.9489883257553, 118.739322849183, 526.311218261719, 2009588, 6, 65
2019.72774641, 49.9490199555629, 118.739317823549, 526.397277832031, 2009588, 6, 84
2019.72774641, 49.9491085216883, 118.739303687237, 526.352233886719, 2009588, 6, 84
2019.72774641, 49.9491591531123, 118.739295694739, 526.302062988281, 2009588, 6, 84
2019.72774641, 49.9491908084211, 118.739290722245, 526.321594238281, 2009588, 6, 84
2019.72774641, 49.9492159663847, 118.739286450328, 526.32177734375, 2009588, 6, 84
2019.72774641, 49.9492476866823, 118.739281584039, 526.316162109375, 2009588, 6, 84
2019.72774641, 49.9492730782296, 118.739277771635, 526.316040039062, 2009588, 6, 64
2019.72774641, 49.9493048170428, 118.739272971741, 526.355224609375, 2009588, 6, 64
2019.72774641, 49.9493429040043, 118.739267191943, 526.378601074219, 2009588, 6, 64
2019.72774641, 49.9493873629763, 118.739260535849, 526.403625488281, 2009588, 6, 64
2019.72774641, 49.9494636074936, 118.739249177181, 526.392333984375, 2009588, 6, 65
2019.72774762, 52.3722828570955, 118.368457273916, 418.595062255859, 2009603, 6, 63
2019.72774762, 52.3723275304356, 118.368449937759, 418.576812744141, 2009603, 6, 63
2019.72774762, 52.3723594549169, 118.368444780359, 418.546264648438, 2009603, 6, 63
2019.72774762, 52.3723913708376, 118.368439560486, 418.543609619141, 2009603, 6, 63
2019.72774762, 52.3724232834258, 118.368434341682, 418.532684326172, 2009603, 6, 63
2019.72774762, 52.372455201978, 118.368429150406, 418.565399169922, 2009603, 6, 63
2019.72774762, 52.3724807416408, 118.368425028547, 418.543823242188, 2009603, 6, 63
2019.72774762, 52.37251265366, 118.368419817556, 418.567443847656, 2009603, 6, 90
2019.72774762, 52.3725381916634, 118.368415710483, 418.546661376953, 2009603, 6, 90
2019.72774762, 52.3725700962226, 118.368410487678, 418.552642822266, 2009603, 6, 90
2019.72774762, 52.3725956277241, 118.368406372736, 418.552825927734, 2009603, 6, 90
2019.72774762, 52.3726211575025, 118.368402268365, 418.562591552734, 2009603, 6, 90
2019.72774762, 52.3726530567452, 118.368397097029, 418.564422607422, 2009603, 6, 90
2019.72774762, 52.3726785835865, 118.368393015597, 418.553436279297, 2009603, 6, 90
2019.72774762, 52.3727104712507, 118.368387828445, 418.552581787109, 2009603, 6, 90
2019.72774762, 52.3727359914109, 118.368383765079, 418.555938720703, 2009603, 6, 90
2019.72774762, 52.3727678711099, 118.368378598529, 418.547088623047, 2009603, 6, 93
2019.72774762, 52.3727933812871, 118.368374540937, 418.558868408203, 2009603, 6, 93
2019.72774762, 52.3728252502315, 118.368369393937, 418.548828125, 2009603, 6, 93
2019.72774762, 52.3728507507241, 118.368365349473, 418.555114746094, 2009603, 6, 93
2019.72774762, 52.3728827630905, 118.368359944939, 418.553802490234, 2009603, 6, 93
2019.72774762, 52.3729145542206, 118.36835492713, 418.541809082031, 2009603, 6, 93
2019.72774762, 52.3729399900561, 118.368350975187, 418.559692382812, 2009603, 6, 93
2019.72774762, 52.372971774608, 118.368346016121, 418.546447753906, 2009603, 6, 93
2019.72774762, 52.373003543219, 118.368341024631, 418.540924072266, 2009603, 6, 92
2019.72774762, 52.3730289631143, 118.36833709501, 418.549896240234, 2009603, 6, 92
2019.72774762, 52.37306071827, 118.368332117968, 418.545562744141, 2009603, 6, 92
2019.72774762, 52.3730861234639, 118.368328195061, 418.541137695312, 2009603, 6, 92
2019.72774762, 52.3731178681173, 118.368323248252, 418.531982421875, 2009603, 6, 92
2019.72774762, 52.3731496007994, 118.368318283231, 418.542663574219, 2009603, 6, 92
2019.72774762, 52.3731749893038, 118.368314361266, 418.552124023438, 2009603, 6, 92
2019.72774762, 52.3732067048799, 118.368309383829, 418.530578613281, 2009603, 6, 92
2019.72774762, 52.3732384219807, 118.368304465582, 418.540924072266, 2009603, 6, 92
2019.72774762, 52.3732637948729, 118.368300558605, 418.561492919922, 2009603, 6, 93
2019.72774762, 52.3732954884972, 118.368295593253, 418.556793212891, 2009603, 6, 93
2019.72774762, 52.3733208491229, 118.368291673813, 418.541076660156, 2009603, 6, 93
2019.72774762, 52.3733525319103, 118.368286710334, 418.536407470703, 2009603, 6, 93
2019.72774762, 52.3733778816034, 118.368282792194, 418.554229736328, 2009603, 6, 93
2019.72774762, 52.3734095496755, 118.368277809932, 418.534942626953, 2009603, 6, 93
2019.72774762, 52.373434890462, 118.368273894446, 418.546295166016, 2009603, 6, 93
2019.72774762, 52.3734665487355, 118.368268920626, 418.555572509766, 2009603, 6, 93
2019.72774762, 52.3734918789853, 118.368264992217, 418.561584472656, 2009603, 6, 93
2019.72774762, 52.373523530291, 118.368260052729, 418.534088134766, 2009603, 6, 92
2019.72774762, 52.3735551706283, 118.368255062299, 418.544311523438, 2009603, 6, 92
2019.72774762, 52.3735868072111, 118.368250081236, 418.566864013672, 2009603, 6, 92
2019.72774762, 52.3736121209633, 118.368246138523, 418.545593261719, 2009603, 6, 92
2019.72774762, 52.3736437512706, 118.368241169308, 418.591339111328, 2009603, 6, 92
2019.72774762, 52.3736753763272, 118.368236181532, 418.559143066406, 2009603, 6, 92
2019.72774762, 52.3737069921927, 118.368231164394, 418.535369873047, 2009603, 6, 92
2019.72774762, 52.3737449211787, 118.368225114506, 418.563751220703, 2009603, 6, 92
2019.72774762, 52.3737765365737, 118.36822013537, 418.534576416016, 2009603, 6, 92
2019.72774762, 52.373814457196, 118.368214063555, 418.556793212891, 2009603, 6, 92
2019.72774762, 52.373846065604, 118.368209061815, 418.554473876953, 2009603, 6, 92
2019.72774762, 52.3738776640024, 118.368204006085, 418.548400878906, 2009603, 6, 92
2019.72774762, 52.3739092561402, 118.368198921031, 418.551605224609, 2009603, 6, 92
2019.72774762, 52.3739408429406, 118.368193818514, 418.548126220703, 2009603, 6, 92
2019.72774762, 52.3739724313903, 118.368188712502, 418.547454833984, 2009603, 6, 92
