2021.05647278, 51.6895823150357, 135.897622742127, 134.628005981445, 2002060, 1, 88
2021.05647278, 51.6899067811928, 135.897571925408, 134.227294921875, 2002060, 1, 76
2021.05647278, 51.6902438361101, 135.897518914878, 134.438003540039, 2002060, 1, 76
2021.05647328, 52.6914602964395, 135.737888138393, 300.639739990234, 2007706, 1, 55
2021.05647328, 52.6917582702005, 135.73783966909, 300.898132324219, 2007706, 1, 59
2021.05647328, 52.6923167529292, 135.737748648303, 300.871398925781, 2007706, 1, 58
2021.05647279, 51.6902669025594, 135.898740410528, 135.423217773438, 2002060, 2, 64
2021.05647279, 51.6904376615203, 135.898714234376, 134.719970703125, 2002060, 2, 64
2021.05647279, 51.6905959016545, 135.898690160717, 134.582244873047, 2002060, 2, 75
2021.05647279, 51.6906655952258, 135.898679642125, 134.701629638672, 2002060, 2, 75
2021.05647279, 51.6907416414049, 135.898668120527, 134.709167480469, 2002060, 2, 75
2021.05647279, 51.6908113939868, 135.898657569748, 134.655014038086, 2002060, 2, 75
2021.05647329, 52.6913509417215, 135.739153746875, 300.861633300781, 2007706, 2, 67
2021.05647329, 52.6914208560119, 135.739142483907, 300.8779296875, 2007706, 2, 67
2021.05647329, 52.6914844384715, 135.739132180091, 300.998657226562, 2007706, 2, 67
2021.05647329, 52.6915607604054, 135.739119725824, 300.937591552734, 2007706, 2, 65
2021.05647329, 52.6916306442755, 135.739108472577, 300.72705078125, 2007706, 2, 65
2021.05647329, 52.6916943750513, 135.739097809798, 300.596374511719, 2007706, 2, 65
2021.05647329, 52.6917581231153, 135.739087080652, 300.453826904297, 2007706, 2, 63
2021.05647329, 52.691828261915, 135.739075217158, 300.456146240234, 2007706, 2, 63
2021.05647329, 52.6919175807928, 135.73906011857, 300.466491699219, 2007706, 2, 63
2021.05647279, 51.7185872768225, 135.939960552791, 129.203125, 2002060, 3, 87
2021.0564728, 51.7188298230785, 135.941155724623, 129.144622802734, 2002060, 4, 62
2021.0564728, 51.7189382976575, 135.941138558719, 128.878311157227, 2002060, 4, 62
2021.0564728, 51.7190340240177, 135.941123401388, 128.746337890625, 2002060, 4, 78
2021.0564728, 51.7191424952589, 135.941106234006, 128.680648803711, 2002060, 4, 78
2021.0564728, 51.7192318140505, 135.941092043743, 128.669143676758, 2002060, 4, 78
2021.0564728, 51.7193402556589, 135.941074940715, 128.645904541016, 2002060, 4, 87
2021.0564728, 51.7194422987528, 135.941058825762, 128.691741943359, 2002060, 4, 87
2021.0564728, 51.7195442911268, 135.941042704358, 128.916915893555, 2002060, 4, 85
2021.0564728, 51.7196526037387, 135.94102556112, 128.913482666016, 2002060, 4, 85
2021.0564733, 52.7488179330739, 135.824577279894, 263.442901611328, 2007706, 5, 83
2021.05647331, 52.7490839182282, 135.825886681442, 261.886932373047, 2007706, 6, 63
2021.05647331, 52.7491535838713, 135.825875794263, 261.917877197266, 2007706, 6, 63
2021.05647331, 52.7492232650313, 135.82586488962, 261.952911376953, 2007706, 6, 63
2021.05647331, 52.749292943908, 135.825854087072, 261.984649658203, 2007706, 6, 82
2021.05647331, 52.749362636152, 135.825843249988, 262.107482910156, 2007706, 6, 82
2021.05647331, 52.7494893920573, 135.825823502861, 262.918151855469, 2007706, 6, 82
2021.05647331, 52.7495527872437, 135.825813616233, 263.061126708984, 2007706, 6, 89
2021.05647331, 52.7496225191395, 135.825802872127, 263.019592285156, 2007706, 6, 89
2021.05647331, 52.749685931556, 135.825793057084, 262.998229980469, 2007706, 6, 89
2021.05647331, 52.7497430189201, 135.825784186159, 263.104736328125, 2007706, 6, 89
2021.05647331, 52.7498127940969, 135.825773415785, 263.107391357422, 2007706, 6, 87
2021.05647331, 52.7498762563697, 135.825763510895, 263.259490966797, 2007706, 6, 87
2021.05647331, 52.7499460640358, 135.825752725206, 263.404510498047, 2007706, 6, 87
