2020.25880266, 48.8575351877926, 130.514556676495, 82.6164321899414, 2009603, 1, 53
2020.25880266, 48.8569762126389, 130.514474269489, 81.2543106079102, 2009603, 1, 94
2020.25880266, 48.8565314616485, 130.514408997201, 81.2017822265625, 2009603, 1, 97
2020.25880266, 48.855965315862, 130.5143257788, 81.200927734375, 2009603, 1, 97
2020.25880266, 48.8554302339943, 130.514247336806, 81.2255630493164, 2009603, 1, 98
2020.25880266, 48.8549266988687, 130.514174328835, 81.2128601074219, 2009603, 1, 97
2020.25880266, 48.854455066811, 130.514106778917, 81.199951171875, 2009603, 1, 98
2020.25880266, 48.8539139321676, 130.51402883915, 81.2132797241211, 2009603, 1, 98
2020.25880266, 48.8534308815601, 130.513957997842, 81.2211608886719, 2009603, 1, 98
2020.25880266, 48.8529036156667, 130.513879340302, 81.2115783691406, 2009603, 1, 98
2020.25880266, 48.8524075666237, 130.513804811648, 81.1965866088867, 2009603, 1, 98
2020.25880266, 48.8519615131426, 130.51373791365, 81.2321014404297, 2009603, 1, 97
2020.25880266, 48.8515408252521, 130.513675322207, 81.2197265625, 2009603, 1, 97
2020.25880266, 48.8510949414888, 130.513609776619, 81.3161468505859, 2009603, 1, 97
2020.25880266, 48.8507132946942, 130.513554393974, 81.2477798461914, 2009603, 1, 96
2020.25880266, 48.8504019390455, 130.513509344197, 81.1411514282227, 2009603, 1, 64
2020.25880367, 46.8181858463088, 130.221436119614, 75.5376205444336, 2009603, 1, 63
2020.25880367, 46.8180523569721, 130.221418022979, 75.5407791137695, 2009603, 1, 63
2020.25880367, 46.8178743996991, 130.221393942131, 75.4951934814453, 2009603, 1, 91
2020.25880367, 46.8176964710982, 130.221369806667, 75.5339279174805, 2009603, 1, 96
2020.25880367, 46.8170227091217, 130.221276787918, 75.5964965820312, 2009603, 1, 95
2020.25880367, 46.8162657832234, 130.22116863248, 75.5881118774414, 2009603, 1, 94
2020.25880367, 46.8154897367904, 130.221056716705, 75.6104278564453, 2009603, 1, 91
2020.25880367, 46.8146052018837, 130.220932567945, 75.5981826782227, 2009603, 1, 92
2020.25880367, 46.8138665423727, 130.220831933223, 75.6063079833984, 2009603, 1, 91
2020.25880367, 46.8132235047576, 130.220742440848, 75.6140518188477, 2009603, 1, 91
2020.25880367, 46.8126824850095, 130.220665169206, 75.5926513671875, 2009603, 1, 89
2020.25880367, 46.8120205737387, 130.22057039052, 75.5724411010742, 2009603, 1, 89
2020.25880267, 48.8579278163888, 130.513435579032, 82.6765060424805, 2009603, 2, 51
2020.25880267, 48.8577943201612, 130.513415608271, 82.6143035888672, 2009603, 2, 51
2020.25880267, 48.8576734594518, 130.513397399349, 82.5577239990234, 2009603, 2, 67
2020.25880267, 48.8575589189818, 130.513380228457, 82.1057662963867, 2009603, 2, 67
2020.25880267, 48.8574188454971, 130.513359234153, 81.6735153198242, 2009603, 2, 85
2020.25880267, 48.8572787104202, 130.513338339782, 81.4433670043945, 2009603, 2, 85
2020.25880267, 48.8571448727089, 130.513318433036, 81.1937255859375, 2009603, 2, 94
2020.25880267, 48.8569918354977, 130.513295715164, 81.2311706542969, 2009603, 2, 96
2020.25880267, 48.8568196153816, 130.513270361045, 81.1902694702148, 2009603, 2, 96
2020.25880267, 48.8566664785446, 130.513247935101, 81.2081832885742, 2009603, 2, 98
2020.25880267, 48.8565260841628, 130.513227375711, 81.2197418212891, 2009603, 2, 98
2020.25880267, 48.8563984457133, 130.513209086467, 81.2568359375, 2009603, 2, 98
2020.25880267, 48.8562708041347, 130.513190849888, 81.2203521728516, 2009603, 2, 98
2020.25880267, 48.8560985036854, 130.513166269693, 81.2083435058594, 2009603, 2, 97
2020.25880267, 48.8559772790928, 130.513148976533, 81.2093048095703, 2009603, 2, 97
2020.25880267, 48.8558433125667, 130.513129800277, 81.2195892333984, 2009603, 2, 97
2020.25880267, 48.8557093959496, 130.513110600376, 81.2299346923828, 2009603, 2, 98
2020.25880267, 48.8555882657901, 130.513093133106, 81.2182388305664, 2009603, 2, 98
2020.25880267, 48.8554799213485, 130.513077420685, 81.2517471313477, 2009603, 2, 97
2020.25880267, 48.8553779881054, 130.513062588611, 81.267692565918, 2009603, 2, 97
2020.25880267, 48.8552633794914, 130.513045975012, 81.2588729858398, 2009603, 2, 97
2020.25880267, 48.8551678660578, 130.513031754864, 81.2235946655273, 2009603, 2, 98
2020.25880267, 48.8550596539416, 130.513015532523, 81.2125625610352, 2009603, 2, 98
2020.25880267, 48.8549387651622, 130.512997324278, 81.2552490234375, 2009603, 2, 97
2020.25880267, 48.8548243010025, 130.512980040442, 81.2553939819336, 2009603, 2, 97
2020.25880267, 48.8546971865435, 130.512960798133, 81.2365493774414, 2009603, 2, 98
2020.25880267, 48.8545637884317, 130.512940578224, 81.2013702392578, 2009603, 2, 98
2020.25880267, 48.8544558480565, 130.512924188398, 81.2187576293945, 2009603, 2, 98
2020.25880267, 48.8543416156428, 130.512906888116, 81.2634735107422, 2009603, 2, 98
2020.25880267, 48.8542337683811, 130.512890564394, 81.2242660522461, 2009603, 2, 97
2020.25880267, 48.8541323034853, 130.512875257153, 81.2123107910156, 2009603, 2, 97
2020.25880267, 48.8539990785649, 130.512855064799, 81.2193832397461, 2009603, 2, 96
2020.25880267, 48.85389142877, 130.512839079259, 81.2288360595703, 2009603, 2, 96
2020.25880267, 48.8537838037348, 130.512823183048, 81.2002792358398, 2009603, 2, 96
2020.25880267, 48.853663508143, 130.512805457292, 81.2041244506836, 2009603, 2, 97
2020.25880267, 48.8535558628145, 130.512789632771, 81.2279968261719, 2009603, 2, 97
2020.25880267, 48.8534481843261, 130.512773825194, 81.2248001098633, 2009603, 2, 97
2020.25880267, 48.8533277911515, 130.512756158736, 81.2300720214844, 2009603, 2, 97
2020.25880267, 48.8532136734451, 130.512739424421, 81.2352600097656, 2009603, 2, 97
2020.25880267, 48.8530931487942, 130.512721758966, 81.2334365844727, 2009603, 2, 97
2020.25880267, 48.8529598426809, 130.512702215919, 81.2304382324219, 2009603, 2, 98
2020.25880267, 48.8528454867098, 130.51268540581, 81.2222900390625, 2009603, 2, 98
2020.25880267, 48.8527248539262, 130.512667756508, 81.232536315918, 2009603, 2, 98
2020.25880267, 48.8526292532173, 130.512653557073, 81.2229080200195, 2009603, 2, 98
2020.25880267, 48.8525144735823, 130.512636499348, 81.2102813720703, 2009603, 2, 98
2020.25880267, 48.8523932589054, 130.512618469145, 81.2352905273438, 2009603, 2, 98
2020.25880267, 48.8522783913595, 130.51260137588, 81.2262878417969, 2009603, 2, 98
2020.25880267, 48.8521571129726, 130.512583288948, 81.2348327636719, 2009603, 2, 97
2020.25880267, 48.8520549802656, 130.512568039584, 81.247688293457, 2009603, 2, 97
2020.25880267, 48.8519273394425, 130.512549035467, 81.2523498535156, 2009603, 2, 98
2020.25880267, 48.8518124918895, 130.51253194026, 81.2711868286133, 2009603, 2, 98
2020.25880267, 48.8517040606225, 130.512515826818, 81.2654342651367, 2009603, 2, 97
2020.25880267, 48.8515892925516, 130.512498784995, 81.2784805297852, 2009603, 2, 97
2020.25880267, 48.8514682157863, 130.512480873942, 81.2435836791992, 2009603, 2, 96
2020.25880267, 48.8513599269709, 130.512464892342, 81.2425003051758, 2009603, 2, 96
2020.25880267, 48.8512583084626, 130.512449952035, 81.262451171875, 2009603, 2, 96
2020.25880267, 48.8511757624783, 130.512437864666, 81.2980041503906, 2009603, 2, 95
2020.25880267, 48.8510741747922, 130.512423020909, 81.3152694702148, 2009603, 2, 95
2020.25880267, 48.8509789262433, 130.51240910832, 81.3021545410156, 2009603, 2, 95
2020.25880267, 48.8508646203254, 130.512392535317, 81.2775421142578, 2009603, 2, 95
2020.25880267, 48.8507756818389, 130.512379642792, 81.27783203125, 2009603, 2, 95
2020.25880267, 48.8506739997013, 130.512364960263, 81.2825088500977, 2009603, 2, 96
2020.25880267, 48.8505659089729, 130.512349407107, 81.2959289550781, 2009603, 2, 96
2020.25880267, 48.8504704798267, 130.512335724892, 81.2880477905273, 2009603, 2, 92
2020.25880267, 48.8503813574761, 130.512322960464, 81.2716674804688, 2009603, 2, 92
2020.25880267, 48.850298555413, 130.512311132956, 81.2357482910156, 2009603, 2, 92
2020.25880368, 46.8182456549097, 130.220312592254, 75.5333862304688, 2009603, 2, 71
2020.25880368, 46.8182140742184, 130.220308296811, 75.5575256347656, 2009603, 2, 71
2020.25880368, 46.8181888024231, 130.220304841351, 75.4926528930664, 2009603, 2, 71
2020.25880368, 46.8181635218061, 130.220301370028, 75.4914016723633, 2009603, 2, 71
2020.25880368, 46.8181382401924, 130.220297910951, 75.5029296875, 2009603, 2, 71
2020.25880368, 46.8181066352831, 130.220293596545, 75.4816589355469, 2009603, 2, 71
2020.25880368, 46.8180813328443, 130.220290099759, 75.508674621582, 2009603, 2, 71
2020.25880368, 46.8180497091128, 130.220285765359, 75.4970016479492, 2009603, 2, 71
2020.25880368, 46.8180243988713, 130.220282272461, 75.4864807128906, 2009603, 2, 71
2020.25880368, 46.8179927540311, 130.220277918041, 75.5199584960938, 2009603, 2, 91
2020.25880368, 46.8179674266078, 130.220274411104, 75.4796447753906, 2009603, 2, 91
2020.25880368, 46.817929421264, 130.220269144521, 75.5537033081055, 2009603, 2, 91
2020.25880368, 46.8177772271402, 130.220247964776, 75.547721862793, 2009603, 2, 93
2020.25880368, 46.8175423097278, 130.220215111546, 75.5951919555664, 2009603, 2, 95
2020.25880368, 46.8173309309393, 130.220184328015, 75.6323852539062, 2009603, 2, 95
2020.25880368, 46.8171641141226, 130.220159927162, 75.6371841430664, 2009603, 2, 95
2020.25880368, 46.8169971758875, 130.220135445887, 75.6056671142578, 2009603, 2, 95
2020.25880368, 46.8168238515659, 130.220110121152, 75.6098175048828, 2009603, 2, 95
2020.25880368, 46.8166250463158, 130.220081232813, 75.5917587280273, 2009603, 2, 95
2020.25880368, 46.8164522057131, 130.220056381559, 75.5945816040039, 2009603, 2, 93
2020.25880368, 46.8163052657478, 130.220035480908, 75.5911102294922, 2009603, 2, 93
2020.25880368, 46.8161587091666, 130.220014903601, 75.6101226806641, 2009603, 2, 93
2020.25880368, 46.8159812985314, 130.219990804349, 75.6051254272461, 2009603, 2, 93
2020.25880368, 46.8157852040859, 130.219964334803, 75.5747604370117, 2009603, 2, 93
2020.25880368, 46.8156018857922, 130.219939519249, 75.6223831176758, 2009603, 2, 92
2020.25880368, 46.8154185502741, 130.219914554992, 75.6005859375, 2009603, 2, 92
2020.25880368, 46.8152413942752, 130.21989021182, 75.6114501953125, 2009603, 2, 92
2020.25880368, 46.8149880926218, 130.219855074007, 75.6443176269531, 2009603, 2, 92
2020.25880368, 46.8147968439471, 130.219827103498, 75.6145324707031, 2009603, 2, 92
2020.25880368, 46.8146116599164, 130.219799737562, 75.6267471313477, 2009603, 2, 91
2020.25880368, 46.8144326865661, 130.219773236036, 75.5964660644531, 2009603, 2, 91
2020.25880368, 46.8142600309518, 130.219747758335, 75.607177734375, 2009603, 2, 91
2020.25880368, 46.8141001677488, 130.21972431415, 75.6081161499023, 2009603, 2, 91
2020.25880368, 46.8139148109405, 130.219697408578, 75.5969009399414, 2009603, 2, 92
2020.25880368, 46.8137166875727, 130.219668903529, 75.6055297851562, 2009603, 2, 92
2020.25880368, 46.8135512759236, 130.219646260429, 75.6253356933594, 2009603, 2, 92
2020.25880368, 46.8133542598449, 130.219619677574, 75.6009979248047, 2009603, 2, 92
2020.25880368, 46.8131510604813, 130.219592603361, 75.612678527832, 2009603, 2, 91
2020.25880368, 46.8129288983583, 130.219563158008, 75.6154174804688, 2009603, 2, 90
2020.25880368, 46.8128019537946, 130.219546343104, 75.5774154663086, 2009603, 2, 90
2020.25880368, 46.8127702065803, 130.219542103341, 75.5316772460938, 2009603, 2, 90
2020.25880368, 46.8127384694024, 130.219537905618, 75.5248641967773, 2009603, 2, 91
2020.25880368, 46.8127067275324, 130.21953368926, 75.5504684448242, 2009603, 2, 91
2020.25880368, 46.8126622732162, 130.219527736583, 75.5969924926758, 2009603, 2, 91
2020.25880368, 46.8125606595483, 130.219514137215, 75.5958709716797, 2009603, 2, 91
2020.25880369, 46.8121980605577, 130.219464641786, 75.5561676025391, 2009603, 2, 92
2020.25880369, 46.8117837322778, 130.219406127845, 75.5932540893555, 2009603, 2, 82
2020.25880264, 48.9018435318738, 130.476941980532, 82.4408416748047, 2009603, 3, 92
2020.25880264, 48.9014229338672, 130.47688178219, 82.4022903442383, 2009603, 3, 86
2020.25880264, 48.8986201695994, 130.476469447113, 83.3723449707031, 2009603, 3, 55
2020.25880264, 48.8980672235852, 130.476386757239, 83.3786315917969, 2009603, 3, 53
2020.25880264, 48.8976094107212, 130.476318301626, 83.3012237548828, 2009603, 3, 55
2020.25880264, 48.8971380304048, 130.476249072317, 83.3195266723633, 2009603, 3, 57
2020.25880264, 48.8967491293166, 130.476192757809, 83.2888488769531, 2009603, 3, 57
2020.25880264, 48.8963286357334, 130.476131994923, 83.2041854858398, 2009603, 3, 60
2020.25880264, 48.8958263710478, 130.476058831693, 82.6631317138672, 2009603, 3, 69
2020.25880264, 48.8953183218415, 130.475984563107, 82.4916915893555, 2009603, 3, 73
2020.25880264, 48.8949498372892, 130.475930849816, 82.1726837158203, 2009603, 3, 85
2020.25880264, 48.8945295936433, 130.475870356429, 82.0390014648438, 2009603, 3, 89
2020.25880264, 48.894064700541, 130.475803533406, 81.8610382080078, 2009603, 3, 95
2020.25880264, 48.893663752864, 130.475745726933, 81.8673553466797, 2009603, 3, 98
2020.25880264, 48.8932509510514, 130.47568552005, 81.9017944335938, 2009603, 3, 98
2020.25880264, 48.892806559254, 130.475620524029, 81.7855911254883, 2009603, 3, 98
2020.25880264, 48.8922918963649, 130.475545379178, 81.7998352050781, 2009603, 3, 98
2020.25880264, 48.8918654006192, 130.47548345984, 81.7958374023438, 2009603, 3, 97
2020.25880264, 48.8913556443435, 130.475409454746, 81.7514114379883, 2009603, 3, 98
2020.25880264, 48.8907884068799, 130.475326754749, 81.7130126953125, 2009603, 3, 98
2020.25880264, 48.8902152727038, 130.475242357915, 81.7181701660156, 2009603, 3, 97
2020.25880264, 48.8896747652829, 130.475161847422, 81.7269058227539, 2009603, 3, 97
2020.25880264, 48.8891284537204, 130.47508030056, 81.7096939086914, 2009603, 3, 98
2020.25880264, 48.8886389157465, 130.475008991178, 81.7207412719727, 2009603, 3, 98
2020.25880264, 48.8880783556457, 130.47493037826, 81.7460403442383, 2009603, 3, 97
2020.25880264, 48.8875043370216, 130.474850612563, 81.744270324707, 2009603, 3, 97
2020.25880264, 48.8870770190778, 130.474789914478, 81.7359466552734, 2009603, 3, 98
2020.25880264, 48.8865546350635, 130.474713424803, 81.78662109375, 2009603, 3, 98
2020.25880264, 48.8861413539183, 130.474651729953, 81.7782897949219, 2009603, 3, 97
2020.25880264, 48.8856972570573, 130.474584872796, 81.7701950073242, 2009603, 3, 98
2020.25880264, 48.8851965060054, 130.474509930254, 81.7466812133789, 2009603, 3, 98
2020.25880265, 48.8846507132325, 130.47442991885, 81.735595703125, 2009603, 3, 97
2020.25880265, 48.8841480629267, 130.474358139443, 81.6972351074219, 2009603, 3, 97
2020.25880265, 48.8837215262264, 130.474297036213, 81.6979904174805, 2009603, 3, 94
2020.25880265, 48.8831681166185, 130.474216008834, 81.7517242431641, 2009603, 3, 85
2020.25880265, 48.8827042077734, 130.474146979488, 82.0711441040039, 2009603, 3, 69
2020.25880265, 48.8822974594781, 130.474086891198, 82.313346862793, 2009603, 3, 63
2020.25880265, 48.8818712871357, 130.474025310434, 82.5772476196289, 2009603, 3, 53
2020.25880265, 48.881483142151, 130.473969987578, 82.4804382324219, 2009603, 3, 72
2020.25880265, 48.8811205478963, 130.473918284374, 82.3375625610352, 2009603, 3, 72
2020.25880265, 48.8806756440328, 130.473854083051, 81.8880081176758, 2009603, 3, 71
2020.25880265, 48.8800656726082, 130.473764947397, 81.8996810913086, 2009603, 3, 69
2020.25880265, 48.8796267714254, 130.473700918848, 81.8506851196289, 2009603, 3, 68
2020.25880265, 48.8792252435064, 130.473643082167, 81.7267227172852, 2009603, 3, 71
2020.25880265, 48.8787599538173, 130.473575869471, 81.7790908813477, 2009603, 3, 69
2020.25880265, 48.8782696484306, 130.473504204835, 81.9201126098633, 2009603, 3, 64
2020.25880265, 48.8777992649799, 130.473434329492, 81.9454193115234, 2009603, 3, 67
2020.25880265, 48.8768776894654, 130.473297724717, 81.5261001586914, 2009603, 3, 96
2020.25880265, 48.8764385240063, 130.473233788443, 81.5974960327148, 2009603, 3, 97
2020.25880265, 48.8757882784704, 130.473140723842, 81.5219192504883, 2009603, 3, 97
2020.25880265, 48.8753158598459, 130.473074072885, 81.54541015625, 2009603, 3, 96
2020.25880265, 48.8748061287982, 130.473001217624, 81.8888854980469, 2009603, 3, 91
2020.25880265, 48.8744630375029, 130.472951114586, 81.7016830444336, 2009603, 3, 88
2020.25880265, 48.8742412897677, 130.472918008961, 81.5137939453125, 2009603, 3, 84
2020.25880265, 48.8739880267368, 130.472880007487, 81.5438995361328, 2009603, 3, 81
2020.25880265, 48.8737093650371, 130.472838180956, 81.7860870361328, 2009603, 3, 78
2020.25880265, 48.8732526906767, 130.472770198958, 82.1010513305664, 2009603, 3, 74
2020.25880265, 48.8727239649181, 130.472693549142, 82.2491149902344, 2009603, 3, 66
2020.25880265, 48.8714947301918, 130.472516404327, 81.4691848754883, 2009603, 3, 95
2020.25880265, 48.870884208356, 130.472427467116, 81.5993957519531, 2009603, 3, 85
2020.25880367, 46.8281114107548, 130.180476451199, 75.8894271850586, 2009603, 3, 61
2020.25880367, 46.8280286999302, 130.18046501712, 75.8773422241211, 2009603, 3, 61
2020.25880367, 46.8279332810322, 130.180451853663, 75.9088973999023, 2009603, 3, 89
2020.25880367, 46.8278056540877, 130.180433974175, 75.8971252441406, 2009603, 3, 89
2020.25880367, 46.8277098868822, 130.180420541429, 75.8371658325195, 2009603, 3, 92
2020.25880367, 46.8274288771651, 130.180381117825, 75.9162979125977, 2009603, 3, 94
2020.25880367, 46.8266823394881, 130.180277170414, 75.9557342529297, 2009603, 3, 92
2020.25880367, 46.8255268054512, 130.180120121653, 75.9205474853516, 2009603, 3, 74
2020.25880367, 46.8246533260221, 130.179997663715, 75.9171676635742, 2009603, 3, 93
2020.25880367, 46.8238821186433, 130.179888524861, 75.8802185058594, 2009603, 3, 93
2020.25880367, 46.8230432438765, 130.179771005446, 75.8845977783203, 2009603, 3, 92
2020.25880367, 46.8215598163346, 130.179563910473, 75.8148345947266, 2009603, 3, 60
2020.25880367, 46.8214642229601, 130.179550547279, 75.8664093017578, 2009603, 3, 58
2020.25880367, 46.8213749978992, 130.179538081592, 75.8437347412109, 2009603, 3, 58
2020.25880367, 46.819858199422, 130.179328533212, 75.8405303955078, 2009603, 3, 73
2020.25880265, 48.9027334472286, 130.475862725874, 82.3679733276367, 2009603, 4, 64
2020.25880265, 48.9025425861877, 130.475835091492, 82.2644500732422, 2009603, 4, 64
2020.25880265, 48.9022810460761, 130.475797871725, 82.2951507568359, 2009603, 4, 92
2020.25880265, 48.9020702064905, 130.475768298702, 82.2286224365234, 2009603, 4, 91
2020.25880265, 48.8991104727076, 130.475339424378, 83.0193023681641, 2009603, 4, 70
2020.25880265, 48.8989888270116, 130.475321127082, 83.1309814453125, 2009603, 4, 65
2020.25880265, 48.8988734217506, 130.475304033848, 83.1505432128906, 2009603, 4, 65
2020.25880265, 48.8987644251173, 130.475287941408, 83.1286010742188, 2009603, 4, 65
2020.25880265, 48.8986362486823, 130.475269057875, 83.3277969360352, 2009603, 4, 61
2020.25880265, 48.8985081533378, 130.475250227436, 83.3516006469727, 2009603, 4, 61
2020.25880265, 48.8983609845216, 130.475228628622, 83.3037490844727, 2009603, 4, 57
2020.25880265, 48.8982203659998, 130.475208021897, 83.2923049926758, 2009603, 4, 63
2020.25880265, 48.8980799336445, 130.475187457864, 83.2559051513672, 2009603, 4, 63
2020.25880265, 48.8979779287217, 130.475172522259, 83.2656936645508, 2009603, 4, 67
2020.25880265, 48.8978505706786, 130.475153876827, 83.246467590332, 2009603, 4, 67
2020.25880265, 48.8977358642374, 130.475137211243, 83.2572937011719, 2009603, 4, 70
2020.25880265, 48.8976407854654, 130.475123159812, 83.2079620361328, 2009603, 4, 70
2020.25880265, 48.8975204705128, 130.475105380535, 82.9108963012695, 2009603, 4, 70
2020.25880265, 48.8974002548932, 130.475087627427, 82.7341003417969, 2009603, 4, 70
2020.25880265, 48.8972548105879, 130.475066186838, 82.6493835449219, 2009603, 4, 70
2020.25880265, 48.8971093769495, 130.475044818688, 82.6142120361328, 2009603, 4, 73
2020.25880265, 48.8969639284167, 130.475023522683, 82.5202255249023, 2009603, 4, 72
2020.25880265, 48.896824735488, 130.475003230457, 82.4752578735352, 2009603, 4, 72
2020.25880265, 48.8966727563872, 130.474981187797, 82.3660659790039, 2009603, 4, 80
2020.25880265, 48.8965079211552, 130.474957416342, 82.2778549194336, 2009603, 4, 80
2020.25880265, 48.8963555061709, 130.47493558788, 82.1904983520508, 2009603, 4, 84
2020.25880265, 48.8962088885402, 130.474914858141, 82.1634063720703, 2009603, 4, 87
2020.25880265, 48.8960940535995, 130.474898666204, 82.2007446289062, 2009603, 4, 87
2020.25880265, 48.8959664153335, 130.47488068592, 82.3418045043945, 2009603, 4, 87
2020.25880265, 48.8957238364304, 130.47484650553, 81.9627685546875, 2009603, 4, 92
2020.25880265, 48.8955834199843, 130.474826670251, 82.1207046508789, 2009603, 4, 92
2020.25880265, 48.8954622148855, 130.47480948612, 82.3381500244141, 2009603, 4, 95
2020.25880265, 48.8953283196504, 130.474790430037, 82.0069808959961, 2009603, 4, 95
2020.25880265, 48.895213615761, 130.474774034944, 81.8690948486328, 2009603, 4, 97
2020.25880265, 48.8951116672986, 130.474759413174, 81.8699188232422, 2009603, 4, 97
2020.25880265, 48.8949721228481, 130.474739155572, 81.8714370727539, 2009603, 4, 97
2020.25880265, 48.894826256797, 130.474717881159, 81.9232864379883, 2009603, 4, 97
2020.25880265, 48.8946867057853, 130.474697442156, 81.9249877929688, 2009603, 4, 98
2020.25880265, 48.89455977995, 130.474678791054, 81.9218139648438, 2009603, 4, 98
2020.25880265, 48.8944263841479, 130.474659154687, 81.8477935791016, 2009603, 4, 98
2020.25880265, 48.8942928349725, 130.474639474114, 81.8527221679688, 2009603, 4, 98
2020.25880265, 48.8941654740845, 130.474620702065, 81.8315124511719, 2009603, 4, 98
2020.25880265, 48.8940379394387, 130.47460191586, 81.8235855102539, 2009603, 4, 98
2020.25880265, 48.8939105267338, 130.474583190989, 81.8083114624023, 2009603, 4, 98
2020.25880265, 48.8937821446355, 130.474564337678, 81.7785034179688, 2009603, 4, 98
2020.25880265, 48.8936343213949, 130.474542707416, 81.8089065551758, 2009603, 4, 98
2020.25880265, 48.8934670970946, 130.474518349846, 81.7781219482422, 2009603, 4, 98
2020.25880265, 48.8933062976212, 130.47449505884, 81.7583923339844, 2009603, 4, 98
2020.25880265, 48.893094203409, 130.474464553401, 81.7378997802734, 2009603, 4, 98
2020.25880265, 48.8929530256589, 130.474444379582, 81.7220458984375, 2009603, 4, 98
2020.25880265, 48.8928056844261, 130.474423431778, 81.7505874633789, 2009603, 4, 98
2020.25880265, 48.892677795089, 130.474405339098, 81.782829284668, 2009603, 4, 98
2020.25880265, 48.8925310870723, 130.474384664666, 81.7532806396484, 2009603, 4, 98
2020.25880265, 48.8923851291465, 130.474364307572, 81.7337951660156, 2009603, 4, 98
2020.25880265, 48.8922204732061, 130.474341356115, 81.6921234130859, 2009603, 4, 97
2020.25880265, 48.8920371610338, 130.474315743371, 81.6907730102539, 2009603, 4, 97
2020.25880265, 48.8918919599713, 130.474295358473, 81.6941757202148, 2009603, 4, 96
2020.25880265, 48.8917153173057, 130.47427038904, 81.6896057128906, 2009603, 4, 97
2020.25880265, 48.8915260897237, 130.474243380184, 81.7084732055664, 2009603, 4, 97
2020.25880265, 48.8913685538724, 130.474220772087, 81.6979522705078, 2009603, 4, 97
2020.25880265, 48.891216677785, 130.474198464621, 81.672248840332, 2009603, 4, 97
2020.25880265, 48.8910710321853, 130.474176889788, 81.7181015014648, 2009603, 4, 97
2020.25880265, 48.8909252987798, 130.47415514634, 81.7303466796875, 2009603, 4, 98
2020.25880265, 48.8907731402603, 130.474132315631, 81.6934509277344, 2009603, 4, 98
2020.25880265, 48.8906209035499, 130.474109373657, 81.7231903076172, 2009603, 4, 98
2020.25880265, 48.8904495582278, 130.474083479485, 81.7263870239258, 2009603, 4, 98
2020.25880265, 48.8903098892364, 130.4740623531, 81.7391204833984, 2009603, 4, 98
2020.25880265, 48.8901765333689, 130.474042188938, 81.7120895385742, 2009603, 4, 98
2020.25880265, 48.8900620878684, 130.474024878194, 81.7735824584961, 2009603, 4, 98
2020.25880265, 48.8899226006394, 130.474003931411, 81.7300567626953, 2009603, 4, 96
2020.25880265, 48.8897830334917, 130.473983034417, 81.697624206543, 2009603, 4, 96
2020.25880265, 48.8896179583392, 130.473958401565, 81.7114944458008, 2009603, 4, 96
2020.25880265, 48.8894908492068, 130.473939503462, 81.70947265625, 2009603, 4, 95
2020.25880265, 48.8893572446027, 130.473919704717, 81.7297973632812, 2009603, 4, 95
2020.25880265, 48.8892362173836, 130.47390182949, 81.698600769043, 2009603, 4, 96
2020.25880265, 48.8891023072922, 130.473882104359, 81.6910171508789, 2009603, 4, 96
2020.25880265, 48.8889554335638, 130.473860541761, 81.7203674316406, 2009603, 4, 97
2020.25880265, 48.8888085528946, 130.473839025623, 81.7092895507812, 2009603, 4, 97
2020.25880265, 48.8886802258949, 130.473820281512, 81.7124938964844, 2009603, 4, 98
2020.25880265, 48.8885389490092, 130.473799681016, 81.7147750854492, 2009603, 4, 98
2020.25880265, 48.888397619157, 130.473779093766, 81.796875, 2009603, 4, 99
2020.25880265, 48.8882819996421, 130.473762253182, 81.8090667724609, 2009603, 4, 99
2020.25880265, 48.8881728309522, 130.473746351807, 81.8351821899414, 2009603, 4, 97
2020.25880265, 48.8880701503494, 130.473731384323, 81.8007049560547, 2009603, 4, 97
2020.25880265, 48.8879675402461, 130.473716416378, 81.7731246948242, 2009603, 4, 98
2020.25880265, 48.8878586248129, 130.473700508455, 81.7841491699219, 2009603, 4, 98
2020.25880265, 48.8877498319753, 130.473684597596, 81.7625274658203, 2009603, 4, 98
2020.25880265, 48.8876539564115, 130.473670552137, 81.7754821777344, 2009603, 4, 98
2020.25880265, 48.887545237274, 130.473654593148, 81.7616882324219, 2009603, 4, 98
2020.25880265, 48.8874371006501, 130.47363870523, 81.7628860473633, 2009603, 4, 98
2020.25880265, 48.8873164244763, 130.473620933044, 81.7329406738281, 2009603, 4, 98
2020.25880265, 48.8871832421174, 130.473601269798, 81.7569046020508, 2009603, 4, 98
2020.25880265, 48.8870565722251, 130.473582515579, 81.7349395751953, 2009603, 4, 98
2020.25880265, 48.8869237081314, 130.473562797111, 81.7372512817383, 2009603, 4, 98
2020.25880266, 48.8867909487427, 130.473543050222, 81.7362442016602, 2009603, 4, 98
2020.25880266, 48.8866519532721, 130.473522329606, 81.6813354492188, 2009603, 4, 97
2020.25880266, 48.886531943922, 130.473504413298, 81.7440567016602, 2009603, 4, 97
2020.25880266, 48.8864119260973, 130.473486482874, 81.7018508911133, 2009603, 4, 97
2020.25880266, 48.8862856501731, 130.47346769729, 81.6964874267578, 2009603, 4, 97
2020.25880266, 48.8861591219732, 130.473448685256, 81.7051620483398, 2009603, 4, 97
2020.25880266, 48.8860198669275, 130.473427789931, 81.7378234863281, 2009603, 4, 97
2020.25880266, 48.8858741693242, 130.473405998159, 81.7166900634766, 2009603, 4, 95
2020.25880266, 48.8857283486465, 130.473384287582, 81.7015533447266, 2009603, 4, 96
2020.25880266, 48.8855887514452, 130.473363622809, 81.7022476196289, 2009603, 4, 96
2020.25880266, 48.8854490404369, 130.473343077444, 81.737060546875, 2009603, 4, 96
2020.25880266, 48.8852901422958, 130.473319893617, 81.7091445922852, 2009603, 4, 96
2020.25880266, 48.8850865530221, 130.473290498991, 81.6828460693359, 2009603, 4, 96
2020.25880266, 48.8848700446218, 130.473259676151, 81.6772079467773, 2009603, 4, 94
2020.25880266, 48.8846661372019, 130.473231154591, 81.9148254394531, 2009603, 4, 88
2020.25880266, 48.8845067695767, 130.47320899711, 82.1182250976562, 2009603, 4, 88
2020.25880266, 48.8843601205487, 130.473188665757, 82.2160034179688, 2009603, 4, 80
2020.25880266, 48.8842326061305, 130.473170993721, 82.4602203369141, 2009603, 4, 70
2020.25880266, 48.8838819985874, 130.473122279138, 83.1592330932617, 2009603, 4, 63
2020.25880266, 48.8837737371858, 130.473107122329, 83.1280517578125, 2009603, 4, 63
2020.25880266, 48.883671831941, 130.473092858217, 83.1418685913086, 2009603, 4, 63
2020.25880266, 48.8835699157436, 130.473078391567, 83.0899658203125, 2009603, 4, 63
2020.25880266, 48.8834553443365, 130.473062047845, 82.9092025756836, 2009603, 4, 56
2020.25880266, 48.8833408316366, 130.473045648819, 82.7584915161133, 2009603, 4, 56
2020.25880266, 48.8832327104222, 130.473030121954, 82.7873153686523, 2009603, 4, 54
2020.25880266, 48.8830865695352, 130.473009038913, 82.740234375, 2009603, 4, 54
2020.25880266, 48.8829659457022, 130.472991569554, 82.656608581543, 2009603, 4, 63
2020.25880266, 48.8828454030396, 130.472974066624, 82.6060562133789, 2009603, 4, 63
2020.25880266, 48.8827312627534, 130.472957461871, 82.640754699707, 2009603, 4, 71
2020.25880266, 48.8826171986292, 130.472940834163, 82.6338653564453, 2009603, 4, 71
2020.25880266, 48.882503194714, 130.472924189194, 82.4779739379883, 2009603, 4, 71
2020.25880266, 48.8823891923899, 130.472907535172, 82.391960144043, 2009603, 4, 73
2020.25880266, 48.8822817465131, 130.472891831659, 82.3348999023438, 2009603, 4, 73
2020.25880266, 48.882035209502, 130.472855778645, 81.9364700317383, 2009603, 4, 75
2020.25880266, 48.8818200411235, 130.472824312378, 81.745964050293, 2009603, 4, 76
2020.25880266, 48.8816869688863, 130.472804847536, 81.7869644165039, 2009603, 4, 72
2020.25880266, 48.881547361498, 130.472784428815, 81.7974243164062, 2009603, 4, 72
2020.25880266, 48.8814138985456, 130.472764899125, 81.8562316894531, 2009603, 4, 69
2020.25880266, 48.8812483623476, 130.472740651754, 81.7963027954102, 2009603, 4, 71
2020.25880266, 48.881095252601, 130.472718199406, 81.7481842041016, 2009603, 4, 71
2020.25880266, 48.880967258874, 130.472699555719, 81.8027191162109, 2009603, 4, 73
2020.25880266, 48.8808326983811, 130.472679880356, 81.9577941894531, 2009603, 4, 73
2020.25880266, 48.88071084927, 130.472661972934, 81.7868957519531, 2009603, 4, 75
2020.25880266, 48.8806081470575, 130.472646817831, 81.744758605957, 2009603, 4, 75
2020.25880266, 48.8804797318895, 130.472627755046, 81.71044921875, 2009603, 4, 75
2020.25880266, 48.8803320109516, 130.472605676007, 81.7697143554688, 2009603, 4, 75
2020.25880266, 48.8802035843285, 130.472586334393, 81.7354049682617, 2009603, 4, 75
2020.25880266, 48.8800623708853, 130.472564922387, 81.7540130615234, 2009603, 4, 75
2020.25880266, 48.8799340839424, 130.472545345685, 81.8004302978516, 2009603, 4, 74
2020.25880266, 48.8797931371463, 130.472523628866, 81.7625961303711, 2009603, 4, 74
2020.25880266, 48.8796460012, 130.472500554603, 81.7303161621094, 2009603, 4, 74
2020.25880266, 48.8794991186263, 130.472477505832, 81.7535552978516, 2009603, 4, 68
2020.25880266, 48.8793588679184, 130.472455563897, 81.7291793823242, 2009603, 4, 68
2020.25880266, 48.8792316032735, 130.472435756234, 81.7085723876953, 2009603, 4, 64
2020.25880266, 48.8790728560462, 130.47241124525, 81.5653457641602, 2009603, 4, 64
2020.25880266, 48.8789587812024, 130.472393808493, 81.4667587280273, 2009603, 4, 64
2020.25880266, 48.8788891538951, 130.472383250378, 81.5199432373047, 2009603, 4, 64
2020.25880266, 48.878775346991, 130.472366145728, 82.1115951538086, 2009603, 4, 64
2020.25880266, 48.8786680347687, 130.472350182717, 81.9543609619141, 2009603, 4, 76
2020.25880266, 48.8785356934031, 130.472330771439, 81.5442581176758, 2009603, 4, 76
2020.25880266, 48.8784601730255, 130.472320016866, 81.4719467163086, 2009603, 4, 87
2020.25880266, 48.8783595746795, 130.472305788877, 81.5482482910156, 2009603, 4, 87
2020.25880266, 48.878183692504, 130.472281134953, 81.5693969726562, 2009603, 4, 97
2020.25880266, 48.8779953911432, 130.472254916608, 81.5562744140625, 2009603, 4, 98
2020.25880266, 48.8778133913008, 130.472229596822, 81.5339508056641, 2009603, 4, 98
2020.25880266, 48.8776312902353, 130.472204140492, 81.5537033081055, 2009603, 4, 97
2020.25880266, 48.8774615543853, 130.472180196102, 81.518196105957, 2009603, 4, 98
2020.25880266, 48.8773167314543, 130.472159575345, 81.5009460449219, 2009603, 4, 98
2020.25880266, 48.8771339631342, 130.472132880868, 81.5216827392578, 2009603, 4, 97
2020.25880266, 48.8769380417659, 130.472103865885, 81.5441055297852, 2009603, 4, 97
2020.25880266, 48.8767351031462, 130.472073436458, 81.588996887207, 2009603, 4, 97
2020.25880266, 48.8765760498293, 130.472049368389, 81.5789566040039, 2009603, 4, 97
2020.25880266, 48.8763909612856, 130.472021209042, 81.5364990234375, 2009603, 4, 97
2020.25880266, 48.8761924846077, 130.471990917376, 81.5325469970703, 2009603, 4, 97
2020.25880266, 48.8760191461566, 130.471964474982, 81.4930191040039, 2009603, 4, 97
2020.25880266, 48.8759353015001, 130.471951652024, 81.4508056640625, 2009603, 4, 97
2020.25880266, 48.8759030408832, 130.471946726244, 81.4185791015625, 2009603, 4, 97
2020.25880266, 48.8758707747159, 130.471941805164, 81.4082641601562, 2009603, 4, 97
2020.25880266, 48.8758385090508, 130.471936888381, 81.3841094970703, 2009603, 4, 97
2020.25880266, 48.8758126832967, 130.471932963548, 81.4286270141602, 2009603, 4, 97
2020.25880266, 48.8757804097958, 130.471928058996, 81.4016723632812, 2009603, 4, 97
2020.25880266, 48.8757610379387, 130.471925122192, 81.428581237793, 2009603, 4, 97
2020.25880266, 48.8757352140455, 130.471921209599, 81.4444351196289, 2009603, 4, 95
2020.25880266, 48.875709389958, 130.471917302159, 81.4155883789062, 2009603, 4, 95
2020.25880266, 48.8756835646904, 130.4719134012, 81.4228897094727, 2009603, 4, 95
2020.25880266, 48.8756577418254, 130.471909506048, 81.4142684936523, 2009603, 4, 95
2020.25880266, 48.8756254700313, 130.471904644994, 81.4021987915039, 2009603, 4, 95
2020.25880266, 48.8755996531383, 130.471900766054, 81.4233779907227, 2009603, 4, 95
2020.25880266, 48.8755738346371, 130.47189689452, 81.4118957519531, 2009603, 4, 95
2020.25880266, 48.875548022293, 130.471893029694, 81.3962554931641, 2009603, 4, 95
2020.25880266, 48.875515767223, 130.471888208699, 81.404541015625, 2009603, 4, 95
2020.25880266, 48.8754899596898, 130.471884363139, 81.3991851806641, 2009603, 4, 93
2020.25880266, 48.8754577172432, 130.471879566036, 81.4157562255859, 2009603, 4, 93
2020.25880266, 48.875431927059, 130.471875738749, 81.3958129882812, 2009603, 4, 93
2020.25880266, 48.8754061399426, 130.471871921552, 81.4162673950195, 2009603, 4, 93
2020.25880266, 48.8753739266822, 130.471867160804, 81.4529037475586, 2009603, 4, 93
2020.25880266, 48.8753417170771, 130.471862416105, 81.4558868408203, 2009603, 4, 93
2020.25880266, 48.8753030828236, 130.471856742249, 81.45556640625, 2009603, 4, 93
2020.25880266, 48.8752580354616, 130.471850151159, 81.4874877929688, 2009603, 4, 93
2020.25880266, 48.8752001480325, 130.471841726202, 81.5567474365234, 2009603, 4, 84
2020.25880266, 48.87509737659, 130.471826877954, 81.7472229003906, 2009603, 4, 84
2020.25880266, 48.8749243898642, 130.471802204396, 81.7894744873047, 2009603, 4, 81
2020.25880266, 48.8747582474667, 130.471778844205, 81.8750381469727, 2009603, 4, 81
2020.25880266, 48.8745744222982, 130.471753844843, 81.9847106933594, 2009603, 4, 77
2020.25880266, 48.8743911005557, 130.4717291809, 82.0325088500977, 2009603, 4, 76
2020.25880266, 48.8742207605611, 130.471706352446, 81.9934997558594, 2009603, 4, 72
2020.25880266, 48.8740064710807, 130.471677571219, 82.1084747314453, 2009603, 4, 72
2020.25880266, 48.8738363158411, 130.471654520775, 82.140007019043, 2009603, 4, 69
2020.25880266, 48.8736786583639, 130.471632913945, 82.1723937988281, 2009603, 4, 74
2020.25880266, 48.8735083147114, 130.471609279828, 81.9500045776367, 2009603, 4, 74
2020.25880266, 48.8733369731177, 130.47158479348, 81.7721557617188, 2009603, 4, 75
2020.25880266, 48.8729618523903, 130.47152990054, 81.9389114379883, 2009603, 4, 74
2020.25880266, 48.872789999505, 130.471504254102, 81.6805114746094, 2009603, 4, 74
2020.25880266, 48.872535328001, 130.471465857506, 81.5610733032227, 2009603, 4, 81
2020.25880266, 48.8722740997086, 130.471426257167, 81.7999954223633, 2009603, 4, 61
2020.25880267, 48.8595022467984, 130.469559524421, 85.8448257446289, 1343721, 4, 93
2020.25880368, 46.8282437714273, 130.179336902831, 75.8352813720703, 2009603, 4, 72
2020.25880368, 46.8282245063544, 130.179334229875, 75.8575134277344, 2009603, 4, 72
2020.25880368, 46.8281990230924, 130.179330235874, 75.8894119262695, 2009603, 4, 72
2020.25880368, 46.8281797216163, 130.179327664291, 75.901481628418, 2009603, 4, 72
2020.25880368, 46.8281668532816, 130.179325954534, 75.8950500488281, 2009603, 4, 72
2020.25880368, 46.8281346811407, 130.179321687869, 75.8987197875977, 2009603, 4, 72
2020.25880368, 46.8281154021627, 130.179319127104, 74.9971008300781, 2009603, 4, 72
2020.25880368, 46.8281025310963, 130.179317428704, 75.0066452026367, 2009603, 4, 72
2020.25880368, 46.8280832064439, 130.179314891083, 75.8721923828125, 2009603, 4, 72
2020.25880368, 46.828063903785, 130.179312351262, 75.845573425293, 2009603, 4, 72
2020.25880368, 46.8280381697895, 130.179308971663, 75.8353881835938, 2009603, 4, 72
2020.25880368, 46.8280188637949, 130.179306443663, 75.8225708007812, 2009603, 4, 72
2020.25880368, 46.8279931278355, 130.179303078071, 75.8121795654297, 2009603, 4, 93
2020.25880368, 46.8279673965255, 130.179299718352, 75.8051834106445, 2009603, 4, 93
2020.25880368, 46.8279416710037, 130.179296365046, 75.7976531982422, 2009603, 4, 93
2020.25880368, 46.8279095175363, 130.179292179887, 75.7945556640625, 2009603, 4, 93
2020.25880368, 46.8278773641097, 130.179288004198, 75.8270111083984, 2009603, 4, 93
2020.25880368, 46.8277616675204, 130.179273020109, 75.8819046020508, 2009603, 4, 93
2020.25880368, 46.8274666131305, 130.179234773788, 75.8990249633789, 2009603, 4, 92
2020.25880368, 46.827179124375, 130.17919684474, 75.8871383666992, 2009603, 4, 92
2020.25880368, 46.8269564343033, 130.179166627754, 75.8912200927734, 2009603, 4, 92
2020.25880368, 46.8267475191513, 130.179137040594, 75.9312973022461, 2009603, 4, 92
2020.25880368, 46.8265711044837, 130.179110936623, 75.870231628418, 2009603, 4, 92
2020.25880368, 46.8263948181602, 130.179084556863, 75.9679107666016, 2009603, 4, 89
2020.25880368, 46.826186936811, 130.179053326399, 75.9052352905273, 2009603, 4, 75
2020.25880368, 46.825978653524, 130.179022181527, 75.9069747924805, 2009603, 4, 68
2020.25880368, 46.8256999568371, 130.178981138209, 75.904541015625, 2009603, 4, 75
2020.25880368, 46.825136831932, 130.178903130844, 75.8398361206055, 2009603, 4, 92
2020.25880368, 46.82478353545, 130.178855382702, 75.8510971069336, 2009603, 4, 92
2020.25880368, 46.8246039173003, 130.178830949978, 75.8686065673828, 2009603, 4, 92
2020.25880368, 46.8244310454378, 130.178807210917, 75.9101333618164, 2009603, 4, 92
2020.25880368, 46.8242268890009, 130.178778609382, 75.8704986572266, 2009603, 4, 92
2020.25880368, 46.82413164229, 130.1787648659, 75.850456237793, 2009603, 4, 92
2020.25880368, 46.8240872431618, 130.178758436185, 75.7918701171875, 2009603, 4, 92
2020.25880368, 46.824055535803, 130.1787538432, 75.8166961669922, 2009603, 4, 92
2020.25880368, 46.8240174939866, 130.178748329319, 75.8249969482422, 2009603, 4, 91
2020.25880368, 46.8239288044356, 130.178735450655, 75.8634643554688, 2009603, 4, 91
2020.25880368, 46.8236883435816, 130.178700550545, 75.8793487548828, 2009603, 4, 91
2020.25880368, 46.8232203120429, 130.178633629023, 75.8890151977539, 2009603, 4, 92
2020.25880368, 46.8230493425368, 130.178609698505, 75.8623123168945, 2009603, 4, 92
2020.25880368, 46.8229858450776, 130.178601110122, 75.8217239379883, 2009603, 4, 91
2020.25880368, 46.8227187221653, 130.178565506984, 75.8551940917969, 2009603, 4, 76
2020.25880368, 46.8221890692969, 130.178496407672, 75.9044723510742, 2009603, 4, 62
2020.25880368, 46.8212351747027, 130.178369820859, 75.8460693359375, 2009603, 4, 51
2020.25880368, 46.8211967833033, 130.17836455022, 75.7825622558594, 2009603, 4, 51
2020.25880368, 46.82116477497, 130.178360153574, 75.8447723388672, 2009603, 4, 51
2020.25880368, 46.8210432320986, 130.178343346348, 75.9804382324219, 2009603, 4, 51
2020.25880368, 46.820825918436, 130.178312947049, 75.8141937255859, 2009603, 4, 56
2020.25880368, 46.8205578110881, 130.178275024971, 75.8151626586914, 2009603, 4, 64
2020.25880368, 46.8200552812369, 130.178201850688, 75.8111801147461, 2009603, 4, 79
2020.25880368, 46.8198076869583, 130.178165758166, 75.8330688476562, 2009603, 4, 62
2020.25880368, 46.8197632689109, 130.178159306368, 75.7766418457031, 2009603, 4, 62
2020.25880263, 48.9082502396036, 130.433733094881, 82.1619186401367, 2009603, 5, 90
2020.25880263, 48.9077474536142, 130.43366021043, 82.1584777832031, 2009603, 5, 97
2020.25880263, 48.9072079545453, 130.433581887933, 82.1171035766602, 2009603, 5, 96
2020.25880264, 48.9066309616826, 130.433497988515, 82.1296920776367, 2009603, 5, 97
2020.25880264, 48.9060914608307, 130.433419602503, 82.11474609375, 2009603, 5, 97
2020.25880264, 48.9054741693498, 130.433330554218, 82.1177520751953, 2009603, 5, 98
2020.25880264, 48.9049382280946, 130.433253650265, 82.1676712036133, 2009603, 5, 98
2020.25880264, 48.9043705682492, 130.433170719658, 82.1318511962891, 2009603, 5, 98
2020.25880264, 48.9039443508539, 130.43310616313, 82.1803970336914, 2009603, 5, 98
2020.25880264, 48.9034804577285, 130.433036078278, 82.1836013793945, 2009603, 5, 97
2020.25880264, 48.9030357030401, 130.432970214954, 82.0893707275391, 2009603, 5, 98
2020.25880264, 48.9026032421057, 130.432908852299, 82.1363906860352, 2009603, 5, 97
2020.25880264, 48.9022405773861, 130.432857964538, 82.1618347167969, 2009603, 5, 94
2020.25880264, 48.9018332904165, 130.432800441028, 82.1556701660156, 2009603, 5, 93
2020.25880264, 48.9009998476198, 130.432679003283, 83.035514831543, 2009603, 5, 68
2020.25880264, 48.9006439170986, 130.432626532843, 83.4209289550781, 2009603, 5, 58
2020.25880264, 48.9002628863465, 130.432570411659, 83.4757690429688, 2009603, 5, 53
2020.25880264, 48.8998183589301, 130.432505753995, 83.5699005126953, 2009603, 5, 52
2020.25880366, 46.8361184753831, 130.139208273853, 76.4086761474609, 2009603, 5, 67
2020.25880367, 46.8332351515182, 130.13880809409, 76.510383605957, 2009603, 5, 57
2020.25880367, 46.8331271310813, 130.138793537118, 76.5309066772461, 2009603, 5, 57
2020.25880367, 46.8330127143335, 130.138778083428, 76.488166809082, 2009603, 5, 57
2020.25880367, 46.8328728019929, 130.138759136047, 76.5197982788086, 2009603, 5, 76
2020.25880367, 46.8327328124039, 130.138740111417, 76.4760894775391, 2009603, 5, 95
2020.25880367, 46.8326245756611, 130.138725332416, 76.4814910888672, 2009603, 5, 95
2020.25880367, 46.8325099168203, 130.138709599364, 76.4810562133789, 2009603, 5, 95
2020.25880367, 46.8323952001477, 130.138693777185, 76.4774475097656, 2009603, 5, 94
2020.25880367, 46.8322869180793, 130.138678837326, 76.490966796875, 2009603, 5, 94
2020.25880367, 46.8321719474936, 130.138662756738, 76.4989395141602, 2009603, 5, 94
2020.25880367, 46.8320569425914, 130.138646597332, 76.5017318725586, 2009603, 5, 94
2020.25880367, 46.8319547044329, 130.138632173244, 76.4974670410156, 2009603, 5, 94
2020.25880367, 46.8318460755154, 130.138616800289, 76.5010452270508, 2009603, 5, 94
2020.25880367, 46.8317374672553, 130.138601411481, 76.4888076782227, 2009603, 5, 93
2020.25880367, 46.8316288850634, 130.138585995298, 76.4738311767578, 2009603, 5, 93
2020.25880367, 46.8315267274432, 130.138571468832, 76.4727554321289, 2009603, 5, 93
2020.25880367, 46.8314246158109, 130.138556967279, 76.4999160766602, 2009603, 5, 84
2020.25880367, 46.8312269272214, 130.138528895943, 76.5143661499023, 2009603, 5, 78
2020.25880367, 46.8268434705178, 130.137920892621, 76.4318771362305, 2009603, 5, 52
2020.25880367, 46.8265501971528, 130.137881876619, 76.466194152832, 2009603, 5, 76
2020.25880367, 46.8258295847713, 130.13778375498, 76.5225296020508, 2009603, 5, 90
2020.25880367, 46.8251486989048, 130.137684818315, 76.5105895996094, 2009603, 5, 89
2020.25880367, 46.824403841693, 130.137578028045, 76.5451965332031, 2009603, 5, 89
2020.25880367, 46.8232255960552, 130.137416858704, 76.4825668334961, 2009603, 5, 72
2020.25880367, 46.8226856457826, 130.137341885425, 76.4967575073242, 2009603, 5, 84
2020.25880367, 46.822190098263, 130.137273278492, 76.4798049926758, 2009603, 5, 77
2020.25880367, 46.8220439052738, 130.137253106731, 76.4763717651367, 2009603, 5, 77
2020.25880265, 48.9086369327436, 130.43262083694, 83.6108093261719, 2009603, 6, 61
2020.25880265, 48.9085105676492, 130.432601319553, 82.157470703125, 2009603, 6, 61
2020.25880265, 48.9084283587323, 130.432588836937, 82.0835189819336, 2009603, 6, 94
2020.25880265, 48.9083462191928, 130.432576423298, 82.1144561767578, 2009603, 6, 94
2020.25880265, 48.9082510973216, 130.432562190944, 82.1843643188477, 2009603, 6, 94
2020.25880265, 48.9081559151555, 130.432548098169, 82.1819839477539, 2009603, 6, 96
2020.25880265, 48.9080479857568, 130.432532275198, 82.2034301757812, 2009603, 6, 96
2020.25880265, 48.9079272967415, 130.432514746395, 82.1518096923828, 2009603, 6, 97
2020.25880265, 48.9078256137549, 130.432500162751, 82.1511688232422, 2009603, 6, 97
2020.25880265, 48.9077238943649, 130.43248570643, 82.1540908813477, 2009603, 6, 96
2020.25880265, 48.9076157806648, 130.432470506991, 82.1811065673828, 2009603, 6, 96
2020.25880265, 48.9075076267875, 130.432455505272, 82.1682357788086, 2009603, 6, 96
2020.25880265, 48.9073803642338, 130.432438027991, 82.1240921020508, 2009603, 6, 96
2020.25880265, 48.9072530798328, 130.432420723759, 82.1342315673828, 2009603, 6, 96
2020.25880265, 48.9071257826184, 130.432403592456, 82.129264831543, 2009603, 6, 97
2020.25880265, 48.9069794391333, 130.432384127268, 82.1284561157227, 2009603, 6, 97
2020.25880265, 48.906852282754, 130.432367483817, 82.1332778930664, 2009603, 6, 97
2020.25880265, 48.9067187548401, 130.432350001087, 82.1305389404297, 2009603, 6, 98
2020.25880265, 48.9065915554683, 130.432333306242, 82.1127777099609, 2009603, 6, 98
2020.25880265, 48.9064770471311, 130.432318181115, 82.0833282470703, 2009603, 6, 97
2020.25880265, 48.9063497844366, 130.432301207896, 82.0780487060547, 2009603, 6, 97
2020.25880265, 48.9061970012767, 130.432280576618, 82.1217193603516, 2009603, 6, 97
2020.25880265, 48.9060760136957, 130.432263947881, 82.1293563842773, 2009603, 6, 97
2020.25880265, 48.9059485884101, 130.432246242116, 82.1094589233398, 2009603, 6, 97
2020.25880265, 48.9058467161734, 130.432232108497, 82.178825378418, 2009603, 6, 97
2020.25880265, 48.9057382312292, 130.432216309022, 82.1262969970703, 2009603, 6, 98
2020.25880265, 48.9056105756539, 130.432197419688, 82.1149444580078, 2009603, 6, 98
2020.25880265, 48.9054956625539, 130.432180240208, 82.1370010375977, 2009603, 6, 98
2020.25880265, 48.905355206043, 130.432159009903, 82.1411972045898, 2009603, 6, 98
2020.25880265, 48.9052466935641, 130.432142441497, 82.1408996582031, 2009603, 6, 97
2020.25880265, 48.9051445918385, 130.432126725662, 82.1491241455078, 2009603, 6, 97
2020.25880265, 48.90502337961, 130.432108007981, 82.1485290527344, 2009603, 6, 97
2020.25880265, 48.9049149495896, 130.432091287503, 82.1641464233398, 2009603, 6, 98
2020.25880265, 48.9048065973921, 130.432074470544, 82.1390609741211, 2009603, 6, 98
2020.25880265, 48.9046855591417, 130.432055710364, 82.1552429199219, 2009603, 6, 97
2020.25880265, 48.9045709298697, 130.432037833564, 82.151985168457, 2009603, 6, 97
2020.25880265, 48.9044373769106, 130.43201746851, 82.1566848754883, 2009603, 6, 97
2020.25880265, 48.9043102802871, 130.431998164017, 82.1407699584961, 2009603, 6, 97
2020.25880265, 48.9041769196965, 130.431978032081, 82.1386260986328, 2009603, 6, 98
2020.25880265, 48.9040690400212, 130.431961773071, 82.1841430664062, 2009603, 6, 98
2020.25880265, 48.9039548534682, 130.431944717769, 82.1572341918945, 2009603, 6, 98
2020.25880265, 48.9038470693644, 130.431928637793, 82.1956558227539, 2009603, 6, 98
2020.25880265, 48.9037393059434, 130.431912702572, 82.1820907592773, 2009603, 6, 98
2020.25880265, 48.9036315813661, 130.431896792729, 82.1815414428711, 2009603, 6, 98
2020.25880265, 48.903517534484, 130.431880044478, 82.1837615966797, 2009603, 6, 98
2020.25880265, 48.9033908251251, 130.431861504779, 82.1646575927734, 2009603, 6, 97
2020.25880265, 48.9032893722257, 130.431846734121, 82.1678619384766, 2009603, 6, 97
2020.25880265, 48.9031817518616, 130.43183107335, 82.2094955444336, 2009603, 6, 97
2020.25880265, 48.9030614310497, 130.431813631749, 82.2097396850586, 2009603, 6, 97
2020.25880265, 48.9029347068304, 130.43179533263, 82.2033615112305, 2009603, 6, 96
2020.25880265, 48.9028205846942, 130.43177885574, 82.1690139770508, 2009603, 6, 96
2020.25880265, 48.9027381037116, 130.431766991717, 82.1851577758789, 2009603, 6, 97
2020.25880265, 48.9026111212746, 130.431748718713, 82.2064666748047, 2009603, 6, 97
2020.25880265, 48.9025157826188, 130.431735080605, 82.224365234375, 2009603, 6, 97
2020.25880265, 48.9024140125539, 130.431720492314, 82.1981048583984, 2009603, 6, 95
2020.25880265, 48.9023121558061, 130.431705891627, 82.2827758789062, 2009603, 6, 95
2020.25880265, 48.9022101962932, 130.431691341128, 82.2613754272461, 2009603, 6, 95
2020.25880265, 48.9021081704035, 130.431676701441, 82.1972122192383, 2009603, 6, 95
2020.25880265, 48.9020190190167, 130.431663962066, 82.1707611083984, 2009603, 6, 95
2020.25880265, 48.9019165887235, 130.431649357731, 82.1693878173828, 2009603, 6, 92
2020.25880265, 48.9018205150991, 130.431635648939, 82.2094039916992, 2009603, 6, 92
2020.25880265, 48.9017115944494, 130.431620106544, 82.3538436889648, 2009603, 6, 88
2020.25880265, 48.9016090754158, 130.431605463188, 82.3972015380859, 2009603, 6, 88
2020.25880265, 48.901519389413, 130.431592619489, 82.4085845947266, 2009603, 6, 88
2020.25880265, 48.9014297265102, 130.431579792724, 82.5366439819336, 2009603, 6, 79
2020.25880265, 48.9013337111292, 130.43156601786, 82.6702041625977, 2009603, 6, 79
2020.25880265, 48.9012313498317, 130.431551378711, 82.7996292114258, 2009603, 6, 67
2020.25880265, 48.9011290884778, 130.431536709577, 82.9518280029297, 2009603, 6, 67
2020.25880265, 48.900931270138, 130.431508297101, 83.5592041015625, 2009603, 6, 67
2020.25880265, 48.9008421039086, 130.431495405211, 83.7117767333984, 2009603, 6, 67
2020.25880265, 48.9007464241403, 130.43148169621, 83.7177810668945, 2009603, 6, 58
2020.25880265, 48.9006576995816, 130.431468810404, 83.7039566040039, 2009603, 6, 58
2020.25880265, 48.9005564271811, 130.431454073435, 83.6990356445312, 2009603, 6, 58
2020.25880265, 48.900429985328, 130.431435686763, 83.7223510742188, 2009603, 6, 52
2020.25880265, 48.9003478824307, 130.431423733045, 83.7817535400391, 2009603, 6, 52
2020.25880265, 48.9002595128618, 130.431410884525, 83.7829132080078, 2009603, 6, 52
2020.25880368, 46.8359605690223, 130.138088091613, 76.3762741088867, 2009603, 6, 68
2020.25880368, 46.8359226195318, 130.13808277927, 76.3734664916992, 2009603, 6, 68
2020.25880368, 46.8358846596307, 130.138077509418, 76.4030303955078, 2009603, 6, 68
2020.25880368, 46.8355621678693, 130.138031953913, 76.7558670043945, 2009603, 6, 57
2020.25880368, 46.8335234382344, 130.137741281471, 76.6019592285156, 2009603, 6, 54
2020.25880368, 46.8334470859199, 130.137731056967, 76.5879821777344, 2009603, 6, 73
2020.25880368, 46.8334089148719, 130.137725983872, 76.5675048828125, 2009603, 6, 73
2020.25880368, 46.8333771153897, 130.137721745015, 76.5058670043945, 2009603, 6, 73
2020.25880368, 46.8333453218921, 130.137717506965, 76.5070114135742, 2009603, 6, 73
2020.25880368, 46.8333135368602, 130.137713270036, 76.5371170043945, 2009603, 6, 73
2020.25880368, 46.8332881100741, 130.13770988142, 76.5111389160156, 2009603, 6, 73
2020.25880368, 46.8332626789522, 130.137706519329, 76.5160598754883, 2009603, 6, 73
2020.25880368, 46.8332372533265, 130.137703148908, 76.5181121826172, 2009603, 6, 86
2020.25880368, 46.833205483548, 130.137698907476, 76.5042724609375, 2009603, 6, 86
2020.25880368, 46.833180064108, 130.137695540371, 76.5116195678711, 2009603, 6, 86
2020.25880368, 46.8331546425926, 130.137692185285, 76.5202789306641, 2009603, 6, 86
2020.25880368, 46.8331292270533, 130.137688817116, 76.5065765380859, 2009603, 6, 86
2020.25880368, 46.8330974662368, 130.137684593188, 76.5131759643555, 2009603, 6, 86
2020.25880368, 46.8330720562081, 130.137681220221, 76.5140762329102, 2009603, 6, 86
2020.25880368, 46.8330466471739, 130.137677852312, 76.5060195922852, 2009603, 6, 86
2020.25880368, 46.8330212347988, 130.137674496883, 76.5252914428711, 2009603, 6, 86
2020.25880368, 46.8329958273895, 130.137671127947, 76.5279083251953, 2009603, 6, 94
2020.25880368, 46.8329704223371, 130.137667757143, 76.5221786499023, 2009603, 6, 94
2020.25880368, 46.8329386696176, 130.137663526532, 76.5185623168945, 2009603, 6, 94
2020.25880368, 46.8329132663738, 130.137660153003, 76.5197143554688, 2009603, 6, 94
2020.25880368, 46.8328878614175, 130.137656789511, 76.52685546875, 2009603, 6, 94
2020.25880368, 46.8328624576244, 130.13765341501, 76.5228958129883, 2009603, 6, 94
2020.25880368, 46.8328307110493, 130.137649170727, 76.5304565429688, 2009603, 6, 94
2020.25880368, 46.8328053035885, 130.137645802393, 76.51904296875, 2009603, 6, 94
2020.25880368, 46.8327799019284, 130.137642418348, 76.5268478393555, 2009603, 6, 94
2020.25880368, 46.8327481535626, 130.13763816987, 76.543098449707, 2009603, 6, 95
2020.25880368, 46.8327227514023, 130.137634772715, 76.5270843505859, 2009603, 6, 95
2020.25880368, 46.8326973462633, 130.137631387962, 76.5200119018555, 2009603, 6, 95
2020.25880368, 46.832671943682, 130.137627992513, 76.5377960205078, 2009603, 6, 95
2020.25880368, 46.8326401933954, 130.137623721253, 76.5279388427734, 2009603, 6, 95
2020.25880368, 46.8326147917964, 130.137620304951, 76.5258483886719, 2009603, 6, 95
2020.25880368, 46.8325830326107, 130.137616041516, 76.5349044799805, 2009603, 6, 95
2020.25880368, 46.8325576217331, 130.137612639936, 76.5421371459961, 2009603, 6, 95
2020.25880368, 46.8325258658918, 130.137608345384, 76.5448532104492, 2009603, 6, 95
2020.25880368, 46.8325004523427, 130.137604930164, 76.5373382568359, 2009603, 6, 95
2020.25880368, 46.8324687414153, 130.137600762798, 76.5252227783203, 2009603, 6, 95
2020.25880368, 46.8324369612539, 130.137596400358, 76.5377807617188, 2009603, 6, 95
2020.25880368, 46.8324051770938, 130.137592035349, 76.5056533813477, 2009603, 6, 95
2020.25880368, 46.8323733899519, 130.137587663769, 76.5284042358398, 2009603, 6, 95
2020.25880368, 46.8323415916066, 130.137583317672, 76.5524978637695, 2009603, 6, 95
2020.25880368, 46.8323098045845, 130.137578912229, 76.5161590576172, 2009603, 6, 95
2020.25880368, 46.832278009359, 130.137574518018, 76.5239868164062, 2009603, 6, 95
2020.25880368, 46.8322462148594, 130.137570114393, 76.4935531616211, 2009603, 6, 95
2020.25880368, 46.8322144042789, 130.137565738621, 76.5430145263672, 2009603, 6, 95
2020.25880368, 46.8321762402646, 130.137560435488, 76.5565872192383, 2009603, 6, 95
2020.25880368, 46.8321317179706, 130.137554212667, 76.502815246582, 2009603, 6, 95
2020.25880368, 46.8320998984045, 130.137549806863, 76.4993896484375, 2009603, 6, 95
2020.25880368, 46.8320617281642, 130.137544452208, 76.4975662231445, 2009603, 6, 95
2020.25880368, 46.8320299023819, 130.137540041228, 76.5091171264648, 2009603, 6, 95
2020.25880368, 46.8319980809493, 130.137535589037, 76.4858779907227, 2009603, 6, 91
2020.25880368, 46.8319662636911, 130.13753110646, 76.4779281616211, 2009603, 6, 91
2020.25880368, 46.831934432757, 130.137526655309, 76.5038452148438, 2009603, 6, 91
2020.25880368, 46.8319089617469, 130.137523104887, 76.4728240966797, 2009603, 6, 91
2020.25880368, 46.8318771356212, 130.137518609756, 76.4822082519531, 2009603, 6, 91
2020.25880368, 46.8318453017062, 130.13751412992, 76.4895935058594, 2009603, 6, 91
2020.25880368, 46.8318007274551, 130.137507863368, 76.5356597900391, 2009603, 6, 91
2020.25880368, 46.8317561455357, 130.137501586248, 76.5180206298828, 2009603, 6, 91
2020.25880368, 46.8317179288201, 130.137496198085, 76.4891128540039, 2009603, 6, 82
2020.25880368, 46.8316924401501, 130.137492633436, 76.4761047363281, 2009603, 6, 82
2020.25880368, 46.831660588288, 130.137488135731, 76.4635009765625, 2009603, 6, 82
2020.25880368, 46.8316287388602, 130.137483621864, 76.4568710327148, 2009603, 6, 82
2020.25880368, 46.8316032495326, 130.137480040745, 76.4744567871094, 2009603, 6, 82
2020.25880368, 46.8315713933582, 130.137475527629, 76.5126571655273, 2009603, 6, 82
2020.25880368, 46.8315395329091, 130.137471022877, 76.5048217773438, 2009603, 6, 82
2020.25880368, 46.8314821666445, 130.137462945448, 76.5921936035156, 2009603, 6, 69
2020.25880368, 46.8313801842895, 130.137448527278, 76.5919799804688, 2009603, 6, 69
2020.25880368, 46.8312845560987, 130.137435016614, 76.6006622314453, 2009603, 6, 69
2020.25880368, 46.8312080771242, 130.137424235395, 76.5698699951172, 2009603, 6, 64
2020.25880368, 46.8311570483368, 130.137417036586, 76.5256271362305, 2009603, 6, 64
2020.25880368, 46.8311187759922, 130.137411630488, 76.5191497802734, 2009603, 6, 64
2020.25880368, 46.8310932526185, 130.137408059284, 76.5082473754883, 2009603, 6, 64
2020.25880368, 46.8310549767649, 130.137402666909, 76.5672836303711, 2009603, 6, 64
2020.25880368, 46.8309656572272, 130.137390140607, 76.6409301757812, 2009603, 6, 55
2020.25880368, 46.8307934083068, 130.137366044857, 76.6457824707031, 2009603, 6, 55
2020.25880368, 46.8306275949718, 130.137342891507, 76.6111679077148, 2009603, 6, 55
2020.25880368, 46.8305191971466, 130.137327865164, 76.5257339477539, 2009603, 6, 55
2020.25880368, 46.8269274094083, 130.136823675517, 76.6068115234375, 2009603, 6, 81
2020.25880368, 46.8268007657534, 130.13680701129, 76.5368041992188, 2009603, 6, 81
2020.25880368, 46.8267627559082, 130.136802033002, 76.4946365356445, 2009603, 6, 81
2020.25880368, 46.8267057289803, 130.13679456651, 76.5227813720703, 2009603, 6, 89
2020.25880368, 46.8265535676081, 130.136774614369, 76.5127258300781, 2009603, 6, 89
2020.25880368, 46.8263631311856, 130.136749505003, 76.5693054199219, 2009603, 6, 90
2020.25880368, 46.8262042027523, 130.136728332141, 76.5559387207031, 2009603, 6, 90
2020.25880368, 46.8260578634567, 130.136708784623, 76.5566635131836, 2009603, 6, 90
2020.25880368, 46.8258981083439, 130.136686477694, 76.5476226806641, 2009603, 6, 90
2020.25880368, 46.8257509846667, 130.136665802495, 76.5396728515625, 2009603, 6, 90
2020.25880368, 46.8256229966065, 130.136647687778, 76.5368728637695, 2009603, 6, 90
2020.25880368, 46.8254693853715, 130.136625902109, 76.5347595214844, 2009603, 6, 89
2020.25880368, 46.8252902173338, 130.136600496653, 76.5138092041016, 2009603, 6, 89
2020.25880368, 46.8250983910907, 130.136573439313, 76.5219802856445, 2009603, 6, 89
2020.25880368, 46.8249451216994, 130.136551891926, 76.5563659667969, 2009603, 6, 89
2020.25880368, 46.8247537763332, 130.136525226392, 76.5602951049805, 2009603, 6, 89
2020.25880368, 46.8246012228848, 130.136504657982, 76.5590438842773, 2009603, 6, 90
2020.25880368, 46.8244552033037, 130.136485039482, 76.5675659179688, 2009603, 6, 89
2020.25880368, 46.8242586218355, 130.136458632286, 76.5402603149414, 2009603, 6, 89
2020.25880368, 46.8239735605572, 130.136420126889, 76.4991760253906, 2009603, 6, 78
2020.25880368, 46.8237582634953, 130.136390711566, 76.5390930175781, 2009603, 6, 78
2020.25880368, 46.8235809254986, 130.136366168856, 76.5366821289062, 2009603, 6, 78
2020.25880368, 46.8235302443134, 130.136359317919, 76.4877624511719, 2009603, 6, 78
2020.25880368, 46.8234985617659, 130.136354752284, 76.4880676269531, 2009603, 6, 69
2020.25880368, 46.8234668666704, 130.136350207215, 76.5100402832031, 2009603, 6, 69
2020.25880368, 46.8234288349054, 130.136344724906, 76.5296783447266, 2009603, 6, 69
2020.25880368, 46.8230925152124, 130.136296044577, 76.5198745727539, 2009603, 6, 57
2020.25880368, 46.8226599866777, 130.136233554654, 76.5137481689453, 2009603, 6, 59
2020.25880368, 46.8223858513795, 130.136194669252, 76.4868011474609, 2009603, 6, 78
2020.25880368, 46.8223284249615, 130.136186609305, 76.4640731811523, 2009603, 6, 78
2020.25880368, 46.8223030235348, 130.136182758214, 76.4476547241211, 2009603, 6, 78
2020.25880368, 46.8222710698927, 130.13617838377, 76.447624206543, 2009603, 6, 78
2020.25880368, 46.8222454980295, 130.13617491473, 76.4142990112305, 2009603, 6, 86
2020.25880368, 46.82221991704, 130.136171471022, 76.4160537719727, 2009603, 6, 86
2020.25880368, 46.8221943412785, 130.136168007177, 76.4251251220703, 2009603, 6, 86
2020.25880368, 46.8221687619835, 130.136164553931, 76.4141845703125, 2009603, 6, 86
2020.25880368, 46.8221367924079, 130.136160230356, 76.411491394043, 2009603, 6, 86
2020.25880368, 46.8221112037791, 130.136156807736, 76.3892974853516, 2009603, 6, 86
2020.25880368, 46.822079229836, 130.136152489019, 76.4088668823242, 2009603, 6, 86
2020.25880368, 46.82205363618, 130.13614908492, 76.4230499267578, 2009603, 6, 86
2020.25880368, 46.8219960695573, 130.136141369158, 76.4832382202148, 2009603, 6, 57
