2020.36646026, 45.0298584411093, 132.910664030612, 70.303596496582, 2009603, 1, 67
2020.36646026, 45.0310515098769, 132.910495389357, 70.3298034667969, 2009603, 1, 69
2020.36646026, 45.0311714412387, 132.910479411665, 70.3018264770508, 2009603, 1, 69
2020.36646026, 45.0312911837111, 132.910463596081, 70.2973480224609, 2009603, 1, 83
2020.36646026, 45.0314548667856, 132.910441993277, 70.3057632446289, 2009603, 1, 83
2020.36646026, 45.0315933265991, 132.910423650968, 70.3026504516602, 2009603, 1, 81
2020.36646026, 45.0317444486389, 132.910403577455, 70.3218231201172, 2009603, 1, 81
2020.36646026, 45.0335328418978, 132.910154125828, 70.3290328979492, 2009603, 1, 56
2020.36646026, 45.0337188623386, 132.910128431664, 70.309440612793, 2009603, 1, 56
2020.36646026, 45.0338917405981, 132.910104623006, 70.3302612304688, 2009603, 1, 56
2020.36646026, 45.0357585879871, 132.909842352821, 70.2703399658203, 2009603, 1, 53
2020.36646026, 45.0358724414952, 132.909826282178, 70.311897277832, 2009603, 1, 53
2020.36646026, 45.0360308448482, 132.909804038715, 70.2795715332031, 2009603, 1, 56
2020.36646026, 45.0361581019882, 132.909786253382, 70.3070983886719, 2009603, 1, 56
2020.36646026, 45.0362218084121, 132.909777484951, 70.3447952270508, 2009603, 1, 56
2020.36646159, 47.7070984799984, 132.537190700364, 49.4053726196289, 2009603, 1, 70
2020.36646159, 47.7071494545341, 132.537183361267, 49.4170341491699, 2009603, 1, 70
2020.36646159, 47.7072003981918, 132.537175997882, 49.4349937438965, 2009603, 1, 70
2020.36646159, 47.70725766553, 132.537167794988, 49.4028816223145, 2009603, 1, 91
2020.36646159, 47.707321249657, 132.537158592307, 49.4109420776367, 2009603, 1, 91
2020.36646159, 47.7073977164277, 132.537147499509, 49.4147796630859, 2009603, 1, 91
2020.36646159, 47.70747997516, 132.537135439748, 49.4001502990723, 2009603, 1, 91
2020.36646159, 47.7075684778356, 132.537122454437, 49.3972282409668, 2009603, 1, 92
2020.36646159, 47.7076505909978, 132.537110497833, 49.3970146179199, 2009603, 1, 92
2020.36646159, 47.7077074147962, 132.537102122045, 49.4105033874512, 2009603, 1, 92
2020.36646159, 47.7077705293499, 132.537092834948, 49.3836441040039, 2009603, 1, 92
2020.36646159, 47.707833632809, 132.537083469737, 49.3719024658203, 2009603, 1, 92
2020.36646159, 47.7079030316031, 132.53707327078, 49.3816070556641, 2009603, 1, 92
2020.36646159, 47.7079661148344, 132.537064015128, 49.3995361328125, 2009603, 1, 92
2020.36646159, 47.7080228977764, 132.537055619459, 49.4226150512695, 2009603, 1, 91
2020.36646159, 47.7080796916762, 132.537047178683, 49.3866119384766, 2009603, 1, 91
2020.36646159, 47.7081491180372, 132.537036943908, 49.384651184082, 2009603, 1, 91
2020.36646159, 47.7082248821844, 132.537025827801, 49.4104614257812, 2009603, 1, 91
2020.36646159, 47.70830701218, 132.537013681188, 49.4236030578613, 2009603, 1, 92
2020.36646159, 47.7083828699917, 132.537002548469, 49.3803977966309, 2009603, 1, 92
2020.36646159, 47.7084714472235, 132.536989568261, 49.4011650085449, 2009603, 1, 92
2020.36646159, 47.7085981418254, 132.536970996762, 49.3554267883301, 2009603, 1, 92
2020.36646159, 47.7087250244961, 132.536952483442, 49.3977546691895, 2009603, 1, 92
2020.36646159, 47.7088523835499, 132.536933880099, 49.3725128173828, 2009603, 1, 92
2020.36646159, 47.7089799419349, 132.536915448281, 49.374885559082, 2009603, 1, 92
2020.36646159, 47.7091204704857, 132.536895238309, 49.3730850219727, 2009603, 1, 92
2020.36646159, 47.7092612023309, 132.536875047865, 49.3566131591797, 2009603, 1, 94
2020.36646159, 47.7094085076546, 132.536854035386, 49.4005393981934, 2009603, 1, 94
2020.36646159, 47.7095431215104, 132.536834899861, 49.351749420166, 2009603, 1, 93
2020.36646159, 47.709716301183, 132.536810381531, 49.3366737365723, 2009603, 1, 93
2020.36646159, 47.7098959378923, 132.536785049101, 49.3799629211426, 2009603, 1, 94
2020.36646159, 47.7100627172295, 132.536761679574, 49.3908348083496, 2009603, 1, 95
2020.36646159, 47.710267862219, 132.536733086643, 49.3700103759766, 2009603, 1, 95
2020.36646159, 47.7104855140016, 132.536702538712, 49.3744125366211, 2009603, 1, 95
2020.36646159, 47.7106899694906, 132.536673558186, 49.3675231933594, 2009603, 1, 95
2020.36646159, 47.7109130914126, 132.536641469869, 49.3491630554199, 2009603, 1, 94
2020.36646159, 47.7111102561209, 132.536612694355, 49.3684425354004, 2009603, 1, 95
2020.36646159, 47.7112943291209, 132.536585416016, 49.3578948974609, 2009603, 1, 95
2020.36646159, 47.7114524895888, 132.536561457756, 49.376293182373, 2009603, 1, 95
2020.36646159, 47.7116168277259, 132.536536348846, 49.368335723877, 2009603, 1, 96
2020.36646159, 47.7117747749609, 132.536512217753, 49.3731498718262, 2009603, 1, 97
2020.36646159, 47.7119327311708, 132.536488040028, 49.374568939209, 2009603, 1, 97
2020.36646159, 47.7121223891897, 132.536459126334, 49.3857192993164, 2009603, 1, 97
2020.36646159, 47.7122932612248, 132.536433270963, 49.354076385498, 2009603, 1, 97
2020.36646159, 47.7124516862118, 132.536409472188, 49.408763885498, 2009603, 1, 97
2020.36646159, 47.7126167756403, 132.53638508939, 49.3762016296387, 2009603, 1, 96
2020.36646159, 47.7127440619017, 132.53636652363, 49.3776092529297, 2009603, 1, 96
2020.36646159, 47.7128842169965, 132.536346318899, 49.3681259155273, 2009603, 1, 96
2020.36646159, 47.7130627670696, 132.536320857911, 49.3591232299805, 2009603, 1, 96
2020.36646159, 47.7132223012275, 132.536298352225, 49.386157989502, 2009603, 1, 96
2020.36646159, 47.7133755169886, 132.536276807841, 49.3562507629395, 2009603, 1, 98
2020.36646159, 47.7135478937531, 132.536252774058, 49.3518371582031, 2009603, 1, 97
2020.36646159, 47.713732983562, 132.536226927382, 49.3597030639648, 2009603, 1, 97
2020.36646159, 47.7138988566909, 132.536204057065, 49.350040435791, 2009603, 1, 97
2020.3664616, 47.7141155687514, 132.536173997794, 49.3793830871582, 2009603, 1, 97
2020.3664616, 47.7143256334249, 132.53614459722, 49.3249015808105, 2009603, 1, 97
2020.3664616, 47.7145735094393, 132.536109430944, 49.3834228515625, 2009603, 1, 97
2020.3664616, 47.714776609445, 132.536079969388, 49.3769721984863, 2009603, 1, 97
2020.3664616, 47.7150240518652, 132.536043698283, 49.3805656433105, 2009603, 1, 97
2020.3664616, 47.7152262892375, 132.536012812991, 49.3614654541016, 2009603, 1, 97
2020.3664616, 47.7154728852857, 132.535974855968, 49.3774337768555, 2009603, 1, 97
2020.3664616, 47.7156945676331, 132.535940642967, 49.3769073486328, 2009603, 1, 97
2020.3664616, 47.7159231720995, 132.535905450766, 49.4194259643555, 2009603, 1, 97
2020.3664616, 47.7161333564434, 132.535873428826, 49.410041809082, 2009603, 1, 97
2020.3664616, 47.7163440362177, 132.535841838751, 49.393726348877, 2009603, 1, 97
2020.3664616, 47.716562723482, 132.535809979785, 49.4343719482422, 2009603, 1, 97
2020.3664616, 47.7168009659976, 132.535775902066, 49.4215469360352, 2009603, 1, 97
2020.3664616, 47.7170776403071, 132.535736600072, 49.3999977111816, 2009603, 1, 97
2020.3664616, 47.7173599290398, 132.535696853861, 49.393238067627, 2009603, 1, 96
2020.3664616, 47.7176790944808, 132.535651774591, 49.416431427002, 2009603, 1, 97
2020.3664616, 47.7180079613895, 132.535604638465, 49.3868217468262, 2009603, 1, 95
2020.3664616, 47.7182667489286, 132.535567160676, 49.386360168457, 2009603, 1, 95
2020.3664616, 47.7185446201674, 132.535526678861, 49.3812789916992, 2009603, 1, 95
2020.3664616, 47.7188546430152, 132.535481293598, 49.383716583252, 2009603, 1, 91
2020.3664616, 47.7191098274761, 132.535443742448, 49.3944969177246, 2009603, 1, 91
2020.3664616, 47.7193208599313, 132.535412658241, 49.3791275024414, 2009603, 1, 81
2020.3664616, 47.7195321599001, 132.535381668002, 49.4067611694336, 2009603, 1, 69
2020.36646161, 47.7373487643023, 132.532800337059, 48.744327545166, 2009603, 1, 86
2020.36646161, 47.7374629827419, 132.532783795397, 48.7848243713379, 2009603, 1, 86
2020.36646161, 47.7376409135047, 132.532758119305, 48.7483558654785, 2009603, 1, 91
2020.36646161, 47.7378383107417, 132.532729756609, 48.7792663574219, 2009603, 1, 75
2020.36646161, 47.7379913975445, 132.532707778668, 48.7880210876465, 2009603, 1, 75
2020.36646161, 47.7381771590356, 132.532681245616, 48.7889862060547, 2009603, 1, 68
2020.36646162, 47.7568160383565, 132.529980658882, 48.8340606689453, 2009603, 1, 90
2020.36646162, 47.7571088565002, 132.5299378204, 48.8656311035156, 2009603, 1, 90
2020.36646162, 47.7573837593198, 132.529898734878, 48.9317626953125, 2009603, 1, 96
2020.36646162, 47.7576268309964, 132.529864563703, 48.918514251709, 2009603, 1, 96
2020.36646162, 47.7578953588271, 132.529827146896, 48.9236106872559, 2009603, 1, 96
2020.36646162, 47.7581635181737, 132.529789674568, 48.9531021118164, 2009603, 1, 96
2020.36646162, 47.7584944790269, 132.529742850487, 48.9424095153809, 2009603, 1, 96
2020.36646162, 47.7588622979982, 132.529689732859, 48.8918647766113, 2009603, 1, 93
2020.36646162, 47.7591095609023, 132.52965349354, 48.9144706726074, 2009603, 1, 89
2020.36646162, 47.7593824091795, 132.529613016846, 48.9554977416992, 2009603, 1, 79
2020.36646162, 47.7596620700936, 132.529571152531, 49.2043190002441, 2009603, 1, 69
2020.36646162, 47.7599109211708, 132.529533415271, 49.4138450622559, 2009603, 1, 60
2020.36646312, 50.7852034450481, 132.080522193292, 237.311004638672, 2009603, 1, 93
2020.36646411, 52.7811635469661, 131.765639870549, 347.905181884766, 2009603, 1, 68
2020.36646411, 52.7815574209043, 131.765576424769, 347.936920166016, 2009603, 1, 90
2020.36646027, 45.0297711761163, 132.911783146243, 70.2550964355469, 2009603, 2, 66
2020.36646027, 45.0341699452287, 132.911181288472, 70.3008575439453, 2009603, 2, 62
2020.36646028, 45.0354106387296, 132.911011119201, 70.3036651611328, 2009603, 2, 55
2020.3664616, 47.7075271241494, 132.5382864618, 49.3701438903809, 2009603, 2, 86
2020.3664616, 47.707736329238, 132.538256001276, 49.3817329406738, 2009603, 2, 86
2020.3664616, 47.708072245514, 132.538206345549, 49.4020385742188, 2009603, 2, 91
2020.3664616, 47.708516283136, 132.538140184834, 49.3840789794922, 2009603, 2, 91
2020.3664616, 47.7089359906386, 132.538078140276, 49.3646812438965, 2009603, 2, 90
2020.3664616, 47.7094967869558, 132.537996284838, 49.3760070800781, 2009603, 2, 94
2020.3664616, 47.7102104865964, 132.53789314823, 49.3525810241699, 2009603, 2, 94
2020.3664616, 47.7108408428239, 132.537803405371, 49.3593597412109, 2009603, 2, 94
2020.3664616, 47.7114462672182, 132.537719531583, 49.3760719299316, 2009603, 2, 96
2020.3664616, 47.7121863638254, 132.537616040673, 49.3809356689453, 2009603, 2, 97
2020.36646161, 47.7128368693559, 132.537516969609, 49.3885192871094, 2009603, 2, 97
2020.36646161, 47.7135114596452, 132.537412241729, 49.3624038696289, 2009603, 2, 97
2020.36646161, 47.7140825782571, 132.537331614114, 49.4206848144531, 2009603, 2, 97
2020.36646161, 47.7147798874444, 132.53724048323, 49.3476448059082, 2009603, 2, 96
2020.36646161, 47.715523314427, 132.537138165875, 49.3806610107422, 2009603, 2, 97
2020.36646161, 47.7163317782597, 132.537017859523, 49.402229309082, 2009603, 2, 97
2020.36646161, 47.7170316947701, 132.536911384138, 49.3993110656738, 2009603, 2, 96
2020.36646161, 47.7179434974581, 132.536776699121, 49.3912391662598, 2009603, 2, 96
2020.36646161, 47.7188932066421, 132.536642211176, 49.3866233825684, 2009603, 2, 91
2020.36646162, 47.7373516910105, 132.533956092537, 48.8800392150879, 2009603, 2, 91
2020.36646162, 47.7379701749917, 132.533868868474, 48.8896522521973, 2009603, 2, 76
2020.36646163, 47.7573718296211, 132.531067214438, 48.9222946166992, 2009603, 2, 89
2020.36646163, 47.7583371491907, 132.530923776262, 48.9011840820312, 2009603, 2, 96
2020.36646163, 47.759339213187, 132.530777505058, 48.9102401733398, 2009603, 2, 80
2020.36646163, 47.7601472618135, 132.53066474026, 49.4721374511719, 2009603, 2, 51
2020.36646026, 45.0250427604171, 132.952269049143, 70.1974334716797, 2009603, 3, 57
2020.36646312, 50.7947020848421, 132.124908566869, 238.131118774414, 2009603, 3, 55
2020.36646312, 50.7953628400045, 132.124810554378, 238.157775878906, 2009603, 3, 58
2020.36646313, 50.7960249243208, 132.124712841884, 238.174087524414, 2009603, 3, 55
2020.36646313, 50.7966382593081, 132.124621878373, 238.167907714844, 2009603, 3, 54
2020.36646313, 50.7972446209543, 132.124530422467, 238.179595947266, 2009603, 3, 55
2020.36646313, 50.7978862487222, 132.124432757249, 237.501968383789, 2009603, 3, 56
2020.36646319, 50.9213780889371, 132.105484410114, 251.918441772461, 2009603, 3, 71
2020.36646412, 52.7997033945002, 131.810558915697, 352.096405029297, 2009603, 3, 88
2020.36646412, 52.7999820314732, 131.810511200905, 352.07275390625, 2009603, 3, 92
2020.36646412, 52.8001021601671, 131.810490491717, 352.068084716797, 2009603, 3, 91
2020.36646412, 52.8001906298975, 131.810475173651, 352.081634521484, 2009603, 3, 91
2020.36646412, 52.8002664235672, 131.810462117258, 352.072113037109, 2009603, 3, 91
2020.36646412, 52.8003485141717, 131.81044795056, 352.088623046875, 2009603, 3, 91
2020.36646412, 52.8004937208991, 131.810422975869, 352.105895996094, 2009603, 3, 91
2020.36646412, 52.8008409677859, 131.810364180403, 352.10986328125, 2009603, 3, 90
2020.36646413, 52.8088908824405, 131.809075870814, 353.220855712891, 2009603, 3, 84
2020.36646413, 52.8096241459631, 131.808958302811, 353.380889892578, 2009603, 3, 88
2020.36646413, 52.8099538686797, 131.80890398899, 353.478240966797, 2009603, 3, 88
2020.36646413, 52.8102191820279, 131.808859701094, 353.509399414062, 2009603, 3, 87
2020.36646413, 52.8116544887402, 131.80863042158, 353.659851074219, 2009603, 3, 77
2020.36646413, 52.8118526440164, 131.808600022127, 353.641876220703, 2009603, 3, 88
2020.36646413, 52.8121272430886, 131.808557396523, 353.724548339844, 2009603, 3, 91
2020.36646413, 52.8124901733764, 131.808499750879, 353.956359863281, 2009603, 3, 92
2020.36646413, 52.8125979541794, 131.808482088367, 353.984436035156, 2009603, 3, 94
2020.36646161, 47.7197854323767, 132.5796003916, 49.200626373291, 2009603, 4, 92
2020.36646161, 47.7204196738759, 132.579512044808, 49.1510696411133, 2009603, 4, 93
2020.36646161, 47.7211289631198, 132.579413270365, 49.1813163757324, 2009603, 4, 93
2020.36646161, 47.7219310935661, 132.579299534651, 49.1762161254883, 2009603, 4, 94
2020.36646161, 47.7226715699283, 132.5791908446, 49.200870513916, 2009603, 4, 94
2020.36646161, 47.7235434459023, 132.579059547409, 49.1749153137207, 2009603, 4, 96
2020.36646161, 47.7242299760512, 132.578960208188, 49.1878471374512, 2009603, 4, 96
2020.36646161, 47.7249612379047, 132.578858613251, 49.1798706054688, 2009603, 4, 96
2020.36646161, 47.7257181121578, 132.578752196966, 49.2099723815918, 2009603, 4, 97
2020.36646161, 47.7266271766287, 132.578621831149, 49.185115814209, 2009603, 4, 97
2020.36646161, 47.7274783949801, 132.578499340424, 49.1821136474609, 2009603, 4, 96
2020.36646161, 47.7282409685234, 132.578388671995, 49.1840705871582, 2009603, 4, 97
2020.36646161, 47.7290490811073, 132.578272537767, 49.1570892333984, 2009603, 4, 91
2020.36646161, 47.7296352301087, 132.578189991636, 49.171558380127, 2009603, 4, 69
2020.36646162, 47.7380685453484, 132.576971732618, 49.0144462585449, 2009603, 4, 78
2020.36646162, 47.7382667021038, 132.576942872428, 49.003833770752, 2009603, 4, 80
2020.36646162, 47.7385351169726, 132.57690356588, 49.0114135742188, 2009603, 4, 79
2020.36646162, 47.7393376678763, 132.576785129606, 49.0562057495117, 2009603, 4, 73
2020.36646162, 47.7529269335527, 132.574825602426, 48.744068145752, 2009603, 4, 92
2020.36646162, 47.7538106901814, 132.574697183041, 48.7320861816406, 2009603, 4, 75
2020.36646163, 47.7729942479629, 132.571958977645, 48.6852111816406, 2009603, 4, 63
2020.36646163, 47.7735647003387, 132.571879768301, 48.6590385437012, 2009603, 4, 92
2020.36646163, 47.7743850943746, 132.571758908099, 48.6659774780273, 2009603, 4, 75
2020.36646163, 47.7751943191618, 132.571644734105, 48.8183135986328, 2009603, 4, 64
2020.36646163, 47.7759202422371, 132.571546603066, 48.8166313171387, 2009603, 4, 66
2020.36646163, 47.7763207880136, 132.571490811972, 48.7108840942383, 2009603, 4, 72
2020.36646164, 47.7766956257494, 132.571436909204, 48.7115478515625, 2009603, 4, 72
2020.36646164, 47.7871592075325, 132.56996445537, 48.6189384460449, 2009603, 4, 93
2020.36646164, 47.787472180819, 132.56991976755, 48.5925636291504, 2009603, 4, 97
2020.36646164, 47.7879939238268, 132.569846087252, 48.6231307983398, 2009603, 4, 96
2020.36646164, 47.7886665958695, 132.569751277693, 48.6061973571777, 2009603, 4, 96
2020.36646164, 47.7892002816871, 132.569675088516, 48.6162490844727, 2009603, 4, 97
2020.36646164, 47.7896966762607, 132.56960382578, 48.6126747131348, 2009603, 4, 96
2020.36646164, 47.7902507268835, 132.569525050548, 48.5917778015137, 2009603, 4, 96
2020.36646164, 47.7908745828443, 132.569437666571, 48.599983215332, 2009603, 4, 97
2020.36646164, 47.7915038861236, 132.569349143699, 48.6210899353027, 2009603, 4, 97
2020.36646164, 47.792221493529, 132.569247267264, 48.6050643920898, 2009603, 4, 86
2020.36646314, 50.7951033396386, 132.12622379766, 238.122436523438, 2009603, 4, 55
2020.36646314, 50.7962299288763, 132.126051412642, 238.087265014648, 2009603, 4, 57
2020.36646314, 50.7967321653849, 132.12597541337, 238.077255249023, 2009603, 4, 54
2020.36646314, 50.7978005387946, 132.125812703845, 238.11198425293, 2009603, 4, 55
2020.36646314, 50.7984431655329, 132.125713208058, 238.979629516602, 2009603, 4, 56
2020.3664633, 51.1353752574326, 132.073925022449, 385.10595703125, 2009603, 4, 55
2020.36646413, 52.80078838327, 131.811785656418, 352.589172363281, 2009603, 4, 81
2020.36646413, 52.8011321175368, 131.811728906038, 352.708282470703, 2009603, 4, 81
2020.36646414, 52.8062805757247, 131.810909665996, 352.976196289062, 2009603, 4, 71
2020.36646414, 52.8064771890326, 131.810877354764, 353.019775390625, 2009603, 4, 71
2020.36646414, 52.8068261309452, 131.810819612099, 353.042816162109, 2009603, 4, 84
2020.36646414, 52.8111130245038, 131.810134279622, 353.759368896484, 2009603, 4, 62
2020.36646414, 52.8155913058707, 131.809405816796, 354.578399658203, 2009603, 4, 51
2020.36646414, 52.8158078092324, 131.809370498695, 354.599914550781, 2009603, 4, 78
2020.36646414, 52.8160179797913, 131.809336245653, 354.603881835938, 2009603, 4, 66
2020.36646414, 52.8162090565191, 131.809305217228, 354.655700683594, 2009603, 4, 66
2020.36645979, 44.085397910648, 133.118669024186, 176.357620239258, 171562, 5, 69
2020.36645979, 44.0855752730343, 133.118644172063, 176.358535766602, 171562, 5, 84
2020.36645979, 44.0857017825179, 133.118626317832, 176.379913330078, 171562, 5, 84
2020.36645979, 44.0858223972469, 133.118610419746, 176.346710205078, 171562, 5, 89
2020.36645979, 44.0859493626957, 133.118593943806, 176.337631225586, 171562, 5, 89
2020.36645979, 44.0861207781561, 133.118572016063, 176.358779907227, 171562, 5, 92
2020.36645979, 44.086311214133, 133.11854797235, 176.338424682617, 171562, 5, 93
2020.36645979, 44.086482576396, 133.118526462641, 176.351623535156, 171562, 5, 93
2020.36645979, 44.0866475387181, 133.118505757461, 176.355224609375, 171562, 5, 94
2020.36645979, 44.0868188095075, 133.118484113337, 176.356796264648, 171562, 5, 93
2020.36645979, 44.0870029199861, 133.118460702228, 176.342010498047, 171562, 5, 94
2020.36645979, 44.0871989333793, 133.118434873767, 176.347183227539, 171562, 5, 94
2020.36645979, 44.0873761121741, 133.118411095472, 176.344116210938, 171562, 5, 94
2020.36645979, 44.0875979270081, 133.118380776732, 176.351272583008, 171562, 5, 94
2020.36645979, 44.0877884862652, 133.118354274743, 176.337814331055, 171562, 5, 94
2020.36645979, 44.0879795287883, 133.118327347476, 176.35823059082, 171562, 5, 94
2020.36645979, 44.0882094638487, 133.118294557471, 176.337905883789, 171562, 5, 94
2020.36645979, 44.0884469500348, 133.118260430088, 176.359512329102, 171562, 5, 95
2020.36645979, 44.088678973641, 133.118226980065, 176.341522216797, 171562, 5, 94
2020.36645979, 44.0889302851432, 133.118190786172, 176.330688476562, 171562, 5, 95
2020.36645979, 44.0891553775056, 133.118158554471, 176.356658935547, 171562, 5, 94
2020.36645979, 44.0893797680076, 133.11812670013, 176.36393737793, 171562, 5, 94
2020.36645979, 44.0895906999672, 133.118097110745, 176.353103637695, 171562, 5, 92
2020.36645979, 44.0897996271516, 133.118068137155, 176.357711791992, 171562, 5, 93
2020.36645979, 44.0899890920787, 133.118042202557, 176.344818115234, 171562, 5, 93
2020.36645979, 44.0901656983758, 133.118018349254, 176.360214233398, 171562, 5, 63
2020.36645979, 44.0902981274528, 133.118000647013, 176.343460083008, 171562, 5, 63
2020.36646282, 50.191773562186, 132.261800637416, 318.363433837891, 2009603, 5, 70
2020.36646313, 50.8134983097246, 132.167988686656, 238.097045898438, 2009603, 5, 51
2020.36646313, 50.8140170908418, 132.167908248063, 238.135101318359, 2009603, 5, 53
2020.36646313, 50.8143649311269, 132.167852838067, 238.156661987305, 2009603, 5, 51
2020.36646313, 50.8147516778845, 132.167790567438, 238.14582824707, 2009603, 5, 54
2020.36646313, 50.8150957316715, 132.167735070881, 238.11262512207, 2009603, 5, 57
2020.36646313, 50.8155300996433, 132.167666191716, 238.154296875, 2009603, 5, 57
2020.36646313, 50.8161630540753, 132.167569695147, 238.097564697266, 2009603, 5, 54
2020.36646313, 50.8166861643107, 132.167493166002, 238.147857666016, 2009603, 5, 56
2020.36646313, 50.8171135073048, 132.167431050805, 238.255828857422, 2009603, 5, 55
2020.36646315, 50.854513108684, 132.161792630484, 238.144897460938, 2009603, 5, 71
2020.36646315, 50.8545902920015, 132.161781373759, 238.132827758789, 2009603, 5, 71
2020.36646315, 50.8546803427244, 132.161768279271, 238.126098632812, 2009603, 5, 71
2020.36646315, 50.8549694910406, 132.161726441598, 238.160369873047, 2009603, 5, 87
2020.36646321, 50.9756566019479, 132.143149034751, 273.339691162109, 2009603, 5, 57
2020.36646321, 50.9762509304781, 132.143058623586, 273.683898925781, 2009603, 5, 72
2020.36646367, 51.8862738188647, 132.002782026295, 433.526916503906, 2009603, 5, 61
2020.36646367, 51.8863057037502, 132.0027769482, 433.506011962891, 2009603, 5, 61
2020.36646367, 51.8863312222364, 132.002772872082, 433.512756347656, 2009603, 5, 61
2020.36646367, 51.8863631154165, 132.002767782434, 433.518890380859, 2009603, 5, 61
2020.36646367, 51.8864077706893, 132.002760652196, 433.565063476562, 2009603, 5, 61
2020.36646367, 51.8867649890565, 132.002703526944, 433.350799560547, 2009603, 5, 51
2020.3664598, 44.0856852874452, 133.11968847916, 176.373123168945, 171562, 6, 72
2020.3664598, 44.0870239379785, 133.119501449446, 176.314895629883, 171562, 6, 93
2020.3664598, 44.0878409496221, 133.119390665203, 176.322387695312, 171562, 6, 95
2020.3664598, 44.0885999816367, 133.119290371368, 176.339736938477, 171562, 6, 94
2020.3664598, 44.0893959352779, 133.119184552069, 176.341552734375, 171562, 6, 93
2020.3664598, 44.0901714359757, 133.119077699843, 176.355712890625, 171562, 6, 93
2020.3664598, 44.0907944722649, 133.118990859525, 176.347579956055, 171562, 6, 56
2020.36646314, 50.8141051640906, 132.169211747636, 238.147064208984, 2009603, 6, 51
2020.36646314, 50.8145743392125, 132.169141878647, 238.127090454102, 2009603, 6, 52
2020.36646314, 50.8150956603523, 132.169063897892, 238.130981445312, 2009603, 6, 55
2020.36646314, 50.8158341634038, 132.168950898136, 238.136154174805, 2009603, 6, 55
2020.36646314, 50.8165722252791, 132.168835101646, 238.110916137695, 2009603, 6, 56
2020.36646314, 50.8171705733023, 132.168744582501, 238.144577026367, 2009603, 6, 55
2020.36646314, 50.8176945130968, 132.168669771352, 238.164154052734, 2009603, 6, 54
2020.36646322, 50.9770103525961, 132.144310421107, 274.152435302734, 2009603, 6, 69
