2020.09113078, 53.4238296911566, 121.929168065887, 295.989654541016, 2009603, 1, 94
2020.09113078, 53.4241600824679, 121.929113611315, 295.773010253906, 2009603, 1, 97
2020.09113078, 53.4244721367608, 121.929061833644, 295.678192138672, 2009603, 1, 97
2020.09113079, 53.4247972561199, 121.929007631778, 295.697967529297, 2009603, 1, 96
2020.09113079, 53.4251348893212, 121.928951380675, 295.734313964844, 2009603, 1, 94
2020.09113079, 53.4254848157939, 121.928893232791, 295.691253662109, 2009603, 1, 94
2020.09113079, 53.4257762844178, 121.92884521647, 295.706329345703, 2009603, 1, 91
2020.09113079, 53.4264539792706, 121.928734156289, 296.291564941406, 2009603, 1, 92
2020.09113079, 53.4267902548076, 121.928679158897, 296.550354003906, 2009603, 1, 84
2020.09112786, 47.5173048040355, 122.833659247233, 219.596267700195, 2009593, 2, 54
2020.09112786, 47.517399687162, 122.833645467106, 219.599716186523, 2009593, 2, 54
2020.09112786, 47.5174756709886, 122.833634564599, 219.573120117188, 2009593, 2, 54
2020.0911308, 53.4238567322672, 121.930480651012, 296.055877685547, 2009603, 2, 82
2020.0911308, 53.4239529837074, 121.930464357672, 295.891723632812, 2009603, 2, 82
2020.0911308, 53.4240427872283, 121.930449094294, 295.786315917969, 2009603, 2, 96
2020.0911308, 53.4242221147539, 121.930418497382, 295.899169921875, 2009603, 2, 96
2020.0911308, 53.4242987637273, 121.930405320816, 295.860992431641, 2009603, 2, 96
2020.0911308, 53.4243881310713, 121.930389954317, 295.891845703125, 2009603, 2, 96
2020.0911308, 53.4244774232246, 121.930374653501, 295.808746337891, 2009603, 2, 96
2020.0911308, 53.4245539158961, 121.930361558499, 295.772552490234, 2009603, 2, 95
2020.0911308, 53.4246430963656, 121.930346353693, 295.760955810547, 2009603, 2, 95
2020.0911308, 53.424719503227, 121.930333351558, 295.725524902344, 2009603, 2, 95
2020.0911308, 53.424795850161, 121.930320446029, 295.727905273438, 2009603, 2, 95
2020.0911308, 53.4248721734978, 121.93030758015, 295.725280761719, 2009603, 2, 95
2020.0911308, 53.4249611570887, 121.93029268774, 295.723968505859, 2009603, 2, 95
2020.0911308, 53.425050112739, 121.930277866431, 295.729217529297, 2009603, 2, 94
2020.0911308, 53.4251453727764, 121.930262117491, 295.757690429688, 2009603, 2, 94
2020.0911308, 53.4252215356771, 121.930249634996, 295.7236328125, 2009603, 2, 94
2020.0911308, 53.4253040444824, 121.930236154021, 295.739105224609, 2009603, 2, 95
2020.0911308, 53.4253991640402, 121.930220569976, 295.763549804688, 2009603, 2, 95
2020.0911308, 53.425500715753, 121.930204560303, 295.736297607422, 2009603, 2, 94
2020.0911308, 53.4255895423696, 121.930190651121, 295.724487304688, 2009603, 2, 94
2020.0911308, 53.4256783503654, 121.930176791252, 295.752502441406, 2009603, 2, 94
2020.0911308, 53.4257607946769, 121.930163965205, 295.75732421875, 2009603, 2, 92
2020.0911308, 53.4258305487241, 121.930153110936, 295.743988037109, 2009603, 2, 92
2020.0911308, 53.425919312313, 121.930139301586, 295.767608642578, 2009603, 2, 92
2020.0911308, 53.4260080636893, 121.9301254657, 295.739440917969, 2009603, 2, 91
2020.0911308, 53.4260904541046, 121.930112599565, 295.766693115234, 2009603, 2, 91
2020.0911308, 53.4261728444322, 121.930099666507, 295.810424804688, 2009603, 2, 91
2020.0911308, 53.4262552162541, 121.930086686818, 295.935424804688, 2009603, 2, 92
2020.0911308, 53.4263439004556, 121.93007265843, 295.938049316406, 2009603, 2, 92
2020.0911308, 53.4264389269964, 121.930057477859, 296.149383544922, 2009603, 2, 92
2020.0911308, 53.426527596783, 121.930043216914, 296.223876953125, 2009603, 2, 93
2020.0911308, 53.4266162661015, 121.930028825988, 296.366363525391, 2009603, 2, 93
2020.0911308, 53.4267049122367, 121.930014381301, 296.495483398438, 2009603, 2, 93
2020.0911308, 53.426793578833, 121.929999455006, 296.533874511719, 2009603, 2, 90
2020.0911308, 53.4268758986774, 121.929985510947, 296.511505126953, 2009603, 2, 90
2020.0911308, 53.4269645433222, 121.929970396976, 296.536804199219, 2009603, 2, 90
2020.09113084, 53.5155703839812, 121.915342427394, 312.682983398438, 2009603, 2, 70
2020.09113084, 53.5156845069473, 121.915323023944, 312.629577636719, 2009603, 2, 70
2020.09113084, 53.5158051439711, 121.915302342942, 312.548217773438, 2009603, 2, 83
2020.09113084, 53.5159193718949, 121.915282735542, 312.583190917969, 2009603, 2, 83
2020.09113084, 53.5160208391141, 121.91526533724, 312.58984375, 2009603, 2, 86
2020.09113084, 53.5161349153373, 121.915245786067, 312.500915527344, 2009603, 2, 85
2020.09113084, 53.5162425808031, 121.915227353297, 312.621429443359, 2009603, 2, 85
2020.09113084, 53.5163754493086, 121.915204695843, 312.767578125, 2009603, 2, 85
2020.09113084, 53.5164576352752, 121.915190731464, 312.802947998047, 2009603, 2, 85
2020.09113084, 53.5165524009294, 121.915174683568, 312.775817871094, 2009603, 2, 82
2020.09113084, 53.5166660254041, 121.915155552765, 312.739807128906, 2009603, 2, 82
2020.09113084, 53.5167921743572, 121.915134435691, 312.753570556641, 2009603, 2, 76
2020.09113084, 53.5169120674364, 121.915114455416, 313.014190673828, 2009603, 2, 76
2020.09112783, 47.4810898077724, 122.880522762432, 213.550018310547, 2009593, 3, 63
2020.09112783, 47.4813516831009, 122.88048521319, 213.525970458984, 2009593, 3, 67
2020.09112792, 47.6592535942246, 122.855233332455, 245.061706542969, 2009593, 3, 84
2020.09112792, 47.659540647513, 122.855190786744, 245.03564453125, 2009593, 3, 89
2020.09112792, 47.6598277078172, 122.855148478101, 245.090682983398, 2009593, 3, 88
2020.09112792, 47.6601082592855, 122.85510766395, 245.05793762207, 2009593, 3, 84
2020.09112792, 47.6603885404696, 122.855067805913, 245.093338012695, 2009593, 3, 84
2020.09112792, 47.6606367359183, 122.85503286566, 245.060806274414, 2009593, 3, 80
2020.09112792, 47.6608720078025, 122.855000067114, 245.166290283203, 2009593, 3, 79
2020.09112792, 47.6611451576216, 122.854961969036, 245.368789672852, 2009593, 3, 79
2020.09112792, 47.6613927070401, 122.854927518851, 245.409240722656, 2009593, 3, 80
2020.09112792, 47.6616844535124, 122.854886674465, 245.408264160156, 2009593, 3, 84
2020.09112792, 47.661950851731, 122.854849342257, 245.325271606445, 2009593, 3, 85
2020.09112792, 47.6622173442915, 122.854811748406, 245.139755249023, 2009593, 3, 77
2020.09112792, 47.6624840260522, 122.854773961129, 245.233749389648, 2009593, 3, 57
2020.09112792, 47.6670380733315, 122.854124086536, 245.434829711914, 2009593, 3, 73
2020.09112792, 47.6673057973792, 122.854085062886, 245.419967651367, 2009593, 3, 73
2020.09112792, 47.6675732626208, 122.854046482833, 245.17463684082, 2009593, 3, 66
2020.09113078, 53.427314252821, 121.977318887668, 296.622161865234, 2009603, 3, 81
2020.09113078, 53.4276824276473, 121.977259780822, 295.428680419922, 2009603, 3, 91
2020.09113078, 53.428095469203, 121.977192243028, 294.894805908203, 2009603, 3, 92
2020.09113079, 53.428534873839, 121.977117727766, 294.900909423828, 2009603, 3, 92
2020.09113079, 53.4289807475691, 121.97704217931, 294.967926025391, 2009603, 3, 93
2020.09113079, 53.4294072270603, 121.976971419003, 294.931671142578, 2009603, 3, 92
2020.09113079, 53.4297820689163, 121.976911633711, 294.911163330078, 2009603, 3, 79
2020.09112784, 47.4780459338901, 122.882147624039, 213.640350341797, 2009593, 4, 57
2020.09112784, 47.4781476471372, 122.88213324259, 213.611312866211, 2009593, 4, 57
2020.09112784, 47.4783446673624, 122.882105731288, 213.186737060547, 2009593, 4, 58
2020.09112784, 47.480820818977, 122.881758158618, 213.44270324707, 2009593, 4, 68
2020.09112784, 47.4809037338204, 122.8817464159, 213.43049621582, 2009593, 4, 63
2020.09112784, 47.4809866297601, 122.881734752444, 213.493286132812, 2009593, 4, 63
2020.09112784, 47.4810695233923, 122.881722987523, 213.558837890625, 2009593, 4, 64
2020.09112784, 47.4811524059318, 122.881711200511, 213.523544311523, 2009593, 4, 64
2020.09112784, 47.4812416344857, 122.881698572185, 213.700531005859, 2009593, 4, 64
2020.09112793, 47.6615538383766, 122.856102568815, 245.173278808594, 2009593, 4, 57
2020.09112793, 47.6616297716883, 122.856091100018, 245.195693969727, 2009593, 4, 57
2020.09112793, 47.6617183950429, 122.856077716268, 245.261749267578, 2009593, 4, 57
2020.09112793, 47.6618007153649, 122.856065446507, 245.270950317383, 2009593, 4, 71
2020.09112793, 47.6618831034745, 122.856053006821, 245.314849853516, 2009593, 4, 71
2020.09112793, 47.661965530774, 122.856040730921, 245.36328125, 2009593, 4, 71
2020.09112793, 47.6620353310097, 122.856030307854, 245.292572021484, 2009593, 4, 77
2020.09112793, 47.6621178691022, 122.856018082506, 245.330368041992, 2009593, 4, 77
2020.09112793, 47.6621941156037, 122.856006863414, 245.346984863281, 2009593, 4, 77
2020.09112793, 47.6622704187736, 122.8559956818, 245.344512939453, 2009593, 4, 90
2020.09112793, 47.6623531406614, 122.85598365291, 245.33366394043, 2009593, 4, 90
2020.09112793, 47.6624420371246, 122.855970454083, 245.354614257812, 2009593, 4, 90
2020.09112793, 47.6625314993282, 122.855958012069, 245.350952148438, 2009593, 4, 85
2020.09112793, 47.6626082397181, 122.855947379808, 245.354629516602, 2009593, 4, 85
2020.09112793, 47.6626914108256, 122.855935984889, 245.36083984375, 2009593, 4, 85
2020.09112793, 47.6627682220584, 122.855925446413, 245.417877197266, 2009593, 4, 64
2020.09112793, 47.6628450451044, 122.855915036255, 245.42903137207, 2009593, 4, 64
2020.09112793, 47.6629282920117, 122.855903726353, 245.430191040039, 2009593, 4, 64
2020.09112793, 47.6655431818536, 122.855538263295, 246.249710083008, 2009593, 4, 76
2020.09112793, 47.6660043511488, 122.855473998999, 245.438842773438, 2009593, 4, 77
2020.09112793, 47.6660809559418, 122.85546323559, 245.357025146484, 2009593, 4, 77
2020.09112793, 47.6661638500924, 122.855451479804, 245.304916381836, 2009593, 4, 77
2020.09112793, 47.6662529817835, 122.85543888883, 245.208786010742, 2009593, 4, 85
2020.09112793, 47.6663231805035, 122.855428991941, 245.312850952148, 2009593, 4, 85
2020.09112793, 47.666392686565, 122.855418935338, 245.374771118164, 2009593, 4, 85
2020.09112793, 47.6664747272309, 122.855407145439, 245.395645141602, 2009593, 4, 85
2020.09112793, 47.6665503938205, 122.855396214231, 245.401245117188, 2009593, 4, 88
2020.09112793, 47.6666323126805, 122.85538430514, 245.399261474609, 2009593, 4, 88
2020.09112793, 47.6667079006129, 122.855373261443, 245.349624633789, 2009593, 4, 88
2020.09112793, 47.6667834657791, 122.855362233829, 245.382217407227, 2009593, 4, 76
2020.09112793, 47.6668653183617, 122.855350305218, 245.498748779297, 2009593, 4, 76
2020.09112793, 47.6669408934493, 122.855339249131, 245.41682434082, 2009593, 4, 76
2020.0911308, 53.4274081685308, 121.978651703949, 295.873748779297, 2009603, 4, 85
2020.0911308, 53.4275347695019, 121.978630885821, 295.604278564453, 2009603, 4, 92
2020.0911308, 53.4276804648272, 121.978607154481, 295.417785644531, 2009603, 4, 92
2020.0911308, 53.4278009282794, 121.978587633149, 295.381530761719, 2009603, 4, 91
2020.0911308, 53.427946747253, 121.978564206364, 295.144287109375, 2009603, 4, 91
2020.0911308, 53.4280740966591, 121.978544032311, 295.025115966797, 2009603, 4, 92
2020.0911308, 53.4282078948619, 121.978523026795, 294.991058349609, 2009603, 4, 92
2020.0911308, 53.4283353915899, 121.978503015091, 294.996612548828, 2009603, 4, 92
2020.0911308, 53.4284629205737, 121.97848299864, 294.997619628906, 2009603, 4, 92
2020.0911308, 53.4285904584649, 121.97846292483, 294.9716796875, 2009603, 4, 92
2020.0911308, 53.428730721485, 121.978440848037, 295.028076171875, 2009603, 4, 92
2020.0911308, 53.4288518142665, 121.978421688237, 294.992797851562, 2009603, 4, 92
2020.0911308, 53.4290046886073, 121.978397384807, 295.004333496094, 2009603, 4, 91
2020.0911308, 53.4291447259649, 121.978374953001, 294.987213134766, 2009603, 4, 91
2020.0911308, 53.4292846244133, 121.978352383592, 294.983489990234, 2009603, 4, 90
2020.0911308, 53.4294304124818, 121.978328343005, 294.970397949219, 2009603, 4, 90
2020.0911308, 53.429557145212, 121.978307337597, 294.957702636719, 2009603, 4, 89
2020.0911308, 53.4297155501485, 121.978281021304, 294.961456298828, 2009603, 4, 89
2020.0911308, 53.4298359747767, 121.978260925636, 294.96923828125, 2009603, 4, 87
2020.0911308, 53.4299818306949, 121.97823648848, 295.507476806641, 2009603, 4, 87
2020.09113082, 53.4786716373395, 121.970254550915, 303.964874267578, 2009603, 4, 65
2020.09113082, 53.4792182057877, 121.970165856883, 303.608367919922, 2009603, 4, 85
2020.09113082, 53.479452352314, 121.970128556308, 303.674194335938, 2009603, 4, 74
2020.09113082, 53.4804607383535, 121.96996881794, 304.138427734375, 2009603, 4, 63
2020.09113082, 53.4819658295005, 121.969720295545, 303.98779296875, 2009603, 4, 83
2020.09113082, 53.4822418780349, 121.96967385349, 303.938323974609, 2009603, 4, 85
2020.09113082, 53.4824912115231, 121.969632083356, 303.921813964844, 2009603, 4, 85
2020.09113082, 53.4827326399311, 121.969591875976, 303.711364746094, 2009603, 4, 84
2020.09113082, 53.4829595011373, 121.969554358371, 303.65673828125, 2009603, 4, 71
2020.09113082, 53.4831607476483, 121.96952140314, 303.673248291016, 2009603, 4, 82
2020.09113082, 53.4833681988818, 121.969487856867, 303.699676513672, 2009603, 4, 64
2020.09113082, 53.4835695812388, 121.969455654259, 303.661010742188, 2009603, 4, 64
2020.09113082, 53.4837335225197, 121.969429731363, 303.606903076172, 2009603, 4, 64
2020.09113078, 53.4234401487073, 122.02676345328, 293.273651123047, 2009603, 5, 94
2020.09113078, 53.4237842222051, 122.026704619592, 293.259979248047, 2009603, 5, 94
2020.09113078, 53.4242038961849, 122.026633751434, 293.352264404297, 2009603, 5, 94
2020.09113078, 53.4245969141745, 122.026570687866, 293.349365234375, 2009603, 5, 94
2020.09113078, 53.4250021561564, 122.026506779224, 293.377563476562, 2009603, 5, 93
2020.09113081, 53.4756334615309, 122.018247861726, 302.054901123047, 2009603, 5, 88
2020.09113081, 53.4760686434452, 122.018176245178, 302.048614501953, 2009603, 5, 64
2020.09113079, 53.4231509402658, 122.028054376789, 293.322296142578, 2009603, 6, 92
2020.09113079, 53.4232398597065, 122.028039061663, 293.253479003906, 2009603, 6, 92
2020.09113079, 53.4233288226441, 122.028023781998, 293.342712402344, 2009603, 6, 93
2020.09113079, 53.4234305427041, 122.02800649691, 293.409210205078, 2009603, 6, 93
2020.09113079, 53.4235323231053, 122.027989292615, 293.435821533203, 2009603, 6, 92
2020.09113079, 53.4236405275226, 122.027971023436, 293.338562011719, 2009603, 6, 92
2020.09113079, 53.4237424254237, 122.027953920027, 293.361968994141, 2009603, 6, 92
2020.09113079, 53.4238571140125, 122.02793487547, 293.304077148438, 2009603, 6, 93
2020.09113079, 53.4239527334755, 122.027919072105, 293.265686035156, 2009603, 6, 93
2020.09113079, 53.4240483798824, 122.027903439986, 293.211547851562, 2009603, 6, 93
2020.09113079, 53.4241503683222, 122.027886835769, 293.224914550781, 2009603, 6, 93
2020.09113079, 53.4242398106826, 122.027872747318, 293.254669189453, 2009603, 6, 93
2020.09113079, 53.4243292491685, 122.02785892457, 293.204071044922, 2009603, 6, 94
2020.09113079, 53.4244314568174, 122.027843042576, 293.211730957031, 2009603, 6, 94
2020.09113079, 53.424520865085, 122.027829252784, 293.22265625, 2009603, 6, 94
2020.09113079, 53.4246038576225, 122.027816490238, 293.202423095703, 2009603, 6, 94
2020.09113079, 53.4246931933717, 122.02780271829, 293.224853515625, 2009603, 6, 94
2020.09113079, 53.4247761038098, 122.02778995729, 293.216613769531, 2009603, 6, 94
2020.09113079, 53.4248717071917, 122.027775187588, 293.245056152344, 2009603, 6, 94
2020.09113079, 53.4249672433831, 122.027760266545, 293.402191162109, 2009603, 6, 94
2020.09113079, 53.4250626925755, 122.027745458329, 293.602996826172, 2009603, 6, 92
2020.09113079, 53.4251517053126, 122.027731470181, 293.725372314453, 2009603, 6, 92
2020.09113079, 53.4252469915546, 122.027716468798, 293.792602539062, 2009603, 6, 92
2020.09113079, 53.4253612201249, 122.02769827972, 293.904235839844, 2009603, 6, 91
2020.09113079, 53.4254689849346, 122.027680927279, 294.083587646484, 2009603, 6, 91
2020.09113079, 53.4255574230883, 122.027666223963, 294.454437255859, 2009603, 6, 76
2020.09113079, 53.4257404918138, 122.027635420036, 295.649291992188, 2009603, 6, 76
2020.09113082, 53.4738284055503, 122.019809672561, 301.502960205078, 2009603, 6, 53
2020.09113082, 53.473962267962, 122.019787485718, 301.439147949219, 2009603, 6, 53
2020.09113082, 53.4740643409767, 122.019770487298, 301.363616943359, 2009603, 6, 83
2020.09113082, 53.4741855992904, 122.019750325654, 301.431762695312, 2009603, 6, 83
2020.09113082, 53.4742941089664, 122.019732303667, 301.620330810547, 2009603, 6, 84
2020.09113082, 53.4744217359508, 122.019711339391, 301.55810546875, 2009603, 6, 84
2020.09113082, 53.4745174197278, 122.019695534622, 301.528869628906, 2009603, 6, 89
2020.09113082, 53.4746194250745, 122.019678763098, 301.629333496094, 2009603, 6, 89
2020.09113082, 53.4747340816807, 122.019660066391, 301.767150878906, 2009603, 6, 89
2020.09113082, 53.4748486260752, 122.019641417516, 301.766479492188, 2009603, 6, 63
2020.09113082, 53.4749633550957, 122.019622862475, 301.720977783203, 2009603, 6, 63
