2020.46199717, 49.2993516014652, 119.588996546543, 600.310363769531, 2009588, 1, 65
2020.46199717, 49.2996699549854, 119.588950409798, 600.330871582031, 2009588, 1, 87
2020.46199717, 49.2999184148074, 119.588915229592, 600.329223632812, 2009588, 1, 88
2020.46199717, 49.3002173337405, 119.58887306273, 600.314270019531, 2009588, 1, 68
2020.46199862, 52.2275007284196, 119.138244666087, 567.063598632812, 2009603, 1, 63
2020.46199862, 52.2275263013971, 119.138241345682, 567.08154296875, 2009603, 1, 63
2020.46199862, 52.2275582588648, 119.138237284859, 567.063354492188, 2009603, 1, 63
2020.46199862, 52.2275902084709, 119.138233310445, 567.125732421875, 2009603, 1, 63
2020.46199862, 52.2276221546182, 119.138229281306, 567.071105957031, 2009603, 1, 63
2020.46199862, 52.2276540955015, 119.138225221529, 567.055969238281, 2009603, 1, 63
2020.46199862, 52.2276796432782, 119.138221944437, 567.086669921875, 2009603, 1, 63
2020.46199862, 52.2277115665232, 119.13821792761, 567.098815917969, 2009603, 1, 63
2020.46199862, 52.2277498633797, 119.138213147233, 567.080688476562, 2009603, 1, 63
2020.46199897, 52.9170169279763, 119.027231726318, 386.223419189453, 2009603, 1, 92
2020.46199897, 52.9170737961708, 119.027222718215, 386.245666503906, 2009603, 1, 92
2020.46199897, 52.9171243791103, 119.027214584599, 386.241363525391, 2009603, 1, 92
2020.46199897, 52.9171876399697, 119.027204488316, 386.242462158203, 2009603, 1, 92
2020.46199897, 52.9172699552185, 119.027191206015, 386.266754150391, 2009603, 1, 87
2020.46199897, 52.9173460096003, 119.027178936625, 386.25537109375, 2009603, 1, 87
2020.46199897, 52.9174219752083, 119.027166713291, 386.262023925781, 2009603, 1, 87
2020.46199897, 52.9195177982729, 119.026799741632, 386.533020019531, 2009603, 1, 63
2020.46199897, 52.9196065034904, 119.026784453271, 386.477081298828, 2009603, 1, 63
2020.46199897, 52.9196888804073, 119.026770274858, 386.490051269531, 2009603, 1, 63
2020.46199897, 52.9197712681614, 119.026756103343, 386.523284912109, 2009603, 1, 93
2020.46199897, 52.9198409932638, 119.026744189559, 386.549346923828, 2009603, 1, 92
2020.46199897, 52.9198917127976, 119.026735540038, 386.542846679688, 2009603, 1, 92
2020.46199897, 52.9199360671619, 119.026727764578, 386.558074951172, 2009603, 1, 92
2020.46199897, 52.9199677875872, 119.026722429737, 386.522735595703, 2009603, 1, 92
2020.46199897, 52.9200058572459, 119.026716122073, 386.529144287109, 2009603, 1, 93
2020.46199897, 52.9200375869695, 119.026710867562, 386.515594482422, 2009603, 1, 93
2020.46199897, 52.9200693238922, 119.026705559208, 386.524963378906, 2009603, 1, 93
2020.46199897, 52.9201010638293, 119.026700270982, 386.506286621094, 2009603, 1, 93
2020.46199897, 52.9201328089501, 119.026695000279, 386.541900634766, 2009603, 1, 93
2020.46199897, 52.9201709107419, 119.026688655092, 386.526550292969, 2009603, 1, 93
2020.46199897, 52.9202026687602, 119.026683284927, 386.543182373047, 2009603, 1, 93
2020.46199897, 52.920240780625, 119.026677027598, 386.534118652344, 2009603, 1, 93
2020.46199897, 52.9202725515899, 119.026671693322, 386.511749267578, 2009603, 1, 93
2020.46199897, 52.920304325767, 119.026666408832, 386.534606933594, 2009603, 1, 93
2020.46199897, 52.9203361079719, 119.026661043393, 386.515686035156, 2009603, 1, 93
2020.46199897, 52.9203678923061, 119.026655774909, 386.545989990234, 2009603, 1, 93
2020.46199897, 52.9203996859338, 119.026650375494, 386.487548828125, 2009603, 1, 93
2020.46199897, 52.920431481864, 119.02664507032, 386.539916992188, 2009603, 1, 93
2020.46199897, 52.9204696462557, 119.026638679151, 386.5732421875, 2009603, 1, 93
2020.46199897, 52.9205141802295, 119.026631243167, 386.576049804688, 2009603, 1, 93
2020.46199897, 52.9205587297367, 119.026623667305, 386.600280761719, 2009603, 1, 93
2020.46199897, 52.9206032860457, 119.026616190715, 386.625549316406, 2009603, 1, 93
2020.46199897, 52.920647853498, 119.026608619818, 386.661651611328, 2009603, 1, 93
2020.46199897, 52.9206924359062, 119.026600991287, 386.686157226562, 2009603, 1, 93
2020.46199897, 52.9207370274803, 119.026593365055, 386.689147949219, 2009603, 1, 93
2020.46199897, 52.9207816300087, 119.026585692971, 386.675842285156, 2009603, 1, 93
2020.46199897, 52.9208262394522, 119.026578033166, 386.656097412109, 2009603, 1, 93
2020.46199897, 52.9208644839576, 119.026571409674, 386.678802490234, 2009603, 1, 93
2020.46199897, 52.9209091098457, 119.026563704044, 386.672760009766, 2009603, 1, 93
2020.46199897, 52.9209473703744, 119.026557024147, 386.715087890625, 2009603, 1, 93
2020.46199897, 52.9209920111417, 119.026549287578, 386.689392089844, 2009603, 1, 93
2020.46199897, 52.921023906846, 119.026543629602, 386.655670166016, 2009603, 1, 93
2020.46199897, 52.921062179728, 119.026536903932, 386.660827636719, 2009603, 1, 93
2020.46199897, 52.9211004579527, 119.026530203289, 386.656280517578, 2009603, 1, 93
2020.46199897, 52.9211387421053, 119.026523441372, 386.683013916016, 2009603, 1, 93
2020.46199897, 52.9211706499292, 119.026517732345, 386.688812255859, 2009603, 1, 93
2020.46199897, 52.9212024230484, 119.026512470972, 386.67578125, 2009603, 1, 93
2020.46199897, 52.9212407705663, 119.026505522931, 386.671539306641, 2009603, 1, 93
2020.46199897, 52.9212727275277, 119.02649967553, 386.673858642578, 2009603, 1, 92
2020.46199897, 52.9213046916404, 119.026493740131, 386.680725097656, 2009603, 1, 92
2020.46199897, 52.9213366534533, 119.026487853788, 386.705413818359, 2009603, 1, 92
2020.46199897, 52.9213686161165, 119.02648193482, 386.671600341797, 2009603, 1, 92
2020.46199897, 52.9213941880224, 119.026477120599, 386.690368652344, 2009603, 1, 92
2020.46199897, 52.9214261497559, 119.026471171127, 386.690216064453, 2009603, 1, 92
2020.46199897, 52.9214581062145, 119.026465297938, 386.693359375, 2009603, 1, 92
2020.46199897, 52.9214900622622, 119.026459316005, 386.706695556641, 2009603, 1, 92
2020.46199897, 52.9215220162917, 119.026453377954, 386.703277587891, 2009603, 1, 89
2020.46199897, 52.9215475805835, 119.026448549013, 386.740905761719, 2009603, 1, 89
2020.46199897, 52.9215795259959, 119.026442663624, 386.717742919922, 2009603, 1, 89
2020.46199897, 52.9216114713595, 119.026436685287, 386.746124267578, 2009603, 1, 89
2020.46199897, 52.9216370263043, 119.026431837504, 386.718872070312, 2009603, 1, 89
2020.46199897, 52.9216689596364, 119.026425941308, 386.720153808594, 2009603, 1, 89
2020.46199897, 52.9216945057056, 119.026421107373, 386.743255615234, 2009603, 1, 89
2020.46199897, 52.9217264318384, 119.026415150444, 386.719787597656, 2009603, 1, 89
2020.46199897, 52.9252692605452, 119.025809340775, 387.056610107422, 2009603, 1, 69
2020.46199897, 52.9253072676883, 119.025802742033, 387.074401855469, 2009603, 1, 69
2020.46199897, 52.9253579245706, 119.025793920104, 387.086120605469, 2009603, 1, 69
2020.46199897, 52.9254275470109, 119.025781875366, 387.101654052734, 2009603, 1, 69
2020.46199864, 52.2277961561489, 119.139774341299, 567.096069335938, 2009603, 2, 59
2020.46199898, 52.9171315858006, 119.028417115548, 386.225952148438, 2009603, 2, 72
2020.46199898, 52.9173285197214, 119.02838357713, 386.210205078125, 2009603, 2, 92
2020.46199898, 52.91746821918, 119.028359507348, 386.224517822266, 2009603, 2, 92
2020.46199898, 52.9193497341543, 119.02804401922, 386.376007080078, 2009603, 2, 84
2020.46199898, 52.9195597204963, 119.028009799896, 386.374938964844, 2009603, 2, 93
2020.46199898, 52.9197697257684, 119.027975567613, 386.373962402344, 2009603, 2, 93
2020.46199898, 52.9199542553455, 119.027945219154, 386.400726318359, 2009603, 2, 93
2020.46199898, 52.9201324359409, 119.027915715157, 386.4150390625, 2009603, 2, 92
2020.46199898, 52.9203169328701, 119.027884861636, 386.440643310547, 2009603, 2, 92
2020.46199898, 52.9204950440398, 119.027855019763, 386.490905761719, 2009603, 2, 92
2020.46199898, 52.9206603740883, 119.027827062425, 386.462860107422, 2009603, 2, 89
2020.46199898, 52.9208129635037, 119.027801246466, 386.532440185547, 2009603, 2, 75
2020.46199898, 52.9209655109234, 119.027775343089, 386.547912597656, 2009603, 2, 75
2020.46199898, 52.9211752219872, 119.027739668841, 386.642944335938, 2009603, 2, 80
2020.46199898, 52.9214927267297, 119.02768557695, 386.657531738281, 2009603, 2, 66
2020.46199899, 52.9448117515378, 119.023907983071, 388.778839111328, 2009603, 2, 80
2020.46199899, 52.9450682905286, 119.023868021542, 388.966766357422, 2009603, 2, 80
2020.46199716, 49.285333408166, 119.635410582816, 601.400085449219, 2009588, 3, 71
2020.46199716, 49.2854038960309, 119.63540039567, 601.403137207031, 2009588, 3, 71
2020.46199716, 49.2854679511841, 119.635391240623, 601.386840820312, 2009588, 3, 71
2020.46199716, 49.2855385014481, 119.635380972987, 601.395751953125, 2009588, 3, 60
2020.46199716, 49.2856218900355, 119.635368800786, 601.408935546875, 2009588, 3, 60
2020.46199716, 49.2857181025566, 119.635354728226, 601.3896484375, 2009588, 3, 60
2020.46199716, 49.2857950591943, 119.635343489709, 601.397766113281, 2009588, 3, 58
2020.46199716, 49.2858655863424, 119.635333201379, 601.395324707031, 2009588, 3, 58
2020.46199716, 49.2859360964243, 119.635322907074, 601.378601074219, 2009588, 3, 58
2020.46199716, 49.2860193805992, 119.635310864383, 601.395629882812, 2009588, 3, 58
2020.46199716, 49.28610264061, 119.635298757571, 601.400390625, 2009588, 3, 58
2020.46199716, 49.2861666417071, 119.635289540355, 601.391357421875, 2009588, 3, 58
2020.46199716, 49.2862434166877, 119.635278446483, 601.398864746094, 2009588, 3, 58
2020.46199716, 49.286326538865, 119.635266480512, 601.414306640625, 2009588, 3, 63
2020.46199716, 49.2864032132402, 119.635255476785, 601.412475585938, 2009588, 3, 63
2020.46199716, 49.2864670659704, 119.635246381044, 601.394836425781, 2009588, 3, 63
2020.46199716, 49.2865181310662, 119.635239070072, 601.37548828125, 2009588, 3, 73
2020.46199716, 49.2865819189488, 119.635230020177, 601.373657226562, 2009588, 3, 73
2020.46199716, 49.2866647971472, 119.635218264631, 601.390625, 2009588, 3, 73
2020.46199716, 49.2867540535612, 119.635205595268, 601.379150390625, 2009588, 3, 85
2020.46199716, 49.2868683905414, 119.63518975264, 601.377502441406, 2009588, 3, 85
2020.46199716, 49.2869826429369, 119.635173981909, 601.374755859375, 2009588, 3, 85
2020.46199716, 49.2870968390118, 119.635158215333, 601.3740234375, 2009588, 3, 87
2020.46199716, 49.2872046594976, 119.635143318327, 601.361083984375, 2009588, 3, 87
2020.46199762, 50.2140095767001, 119.49657592713, 523.102416992188, 2009588, 3, 57
2020.46199762, 50.2140732350524, 119.49656661667, 523.103393554688, 2009588, 3, 57
2020.46199762, 50.2141181164877, 119.496560165301, 523.088134765625, 2009588, 3, 57
2020.46199762, 50.2141501734568, 119.496555621938, 523.040161132812, 2009588, 3, 57
2020.46199762, 50.2141822360981, 119.496551090034, 523.037841796875, 2009588, 3, 57
2020.46199762, 50.2142143043395, 119.496546563802, 523.046264648438, 2009588, 3, 57
2020.46199762, 50.2142463759452, 119.496542046997, 523.053771972656, 2009588, 3, 57
2020.46199762, 50.2142720413884, 119.496538385488, 523.04638671875, 2009588, 3, 57
2020.46199762, 50.214310535836, 119.496532957784, 523.076538085938, 2009588, 3, 57
2020.46199762, 50.2143490230504, 119.496527591816, 523.069763183594, 2009588, 3, 57
2020.46199762, 50.214381106721, 119.496523058253, 523.013671875, 2009588, 3, 57
2020.46199762, 50.2144195951155, 119.496517701752, 523.083435058594, 2009588, 3, 57
2020.46199762, 50.2144773308987, 119.496509633595, 523.154663085938, 2009588, 3, 57
2020.46199897, 52.9288259062321, 119.07335406205, 384.613189697266, 2009603, 3, 79
2020.46199897, 52.9290037597698, 119.073324844428, 384.621429443359, 2009603, 3, 92
2020.46199897, 52.9291368551499, 119.073302631073, 384.604522705078, 2009603, 3, 92
2020.46199897, 52.9293079196808, 119.073273943192, 384.595947265625, 2009603, 3, 93
2020.46199897, 52.9294599601813, 119.073248289491, 384.598236083984, 2009603, 3, 94
2020.46199897, 52.9295486562294, 119.07323324726, 384.588623046875, 2009603, 3, 93
2020.46199897, 52.9296373634582, 119.073218194819, 384.576385498047, 2009603, 3, 93
2020.46199897, 52.9296943957823, 119.073208503456, 384.567596435547, 2009603, 3, 93
2020.46199897, 52.9297451102673, 119.073199805238, 384.566131591797, 2009603, 3, 93
2020.46199897, 52.9298084993902, 119.073189050115, 384.587829589844, 2009603, 3, 94
2020.46199897, 52.9298719100457, 119.073178237093, 384.57177734375, 2009603, 3, 94
2020.46199897, 52.9299226535407, 119.073169540117, 384.562316894531, 2009603, 3, 94
2020.46199897, 52.9299797500683, 119.073159799544, 384.566192626953, 2009603, 3, 94
2020.46199897, 52.9300432145551, 119.073148945631, 384.561584472656, 2009603, 3, 93
2020.46199897, 52.930094003053, 119.073140251854, 384.543762207031, 2009603, 3, 93
2020.46199897, 52.9301321009252, 119.073133733491, 384.537170410156, 2009603, 3, 93
2020.46199897, 52.9301765634341, 119.07312612212, 384.548034667969, 2009603, 3, 93
2020.46199897, 52.9302146546475, 119.073119614811, 384.543273925781, 2009603, 3, 93
2020.46199897, 52.9302528015802, 119.073113060251, 384.520263671875, 2009603, 3, 93
2020.46199897, 52.9302845951306, 119.073107624064, 384.522521972656, 2009603, 3, 93
2020.46199897, 52.9303163962132, 119.073102180625, 384.528411865234, 2009603, 3, 93
2020.46199897, 52.9303545592332, 119.073095680698, 384.495788574219, 2009603, 3, 93
2020.46199897, 52.9303863734733, 119.073090248477, 384.532135009766, 2009603, 3, 93
2020.46199897, 52.9304181983515, 119.07308477995, 384.544036865234, 2009603, 3, 93
2020.46199897, 52.9304500289813, 119.0730793323, 384.529357910156, 2009603, 3, 93
2020.46199897, 52.9304818624188, 119.07307390021, 384.527069091797, 2009603, 3, 93
2020.46199897, 52.9305137043851, 119.073068461332, 384.508483886719, 2009603, 3, 92
2020.46199897, 52.9305519132861, 119.073061991328, 384.565093994141, 2009603, 3, 92
2020.46199897, 52.9305901430102, 119.07305545701, 384.53271484375, 2009603, 3, 92
2020.46199897, 52.9306283832543, 119.073048915016, 384.551361083984, 2009603, 3, 92
2020.46199897, 52.930673002087, 119.073041331682, 384.511322021484, 2009603, 3, 92
2020.46199897, 52.9307176256422, 119.073033799636, 384.529907226562, 2009603, 3, 92
2020.46199897, 52.930755892254, 119.073027287689, 384.502288818359, 2009603, 3, 92
2020.46199897, 52.9307941600506, 119.073020811946, 384.491729736328, 2009603, 3, 92
2020.46199897, 52.9308260654821, 119.073015363578, 384.502227783203, 2009603, 3, 92
2020.46199897, 52.9308643464692, 119.073008924393, 384.484558105469, 2009603, 3, 92
2020.46199897, 52.930902641191, 119.073002434345, 384.501739501953, 2009603, 3, 92
2020.46199897, 52.9309345630484, 119.072997010522, 384.467071533203, 2009603, 3, 93
2020.46199897, 52.9309728674895, 119.072990551301, 384.483032226562, 2009603, 3, 93
2020.46199897, 52.9310111741014, 119.072984121095, 384.503295898438, 2009603, 3, 94
2020.46199897, 52.9310494877632, 119.072977694653, 384.487426757812, 2009603, 3, 94
2020.46199897, 52.9310814290084, 119.072972281386, 384.475372314453, 2009603, 3, 94
2020.46199897, 52.9311133701769, 119.072966899541, 384.502777099609, 2009603, 3, 94
2020.46199897, 52.9311516937157, 119.072960524144, 384.498748779297, 2009603, 3, 94
2020.46199897, 52.9311836436799, 119.072955129729, 384.504608154297, 2009603, 3, 94
2020.46199897, 52.9312219744452, 119.07294874544, 384.501678466797, 2009603, 3, 94
2020.46199897, 52.9312475393994, 119.072944444088, 384.491973876953, 2009603, 3, 94
2020.46199897, 52.9312794855139, 119.072939145835, 384.507446289062, 2009603, 3, 93
2020.46199897, 52.9313114406172, 119.072933804997, 384.517974853516, 2009603, 3, 93
2020.46199897, 52.9313370107328, 119.0729294977, 384.492279052734, 2009603, 3, 93
2020.46199897, 52.9313753531291, 119.072923149574, 384.483551025391, 2009603, 3, 93
2020.46199897, 52.9314009234577, 119.072918853362, 384.493835449219, 2009603, 3, 93
2020.46199897, 52.9314392675909, 119.072912501821, 384.524963378906, 2009603, 3, 93
2020.46199897, 52.931471133993, 119.072907019466, 384.488464355469, 2009603, 3, 93
2020.46199897, 52.9315095181412, 119.072900752407, 384.510131835938, 2009603, 3, 93
2020.46199897, 52.9315415163135, 119.072895435893, 384.509002685547, 2009603, 3, 93
2020.46199897, 52.9315799015012, 119.072889153322, 384.519653320312, 2009603, 3, 93
2020.46199897, 52.9316374810978, 119.072879666079, 384.506378173828, 2009603, 3, 93
2020.46199897, 52.9317334173606, 119.072863980137, 384.537628173828, 2009603, 3, 93
2020.46199897, 52.9318229327356, 119.072849289408, 384.531036376953, 2009603, 3, 94
2020.46199897, 52.9319251876736, 119.072832468453, 384.458801269531, 2009603, 3, 94
2020.46199897, 52.9320401343066, 119.072813616216, 384.468200683594, 2009603, 3, 92
2020.46199897, 52.9323015723351, 119.072770356456, 384.510681152344, 2009603, 3, 89
2020.46199717, 49.2819734811076, 119.637222021109, 601.446350097656, 2009588, 4, 52
2020.46199717, 49.2827798950733, 119.637107041875, 601.422241210938, 2009588, 4, 51
2020.46199717, 49.2833890710701, 119.637019439306, 601.430236816406, 2009588, 4, 64
2020.46199717, 49.283853236472, 119.636952021324, 601.389099121094, 2009588, 4, 86
2020.46199717, 49.2842996910144, 119.636886901059, 601.396850585938, 2009588, 4, 79
2020.46199717, 49.2845617836547, 119.636848618409, 601.395751953125, 2009588, 4, 79
2020.46199717, 49.2849324124977, 119.636794117926, 601.370422363281, 2009588, 4, 59
2020.46199717, 49.2854233643347, 119.636721187366, 601.38232421875, 2009588, 4, 89
2020.46199898, 52.9296651525894, 119.0744858606, 384.531311035156, 2009603, 4, 63
2020.46199898, 52.9297665320641, 119.074469523401, 384.48583984375, 2009603, 4, 89
2020.46199898, 52.9298933671905, 119.074448988451, 384.520935058594, 2009603, 4, 89
2020.46199898, 52.9300521114299, 119.074423130704, 384.4970703125, 2009603, 4, 92
2020.46199898, 52.9301984265803, 119.074399102419, 384.542358398438, 2009603, 4, 92
2020.46199898, 52.9303196219945, 119.074379048506, 384.53662109375, 2009603, 4, 93
2020.46199898, 52.9304472887231, 119.074357807881, 384.475158691406, 2009603, 4, 93
2020.46199898, 52.9305686291382, 119.074337524172, 384.469360351562, 2009603, 4, 93
2020.46199898, 52.9307027673846, 119.074314955938, 384.452484130859, 2009603, 4, 93
2020.46199898, 52.9308241296449, 119.074294478101, 384.460693359375, 2009603, 4, 93
2020.46199898, 52.9309454648217, 119.074273938663, 384.441009521484, 2009603, 4, 93
2020.46199898, 52.9310603682698, 119.074254465756, 384.432922363281, 2009603, 4, 94
2020.46199898, 52.9311879560134, 119.074232795003, 384.437652587891, 2009603, 4, 95
2020.46199898, 52.9313090757151, 119.074212222187, 384.4345703125, 2009603, 4, 94
2020.46199898, 52.9314301046317, 119.074191656908, 384.421966552734, 2009603, 4, 94
2020.46199898, 52.9315380736043, 119.074173268084, 384.424530029297, 2009603, 4, 94
2020.46199898, 52.9316523129973, 119.07415385223, 384.440948486328, 2009603, 4, 94
2020.46199898, 52.9317664880823, 119.074134541484, 384.406951904297, 2009603, 4, 93
2020.46199898, 52.931886949681, 119.074114282242, 384.430877685547, 2009603, 4, 93
2020.46199898, 52.9320010457478, 119.074095265349, 384.412139892578, 2009603, 4, 93
2020.46199898, 52.9321277900744, 119.074074292801, 384.401580810547, 2009603, 4, 93
2020.46199898, 52.9322491597728, 119.074054439287, 384.468139648438, 2009603, 4, 93
2020.46199714, 49.2581243962466, 119.683723236335, 602.639099121094, 2009588, 5, 74
2020.46199714, 49.2582832476338, 119.683700387107, 602.6181640625, 2009588, 5, 84
2020.46199714, 49.2584675622657, 119.683673725844, 602.620300292969, 2009588, 5, 84
2020.46199763, 50.235796728085, 119.538741536399, 524.937072753906, 2009588, 5, 55
2020.46199763, 50.235910792151, 119.538724857394, 524.919067382812, 2009588, 5, 55
2020.46199763, 50.2359551860119, 119.538718353356, 524.918029785156, 2009588, 5, 55
2020.46199763, 50.2359869088343, 119.538713701465, 524.893493652344, 2009588, 5, 55
2020.46199678, 48.5015123247787, 119.794845405813, 683.285095214844, 2009588, 6, 77
2020.46199678, 48.5016397125833, 119.794826394327, 683.253967285156, 2009588, 6, 77
2020.46199678, 48.5017480301823, 119.79481022919, 683.272338867188, 2009588, 6, 77
2020.46199715, 49.2584425440181, 119.685000012632, 602.640319824219, 2009588, 6, 74
