2022.32931565, 50.1148581340268, 136.786018079027, 19.4234352111816, 2009603, 1, 83
2022.32931565, 50.1145408052066, 136.785968313102, 19.5084495544434, 2009603, 1, 87
2022.32931565, 50.1142612245375, 136.785925585537, 19.5291652679443, 2009603, 1, 89
2022.32931565, 50.1139429593322, 136.785878113595, 19.5240097045898, 2009603, 1, 89
2022.32931565, 50.1136624044298, 136.785837156057, 19.5900630950928, 2009603, 1, 89
2022.32931565, 50.1134071480745, 136.785799973061, 19.567741394043, 2009603, 1, 89
2022.32931565, 50.1126397122441, 136.785689808711, 19.5598220825195, 2009603, 1, 90
2022.32931565, 50.1122379852956, 136.785628447904, 19.575366973877, 2009603, 1, 89
2022.32931565, 50.1118252964404, 136.785560666419, 19.610445022583, 2009603, 1, 87
2022.32931565, 50.1115274966054, 136.785510198314, 19.6108779907227, 2009603, 1, 87
2022.32931566, 50.0929136950949, 136.782635564967, 19.5908870697021, 2009603, 1, 53
2022.32931566, 50.0926458178468, 136.782594896252, 19.5992908477783, 2009603, 1, 53
2022.32931566, 50.0924607473704, 136.782566768316, 19.5899868011475, 2009603, 1, 52
2022.32931566, 50.0922883882854, 136.782540704949, 19.6236763000488, 2009603, 1, 52
2022.32931566, 50.0921351932694, 136.782517517157, 19.6402053833008, 2009603, 1, 54
2022.32931566, 50.0919883967937, 136.782495447061, 19.6046752929688, 2009603, 1, 60
2022.32931566, 50.0918352943134, 136.782472347274, 19.5909423828125, 2009603, 1, 60
2022.32931566, 50.0916631395241, 136.782446747906, 19.6145858764648, 2009603, 1, 62
2022.32931566, 50.0914466153612, 136.782414673738, 19.6326084136963, 2009603, 1, 67
2022.32931566, 50.091198524994, 136.782377876317, 19.6337032318115, 2009603, 1, 72
2022.32931566, 50.0909888436033, 136.782346594104, 19.6112880706787, 2009603, 1, 75
2022.32931566, 50.0907603574838, 136.782312184554, 19.6370697021484, 2009603, 1, 75
2022.32931566, 50.0904941473736, 136.782271405708, 19.6503143310547, 2009603, 1, 74
2022.32931566, 50.0902850907464, 136.782238908203, 19.6260299682617, 2009603, 1, 77
2022.32931566, 50.0899876519818, 136.782191769083, 19.6232643127441, 2009603, 1, 76
2022.32931566, 50.0897473572761, 136.782153177425, 19.6097030639648, 2009603, 1, 76
2022.32931566, 50.0895387482162, 136.782119488383, 19.5680828094482, 2009603, 1, 76
2022.32931566, 50.0893112027117, 136.782082426178, 19.5791339874268, 2009603, 1, 77
2022.32931566, 50.0890773719171, 136.782044206829, 19.6462326049805, 2009603, 1, 77
2022.32931566, 50.0888307980419, 136.782004083458, 19.6132411956787, 2009603, 1, 75
2022.32931566, 50.0885901124332, 136.781965479631, 19.5628757476807, 2009603, 1, 71
2022.32931566, 50.0883551991965, 136.781928687543, 19.5446853637695, 2009603, 1, 71
2022.32931566, 50.0880814661329, 136.781886687824, 19.5847568511963, 2009603, 1, 67
2022.32931566, 50.0877875090469, 136.781843454758, 19.6063041687012, 2009603, 1, 62
2022.32931567, 50.0780642957319, 136.780366631384, 19.6466636657715, 2009603, 1, 82
2022.32931567, 50.0778121165909, 136.780327902378, 19.6103954315186, 2009603, 1, 92
2022.32931567, 50.0775397187462, 136.780286022735, 19.5595626831055, 2009603, 1, 96
2022.32931567, 50.0772538463182, 136.780242374899, 19.5409297943115, 2009603, 1, 95
2022.32931567, 50.0769863863572, 136.78020160436, 19.6199722290039, 2009603, 1, 95
2022.32931567, 50.0765970442311, 136.780142906115, 19.6025047302246, 2009603, 1, 93
2022.32931567, 50.0762392609951, 136.780089221687, 19.5533428192139, 2009603, 1, 89
2022.32931567, 50.0758301624102, 136.78002874681, 19.5478324890137, 2009603, 1, 89
2022.32931567, 50.0753444216999, 136.77995785236, 19.6516628265381, 2009603, 1, 66
2022.32931567, 50.0711786855455, 136.779339128731, 19.6152038574219, 2009603, 1, 64
2022.32931567, 50.0694853482605, 136.779084817859, 19.6320495605469, 2009603, 1, 62
2022.32931567, 50.0691810773758, 136.779040581981, 19.5962314605713, 2009603, 1, 62
2022.32931569, 50.0341716029029, 136.773902957407, 19.7895832061768, 2009603, 1, 69
2022.32931569, 50.0339287581908, 136.773868318987, 19.8375873565674, 2009603, 1, 77
2022.32931569, 50.0337054212535, 136.773836750305, 19.7740917205811, 2009603, 1, 77
2022.32931569, 50.0334252423035, 136.773796944368, 19.7527618408203, 2009603, 1, 75
2022.32931569, 50.0332155302007, 136.77376708513, 19.7729110717773, 2009603, 1, 69
2022.32931569, 50.0330000111779, 136.773735462215, 19.8311672210693, 2009603, 1, 69
2022.32931569, 50.0273779815061, 136.772911981583, 19.7175903320312, 2009603, 1, 60
2022.32931569, 50.0269228281114, 136.772844802069, 19.8565063476562, 2009603, 1, 77
2022.32931569, 50.0265547189403, 136.772792992654, 19.73264503479, 2009603, 1, 81
2022.32931569, 50.0261792995706, 136.772740040385, 19.7041015625, 2009603, 1, 83
2022.32931569, 50.0257137729604, 136.772673274021, 19.7571048736572, 2009603, 1, 87
2022.32931569, 50.0252605213878, 136.772605060723, 19.7559719085693, 2009603, 1, 89
2022.32931569, 50.0248077077802, 136.772535967265, 19.7497997283936, 2009603, 1, 95
2022.3293157, 50.0244258513257, 136.772478810347, 19.7756099700928, 2009603, 1, 97
2022.3293157, 50.0239880508085, 136.772416382471, 19.735445022583, 2009603, 1, 96
2022.3293157, 50.0235631282815, 136.772356757246, 19.7623863220215, 2009603, 1, 96
2022.3293157, 50.023105592976, 136.772291147108, 19.7713241577148, 2009603, 1, 97
2022.3293157, 50.0227158863677, 136.772231537653, 19.7980861663818, 2009603, 1, 97
2022.3293157, 50.0222300159649, 136.772155178797, 19.7650299072266, 2009603, 1, 97
2022.3293157, 50.0218535236692, 136.772095736761, 19.7331066131592, 2009603, 1, 97
2022.3293157, 50.0211615595788, 136.771989182369, 19.7315540313721, 2009603, 1, 97
2022.3293157, 50.0207816268903, 136.771932370777, 19.7281246185303, 2009603, 1, 97
2022.3293157, 50.0204205697666, 136.771879612637, 19.755256652832, 2009603, 1, 98
2022.3293157, 50.0200843781902, 136.771831313233, 19.7632064819336, 2009603, 1, 97
2022.3293157, 50.0197474892076, 136.771782486843, 19.7490615844727, 2009603, 1, 96
2022.3293157, 50.0193843878299, 136.771728490552, 19.711877822876, 2009603, 1, 97
2022.3293157, 50.0189947483823, 136.771667915793, 19.7635917663574, 2009603, 1, 97
2022.3293157, 50.0185920435529, 136.77160488706, 19.7743473052979, 2009603, 1, 97
2022.3293157, 50.0182348964894, 136.771550954417, 19.7614097595215, 2009603, 1, 96
2022.3293157, 50.0178347066101, 136.771494236659, 19.7747535705566, 2009603, 1, 97
2022.3293157, 50.01749312187, 136.771449771472, 19.6915168762207, 2009603, 1, 98
2022.3293157, 50.017131920191, 136.771401930056, 19.7933349609375, 2009603, 1, 98
2022.3293157, 50.0168138059605, 136.771357727339, 19.7961673736572, 2009603, 1, 98
2022.3293157, 50.016435690863, 136.771300427019, 19.8164539337158, 2009603, 1, 98
2022.3293157, 50.0160626344903, 136.771239807729, 19.8135108947754, 2009603, 1, 98
2022.3293157, 50.015703317815, 136.77118021976, 19.745532989502, 2009603, 1, 98
2022.3293157, 50.0149482795192, 136.771058440597, 19.812572479248, 2009603, 1, 97
2022.3293157, 50.0146462436448, 136.771012618974, 19.7820587158203, 2009603, 1, 98
2022.3293157, 50.0143067009334, 136.770962443189, 19.8021259307861, 2009603, 1, 97
2022.3293157, 50.013966238622, 136.770913958413, 19.8064136505127, 2009603, 1, 96
2022.3293157, 50.0135864874535, 136.770860225874, 19.8437786102295, 2009603, 1, 96
2022.3293157, 50.0132565294806, 136.770812971271, 19.8004627227783, 2009603, 1, 97
2022.3293157, 50.0128688122892, 136.770755613934, 19.8072261810303, 2009603, 1, 97
2022.3293157, 50.012531812016, 136.770703009812, 19.8186988830566, 2009603, 1, 97
2022.3293157, 50.0121756342221, 136.770646663206, 19.8497734069824, 2009603, 1, 97
2022.3293157, 50.01181941741, 136.770591118278, 19.8350486755371, 2009603, 1, 96
2022.3293157, 50.0114187588521, 136.770530586165, 19.8151931762695, 2009603, 1, 97
2022.3293157, 50.0110881041121, 136.770482470739, 19.8195266723633, 2009603, 1, 96
2022.3293157, 50.0107956184374, 136.770440134216, 19.8620700836182, 2009603, 1, 96
2022.3293157, 50.010420436688, 136.770385272045, 19.8249168395996, 2009603, 1, 96
2022.3293157, 50.010076979435, 136.770333340426, 19.8779697418213, 2009603, 1, 96
2022.3293157, 50.0097014676595, 136.770275262998, 19.8724613189697, 2009603, 1, 97
2022.3293157, 50.0093383696005, 136.770218130546, 19.9122543334961, 2009603, 1, 96
2022.3293157, 50.0089940601971, 136.770163770054, 19.8722286224365, 2009603, 1, 96
2022.3293157, 50.0086303747438, 136.770106383273, 19.8386039733887, 2009603, 1, 96
2022.3293157, 50.0082410693122, 136.770045898062, 19.8893299102783, 2009603, 1, 96
2022.3293157, 50.0078520076387, 136.769986319542, 19.9272060394287, 2009603, 1, 97
2022.3293157, 50.0074377108658, 136.769924310021, 19.8852519989014, 2009603, 1, 97
2022.3293157, 50.0070497768085, 136.769866447326, 19.89111328125, 2009603, 1, 97
2022.3293157, 50.0066945353202, 136.769812822759, 19.8581352233887, 2009603, 1, 95
2022.3293157, 50.006340228631, 136.769758220308, 19.9565391540527, 2009603, 1, 95
2022.3293157, 50.0060117422936, 136.76970669044, 19.9328994750977, 2009603, 1, 95
2022.3293157, 50.0056640724553, 136.769651150391, 19.9160919189453, 2009603, 1, 95
2022.3293157, 50.0052649407195, 136.769587301566, 19.89990234375, 2009603, 1, 94
2022.3293157, 50.0049021026063, 136.769529299367, 19.9708709716797, 2009603, 1, 97
2022.32931571, 50.0042065089204, 136.769420541254, 19.8926734924316, 2009603, 1, 98
2022.32931571, 50.0034538809765, 136.769307550845, 19.9188995361328, 2009603, 1, 97
2022.32931571, 50.0031477359539, 136.769262102506, 19.9196186065674, 2009603, 1, 97
2022.32931571, 50.0024320396315, 136.7691546379, 19.9407787322998, 2009603, 1, 97
2022.32931571, 50.0020739142395, 136.769099250861, 19.9365139007568, 2009603, 1, 97
2022.32931571, 50.0017612646567, 136.769050104869, 19.986837387085, 2009603, 1, 97
2022.32931571, 50.0013543998984, 136.768985420102, 19.9534702301025, 2009603, 1, 97
2022.32931571, 50.001006590966, 136.768929687505, 19.9277935028076, 2009603, 1, 97
2022.32931571, 50.0006782949159, 136.768876664404, 20.0000286102295, 2009603, 1, 97
2022.32931571, 50.0002868157408, 136.768813318989, 19.9681091308594, 2009603, 1, 97
2022.32931571, 49.9998879628215, 136.76874890505, 19.9482440948486, 2009603, 1, 98
2022.32931571, 49.9995770675664, 136.768698855249, 19.9350452423096, 2009603, 1, 97
2022.32931571, 49.9992150528989, 136.768641409624, 19.9075832366943, 2009603, 1, 97
2022.32931571, 49.9988529195633, 136.768584406321, 19.9166774749756, 2009603, 1, 97
2022.32931571, 49.9984213074847, 136.768517483038, 19.9881210327148, 2009603, 1, 97
2022.32931571, 49.998116327083, 136.768470134922, 19.980598449707, 2009603, 1, 97
2022.32931571, 49.9978427868222, 136.768427319765, 19.9729671478271, 2009603, 1, 98
2022.32931571, 49.9975561536083, 136.768381799992, 19.9944114685059, 2009603, 1, 97
2022.32931571, 49.9971987526745, 136.768324059532, 19.9817657470703, 2009603, 1, 98
2022.32931571, 49.9966182455615, 136.768229751278, 19.9585800170898, 2009603, 1, 97
2022.32931571, 49.996268214938, 136.768173049662, 20.0183963775635, 2009603, 1, 97
2022.32931571, 49.9955518876636, 136.76805927845, 19.9731884002686, 2009603, 1, 97
2022.32931571, 49.9951915837746, 136.768002695049, 19.9787921905518, 2009603, 1, 97
2022.32931571, 49.9948569118255, 136.76795032543, 20.0158424377441, 2009603, 1, 98
2022.32931571, 49.9944588736272, 136.767888147684, 19.9852752685547, 2009603, 1, 98
2022.32931571, 49.9940916019403, 136.767830414823, 20.010721206665, 2009603, 1, 98
2022.32931571, 49.9937104530498, 136.76776987426, 19.9932632446289, 2009603, 1, 98
2022.32931571, 49.9933725515076, 136.76771556204, 19.9808502197266, 2009603, 1, 98
2022.32931571, 49.9930150572771, 136.767658375568, 19.9902591705322, 2009603, 1, 97
2022.32931571, 49.9926574830648, 136.767601866364, 20.0169525146484, 2009603, 1, 97
2022.32931571, 49.992274952428, 136.767542385076, 20.0259037017822, 2009603, 1, 98
2022.32931571, 49.9915423176762, 136.767428091926, 20.0012874603271, 2009603, 1, 98
2022.32931571, 49.9912043333416, 136.767373432303, 20.0424823760986, 2009603, 1, 98
2022.32931571, 49.9907890763062, 136.767303594932, 20.0660400390625, 2009603, 1, 98
2022.32931571, 49.990437907421, 136.767244095272, 20.0587577819824, 2009603, 1, 98
2022.32931571, 49.9900745038257, 136.767182882134, 20.0562858581543, 2009603, 1, 98
2022.32931571, 49.9897629051895, 136.767131653859, 20.0138092041016, 2009603, 1, 98
2022.32931571, 49.989420061127, 136.767076325563, 20.0640201568604, 2009603, 1, 98
2022.32931571, 49.9886766160266, 136.766960237179, 19.9780464172363, 2009603, 1, 98
2022.32931571, 49.9883642283037, 136.76691252463, 20.0462951660156, 2009603, 1, 97
2022.32931571, 49.9880200334024, 136.766859330376, 20.0480880737305, 2009603, 1, 98
2022.32931571, 49.9873714656369, 136.766755451166, 20.0664806365967, 2009603, 1, 97
2022.32931571, 49.9869980332086, 136.766692282728, 20.0326881408691, 2009603, 1, 98
2022.32931571, 49.986625013284, 136.766629236949, 20.0254154205322, 2009603, 1, 98
2022.32931571, 49.9855097377942, 136.766450882371, 19.9974460601807, 2009603, 1, 98
2022.32931571, 49.9851153273426, 136.766388732061, 20.0207481384277, 2009603, 1, 97
2022.32931571, 49.9847330135872, 136.766326405024, 20.0465145111084, 2009603, 1, 98
2022.32931572, 49.9843759158877, 136.766266184834, 20.0187606811523, 2009603, 1, 98
2022.32931572, 49.9839809144848, 136.766199156619, 20.03346824646, 2009603, 1, 97
2022.32931572, 49.9836245812203, 136.766139554928, 20.0402774810791, 2009603, 1, 97
2022.32931572, 49.9832502532883, 136.766078792788, 20.0318508148193, 2009603, 1, 97
2022.32931572, 49.9829392184659, 136.766029409493, 20.0733337402344, 2009603, 1, 97
2022.32931572, 49.9825959159406, 136.765975201825, 20.0371341705322, 2009603, 1, 97
2022.32931572, 49.9822389019873, 136.765918843501, 20.0574035644531, 2009603, 1, 98
2022.32931572, 49.9818232039497, 136.765852527247, 20.04762840271, 2009603, 1, 98
2022.32931572, 49.9814587290804, 136.765793621828, 20.0502395629883, 2009603, 1, 98
2022.32931572, 49.9810949931148, 136.765733691866, 20.0401210784912, 2009603, 1, 98
2022.32931572, 49.9807644687527, 136.765678020349, 20.0594940185547, 2009603, 1, 98
2022.32931572, 49.9804475223867, 136.765624758872, 20.0723724365234, 2009603, 1, 98
2022.32931572, 49.9800743776081, 136.765562702817, 20.0794906616211, 2009603, 1, 97
2022.32931572, 49.9797396085474, 136.765508182348, 20.0762100219727, 2009603, 1, 97
2022.32931572, 49.9794238343264, 136.765458574603, 20.0922470092773, 2009603, 1, 97
2022.32931572, 49.9791456167028, 136.76541481857, 20.0401725769043, 2009603, 1, 97
2022.32931572, 49.9788033960887, 136.765360632777, 20.1161060333252, 2009603, 1, 97
2022.32931572, 49.9784410057454, 136.765301903958, 20.0965385437012, 2009603, 1, 98
2022.32931572, 49.978070960357, 136.765240026965, 20.1011543273926, 2009603, 1, 97
2022.32931572, 49.9777259083347, 136.765182810781, 20.0624198913574, 2009603, 1, 98
2022.32931572, 49.977304150356, 136.765113739423, 20.0971221923828, 2009603, 1, 98
2022.32931572, 49.9769660282524, 136.765061639528, 20.0854110717773, 2009603, 1, 97
2022.32931572, 49.9765775062951, 136.76500163482, 20.1499671936035, 2009603, 1, 97
2022.32931572, 49.9761896928787, 136.764939838237, 20.0870704650879, 2009603, 1, 97
2022.32931572, 49.9758215151072, 136.764877579134, 20.1130352020264, 2009603, 1, 97
2022.32931572, 49.9754155969576, 136.764805715707, 20.1168537139893, 2009603, 1, 97
2022.32931572, 49.9750668051209, 136.764744010043, 20.0514049530029, 2009603, 1, 97
2022.32931572, 49.9747305090603, 136.76468586019, 20.0974807739258, 2009603, 1, 96
2022.32931572, 49.9743749507319, 136.764628276041, 20.0724239349365, 2009603, 1, 95
2022.32931572, 49.9735670789694, 136.764499881985, 20.0946578979492, 2009603, 1, 94
2022.32931572, 49.9726816635189, 136.76435166388, 20.0939273834229, 2009603, 1, 94
2022.32931572, 49.9723135117685, 136.764289010104, 20.0751533508301, 2009603, 1, 94
2022.32931572, 49.9719973825167, 136.764235984766, 20.0910148620605, 2009603, 1, 94
2022.32931572, 49.9716503239359, 136.764178830698, 20.1049709320068, 2009603, 1, 95
2022.32931572, 49.971296179011, 136.764120932554, 20.0929164886475, 2009603, 1, 93
2022.32931572, 49.9704669128367, 136.763986400171, 20.1246356964111, 2009603, 1, 94
2022.32931572, 49.9700701120943, 136.763921854536, 20.1481323242188, 2009603, 1, 94
2022.32931572, 49.9696685023954, 136.763856228919, 20.1178512573242, 2009603, 1, 94
2022.32931572, 49.9692526891341, 136.763786972872, 20.1190948486328, 2009603, 1, 92
2022.32931572, 49.9684774255806, 136.763658088246, 20.0633907318115, 2009603, 1, 95
2022.32931572, 49.9680250109387, 136.763583538899, 20.0936412811279, 2009603, 1, 95
2022.32931572, 49.9676281547154, 136.763518848876, 20.1463470458984, 2009603, 1, 93
2022.32931572, 49.9672381098787, 136.763455952162, 20.108247756958, 2009603, 1, 90
2022.32931572, 49.9669325914798, 136.763407290253, 20.0852203369141, 2009603, 1, 90
2022.32931572, 49.9666032647376, 136.763354465204, 20.1617069244385, 2009603, 1, 90
2022.32931572, 49.9662241306255, 136.763292910194, 20.1705093383789, 2009603, 1, 91
2022.32931572, 49.9658326005244, 136.763227511709, 20.1509532928467, 2009603, 1, 91
2022.32931572, 49.9654781779725, 136.763165725131, 20.1457996368408, 2009603, 1, 90
2022.32931572, 49.9646014681092, 136.763013993868, 20.1421928405762, 2009603, 1, 89
2022.32931573, 49.9642317064663, 136.762953616177, 20.1045894622803, 2009603, 1, 88
2022.32931573, 49.9634401036693, 136.762827980347, 20.0990905761719, 2009603, 1, 88
2022.32931573, 49.9630317892365, 136.762762553534, 20.1161842346191, 2009603, 1, 89
2022.32931573, 49.9626752292476, 136.762704290206, 20.0913238525391, 2009603, 1, 89
2022.32931573, 49.9623069933465, 136.762643364606, 20.0970993041992, 2009603, 1, 91
2022.32931573, 49.9618893922565, 136.76257365899, 20.1239757537842, 2009603, 1, 92
2022.32931573, 49.9615486982722, 136.762516456427, 20.1270084381104, 2009603, 1, 92
2022.32931573, 49.9611446560255, 136.762448950685, 20.1280078887939, 2009603, 1, 93
2022.32931573, 49.96070146205, 136.762375520034, 20.2285308837891, 2009603, 1, 92
2022.32931573, 49.9603388652058, 136.762316249829, 20.1289825439453, 2009603, 1, 91
2022.32931573, 49.9598862253506, 136.762242954281, 20.1563129425049, 2009603, 1, 92
2022.32931573, 49.9590256678564, 136.762104803968, 20.1271724700928, 2009603, 1, 94
2022.32931573, 49.9583388207738, 136.761994789524, 20.1359214782715, 2009603, 1, 92
2022.32931573, 49.9579132194709, 136.761926521222, 20.1661777496338, 2009603, 1, 86
2022.32931573, 49.9575382419541, 136.761866228288, 20.2187213897705, 2009603, 1, 86
2022.32931573, 49.9571881313365, 136.761809845728, 20.2122840881348, 2009603, 1, 89
2022.32931573, 49.9568628566404, 136.76175746474, 20.1557235717773, 2009603, 1, 89
2022.32931573, 49.9565433323284, 136.761706036848, 20.1880626678467, 2009603, 1, 91
2022.32931573, 49.9561852779517, 136.761647827837, 20.1728935241699, 2009603, 1, 90
2022.32931573, 49.9557764311911, 136.761580395285, 20.1706466674805, 2009603, 1, 91
2022.32931573, 49.9554257560405, 136.761521683082, 20.2418079376221, 2009603, 1, 91
2022.32931573, 49.9550064322128, 136.76145110876, 20.204122543335, 2009603, 1, 91
2022.32931573, 49.9545702164878, 136.761378638935, 20.1962223052979, 2009603, 1, 92
2022.32931573, 49.9539166495705, 136.761273599421, 20.197961807251, 2009603, 1, 93
2022.32931573, 49.9536213712589, 136.761226876815, 20.2032585144043, 2009603, 1, 93
2022.32931573, 49.9532431786753, 136.761166619411, 20.2110710144043, 2009603, 1, 93
2022.32931573, 49.9528623998001, 136.761105332788, 20.2017383575439, 2009603, 1, 93
2022.32931573, 49.9525373538806, 136.761051935951, 20.1962718963623, 2009603, 1, 93
2022.32931573, 49.9517466400055, 136.760921158406, 20.2351169586182, 2009603, 1, 92
2022.32931573, 49.9513782588947, 136.760860344999, 20.1865558624268, 2009603, 1, 92
2022.32931573, 49.9510605229539, 136.760808665939, 20.2236061096191, 2009603, 1, 92
2022.32931573, 49.950665831648, 136.760745743494, 20.2309684753418, 2009603, 1, 91
2022.32931573, 49.9503014901108, 136.760689443914, 20.2332096099854, 2009603, 1, 92
2022.32931573, 49.9498729884816, 136.760623398686, 20.2641468048096, 2009603, 1, 93
2022.32931573, 49.949484082756, 136.760562506344, 20.2326736450195, 2009603, 1, 94
2022.32931573, 49.9490594974157, 136.760493471004, 20.2143077850342, 2009603, 1, 94
2022.32931573, 49.9487630248773, 136.760444142913, 20.2341537475586, 2009603, 1, 95
2022.32931573, 49.9484354215026, 136.760389620062, 20.2761287689209, 2009603, 1, 96
2022.32931573, 49.9480697992248, 136.760329308553, 20.2339897155762, 2009603, 1, 95
2022.32931573, 49.9477409677819, 136.760277145927, 20.2571353912354, 2009603, 1, 96
2022.32931573, 49.9473411798415, 136.760214282595, 20.2412548065186, 2009603, 1, 96
2022.32931573, 49.9469717521318, 136.760156019469, 20.2806282043457, 2009603, 1, 96
2022.32931573, 49.9465883796273, 136.760094480306, 20.2787780761719, 2009603, 1, 97
2022.32931573, 49.9461596500428, 136.760024392053, 20.2586288452148, 2009603, 1, 97
2022.32931573, 49.9458209684163, 136.759968841454, 20.2639904022217, 2009603, 1, 98
2022.32931573, 49.945489456936, 136.759915063092, 20.2308139801025, 2009603, 1, 97
2022.32931573, 49.9451529463199, 136.759861149532, 20.2550754547119, 2009603, 1, 95
2022.32931573, 49.944861514517, 136.759814810707, 20.2711563110352, 2009603, 1, 88
2022.32931573, 49.9446209924447, 136.759777075313, 20.2727565765381, 2009603, 1, 88
2022.32931574, 49.9443868545219, 136.759740531043, 20.2841300964355, 2009603, 1, 63
2022.32931574, 49.9412261826188, 136.759242513684, 20.3328895568848, 2009603, 1, 56
2022.32931574, 49.9410998358974, 136.759223877676, 20.3715553283691, 2009603, 1, 56
2022.32931574, 49.926878443556, 136.757025237576, 20.3428192138672, 2009603, 1, 53
2022.32931574, 49.9265466731922, 136.756973356685, 20.3309650421143, 2009603, 1, 67
2022.32931574, 49.9261699643466, 136.75691644691, 20.3440895080566, 2009603, 1, 88
2022.32931574, 49.9257616071782, 136.756857048272, 20.3293895721436, 2009603, 1, 94
2022.32931574, 49.9253606490701, 136.756799774749, 20.3831520080566, 2009603, 1, 91
2022.32931574, 49.9250497128548, 136.756755614797, 20.3862934112549, 2009603, 1, 89
2022.32931574, 49.9247713043774, 136.756715904626, 20.2958793640137, 2009603, 1, 77
2022.32931574, 49.9244614755803, 136.756670822343, 20.3393211364746, 2009603, 1, 76
2022.32931575, 49.9241198711119, 136.756619604715, 20.354024887085, 2009603, 1, 76
2022.32931575, 49.9238030062632, 136.756570800987, 20.3787822723389, 2009603, 1, 76
2022.32931575, 49.9234725340546, 136.75651833464, 20.3005561828613, 2009603, 1, 81
2022.32931575, 49.9230969010916, 136.756459231238, 20.3880367279053, 2009603, 1, 85
2022.32931575, 49.9226888945968, 136.756397601911, 20.3539657592773, 2009603, 1, 92
2022.32931575, 49.9223573045406, 136.75635070555, 20.3214378356934, 2009603, 1, 93
2022.32931575, 49.9220513068127, 136.756309049858, 20.3693218231201, 2009603, 1, 94
2022.32931575, 49.9217327369511, 136.75626599814, 20.3870220184326, 2009603, 1, 94
2022.32931575, 49.9214334739125, 136.756225135496, 20.3672790527344, 2009603, 1, 94
2022.32931575, 49.9211662444571, 136.756187503495, 20.3503837585449, 2009603, 1, 93
2022.32931575, 49.9208292307223, 136.756138249431, 20.3826103210449, 2009603, 1, 92
2022.32931575, 49.9204922410681, 136.756087900881, 20.4045085906982, 2009603, 1, 89
2022.32931575, 49.9202569555828, 136.756052131356, 20.4221420288086, 2009603, 1, 89
2022.32931575, 49.9200979515669, 136.756027701327, 20.381950378418, 2009603, 1, 84
2022.32931575, 49.9199261134797, 136.756001713265, 20.3709735870361, 2009603, 1, 80
2022.32931575, 49.9197924433189, 136.755981336424, 20.4081611633301, 2009603, 1, 86
2022.32931575, 49.9196587380951, 136.755960988086, 20.4524173736572, 2009603, 1, 81
2022.32931575, 49.9193148655246, 136.755908275506, 20.7992210388184, 2009603, 1, 73
2022.32931575, 49.9190091132168, 136.755861553156, 20.3962306976318, 2009603, 1, 67
2022.32931575, 49.9042769776284, 136.753734311902, 20.4032135009766, 2009603, 1, 84
2022.32931576, 49.9038659463742, 136.75367551378, 20.4489269256592, 2009603, 1, 88
2022.32931576, 49.9035172498639, 136.753627864096, 20.445255279541, 2009603, 1, 92
2022.32931576, 49.9031089091045, 136.753577105599, 20.4386177062988, 2009603, 1, 93
2022.32931576, 49.9026671382894, 136.753520730604, 20.4804382324219, 2009603, 1, 94
2022.32931576, 49.9023016206112, 136.753471728022, 20.4516086578369, 2009603, 1, 95
2022.32931576, 49.9019876706422, 136.753423679448, 20.4763031005859, 2009603, 1, 96
2022.32931576, 49.9016613425454, 136.75337224438, 20.4175472259521, 2009603, 1, 96
2022.32931576, 49.9012527558087, 136.753308257155, 20.3690071105957, 2009603, 1, 98
2022.32931576, 49.9007945586603, 136.753240674984, 20.4572620391846, 2009603, 1, 97
2022.32931576, 49.9003502589941, 136.753180855546, 20.475076675415, 2009603, 1, 97
2022.32931576, 49.8999189764981, 136.753123312161, 20.4529800415039, 2009603, 1, 97
2022.32931576, 49.8991822803888, 136.753019833674, 20.4177532196045, 2009603, 1, 97
2022.32931576, 49.8986862983494, 136.752947391686, 20.4528579711914, 2009603, 1, 97
2022.32931576, 49.8982539040649, 136.75288444057, 20.4536914825439, 2009603, 1, 97
2022.32931576, 49.8978026515302, 136.752820580829, 20.4522514343262, 2009603, 1, 97
2022.32931576, 49.8973834412594, 136.752763294114, 20.4723434448242, 2009603, 1, 97
2022.32931576, 49.8956818144295, 136.752535835782, 20.466625213623, 2009603, 1, 97
2022.32931576, 49.8952619151512, 136.752474727042, 20.4649047851562, 2009603, 1, 97
2022.32931576, 49.8948414268161, 136.752413757961, 20.4943943023682, 2009603, 1, 97
2022.32931576, 49.894445946583, 136.752358319133, 20.508321762085, 2009603, 1, 98
2022.32931576, 49.8940758039728, 136.752308025088, 20.5078468322754, 2009603, 1, 97
2022.32931576, 49.8935464565723, 136.752235704417, 20.4716300964355, 2009603, 1, 98
2022.32931576, 49.8929799768509, 136.752154804978, 20.4719734191895, 2009603, 1, 98
2022.32931576, 49.8924912952414, 136.752083252253, 20.4566593170166, 2009603, 1, 97
2022.32931576, 49.89203544657, 136.752017578143, 20.4538497924805, 2009603, 1, 97
2022.32931576, 49.8915993779709, 136.75195686421, 20.4529247283936, 2009603, 1, 97
2022.32931576, 49.8911751046105, 136.751899675471, 20.4513206481934, 2009603, 1, 96
2022.32931576, 49.890192827072, 136.751771005859, 20.4545269012451, 2009603, 1, 97
2022.32931576, 49.889243559874, 136.751639295346, 20.4214267730713, 2009603, 1, 97
2022.32931576, 49.8878463141077, 136.751445358452, 20.4981784820557, 2009603, 1, 98
2022.32931576, 49.8874714610539, 136.751397006535, 20.5102519989014, 2009603, 1, 97
2022.32931576, 49.8865720048092, 136.751272878001, 20.4378356933594, 2009603, 1, 98
2022.32931576, 49.8861568342945, 136.75121123486, 20.4630737304688, 2009603, 1, 97
2022.32931576, 49.8852953933168, 136.751083690139, 20.5273609161377, 2009603, 1, 98
2022.32931576, 49.884375515427, 136.750954781707, 20.4655094146729, 2009603, 1, 98
2022.32931577, 49.8833374204983, 136.750813740297, 20.5313816070557, 2009603, 1, 98
2022.32931577, 49.882765556761, 136.750738064902, 20.4751091003418, 2009603, 1, 98
2022.32931577, 49.8817622264985, 136.750601590246, 20.4972648620605, 2009603, 1, 97
2022.32931577, 49.8813078190168, 136.750536678161, 20.4995174407959, 2009603, 1, 98
2022.32931577, 49.8800676085662, 136.750363597325, 20.3628101348877, 2009603, 1, 97
2022.32931577, 49.8796524948934, 136.750306611821, 20.4632778167725, 2009603, 1, 97
2022.32931577, 49.8791592164064, 136.750237098094, 20.5083465576172, 2009603, 1, 98
2022.32931577, 49.8786210490662, 136.75015902893, 20.5024890899658, 2009603, 1, 97
2022.32931577, 49.8777673563454, 136.750042728295, 20.4106025695801, 2009603, 1, 96
2022.32931577, 49.8773236589968, 136.749985648962, 20.5050067901611, 2009603, 1, 96
2022.32931577, 49.8764596964892, 136.749867586501, 20.4691333770752, 2009603, 1, 97
2022.32931577, 49.8755071172097, 136.749726984729, 20.4627838134766, 2009603, 1, 97
2022.32931577, 49.8749241846947, 136.749644367709, 20.541051864624, 2009603, 1, 96
2022.32931577, 49.874432750578, 136.749576985604, 20.4485321044922, 2009603, 1, 97
2022.32931577, 49.8739757800688, 136.749515208435, 20.4009304046631, 2009603, 1, 97
2022.32931577, 49.8735208238432, 136.749453679412, 20.5028190612793, 2009603, 1, 97
2022.32931577, 49.8730538141134, 136.749390110878, 20.5088539123535, 2009603, 1, 97
2022.32931577, 49.8725354278883, 136.749318133378, 20.5144577026367, 2009603, 1, 97
2022.32931577, 49.8720020101548, 136.749242895835, 20.4573001861572, 2009603, 1, 97
2022.32931577, 49.8714913018285, 136.749170228908, 20.486270904541, 2009603, 1, 97
2022.32931577, 49.8710878097622, 136.749112850006, 20.5282363891602, 2009603, 1, 97
2022.32931577, 49.8706075780732, 136.749044563741, 20.5328521728516, 2009603, 1, 97
2022.32931577, 49.8701031901284, 136.748973613068, 20.5101528167725, 2009603, 1, 97
2022.32931577, 49.8696643945438, 136.748911823477, 20.518102645874, 2009603, 1, 98
2022.32931577, 49.8692459547411, 136.748852703897, 20.4652118682861, 2009603, 1, 97
2022.32931577, 49.868708340904, 136.748775902702, 20.5019435882568, 2009603, 1, 97
2022.32931577, 49.8683092683219, 136.748718995594, 20.5352115631104, 2009603, 1, 97
2022.32931577, 49.867876997635, 136.748657902174, 20.5077209472656, 2009603, 1, 98
2022.32931577, 49.8674933506472, 136.748604600025, 20.49755859375, 2009603, 1, 97
2022.32931577, 49.8670901848834, 136.748548256946, 20.4491634368896, 2009603, 1, 97
2022.32931577, 49.8667004123735, 136.748493070769, 20.5286083221436, 2009603, 1, 96
2022.32931577, 49.8659060488142, 136.748377184919, 20.5286636352539, 2009603, 1, 97
2022.32931577, 49.865550406993, 136.748325821446, 20.5086078643799, 2009603, 1, 97
2022.32931577, 49.8652067183398, 136.748277310973, 20.5199546813965, 2009603, 1, 97
2022.32931577, 49.8648108702065, 136.748222948922, 20.5011291503906, 2009603, 1, 97
2022.32931577, 49.864414438031, 136.748167879697, 20.5181407928467, 2009603, 1, 96
2022.32931578, 49.8640882769344, 136.74812164616, 20.5814342498779, 2009603, 1, 94
2022.32931578, 49.8637176817828, 136.748066352595, 20.5319633483887, 2009603, 1, 57
2022.32931578, 49.8558567941059, 136.746936331421, 20.5486278533936, 2009603, 1, 97
2022.32931578, 49.8551259382374, 136.7468338943, 20.574089050293, 2009603, 1, 97
2022.32931578, 49.8547568635936, 136.746780653624, 20.5897006988525, 2009603, 1, 97
2022.32931578, 49.8543564355066, 136.746721743337, 20.523868560791, 2009603, 1, 97
2022.32931578, 49.8538933141345, 136.746651921233, 20.5381603240967, 2009603, 1, 96
2022.32931578, 49.8533878574207, 136.746574027147, 20.5344562530518, 2009603, 1, 97
2022.32931578, 49.8529507146462, 136.746508731855, 20.5309467315674, 2009603, 1, 97
2022.32931578, 49.852479212463, 136.74644178012, 20.3785629272461, 2009603, 1, 97
2022.32931578, 49.8520561307474, 136.746384792414, 20.5334148406982, 2009603, 1, 97
2022.32931578, 49.851124158919, 136.746254825564, 20.542200088501, 2009603, 1, 97
2022.32931578, 49.8507635787071, 136.746200244438, 20.5087413787842, 2009603, 1, 96
2022.32931578, 49.8503844201522, 136.746141308094, 20.5578098297119, 2009603, 1, 97
2022.32931578, 49.8499220719806, 136.746068775664, 20.5135040283203, 2009603, 1, 96
2022.32931578, 49.8494511840713, 136.745995685637, 20.5165252685547, 2009603, 1, 97
2022.32931578, 49.8486159438139, 136.745872506024, 20.5038356781006, 2009603, 1, 97
2022.32931578, 49.8472564589091, 136.74568233435, 20.5701847076416, 2009603, 1, 97
2022.32931578, 49.8463395025081, 136.7455489266, 20.5385227203369, 2009603, 1, 97
2022.32931578, 49.845918348795, 136.745485360123, 20.5556621551514, 2009603, 1, 96
2022.32931578, 49.8451006403216, 136.745361308648, 20.562650680542, 2009603, 1, 97
2022.32931578, 49.8446539508955, 136.745294360958, 20.5252513885498, 2009603, 1, 97
2022.32931578, 49.8442235866772, 136.745230406454, 20.6011772155762, 2009603, 1, 96
2022.32931579, 49.8432973407819, 136.745088686491, 20.6127128601074, 2009603, 1, 97
2022.32931579, 49.8428602425927, 136.74502148958, 20.5817565917969, 2009603, 1, 96
2022.32931579, 49.8424422688327, 136.744958603144, 20.5828018188477, 2009603, 1, 95
2022.32931579, 49.8419525210955, 136.744888498232, 20.5878086090088, 2009603, 1, 95
2022.32931579, 49.8414429390355, 136.744814384008, 20.5206031799316, 2009603, 1, 95
2022.32931579, 49.8409464306135, 136.744737689083, 20.5660762786865, 2009603, 1, 95
2022.32931579, 49.840533361175, 136.744671325395, 20.5417747497559, 2009603, 1, 96
2022.32931579, 49.8401270186769, 136.744607866316, 20.5643081665039, 2009603, 1, 93
2022.32931579, 49.8397462595786, 136.744552131395, 20.5515575408936, 2009603, 1, 81
2022.32931579, 49.8393274931861, 136.744495143473, 20.5277671813965, 2009603, 1, 76
2022.32931579, 49.8389659952186, 136.744445470256, 20.5246448516846, 2009603, 1, 59
2022.32931579, 49.8332859034422, 136.743586004943, 20.5927219390869, 2009603, 1, 54
2022.32931579, 49.8328719465616, 136.743522516557, 20.6458206176758, 2009603, 1, 75
2022.32931579, 49.8324186478091, 136.743453574608, 20.6381568908691, 2009603, 1, 80
2022.32931579, 49.8320477512676, 136.743397903368, 20.5965442657471, 2009603, 1, 77
2022.32931579, 49.8316833386821, 136.743343788558, 20.6554336547852, 2009603, 1, 72
2022.32931579, 49.8313135028158, 136.743288681266, 20.6603908538818, 2009603, 1, 69
2022.32931579, 49.8309513502374, 136.743233895906, 20.6310729980469, 2009603, 1, 65
2022.32931579, 49.8305531777193, 136.743172615354, 20.6165618896484, 2009603, 1, 66
2022.32931579, 49.8301552535893, 136.74311113678, 20.6349449157715, 2009603, 1, 67
2022.32931579, 49.829349566071, 136.742989052025, 20.6043796539307, 2009603, 1, 74
2022.32931579, 49.828483374984, 136.742859190331, 20.6479587554932, 2009603, 1, 80
2022.32931579, 49.8280645662869, 136.742794573413, 20.5833950042725, 2009603, 1, 83
2022.32931579, 49.8275644298099, 136.742717000475, 20.6611709594727, 2009603, 1, 94
2022.32931579, 49.8267418321389, 136.74259200097, 20.6313400268555, 2009603, 1, 97
2022.32931579, 49.8262906935605, 136.742524233354, 20.5859546661377, 2009603, 1, 97
2022.32931579, 49.8254386729265, 136.742394485749, 20.5511646270752, 2009603, 1, 97
2022.32931579, 49.8249449649889, 136.742317061493, 20.5911102294922, 2009603, 1, 97
2022.32931579, 49.8244929983055, 136.742244908358, 20.5908088684082, 2009603, 1, 97
2022.32931579, 49.8240890148017, 136.74217954266, 20.6226234436035, 2009603, 1, 98
2022.3293158, 49.8236980547094, 136.742117784598, 20.6234493255615, 2009603, 1, 98
2022.3293158, 49.8233060271938, 136.742058036425, 20.653772354126, 2009603, 1, 98
2022.3293158, 49.8228859340963, 136.741997275505, 20.6136474609375, 2009603, 1, 98
2022.3293158, 49.8219988209631, 136.741869206752, 20.6262722015381, 2009603, 1, 97
2022.3293158, 49.8216486548273, 136.741816085008, 20.6049175262451, 2009603, 1, 97
2022.3293158, 49.821254688673, 136.741756278158, 20.6375846862793, 2009603, 1, 96
2022.3293158, 49.820861392296, 136.741696938528, 20.6504611968994, 2009603, 1, 97
2022.3293158, 49.820449650534, 136.741637622409, 20.5383415222168, 2009603, 1, 97
2022.3293158, 49.8199869109068, 136.741570270121, 20.6339225769043, 2009603, 1, 97
2022.3293158, 49.8194784689318, 136.741494022814, 20.6910209655762, 2009603, 1, 97
2022.3293158, 49.8190001805702, 136.741418189866, 20.6284408569336, 2009603, 1, 97
2022.3293158, 49.8185147454715, 136.74134068074, 20.5755214691162, 2009603, 1, 97
2022.3293158, 49.8180932429467, 136.741274351562, 20.6303787231445, 2009603, 1, 96
2022.3293158, 49.8177424431154, 136.741220582692, 20.5861148834229, 2009603, 1, 96
2022.3293158, 49.8173860591236, 136.741166805434, 20.6581840515137, 2009603, 1, 96
2022.3293158, 49.816941817641, 136.741100407009, 20.6326065063477, 2009603, 1, 95
2022.3293158, 49.8165306383144, 136.741038817711, 20.6669731140137, 2009603, 1, 95
2022.3293158, 49.8160875097538, 136.74097197013, 20.680721282959, 2009603, 1, 94
2022.3293158, 49.8157195143846, 136.740915557441, 20.6461887359619, 2009603, 1, 93
2022.3293158, 49.814890489751, 136.740785744521, 20.6201343536377, 2009603, 1, 93
2022.3293158, 49.8143932509106, 136.740709358543, 20.6240539550781, 2009603, 1, 95
2022.3293158, 49.8138912708033, 136.740634330365, 20.6454639434814, 2009603, 1, 95
2022.3293158, 49.8133385569786, 136.740551351351, 20.6428241729736, 2009603, 1, 95
2022.3293158, 49.8129058183846, 136.74048467489, 20.6495704650879, 2009603, 1, 93
2022.3293158, 49.8125171776414, 136.74042388609, 20.645544052124, 2009603, 1, 92
2022.3293158, 49.8121413435008, 136.740365128035, 20.6225681304932, 2009603, 1, 89
2022.3293158, 49.8118167636735, 136.740314753873, 20.6839962005615, 2009603, 1, 87
2022.3293158, 49.811403636814, 136.740251712095, 20.6699028015137, 2009603, 1, 82
2022.3293158, 49.8110038671488, 136.740191757225, 20.6333713531494, 2009603, 1, 80
2022.3293158, 49.8105918390096, 136.740130857708, 20.6428699493408, 2009603, 1, 77
2022.3293158, 49.8102054531718, 136.740074807395, 20.5994358062744, 2009603, 1, 72
2022.3293158, 49.8098245458462, 136.740018327081, 20.6008987426758, 2009603, 1, 73
2022.3293158, 49.8094422810106, 136.739960086792, 20.6081199645996, 2009603, 1, 84
2022.3293158, 49.8090582496312, 136.739898569826, 20.6728115081787, 2009603, 1, 81
2022.3293158, 49.8086605906481, 136.739834543704, 20.6280174255371, 2009603, 1, 80
2022.3293158, 49.8083272733293, 136.739782584575, 20.6081523895264, 2009603, 1, 84
2022.3293158, 49.807969208465, 136.739729682174, 20.6837425231934, 2009603, 1, 90
2022.3293158, 49.8075933832372, 136.739677997364, 20.6628704071045, 2009603, 1, 91
2022.3293158, 49.807193510853, 136.739622367222, 20.6904182434082, 2009603, 1, 95
2022.3293158, 49.8067756973309, 136.739561262056, 20.6713981628418, 2009603, 1, 97
2022.3293158, 49.8060103569676, 136.739437570437, 20.6703262329102, 2009603, 1, 97
2022.3293158, 49.8055782044394, 136.739368045077, 20.6412010192871, 2009603, 1, 97
2022.3293158, 49.8052260102506, 136.739315145863, 20.6698551177979, 2009603, 1, 97
2022.3293158, 49.8047970502, 136.739252736918, 20.6911907196045, 2009603, 1, 97
2022.3293158, 49.8043952876244, 136.739194937851, 20.7116527557373, 2009603, 1, 97
2022.3293158, 49.8040157267599, 136.739139275123, 20.6756725311279, 2009603, 1, 96
2022.32931581, 49.8036440841326, 136.739083404853, 20.7091407775879, 2009603, 1, 97
2022.32931581, 49.8033033263208, 136.739031599394, 20.6838912963867, 2009603, 1, 96
2022.32931581, 49.8028460476173, 136.738961246888, 20.67822265625, 2009603, 1, 97
2022.32931581, 49.8021034491944, 136.738847057419, 20.6729717254639, 2009603, 1, 97
2022.32931581, 49.8017013615208, 136.738785576519, 20.6514835357666, 2009603, 1, 96
2022.32931581, 49.8008284059809, 136.738653884128, 20.6530857086182, 2009603, 1, 91
2022.32931581, 49.800467218635, 136.738599405247, 20.6440830230713, 2009603, 1, 61
2022.32931585, 49.7230806700947, 136.727113237674, 21.0270614624023, 2009603, 1, 55
2022.32931585, 49.7227405848123, 136.727057627136, 21.0848617553711, 2009603, 1, 62
2022.32931585, 49.7225759913344, 136.727031138386, 21.2685680389404, 2009603, 1, 62
2022.32931585, 49.7142484758296, 136.725739921523, 21.1315250396729, 2009603, 1, 59
2022.32931585, 49.7141596691879, 136.725725954145, 21.1329727172852, 2009603, 1, 59
2022.32931585, 49.7140327692142, 136.725706249212, 21.1389007568359, 2009603, 1, 59
2022.32931585, 49.7138609699452, 136.725678485381, 21.1376342773438, 2009603, 1, 74
2022.32931589, 49.6249552537315, 136.7118479659, 21.671537399292, 2009603, 1, 53
2022.32931589, 49.6247768124175, 136.711822569809, 21.7623977661133, 2009603, 1, 53
2022.32931591, 49.5901708523979, 136.707025633064, 22.1261234283447, 2009603, 1, 53
2022.32931591, 49.5836427792124, 136.706112259881, 22.2147483825684, 2009603, 1, 77
2022.32931591, 49.5834456451051, 136.706082666771, 22.2061614990234, 2009603, 1, 84
2022.32931592, 49.5832357049436, 136.70605148857, 22.1523551940918, 2009603, 1, 88
2022.32931592, 49.5830320650578, 136.706021282032, 22.1592903137207, 2009603, 1, 88
2022.32931592, 49.5828090165123, 136.705988877012, 22.1315155029297, 2009603, 1, 88
2022.32931592, 49.5825666379638, 136.705954411962, 22.1451053619385, 2009603, 1, 90
2022.32931592, 49.582286231243, 136.705914912079, 22.1219158172607, 2009603, 1, 93
2022.32931592, 49.5818538031168, 136.70585475025, 22.1411361694336, 2009603, 1, 96
2022.32931592, 49.5814738020021, 136.705801720482, 22.1448650360107, 2009603, 1, 96
2022.32931592, 49.5811579758751, 136.705757318715, 22.168815612793, 2009603, 1, 96
2022.32931592, 49.5808040292058, 136.705708081348, 22.1661319732666, 2009603, 1, 95
2022.32931592, 49.5803667960744, 136.705647514906, 22.1350193023682, 2009603, 1, 94
2022.32931592, 49.5800420806991, 136.705602998424, 22.2923431396484, 2009603, 1, 93
2022.32931592, 49.5797997421049, 136.705569738893, 22.1936740875244, 2009603, 1, 58
2022.32931592, 49.5736893398901, 136.704689462201, 22.1528549194336, 2009603, 1, 72
2022.32931592, 49.5733353724684, 136.704639979959, 22.1843280792236, 2009603, 1, 86
2022.32931592, 49.5730078194004, 136.704594643313, 22.1502437591553, 2009603, 1, 92
2022.32931592, 49.5727074444899, 136.704553257471, 22.1827659606934, 2009603, 1, 96
2022.32931592, 49.5724160374343, 136.704513034054, 22.1478366851807, 2009603, 1, 95
2022.32931592, 49.5720178269418, 136.704457313723, 22.1541652679443, 2009603, 1, 96
2022.32931592, 49.5716001210939, 136.70439739008, 22.1722946166992, 2009603, 1, 96
2022.32931592, 49.5712306299052, 136.704342953643, 22.2071895599365, 2009603, 1, 95
2022.32931592, 49.5708597590431, 136.704287755048, 22.1570415496826, 2009603, 1, 96
2022.32931592, 49.5705081245326, 136.704235675481, 22.1677188873291, 2009603, 1, 95
2022.32931592, 49.5701763912984, 136.704187266347, 22.1834049224854, 2009603, 1, 96
2022.32931592, 49.5697957402779, 136.704133086306, 22.1794319152832, 2009603, 1, 96
2022.32931592, 49.5694216011618, 136.704080037371, 22.1944713592529, 2009603, 1, 97
2022.32931592, 49.5686515580485, 136.703968261446, 22.2251396179199, 2009603, 1, 96
2022.32931592, 49.5683388438317, 136.703921353265, 22.1706867218018, 2009603, 1, 96
2022.32931592, 49.5680078757716, 136.703870584227, 22.1511402130127, 2009603, 1, 95
2022.32931592, 49.5676277995957, 136.703811297832, 22.1650009155273, 2009603, 1, 96
2022.32931592, 49.5673134846648, 136.703761183516, 22.1776962280273, 2009603, 1, 96
2022.32931592, 49.5669740689632, 136.703708933959, 22.1685066223145, 2009603, 1, 95
2022.32931592, 49.566639964777, 136.703660119978, 22.1668853759766, 2009603, 1, 95
2022.32931592, 49.5660674066098, 136.703585282771, 22.1848545074463, 2009603, 1, 95
2022.32931592, 49.5657409597227, 136.70354474915, 22.199068069458, 2009603, 1, 95
2022.32931592, 49.5654081071919, 136.703502028126, 22.1918182373047, 2009603, 1, 95
2022.32931592, 49.565076112785, 136.703456107743, 22.2176837921143, 2009603, 1, 95
2022.32931592, 49.5647586438288, 136.703407745315, 22.2260150909424, 2009603, 1, 95
2022.32931592, 49.5644858836323, 136.70336436392, 22.1364765167236, 2009603, 1, 95
2022.32931592, 49.5641621541919, 136.703312348172, 22.2154655456543, 2009603, 1, 94
2022.32931592, 49.5638058353465, 136.703255825837, 22.145170211792, 2009603, 1, 94
2022.32931592, 49.5634606453553, 136.703203278673, 22.187162399292, 2009603, 1, 90
2022.32931593, 49.5630449828336, 136.703141976733, 22.1472778320312, 2009603, 1, 89
2022.32931593, 49.5627001954808, 136.703092308616, 22.12375831604, 2009603, 1, 89
2022.32931593, 49.5623694173328, 136.703045134679, 22.1770267486572, 2009603, 1, 88
2022.32931593, 49.5620140857231, 136.702994653836, 22.1678600311279, 2009603, 1, 89
2022.32931593, 49.5616588397766, 136.702943779195, 22.2073287963867, 2009603, 1, 86
2022.32931593, 49.5613414227775, 136.702897761658, 22.1895484924316, 2009603, 1, 85
2022.32931593, 49.5610038401926, 136.70284762638, 22.1808891296387, 2009603, 1, 87
2022.32931593, 49.5606468202528, 136.702794616513, 22.2366142272949, 2009603, 1, 88
2022.32931593, 49.560270653453, 136.702739615164, 22.1948318481445, 2009603, 1, 85
2022.32931593, 49.5598695220921, 136.702682278386, 22.1977710723877, 2009603, 1, 89
2022.32931593, 49.5594626658679, 136.702625487932, 22.1952075958252, 2009603, 1, 93
2022.32931593, 49.5590369666202, 136.702565038935, 22.2360382080078, 2009603, 1, 94
2022.32931593, 49.5586556785716, 136.702508999317, 22.22975730896, 2009603, 1, 95
2022.32931593, 49.5582996188655, 136.702454655197, 22.2480201721191, 2009603, 1, 95
2022.32931593, 49.5580070593715, 136.702409427084, 22.2291049957275, 2009603, 1, 95
2022.32931593, 49.5576190635149, 136.702349567509, 22.2165203094482, 2009603, 1, 97
2022.32931593, 49.5571548020504, 136.70227864426, 22.1840038299561, 2009603, 1, 97
2022.32931593, 49.5567038296159, 136.702211729429, 22.222074508667, 2009603, 1, 97
2022.32931593, 49.5562600223621, 136.702147156202, 22.223991394043, 2009603, 1, 96
2022.32931593, 49.5558427045394, 136.702087852169, 22.2226619720459, 2009603, 1, 97
2022.32931593, 49.5554439715075, 136.702030318805, 22.2028198242188, 2009603, 1, 96
2022.32931593, 49.5549487522122, 136.701956502945, 22.2456684112549, 2009603, 1, 96
2022.32931593, 49.5545594059489, 136.701895477651, 22.2506580352783, 2009603, 1, 97
2022.32931593, 49.5536134248246, 136.701750828392, 22.2541313171387, 2009603, 1, 96
2022.32931593, 49.5532565002013, 136.701700320573, 22.262601852417, 2009603, 1, 96
2022.32931593, 49.5523316107349, 136.701569925836, 22.2696285247803, 2009603, 1, 96
2022.32931593, 49.5519031566257, 136.701506082935, 22.2764759063721, 2009603, 1, 96
2022.32931593, 49.5514820381772, 136.701441835736, 22.299768447876, 2009603, 1, 96
2022.32931593, 49.5511386295506, 136.701388894951, 22.298547744751, 2009603, 1, 97
2022.32931593, 49.5507906948151, 136.701335346926, 22.3237781524658, 2009603, 1, 97
2022.32931593, 49.5503675707386, 136.701270206517, 22.2403869628906, 2009603, 1, 98
2022.32931593, 49.5499378914023, 136.701204432792, 22.3246059417725, 2009603, 1, 97
2022.32931593, 49.5495637198891, 136.701147135365, 22.2891941070557, 2009603, 1, 96
2022.32931593, 49.5491631863581, 136.701085856529, 22.3513355255127, 2009603, 1, 96
2022.32931593, 49.5487173336012, 136.701017320147, 22.2810001373291, 2009603, 1, 95
2022.32931593, 49.5482838982835, 136.700950260431, 22.2893409729004, 2009603, 1, 97
2022.32931593, 49.5478316796936, 136.700879920399, 22.2324848175049, 2009603, 1, 96
2022.32931593, 49.5473927553684, 136.70081209236, 22.2597637176514, 2009603, 1, 95
2022.32931593, 49.5469167876292, 136.70073886701, 22.2424468994141, 2009603, 1, 96
2022.32931593, 49.5463450707473, 136.700652350221, 22.285587310791, 2009603, 1, 93
2022.32931593, 49.5458734906011, 136.700582253707, 22.2673015594482, 2009603, 1, 75
2022.32931593, 49.5450161346424, 136.700455891885, 22.283576965332, 2009603, 1, 55
2022.32931596, 49.4935334650499, 136.692675385222, 22.3938903808594, 2009603, 1, 61
2022.32931596, 49.4931335333454, 136.692616745291, 22.3372020721436, 2009603, 1, 93
2022.32931596, 49.4927403522651, 136.692559050856, 22.4231395721436, 2009603, 1, 94
2022.32931596, 49.4922901825519, 136.692493239199, 22.4253578186035, 2009603, 1, 93
2022.32931596, 49.4919031176314, 136.692436676482, 22.359167098999, 2009603, 1, 92
2022.32931606, 49.2899540212333, 136.662481366776, 41.5631370544434, 2006423, 1, 79
2022.32931606, 49.2898971781898, 136.662473141816, 41.5639228820801, 2006423, 1, 79
2022.32931606, 49.2898529401825, 136.662466919048, 41.60009765625, 2006423, 1, 79
2022.32931606, 49.2897960640167, 136.662458836679, 41.6438941955566, 2006423, 1, 79
2022.32931606, 49.289732825025, 136.662450091017, 41.6381759643555, 2006423, 1, 91
2022.32931606, 49.2896442437316, 136.662437897863, 41.622745513916, 2006423, 1, 91
2022.32931606, 49.2895619379301, 136.662426554608, 41.6349105834961, 2006423, 1, 91
2022.32931606, 49.2894859144656, 136.662416102163, 41.6463279724121, 2006423, 1, 72
2022.32931606, 49.2894034682146, 136.662404970626, 41.6679840087891, 2006423, 1, 72
2022.32931606, 49.289289189894, 136.66238960456, 41.5866546630859, 2006423, 1, 72
2022.32931606, 49.2874858018951, 136.662137150499, 41.773811340332, 2006423, 1, 75
2022.32931606, 49.2873534429753, 136.662116574589, 41.7464370727539, 2006423, 1, 75
2022.32931566, 50.1115653964223, 136.784301608248, 19.6296539306641, 2009603, 2, 76
2022.32931567, 50.0934682274754, 136.781556494436, 19.6797847747803, 2009603, 2, 68
2022.32931567, 50.0896375966452, 136.780983806318, 19.6542510986328, 2009603, 2, 76
2022.32931567, 50.0886578171188, 136.78083638523, 19.6205139160156, 2009603, 2, 71
2022.32931568, 50.0861291715348, 136.780459308085, 19.6940307617188, 2009603, 2, 85
2022.32931568, 50.0773508194776, 136.77916730584, 19.6805019378662, 2009603, 2, 95
2022.32931568, 50.0762166286723, 136.778999832554, 19.6421031951904, 2009603, 2, 83
2022.32931568, 50.075113465226, 136.778840929163, 19.6955051422119, 2009603, 2, 76
2022.32931568, 50.0680268139152, 136.777808233888, 19.6302452087402, 2009603, 2, 74
2022.3293157, 50.0327641963043, 136.772603237656, 19.6579322814941, 2009603, 2, 60
2022.32931571, 50.0255248382027, 136.771489976734, 19.8034896850586, 2009603, 2, 51
2022.32931571, 50.0245014117055, 136.771332542933, 19.7995166778564, 2009603, 2, 85
2022.32931571, 50.0232165976047, 136.771136606561, 19.8161754608154, 2009603, 2, 87
2022.32931571, 50.0218453381127, 136.77091746358, 19.7752170562744, 2009603, 2, 97
2022.32931571, 50.0203438352997, 136.770683028205, 19.8034439086914, 2009603, 2, 97
2022.32931571, 50.0190316092115, 136.770473084185, 19.8190326690674, 2009603, 2, 97
2022.32931571, 50.0178249508514, 136.77027881817, 19.8511009216309, 2009603, 2, 98
2022.32931571, 50.0166093370381, 136.770091953539, 19.7877140045166, 2009603, 2, 97
2022.32931571, 50.0153290656538, 136.769886245486, 19.8920993804932, 2009603, 2, 98
2022.32931571, 50.0140974334094, 136.76968671209, 19.8413867950439, 2009603, 2, 97
2022.32931571, 50.0129754624722, 136.76950832869, 19.8873920440674, 2009603, 2, 96
2022.32931571, 50.0117561039383, 136.769311780245, 19.8978977203369, 2009603, 2, 97
2022.32931571, 50.0104607606816, 136.769099733864, 19.8947620391846, 2009603, 2, 96
2022.32931571, 50.009149971839, 136.768886432868, 19.9031925201416, 2009603, 2, 98
2022.32931571, 50.007922121277, 136.768695315349, 19.9137840270996, 2009603, 2, 97
2022.32931571, 50.0066387280849, 136.768484143613, 19.9530124664307, 2009603, 2, 97
2022.32931572, 50.0056610355997, 136.768322225548, 19.9611015319824, 2009603, 2, 97
2022.32931572, 50.0043385188497, 136.768107734331, 19.9880886077881, 2009603, 2, 97
2022.32931572, 50.0029322526991, 136.767874286817, 19.9986972808838, 2009603, 2, 97
2022.32931572, 50.001756845396, 136.767685624229, 20.0022029876709, 2009603, 2, 97
2022.32931572, 50.0004725302747, 136.767482132607, 20.018669128418, 2009603, 2, 97
2022.32931572, 49.9989341362014, 136.767222544422, 20.0184059143066, 2009603, 2, 97
2022.32931572, 49.9976342595548, 136.767011190817, 19.9600086212158, 2009603, 2, 97
2022.32931572, 49.9962136193648, 136.766776220704, 20.0527458190918, 2009603, 2, 97
2022.32931572, 49.9948095220847, 136.766542927037, 20.0498371124268, 2009603, 2, 97
2022.32931572, 49.9935697219681, 136.766344989165, 20.0790176391602, 2009603, 2, 97
2022.32931572, 49.9922671623352, 136.766129628836, 20.0792179107666, 2009603, 2, 97
2022.32931572, 49.9910243749741, 136.765919449235, 20.0399723052979, 2009603, 2, 98
2022.32931572, 49.989913787561, 136.765735831693, 20.0658359527588, 2009603, 2, 97
2022.32931572, 49.9883063212144, 136.765469857266, 20.1111450195312, 2009603, 2, 98
2022.32931572, 49.9868241084365, 136.76522628189, 20.0975742340088, 2009603, 2, 97
2022.32931573, 49.9854437514469, 136.765003581734, 20.0895404815674, 2009603, 2, 98
2022.32931573, 49.984207170595, 136.764800178691, 20.1187019348145, 2009603, 2, 98
2022.32931573, 49.9828360758853, 136.76457575836, 20.0749473571777, 2009603, 2, 97
2022.32931573, 49.9814936920757, 136.764359290226, 20.1232433319092, 2009603, 2, 98
2022.32931573, 49.9802769631285, 136.764155035606, 20.4918117523193, 2009603, 2, 97
2022.32931573, 49.9787443649423, 136.76390632133, 20.2254085540771, 2009603, 2, 97
2022.32931573, 49.9776781223606, 136.763738644104, 20.1722965240479, 2009603, 2, 97
2022.32931573, 49.9763938273875, 136.763521834556, 20.157413482666, 2009603, 2, 95
2022.32931573, 49.975259868817, 136.763336484596, 20.173397064209, 2009603, 2, 97
2022.32931573, 49.9742153779923, 136.763168093908, 20.1618690490723, 2009603, 2, 98
2022.32931573, 49.9727361568966, 136.762925162142, 20.20849609375, 2009603, 2, 95
2022.32931573, 49.9715660937961, 136.762740312633, 20.2277908325195, 2009603, 2, 94
2022.32931573, 49.9705148357404, 136.762575437326, 20.1591415405273, 2009603, 2, 91
2022.32931573, 49.9691029025655, 136.762348318516, 20.1741676330566, 2009603, 2, 84
2022.32931574, 49.9603538336512, 136.76095936581, 20.2375526428223, 2009603, 2, 65
2022.32931574, 49.9589026097491, 136.760737799264, 20.1798210144043, 2009603, 2, 90
2022.32931574, 49.957197700559, 136.760470767036, 20.2575607299805, 2009603, 2, 84
2022.32931574, 49.9555087352527, 136.760211792398, 20.2579364776611, 2009603, 2, 83
2022.32931574, 49.9541564341231, 136.760002973973, 20.2971801757812, 2009603, 2, 82
2022.32931574, 49.9527465891721, 136.759791035886, 20.2252502441406, 2009603, 2, 80
2022.32931574, 49.9518130666428, 136.759645781577, 20.2598247528076, 2009603, 2, 81
2022.32931574, 49.9508442378308, 136.75949864844, 20.2926654815674, 2009603, 2, 77
2022.32931574, 49.9498497301741, 136.759353888607, 20.3210315704346, 2009603, 2, 80
2022.32931574, 49.9487237152192, 136.759173101354, 20.2741088867188, 2009603, 2, 86
2022.32931574, 49.947531945639, 136.758996577868, 20.274694442749, 2009603, 2, 88
2022.32931574, 49.9463590395408, 136.758821791068, 20.338342666626, 2009603, 2, 96
2022.32931575, 49.9451457288546, 136.758634708716, 20.3237781524658, 2009603, 2, 96
2022.32931575, 49.944050341811, 136.758473844428, 20.3307857513428, 2009603, 2, 96
2022.32931575, 49.9432748367813, 136.758360505864, 20.2987155914307, 2009603, 2, 88
2022.32931575, 49.9271363887389, 136.756023930297, 20.3725528717041, 2009603, 2, 89
2022.32931575, 49.9261379326885, 136.755882453023, 20.3887424468994, 2009603, 2, 81
2022.32931576, 49.9221044160989, 136.755315601745, 20.4255905151367, 2009603, 2, 64
2022.32931576, 49.9207510781331, 136.75512479655, 20.441780090332, 2009603, 2, 92
2022.32931576, 49.9192653002146, 136.754917182429, 20.44602394104, 2009603, 2, 81
2022.32931576, 49.9181866848264, 136.754762466199, 20.4291458129883, 2009603, 2, 52
2022.32931577, 49.9039000643285, 136.752783484899, 20.5176792144775, 2009603, 2, 86
2022.32931577, 49.9026967068136, 136.752613961776, 20.541561126709, 2009603, 2, 93
2022.32931577, 49.9014576567375, 136.752439728845, 20.5411911010742, 2009603, 2, 97
2022.32931577, 49.9002225659591, 136.752272654737, 20.5793590545654, 2009603, 2, 97
2022.32931577, 49.8988816997351, 136.75208538346, 20.3795337677002, 2009603, 2, 98
2022.32931577, 49.8975841271348, 136.751898912626, 20.4466819763184, 2009603, 2, 97
2022.32931577, 49.896054169071, 136.751687647354, 20.5078525543213, 2009603, 2, 97
2022.32931577, 49.8946656154533, 136.751493428626, 20.5022449493408, 2009603, 2, 98
2022.32931577, 49.8930353288019, 136.751266883501, 20.4048480987549, 2009603, 2, 98
2022.32931577, 49.8913962174713, 136.751035633703, 20.4444847106934, 2009603, 2, 97
2022.32931577, 49.889883465409, 136.750818869983, 20.4725646972656, 2009603, 2, 98
2022.32931577, 49.8886050491639, 136.750641408717, 20.5121479034424, 2009603, 2, 97
2022.32931578, 49.8844077900223, 136.750041941191, 20.611743927002, 2009603, 2, 97
2022.32931578, 49.8813582367352, 136.749603936193, 20.4139728546143, 2009603, 2, 98
2022.32931578, 49.8772942876464, 136.749014711244, 20.4501800537109, 2009603, 2, 97
2022.32931578, 49.8755919327723, 136.748770476855, 20.4811840057373, 2009603, 2, 97
2022.32931578, 49.8739729176342, 136.748533519998, 20.5101451873779, 2009603, 2, 97
2022.32931578, 49.8724491670382, 136.748314400281, 20.550989151001, 2009603, 2, 96
2022.32931578, 49.8709257276891, 136.748086492794, 20.5531368255615, 2009603, 2, 97
2022.32931578, 49.8695081858333, 136.747874854666, 20.4456825256348, 2009603, 2, 97
2022.32931578, 49.8662192238604, 136.747392458423, 20.5293998718262, 2009603, 2, 96
2022.32931579, 49.8648498843128, 136.747188274562, 20.5974254608154, 2009603, 2, 96
2022.32931579, 49.8631997481597, 136.746939144882, 20.5778388977051, 2009603, 2, 97
2022.32931579, 49.8621413595125, 136.746781691375, 20.5302772521973, 2009603, 2, 97
2022.32931579, 49.8609563675719, 136.746603360764, 20.5447006225586, 2009603, 2, 86
2022.32931579, 49.8601558187107, 136.74648209684, 20.520622253418, 2009603, 2, 95
2022.32931579, 49.8594212345539, 136.746371193698, 20.6164112091064, 2009603, 2, 93
2022.32931579, 49.8585502179858, 136.746238875305, 20.5571365356445, 2009603, 2, 96
2022.32931579, 49.8573187757979, 136.746055280798, 20.5436515808105, 2009603, 2, 95
2022.32931579, 49.8557958778632, 136.745824229965, 20.6109809875488, 2009603, 2, 96
2022.32931579, 49.8544919890257, 136.745626604587, 20.5942802429199, 2009603, 2, 97
2022.32931579, 49.853034518988, 136.745407050769, 20.6190700531006, 2009603, 2, 97
2022.32931579, 49.8512630782344, 136.74513529196, 20.6308822631836, 2009603, 2, 97
2022.32931579, 49.847856788784, 136.744617689634, 20.6122016906738, 2009603, 2, 97
2022.32931579, 49.8462101100183, 136.744367926333, 20.6010284423828, 2009603, 2, 96
2022.3293158, 49.8446268035201, 136.744130833492, 20.6020278930664, 2009603, 2, 95
2022.3293158, 49.8429776539357, 136.743875499627, 20.5461864471436, 2009603, 2, 97
2022.3293158, 49.8414283206551, 136.743640950002, 20.6535167694092, 2009603, 2, 97
2022.3293158, 49.8400131220309, 136.743425641043, 20.6186485290527, 2009603, 2, 96
2022.3293158, 49.8386752218308, 136.743218080037, 20.5801982879639, 2009603, 2, 91
2022.3293158, 49.83717256956, 136.74299404919, 20.625373840332, 2009603, 2, 94
2022.3293158, 49.835640747531, 136.742757163083, 20.6459732055664, 2009603, 2, 93
2022.3293158, 49.8341252136927, 136.742527751219, 20.6308536529541, 2009603, 2, 84
2022.3293158, 49.832604939023, 136.742293513961, 20.5965003967285, 2009603, 2, 71
2022.3293158, 49.8312245601656, 136.742086663001, 20.6563987731934, 2009603, 2, 75
2022.3293158, 49.8298443075031, 136.741877404686, 20.6265392303467, 2009603, 2, 79
2022.3293158, 49.8282992760138, 136.741641968974, 20.6545314788818, 2009603, 2, 95
2022.3293158, 49.8265347680663, 136.741378850084, 20.6625843048096, 2009603, 2, 97
2022.32931581, 49.8250569569174, 136.741154513226, 20.641881942749, 2009603, 2, 97
2022.32931581, 49.8232310476039, 136.740876142199, 20.6549015045166, 2009603, 2, 98
2022.32931581, 49.821542286422, 136.740620306947, 20.630184173584, 2009603, 2, 97
2022.32931581, 49.8197922388797, 136.740358052247, 20.6778182983398, 2009603, 2, 98
2022.32931581, 49.8181120477701, 136.740104206641, 20.6744823455811, 2009603, 2, 95
2022.32931581, 49.816470323782, 136.73985185707, 20.6759262084961, 2009603, 2, 94
2022.32931581, 49.8150419046417, 136.739642730552, 20.6484203338623, 2009603, 2, 93
2022.32931581, 49.8136166014102, 136.739427191677, 20.7168788909912, 2009603, 2, 93
2022.32931581, 49.8123049211429, 136.739228659509, 20.7428207397461, 2009603, 2, 87
2022.32931581, 49.8107446906002, 136.739003207791, 20.7330665588379, 2009603, 2, 86
2022.32931581, 49.8091852291972, 136.738759980907, 20.6867389678955, 2009603, 2, 85
2022.32931581, 49.8078990339985, 136.738569779274, 20.6975612640381, 2009603, 2, 95
2022.32931581, 49.8062562001366, 136.738329352451, 20.6960163116455, 2009603, 2, 97
2022.32931582, 49.8046165756584, 136.738087866442, 20.7121982574463, 2009603, 2, 97
2022.32931582, 49.803048030601, 136.7378548939, 20.6669254302979, 2009603, 2, 96
2022.32931582, 49.8014928427783, 136.737618402073, 20.6653327941895, 2009603, 2, 84
2022.32931586, 49.722250045606, 136.72566187599, 21.1076278686523, 2009603, 2, 78
2022.32931586, 49.7146153285693, 136.724426037256, 21.0970821380615, 2009603, 2, 71
2022.32931593, 49.5837026150707, 136.705102127159, 22.266773223877, 2009603, 2, 73
2022.32931593, 49.5829833345595, 136.704996419068, 22.2667999267578, 2009603, 2, 87
2022.32931593, 49.5817819952263, 136.704818189755, 22.2298927307129, 2009603, 2, 95
2022.32931593, 49.5808150761385, 136.704678473322, 22.2273693084717, 2009603, 2, 94
2022.32931593, 49.5729464410093, 136.703500531737, 22.2560119628906, 2009603, 2, 91
2022.32931593, 49.571595954249, 136.703302908987, 22.2327308654785, 2009603, 2, 95
2022.32931593, 49.5703315710716, 136.703111314049, 22.2147026062012, 2009603, 2, 97
2022.32931593, 49.568932929599, 136.702898813804, 22.2321681976318, 2009603, 2, 95
2022.32931593, 49.5677501165223, 136.702721711685, 22.2275695800781, 2009603, 2, 95
2022.32931593, 49.5666350320506, 136.70254734692, 22.2213649749756, 2009603, 2, 93
2022.32931593, 49.5653901725082, 136.702361409488, 22.2439365386963, 2009603, 2, 92
2022.32931594, 49.563985957932, 136.702144202426, 22.2443695068359, 2009603, 2, 92
2022.32931594, 49.5626321711243, 136.701943575982, 22.2309226989746, 2009603, 2, 90
2022.32931594, 49.5613813508153, 136.701747069423, 22.1961994171143, 2009603, 2, 90
2022.32931594, 49.5601100842675, 136.701558185415, 22.2393321990967, 2009603, 2, 82
2022.32931594, 49.5589489925192, 136.70137681742, 22.2660217285156, 2009603, 2, 86
2022.32931594, 49.5574839617031, 136.701155999281, 22.29248046875, 2009603, 2, 92
2022.32931594, 49.5558474984053, 136.700906404596, 22.2671890258789, 2009603, 2, 95
2022.32931594, 49.554273468909, 136.700667503482, 22.2843284606934, 2009603, 2, 96
2022.32931594, 49.5526642670681, 136.70041716986, 22.2623672485352, 2009603, 2, 96
2022.32931594, 49.5512636552608, 136.70019988908, 22.2779426574707, 2009603, 2, 96
2022.32931594, 49.5497346660055, 136.699969544286, 22.3082485198975, 2009603, 2, 97
2022.32931594, 49.5480987245486, 136.699720942397, 22.3262195587158, 2009603, 2, 97
2022.32931594, 49.5466066721823, 136.699489819352, 22.3070888519287, 2009603, 2, 97
2022.32931594, 49.545312334325, 136.699295426709, 22.3649730682373, 2009603, 2, 95
2022.32931595, 49.5442035503094, 136.699121987622, 22.3586502075195, 2009603, 2, 87
2022.32931595, 49.5425332219393, 136.698868968559, 22.3471832275391, 2009603, 2, 87
2022.32931595, 49.5411960710627, 136.698665111905, 22.2933254241943, 2009603, 2, 77
2022.32931595, 49.5398286515543, 136.698459484638, 22.3983707427979, 2009603, 2, 78
2022.32931597, 49.4921114772377, 136.691382084988, 22.5624561309814, 2009603, 2, 94
2022.32931607, 49.2897723070637, 136.661348130873, 41.647403717041, 2006423, 2, 69
2022.32931607, 49.2892338652391, 136.661265237202, 41.6632499694824, 2006423, 2, 59
2022.32931567, 50.0762747053027, 136.734920357443, 19.7196712493896, 166940, 3, 56
2022.32931567, 50.0757282235055, 136.734836825027, 19.7123680114746, 166940, 3, 71
2022.32931567, 50.0751473679304, 136.734750114178, 19.7153491973877, 166940, 3, 76
2022.32931567, 50.0746033531124, 136.734668829975, 19.7156181335449, 166940, 3, 77
2022.32931567, 50.0740491452828, 136.734584881654, 19.7037658691406, 166940, 3, 78
2022.32931567, 50.0734807025995, 136.734499028476, 19.7171211242676, 166940, 3, 76
2022.32931567, 50.0729334873912, 136.734418491077, 19.651683807373, 166940, 3, 77
2022.32931567, 50.0725953328209, 136.734369868567, 19.5608501434326, 166940, 3, 78
2022.32931567, 50.0722749918612, 136.734324408253, 19.7297534942627, 166940, 3, 78
2022.32931567, 50.07176856822, 136.734252764301, 19.7019329071045, 166940, 3, 79
2022.32931567, 50.0712859052741, 136.73418393272, 19.7288246154785, 166940, 3, 77
2022.32931567, 50.0707492839689, 136.734104614801, 19.7170276641846, 166940, 3, 77
2022.32931567, 50.0701899161472, 136.73401791579, 19.6814918518066, 166940, 3, 76
2022.32931567, 50.0696374805341, 136.733931603452, 19.7010192871094, 166940, 3, 79
2022.32931567, 50.0689691911016, 136.733830677553, 19.704719543457, 166940, 3, 88
2022.32931567, 50.0683577188763, 136.733741744418, 19.6064739227295, 166940, 3, 92
2022.32931567, 50.0669986096546, 136.73354278525, 19.7086906433105, 166940, 3, 95
2022.32931568, 50.0662637352039, 136.733433934038, 19.7319374084473, 166940, 3, 94
2022.32931568, 50.0654964415522, 136.733321587535, 19.7309837341309, 166940, 3, 95
2022.32931568, 50.0647336754307, 136.733211443574, 19.7577571868896, 166940, 3, 95
2022.32931568, 50.063947678214, 136.733094861605, 19.7142543792725, 166940, 3, 90
2022.32931568, 50.0632496601304, 136.732990209053, 19.7377834320068, 166940, 3, 76
2022.32931568, 50.0627482482377, 136.732917239754, 19.7397880554199, 166940, 3, 57
2022.32931572, 49.9742102471663, 136.719493731535, 20.28196144104, 2009603, 3, 84
2022.32931572, 49.9737271493899, 136.719417577877, 20.2501087188721, 2009603, 3, 92
2022.32931572, 49.9731658652072, 136.719328441452, 20.2316246032715, 2009603, 3, 85
2022.32931573, 49.9523184320323, 136.715940522643, 20.3145561218262, 2009603, 3, 63
2022.32931573, 49.9518947652592, 136.715874514497, 20.2976245880127, 2009603, 3, 92
2022.32931573, 49.9515222010789, 136.715816411027, 20.3595504760742, 2009603, 3, 92
2022.32931573, 49.9510735674444, 136.715745785778, 20.3545684814453, 2009603, 3, 93
2022.32931573, 49.950706121666, 136.715686965126, 20.3113765716553, 2009603, 3, 87
2022.32931573, 49.9505410911204, 136.715660269888, 20.3318576812744, 2009603, 3, 87
2022.32931574, 49.945336391252, 136.714821811759, 20.3895950317383, 2009603, 3, 90
2022.32931574, 49.9450433637831, 136.714775966877, 20.4159336090088, 2009603, 3, 92
2022.32931574, 49.9446425975837, 136.714713927207, 20.3961353302002, 2009603, 3, 89
2022.32931574, 49.9442552678485, 136.714655199486, 20.370813369751, 2009603, 3, 89
2022.32931574, 49.9437475398006, 136.714577390573, 20.403003692627, 2009603, 3, 79
2022.32931574, 49.9433092696344, 136.71450864226, 20.3936614990234, 2009603, 3, 87
2022.32931574, 49.9429403931609, 136.714449273953, 20.3995666503906, 2009603, 3, 77
2022.32931574, 49.9407403298507, 136.714109903406, 20.3664302825928, 2009603, 3, 83
2022.32931577, 49.8782354451649, 136.705143126817, 20.7291049957275, 2009603, 3, 85
2022.32931577, 49.877936373226, 136.705102404493, 20.7184181213379, 2009603, 3, 93
2022.32931577, 49.8776244605818, 136.705059404265, 20.6980819702148, 2009603, 3, 92
2022.32931577, 49.8772868839474, 136.705012233658, 20.6628074645996, 2009603, 3, 92
2022.32931577, 49.8769361663383, 136.704962228432, 20.6996669769287, 2009603, 3, 74
2022.32931577, 49.8764577690337, 136.704893781591, 20.6635589599609, 2009603, 3, 54
2022.32931577, 49.876030607805, 136.704833123975, 20.6919212341309, 2009603, 3, 78
2022.32931577, 49.8755910950146, 136.704771898468, 20.6880435943604, 2009603, 3, 92
2022.32931577, 49.8751904137336, 136.704716700411, 20.6927185058594, 2009603, 3, 86
2022.32931577, 49.8747330265584, 136.704654387245, 20.689697265625, 2009603, 3, 84
2022.32931577, 49.8742509224776, 136.70458906408, 20.7166938781738, 2009603, 3, 85
2022.32931577, 49.8737486002077, 136.704519544051, 20.6221237182617, 2009603, 3, 82
2022.32931577, 49.872840516289, 136.704388844507, 20.6929244995117, 2009603, 3, 77
2022.32931577, 49.8723865551447, 136.704324304133, 20.6457443237305, 2009603, 3, 62
2022.32931577, 49.8719411236013, 136.704264099436, 20.6901149749756, 2009603, 3, 53
2022.32931581, 49.8029311059779, 136.694058298172, 20.83030128479, 2009603, 3, 71
2022.3293159, 49.6117835150122, 136.665299101703, 22.0440826416016, 1340408, 3, 84
2022.3293159, 49.6111847450902, 136.665217773268, 21.9735736846924, 1340408, 3, 80
2022.3293159, 49.6106678551119, 136.665145812316, 22.0117454528809, 1340408, 3, 77
2022.32931591, 49.599465803629, 136.663601641592, 22.4411239624023, 2009603, 3, 51
2022.32931591, 49.5986003579302, 136.663484974034, 22.3965606689453, 2009603, 3, 57
2022.32931591, 49.5985238445425, 136.663475257096, 22.4309310913086, 2009603, 3, 57
2022.32931591, 49.5972175645755, 136.663303773765, 22.4098510742188, 2009603, 3, 63
2022.32931591, 49.5966330244243, 136.663218267629, 22.4337673187256, 2009603, 3, 71
2022.32931591, 49.5938703928153, 136.662834269601, 22.4242095947266, 2009603, 3, 71
2022.32931591, 49.5932600658062, 136.662748794902, 22.4296875, 2009603, 3, 71
2022.32931593, 49.5612744960182, 136.658206540615, 22.4895782470703, 2009603, 3, 88
2022.32931593, 49.5608567732704, 136.658144856812, 22.5045547485352, 2009603, 3, 94
2022.32931593, 49.5604282241667, 136.658083771717, 22.4680881500244, 2009603, 3, 95
2022.32931593, 49.5598633109392, 136.658006260924, 22.4876251220703, 2009603, 3, 94
2022.32931593, 49.5592049126559, 136.657910673473, 22.5245914459229, 2009603, 3, 94
2022.32931593, 49.5585832373844, 136.657811845836, 22.4978847503662, 2009603, 3, 93
2022.32931593, 49.5580063876768, 136.65772140348, 22.4965877532959, 2009603, 3, 91
2022.32931593, 49.5574434423092, 136.657639847965, 22.5110816955566, 2009603, 3, 92
2022.32931593, 49.5568737232334, 136.657560487761, 22.52219581604, 2009603, 3, 93
2022.32931593, 49.5562959873869, 136.657479247651, 22.5067806243896, 2009603, 3, 94
2022.32931593, 49.5558053723272, 136.657406322778, 22.52463722229, 2009603, 3, 90
2022.32931593, 49.5513206137344, 136.656728349618, 22.5223617553711, 2009603, 3, 62
2022.32931595, 49.51143679623, 136.650699866574, 22.6657409667969, 2009603, 3, 79
2022.32931595, 49.5109342409644, 136.650625487239, 22.6956329345703, 2009603, 3, 93
2022.32931595, 49.5104044432428, 136.650545760481, 22.7138957977295, 2009603, 3, 95
2022.32931595, 49.5097969295629, 136.650454259657, 22.6900978088379, 2009603, 3, 95
2022.32931595, 49.50859707717, 136.650276723041, 22.7366905212402, 2009603, 3, 98
2022.32931595, 49.5080141742684, 136.650193111519, 22.7288608551025, 2009603, 3, 97
2022.32931595, 49.5073804299945, 136.650100279679, 22.6844329833984, 2009603, 3, 97
2022.32931595, 49.5068316121985, 136.65001544987, 22.6935367584229, 2009603, 3, 97
2022.32931595, 49.506211821308, 136.649919127249, 22.6847267150879, 2009603, 3, 96
2022.32931595, 49.5054730556461, 136.649815363096, 22.7363624572754, 2009603, 3, 96
2022.32931596, 49.5048580655147, 136.649733197191, 22.7557258605957, 2009603, 3, 96
2022.32931596, 49.5042115082599, 136.649638579995, 22.6618213653564, 2009603, 3, 96
2022.32931596, 49.5034752717766, 136.649523592622, 22.7434692382812, 2009603, 3, 96
2022.32931596, 49.5028734325834, 136.649433095282, 22.7367401123047, 2009603, 3, 97
2022.32931596, 49.5022994884359, 136.649348817953, 22.7194957733154, 2009603, 3, 96
2022.32931596, 49.5017979077048, 136.649274153746, 22.7382259368896, 2009603, 3, 96
2022.32931596, 49.5011959534047, 136.649183371619, 22.7014808654785, 2009603, 3, 97
2022.32931596, 49.5006179357451, 136.64909753712, 22.7527256011963, 2009603, 3, 97
2022.32931596, 49.5000449067065, 136.64901450941, 22.7510070800781, 2009603, 3, 96
2022.32931596, 49.4988343649295, 136.648834381933, 22.7304000854492, 2009603, 3, 96
2022.32931596, 49.497536582649, 136.648643251643, 22.703800201416, 2009603, 3, 96
2022.32931596, 49.4964011601283, 136.648476408224, 22.7556228637695, 2009603, 3, 92
2022.32931596, 49.4957769534478, 136.648384613357, 22.8483352661133, 2009603, 3, 86
2022.32931596, 49.4951295143245, 136.6482926339, 22.8512477874756, 2009603, 3, 75
2022.32931596, 49.4944990979421, 136.648202676725, 22.8559799194336, 2009603, 3, 58
2022.32931596, 49.4864578692251, 136.647030415313, 22.8796558380127, 2009603, 3, 57
2022.32931596, 49.4858660456639, 136.646941750631, 22.8699703216553, 2009603, 3, 70
2022.32931596, 49.4854449288771, 136.646878035884, 22.8396949768066, 2009603, 3, 87
2022.32931596, 49.4849391744273, 136.646801804216, 22.8649978637695, 2009603, 3, 85
2022.32931597, 49.4844855843324, 136.646734389515, 22.8526229858398, 2009603, 3, 85
2022.32931597, 49.4841040349642, 136.646678450951, 22.8847789764404, 2009603, 3, 75
2022.32931619, 49.0406242261533, 136.581131916822, 25.9295387268066, 13875, 3, 85
2022.32931619, 49.0398459547358, 136.581024929454, 25.9321174621582, 13875, 3, 85
2022.32931619, 49.0383510831906, 136.580822372228, 25.8814544677734, 13875, 3, 87
2022.32931619, 49.0376611691253, 136.580730774223, 25.9384574890137, 13875, 3, 88
2022.32931619, 49.0368698002629, 136.580620209476, 25.8873748779297, 13875, 3, 92
2022.32931619, 49.0364737146546, 136.580564134521, 25.905855178833, 13875, 3, 90
2022.32931619, 49.0359998352381, 136.58049780749, 25.8962841033936, 13875, 3, 87
2022.32931619, 49.0355328437998, 136.580433549201, 25.9084300994873, 13875, 3, 87
2022.32931619, 49.0352646816067, 136.580397146064, 25.9168872833252, 13875, 3, 87
2022.32931619, 49.0348763784236, 136.580345606164, 25.9074535369873, 13875, 3, 89
2022.32931619, 49.0344379067994, 136.580287420621, 25.906120300293, 13875, 3, 90
2022.32931619, 49.0339611254794, 136.580223667686, 25.899299621582, 13875, 3, 90
2022.32931619, 49.0332527277817, 136.580125466401, 25.8742618560791, 13875, 3, 90
2022.32931619, 49.0315020047395, 136.579904048385, 25.9379596710205, 13875, 3, 87
2022.32931619, 49.030318513499, 136.579747097508, 25.9153442382812, 13875, 3, 83
2022.32931619, 49.0290283405367, 136.579563443084, 25.9281883239746, 13875, 3, 93
2022.32931619, 49.0244610650373, 136.578935041787, 25.9588947296143, 13875, 3, 92
2022.3293162, 49.0225855788447, 136.578682628582, 25.930347442627, 13875, 3, 87
2022.3293162, 49.0215355853951, 136.578532599264, 25.9420051574707, 13875, 3, 89
2022.3293162, 49.0206962463504, 136.578415085764, 25.8273220062256, 13875, 3, 90
2022.32931568, 50.0771264073758, 136.733863049748, 19.589017868042, 166940, 4, 61
2022.32931568, 50.0757875896448, 136.733663830569, 19.5885200500488, 166940, 4, 66
2022.32931568, 50.0743003590248, 136.733450579604, 19.6049823760986, 166940, 4, 74
2022.32931568, 50.0732966758031, 136.733294981229, 19.7465782165527, 166940, 4, 83
2022.32931568, 50.0715889383667, 136.733058871019, 19.6187629699707, 166940, 4, 84
2022.32931568, 50.0699063765516, 136.732815525349, 19.6512622833252, 166940, 4, 81
2022.32931569, 50.0641555188018, 136.731984052554, 19.5980453491211, 166940, 4, 94
2022.32931569, 50.0623884816409, 136.731731825778, 19.6014347076416, 166940, 4, 57
2022.32931573, 49.9730717066572, 136.717777836053, 20.1500225067139, 2009603, 4, 91
2022.32931573, 49.9721218309335, 136.717624449858, 20.1483364105225, 2009603, 4, 63
2022.32931574, 49.9503722187186, 136.714258254763, 20.2513484954834, 2009603, 4, 92
2022.32931575, 49.9447452250005, 136.713424328131, 20.3369693756104, 2009603, 4, 92
2022.32931575, 49.9435415647849, 136.713247439602, 20.3258800506592, 2009603, 4, 85
2022.32931575, 49.9426048922611, 136.713114531365, 20.3410530090332, 2009603, 4, 58
2022.32931578, 49.8787034148914, 136.704136838017, 20.6224575042725, 2009603, 4, 79
2022.32931578, 49.8777351363134, 136.703997498442, 20.6067581176758, 2009603, 4, 87
2022.32931578, 49.8762402032368, 136.703774117863, 20.6164569854736, 2009603, 4, 94
2022.32931578, 49.8748472036228, 136.703580338254, 20.6592197418213, 2009603, 4, 81
2022.32931578, 49.8736486740815, 136.703403978501, 20.5854721069336, 2009603, 4, 62
2022.32931582, 49.8030450756837, 136.692828245555, 20.7511520385742, 2009603, 4, 75
2022.32931591, 49.610493016752, 136.664117343695, 21.8996658325195, 1340408, 4, 81
2022.32931591, 49.6082090057783, 136.663797622772, 21.9447937011719, 1340408, 4, 65
2022.32931594, 49.5589354196836, 136.656576602889, 22.4714336395264, 2009603, 4, 94
2022.32931594, 49.5574399187672, 136.656345634497, 22.5114288330078, 2009603, 4, 95
2022.32931594, 49.5558367650744, 136.656105705528, 22.4570541381836, 2009603, 4, 94
2022.32931596, 49.510201121026, 136.649294930375, 22.6631698608398, 2009603, 4, 61
2022.32931596, 49.5090181061663, 136.649126127182, 22.6794681549072, 2009603, 4, 95
2022.32931596, 49.5078553604139, 136.648955078004, 22.7307434082031, 2009603, 4, 96
2022.32931597, 49.506319936644, 136.648728415988, 22.672456741333, 2009603, 4, 96
2022.32931597, 49.5043803327644, 136.648448641269, 22.6612987518311, 2009603, 4, 97
2022.32931597, 49.5024147187073, 136.648162880953, 22.7183475494385, 2009603, 4, 96
2022.32931597, 49.5004766286324, 136.647878195383, 22.6917762756348, 2009603, 4, 96
2022.32931597, 49.4988907785954, 136.64764581047, 22.6908149719238, 2009603, 4, 96
2022.32931597, 49.497203975933, 136.647395312399, 22.6975059509277, 2009603, 4, 97
2022.32931597, 49.495538312291, 136.647159482557, 22.7344360351562, 2009603, 4, 96
2022.32931597, 49.4938454211634, 136.646912673473, 22.725700378418, 2009603, 4, 87
2022.32931598, 49.4852389579978, 136.645654796357, 22.7790679931641, 2009603, 4, 89
2022.32931598, 49.4841882152914, 136.645498225402, 22.7785034179688, 2009603, 4, 83
2022.3293162, 49.0405271257768, 136.580114590508, 25.8155632019043, 13875, 4, 88
2022.3293162, 49.0384969745721, 136.57983491439, 25.8409328460693, 13875, 4, 87
2022.3293162, 49.0369681305807, 136.579620413476, 25.8422832489014, 13875, 4, 91
2022.3293162, 49.0357686795702, 136.5794473408, 25.8462219238281, 13875, 4, 89
2022.3293162, 49.0346587234958, 136.579291855311, 26.1390628814697, 13875, 4, 90
2022.32931621, 49.0249993910638, 136.577912348885, 25.7971439361572, 13875, 4, 79
2022.32931512, 51.1759064605868, 136.855752323171, 54.7574348449707, 2007686, 5, 81
2022.32931512, 51.1757719244263, 136.855732623612, 54.7198181152344, 2007686, 5, 81
2022.32931569, 50.0341673212005, 136.683571682244, 19.7317886352539, 2009598, 5, 74
2022.32931569, 50.0339298217161, 136.683534664543, 19.7250957489014, 2009598, 5, 93
2022.32931569, 50.0336545647895, 136.68349141481, 19.7337856292725, 2009598, 5, 93
2022.32931569, 50.0334249497131, 136.683455512727, 19.6961555480957, 2009598, 5, 84
2022.32931569, 50.0331581846859, 136.683414377056, 19.6983051300049, 2009598, 5, 88
2022.32931576, 49.8940019925195, 136.662252453294, 20.6729106903076, 2009603, 5, 62
2022.32931576, 49.8936945036937, 136.662209141778, 20.6943778991699, 2009603, 5, 61
2022.32931576, 49.8934513121912, 136.662174605088, 20.6730365753174, 2009603, 5, 53
2022.32931576, 49.8931512777837, 136.662131838357, 20.6985321044922, 2009603, 5, 62
2022.32931576, 49.892827911933, 136.662085558735, 20.6744346618652, 2009603, 5, 72
2022.32931576, 49.8924425020352, 136.662031066857, 20.6460876464844, 2009603, 5, 76
2022.32931576, 49.8920374764791, 136.661975489846, 20.7007312774658, 2009603, 5, 76
2022.32931576, 49.8916747912298, 136.661927568399, 20.6641826629639, 2009603, 5, 78
2022.32931576, 49.8913162238415, 136.661881619862, 20.6896305084229, 2009603, 5, 79
2022.32931576, 49.8910092400397, 136.661841811597, 20.7097129821777, 2009603, 5, 79
2022.32931576, 49.8907160409792, 136.661802741238, 20.6605567932129, 2009603, 5, 83
2022.32931576, 49.8903679234679, 136.661753892202, 20.6983985900879, 2009603, 5, 89
2022.32931576, 49.8900282928615, 136.661704104778, 20.7100296020508, 2009603, 5, 90
2022.32931576, 49.8896878295044, 136.661654829538, 20.652904510498, 2009603, 5, 92
2022.32931576, 49.8888953039043, 136.661549638648, 20.6948375701904, 2009603, 5, 93
2022.32931576, 49.8884750580011, 136.661496933489, 20.6997756958008, 2009603, 5, 93
2022.32931576, 49.8880814601848, 136.661445167937, 20.6960849761963, 2009603, 5, 93
2022.32931577, 49.8876846324843, 136.6613876841, 20.7062473297119, 2009603, 5, 76
2022.32931577, 49.8701641248087, 136.65896536362, 20.7520027160645, 2009603, 5, 88
2022.32931577, 49.8699026450445, 136.658928221027, 20.7562770843506, 2009603, 5, 93
2022.32931577, 49.8696152493382, 136.658888064729, 20.826831817627, 2009603, 5, 90
2022.32931578, 49.8613047608587, 136.657712773108, 20.7912120819092, 2009603, 5, 91
2022.32931578, 49.8610627109438, 136.657678174154, 20.7971229553223, 2009603, 5, 89
2022.32931578, 49.8564095385869, 136.657015329406, 20.7797203063965, 2009603, 5, 72
2022.32931578, 49.8561917691163, 136.656983742861, 20.7811584472656, 2009603, 5, 90
2022.32931578, 49.8559542353296, 136.656950725711, 20.7643070220947, 2009603, 5, 86
2022.32931578, 49.8558194482557, 136.656932083416, 20.7464084625244, 2009603, 5, 86
2022.32931578, 49.8557809459549, 136.656926777889, 20.703462600708, 2009603, 5, 86
2022.32931591, 49.5967095506746, 136.618439983595, 21.7767887115479, 2009603, 5, 61
2022.32931591, 49.5966016917176, 136.61842513325, 21.8070259094238, 2009603, 5, 61
2022.32931591, 49.5964684233926, 136.618406921233, 22.1828594207764, 2009603, 5, 81
2022.32931591, 49.5962716411291, 136.618380072884, 22.1760654449463, 2009603, 5, 81
2022.32931591, 49.5960111678116, 136.618344682389, 22.1604270935059, 2009603, 5, 90
2022.32931591, 49.5957376529383, 136.61830759441, 22.0381202697754, 2009603, 5, 92
2022.32931591, 49.5954702660377, 136.6182713246, 22.1703453063965, 2009603, 5, 92
2022.32931591, 49.5951957026537, 136.618233910227, 22.1314888000488, 2009603, 5, 94
2022.32931591, 49.5948508523653, 136.618186843323, 22.1740074157715, 2009603, 5, 95
2022.32931591, 49.5944936485919, 136.61813819842, 22.1317729949951, 2009603, 5, 94
2022.32931591, 49.5940865197441, 136.618082875425, 22.1007480621338, 2009603, 5, 95
2022.32931591, 49.5936936893169, 136.618029610463, 22.1662940979004, 2009603, 5, 92
2022.32931593, 49.5516262322109, 136.612004334604, 22.652795791626, 2009603, 5, 60
2022.32931593, 49.5512779554654, 136.611951862589, 22.6552124023438, 2009603, 5, 90
2022.32931593, 49.5509032597727, 136.611896009429, 22.617015838623, 2009603, 5, 92
2022.32931593, 49.5503668832373, 136.611817339527, 22.6244220733643, 2009603, 5, 92
2022.32931593, 49.5498564349535, 136.611742299077, 22.612190246582, 2009603, 5, 90
2022.32931593, 49.5489556503426, 136.611606785474, 22.6166572570801, 2009603, 5, 94
2022.32931593, 49.5485361998672, 136.61154274334, 22.6445407867432, 2009603, 5, 94
2022.32931593, 49.5480882484689, 136.611474497543, 22.6384449005127, 2009603, 5, 93
2022.32931593, 49.5476316589758, 136.611405546525, 22.6344470977783, 2009603, 5, 89
2022.32931593, 49.5472268609105, 136.611345104389, 22.6643333435059, 2009603, 5, 75
2022.32931596, 49.5024114317598, 136.604642932572, 22.6813507080078, 2009603, 5, 52
2022.32931596, 49.502117651143, 136.604602007244, 22.680196762085, 2009603, 5, 52
2022.32931596, 49.5020729982071, 136.604595817252, 22.6520156860352, 2009603, 5, 52
2022.32931596, 49.502034746267, 136.604590468198, 22.6217365264893, 2009603, 5, 52
2022.32931596, 49.5020028682444, 136.60458605537, 22.6186256408691, 2009603, 5, 52
2022.32931597, 49.48066841913, 136.60148354614, 23.4069995880127, 2009603, 5, 85
2022.32931597, 49.48022721723, 136.601421853981, 23.3389263153076, 2009603, 5, 94
2022.32931597, 49.4798048458711, 136.60136099943, 23.3535213470459, 2009603, 5, 95
2022.32931597, 49.4794209675768, 136.60130220858, 23.0977478027344, 2009603, 5, 95
2022.32931597, 49.4793058771278, 136.601284029299, 22.9557209014893, 2009603, 5, 95
2022.32931597, 49.4792675326067, 136.601277956781, 22.9415130615234, 2009603, 5, 95
2022.32931597, 49.4792036462892, 136.60126785262, 22.9950370788574, 2009603, 5, 96
2022.32931597, 49.4789164894087, 136.601222909811, 22.9477863311768, 2009603, 5, 96
2022.32931597, 49.4785599969931, 136.601169114877, 22.9129505157471, 2009603, 5, 96
2022.32931597, 49.4781729984074, 136.60111534052, 22.8748168945312, 2009603, 5, 96
2022.32931597, 49.4777298752021, 136.601058299522, 22.8808689117432, 2009603, 5, 96
2022.32931597, 49.4772670904943, 136.600998130642, 22.881498336792, 2009603, 5, 97
2022.32931597, 49.4764387240044, 136.600877916157, 22.9174652099609, 2009603, 5, 90
2022.32931597, 49.4760696407705, 136.600821602737, 22.9187049865723, 2009603, 5, 90
2022.32931597, 49.4756958632761, 136.600765237466, 22.9469985961914, 2009603, 5, 80
2022.32931597, 49.4753300637237, 136.600711681161, 22.9439468383789, 2009603, 5, 81
2022.32931597, 49.4749188645011, 136.600652016296, 22.9002876281738, 2009603, 5, 81
2022.32931597, 49.474434171609, 136.600581548368, 22.9011859893799, 2009603, 5, 84
2022.32931597, 49.4739641576502, 136.600512549082, 22.9599170684814, 2009603, 5, 90
2022.32931597, 49.4735142654346, 136.600447128425, 22.9146118164062, 2009603, 5, 91
2022.32931597, 49.473106248985, 136.600388833208, 22.9353408813477, 2009603, 5, 94
2022.32931597, 49.4727711951675, 136.600341632081, 22.9717597961426, 2009603, 5, 94
2022.32931597, 49.4723861761572, 136.600287609492, 22.9391288757324, 2009603, 5, 95
2022.32931597, 49.4719177787319, 136.600221506266, 22.9696216583252, 2009603, 5, 96
2022.32931597, 49.4714716192369, 136.60015746079, 22.9464454650879, 2009603, 5, 97
2022.32931597, 49.4710822515554, 136.600100294723, 22.9478588104248, 2009603, 5, 97
2022.32931597, 49.4706170033361, 136.600030597397, 22.9920330047607, 2009603, 5, 96
2022.32931597, 49.4700522367636, 136.599944732634, 22.9287700653076, 2009603, 5, 97
2022.32931597, 49.4695644902929, 136.59987163916, 22.9571304321289, 2009603, 5, 96
2022.32931597, 49.4690827799354, 136.599801776029, 22.9642696380615, 2009603, 5, 96
2022.32931597, 49.4685946274624, 136.599732892249, 22.9775295257568, 2009603, 5, 97
2022.32931597, 49.4680938865931, 136.599663141331, 22.9966945648193, 2009603, 5, 97
2022.32931597, 49.467573948961, 136.59959059378, 23.0029888153076, 2009603, 5, 97
2022.32931597, 49.467179281056, 136.599534474165, 22.9600982666016, 2009603, 5, 98
2022.32931598, 49.4657900523448, 136.599328256518, 22.9689540863037, 2009603, 5, 98
2022.32931598, 49.4652582369383, 136.599248653502, 22.9904956817627, 2009603, 5, 98
2022.32931598, 49.4647783856636, 136.599177508897, 22.9918479919434, 2009603, 5, 97
2022.32931598, 49.464289603232, 136.599105760539, 22.9731197357178, 2009603, 5, 98
2022.32931598, 49.4638604730949, 136.599043393982, 22.9433574676514, 2009603, 5, 97
2022.32931513, 51.1764881599856, 136.854888144094, 54.7248115539551, 2007686, 6, 85
2022.32931513, 51.1763297272768, 136.854867001853, 54.7159156799316, 2007686, 6, 85
2022.3293157, 50.0328100869619, 136.682177484195, 19.698127746582, 2009598, 6, 88
2022.32931577, 49.8930918379485, 136.661148896817, 20.6621799468994, 2009603, 6, 54
2022.32931577, 49.8922082205152, 136.661025357577, 20.6698684692383, 2009603, 6, 65
2022.32931577, 49.8912583430894, 136.660894979738, 20.6358089447021, 2009603, 6, 63
2022.32931577, 49.8901169513869, 136.660734623764, 20.6318550109863, 2009603, 6, 83
2022.32931578, 49.8888274255872, 136.660547134721, 20.7052173614502, 2009603, 6, 93
2022.32931578, 49.8873774985239, 136.660342243742, 20.6406898498535, 2009603, 6, 94
2022.32931579, 49.8690754214504, 136.657708505279, 20.8441619873047, 2009603, 6, 92
2022.32931579, 49.861200756183, 136.656539735928, 20.7624397277832, 2009603, 6, 90
2022.32931579, 49.8608260984165, 136.656485371777, 20.708028793335, 2009603, 6, 54
2022.32931579, 49.8558423308583, 136.655736129652, 20.7737636566162, 2009603, 6, 91
2022.32931592, 49.5957435855265, 136.617274490464, 22.196310043335, 2009603, 6, 89
2022.32931592, 49.5947656866217, 136.617131812747, 22.2069854736328, 2009603, 6, 92
2022.32931592, 49.5937563761555, 136.616986725547, 22.2605648040771, 2009603, 6, 96
2022.32931594, 49.5507259476737, 136.610595627148, 22.6631011962891, 2009603, 6, 62
2022.32931594, 49.5494893061729, 136.610405990561, 22.5997505187988, 2009603, 6, 95
2022.32931595, 49.5480055992044, 136.610187987722, 22.6527309417725, 2009603, 6, 95
2022.32931597, 49.5013410083032, 136.60333038878, 22.5670967102051, 2009603, 6, 51
2022.32931598, 49.4805447442492, 136.600300521247, 22.9460887908936, 2009603, 6, 89
2022.32931598, 49.4798205136929, 136.600193700444, 22.9751796722412, 2009603, 6, 96
2022.32931598, 49.4787202359582, 136.600030822513, 22.861177444458, 2009603, 6, 96
2022.32931598, 49.4769756613134, 136.599773525144, 22.8825492858887, 2009603, 6, 95
2022.32931598, 49.4750495862163, 136.599488888318, 22.9079418182373, 2009603, 6, 84
2022.32931598, 49.4735368263543, 136.599264303993, 22.8754730224609, 2009603, 6, 92
2022.32931598, 49.4723171715976, 136.599084762462, 22.9410343170166, 2009603, 6, 96
2022.32931598, 49.4709655871983, 136.598882323368, 22.9624843597412, 2009603, 6, 97
2022.32931598, 49.4696047013167, 136.598682744425, 22.951286315918, 2009603, 6, 97
2022.32931599, 49.4682867490782, 136.598481001235, 22.980785369873, 2009603, 6, 97
2022.32931599, 49.4665705040754, 136.598224118111, 22.9314002990723, 2009603, 6, 98
2022.32931599, 49.4650897615993, 136.59800120814, 22.9597206115723, 2009603, 6, 98
2022.32931599, 49.4636960808482, 136.5977876041, 22.9853839874268, 2009603, 6, 97
