2019.28342484, 53.4452007251228, 123.959788838286, 251.598999023438, 2009603, 1, 88
2019.28342484, 53.4449460144577, 123.959746883015, 251.68196105957, 2009603, 1, 93
2019.28342484, 53.4445777444855, 123.959684325101, 251.586929321289, 2009603, 1, 94
2019.28342484, 53.4443307599006, 123.959642283319, 251.656143188477, 2009603, 1, 94
2019.28342484, 53.444172649909, 123.959615558477, 251.705413818359, 2009603, 1, 92
2019.28342484, 53.4440147169422, 123.959588970016, 251.878890991211, 2009603, 1, 92
2019.28342484, 53.4438316589819, 123.95955843973, 251.911499023438, 2009603, 1, 92
2019.28342484, 53.4436927361723, 123.959535445472, 251.880432128906, 2009603, 1, 89
2019.28342484, 53.4435477823575, 123.959512113186, 251.917190551758, 2009603, 1, 89
2019.28342484, 53.4418609962937, 123.95923532182, 252.208023071289, 2009603, 1, 89
2019.28342484, 53.4417715633917, 123.959219659029, 251.802536010742, 2009603, 1, 89
2019.28342484, 53.4416948327841, 123.959206318717, 251.592803955078, 2009603, 1, 95
2019.28342484, 53.4416052601782, 123.959190808511, 251.529418945312, 2009603, 1, 95
2019.28342484, 53.4413365243798, 123.959144209491, 251.561431884766, 2009603, 1, 94
2019.28342484, 53.4411893136679, 123.959118943135, 251.567459106445, 2009603, 1, 94
2019.28342484, 53.4410549798587, 123.959096001872, 251.578643798828, 2009603, 1, 94
2019.28342484, 53.4409207381268, 123.959073390013, 251.550064086914, 2009603, 1, 96
2019.28342484, 53.4407418387842, 123.959043539654, 251.575881958008, 2009603, 1, 93
2019.28342484, 53.4405886104257, 123.959018214611, 251.540100097656, 2009603, 1, 93
2019.28342484, 53.4404227531532, 123.958991025704, 251.598556518555, 2009603, 1, 95
2019.28342484, 53.4402507164734, 123.958962968991, 251.576950073242, 2009603, 1, 95
2019.28342484, 53.4401106516252, 123.958940313778, 251.557250976562, 2009603, 1, 93
2019.28342484, 53.4399580351333, 123.958915647856, 251.562713623047, 2009603, 1, 95
2019.28342484, 53.4398436727112, 123.958897247607, 251.561965942383, 2009603, 1, 95
2019.28342484, 53.4397166334632, 123.958876863741, 251.550933837891, 2009603, 1, 94
2019.28342484, 53.4395707014688, 123.958853383314, 251.562835693359, 2009603, 1, 94
2019.28342484, 53.4394375636124, 123.958831976911, 251.562469482422, 2009603, 1, 94
2019.28342484, 53.4392855208445, 123.958807528806, 251.580444335938, 2009603, 1, 94
2019.28342484, 53.4391589396115, 123.958787059016, 251.546768188477, 2009603, 1, 93
2019.28342484, 53.439045065372, 123.958768625996, 251.55256652832, 2009603, 1, 93
2019.28342484, 53.4389312576934, 123.958750112201, 251.51106262207, 2009603, 1, 94
2019.28342484, 53.4388048302604, 123.958729517932, 251.533950805664, 2009603, 1, 94
2019.28342484, 53.4386658305813, 123.958706701809, 251.549331665039, 2009603, 1, 94
2019.28342484, 53.4385205302699, 123.958682785797, 251.547378540039, 2009603, 1, 94
2019.28342484, 53.4383627723392, 123.9586565021, 251.569961547852, 2009603, 1, 94
2019.28342484, 53.4382112148279, 123.958631220239, 251.590240478516, 2009603, 1, 94
2019.28342484, 53.4381100946054, 123.95861433637, 251.581329345703, 2009603, 1, 94
2019.28342484, 53.4380215572479, 123.95859952293, 251.585433959961, 2009603, 1, 94
2019.28342484, 53.4379646051079, 123.958589993093, 251.550201416016, 2009603, 1, 93
2019.28342484, 53.4379202883473, 123.958582575534, 251.502883911133, 2009603, 1, 93
2019.28342484, 53.4378696326723, 123.958574066488, 251.562057495117, 2009603, 1, 93
2019.28342489, 53.337983727638, 123.942109497972, 254.626342773438, 2009603, 1, 82
2019.28342547, 52.1812292059949, 123.75472329345, 466.873474121094, 2002009, 1, 90
2019.28342547, 52.1810138721404, 123.75469032667, 466.692993164062, 2002009, 1, 90
2019.28342629, 50.5199914488237, 123.495822734928, 446.739166259766, 2002008, 1, 79
2019.28342629, 50.5199277746238, 123.49581292125, 447.189361572266, 2002008, 1, 79
2019.28342629, 50.519851425696, 123.495801042191, 447.214569091797, 2002008, 1, 79
2019.28342629, 50.5197877571846, 123.495791256309, 447.269012451172, 2002008, 1, 79
2019.28342656, 49.9961904643816, 123.416233969148, 416.120025634766, 2009593, 1, 57
2019.28342656, 49.9960699718311, 123.416215912778, 416.147155761719, 2009593, 1, 57
2019.28342789, 47.3217372534261, 123.024760143106, 190.133865356445, 2009593, 1, 71
2019.28342789, 47.321584595004, 123.024738259988, 190.106262207031, 2009593, 1, 78
2019.28342789, 47.3214381174403, 123.024717330121, 190.126525878906, 2009593, 1, 78
2019.28342789, 47.321316657142, 123.024700260701, 190.107208251953, 2009593, 1, 78
2019.28342789, 47.3212015055491, 123.024684141455, 190.113616943359, 2009593, 1, 76
2019.28342789, 47.3210670712987, 123.02466542707, 190.084014892578, 2009593, 1, 76
2019.28342789, 47.3209710302885, 123.024652076541, 190.1015625, 2009593, 1, 74
2019.28342789, 47.3208685672776, 123.024637885497, 190.10661315918, 2009593, 1, 74
2019.28342789, 47.3207725354299, 123.024624566654, 190.12483215332, 2009593, 1, 74
2019.28342789, 47.3206764976173, 123.024611318568, 190.130767822266, 2009593, 1, 77
2019.28342789, 47.3205869100143, 123.024598933633, 190.146026611328, 2009593, 1, 77
2019.28342485, 53.4459865986876, 123.958602023684, 251.652389526367, 2009603, 2, 92
2019.28342485, 53.4444456664684, 123.958349618944, 252.259613037109, 2009603, 2, 88
2019.28342485, 53.4425259176527, 123.958031011561, 252.416549682617, 2009603, 2, 54
2019.28342485, 53.4420165575797, 123.957944736043, 251.618865966797, 2009603, 2, 93
2019.28342485, 53.4412454553378, 123.957816169725, 251.605682373047, 2009603, 2, 96
2019.28342485, 53.4407290382215, 123.957732107433, 251.645202636719, 2009603, 2, 94
2019.28342485, 53.4402523234053, 123.957655283261, 251.644714355469, 2009603, 2, 94
2019.28342485, 53.4395883441035, 123.957548255282, 251.624404907227, 2009603, 2, 94
2019.28342485, 53.4390822434668, 123.957465598471, 251.618301391602, 2009603, 2, 93
2019.28342485, 53.4386881642121, 123.957400268264, 251.613235473633, 2009603, 2, 92
2019.28342485, 53.4383496007178, 123.957343325074, 252.396774291992, 2009603, 2, 92
2019.28342548, 52.1809860432265, 123.753417336496, 467.030090332031, 2002009, 2, 92
2019.28342548, 52.1805982883222, 123.753356004964, 466.399291992188, 2002009, 2, 92
2019.28342631, 50.5199664382435, 123.494592332982, 447.122192382812, 2002008, 2, 78
2019.28342657, 49.9967241492324, 123.415098095237, 416.237335205078, 2009593, 2, 85
2019.28342657, 49.9964818825764, 123.41506163164, 416.139221191406, 2009593, 2, 85
2019.28342657, 49.9963474584253, 123.415041388752, 416.253326416016, 2009593, 2, 85
2019.2834279, 47.3220383758848, 123.023660042105, 190.151275634766, 2009593, 2, 62
2019.2834279, 47.3206567240975, 123.023460549814, 190.14338684082, 2009593, 2, 73
2019.28342483, 53.46660084811, 123.914580138259, 253.021697998047, 2009603, 3, 72
2019.28342483, 53.4664677716541, 123.914558873336, 253.065719604492, 2009603, 3, 86
2019.28342483, 53.4662967297364, 123.914531596317, 252.979064941406, 2009603, 3, 86
2019.28342483, 53.4661383889389, 123.914506341311, 252.872482299805, 2009603, 3, 86
2019.28342483, 53.4660053887695, 123.914485081394, 252.84294128418, 2009603, 3, 86
2019.28342483, 53.4658660218603, 123.914462730503, 252.832595825195, 2009603, 3, 92
2019.28342483, 53.4657202576223, 123.914439252747, 252.762573242188, 2009603, 3, 93
2019.28342483, 53.4655807988848, 123.914416561712, 252.716735839844, 2009603, 3, 93
2019.28342483, 53.4654348764809, 123.914392692018, 252.673080444336, 2009603, 3, 92
2019.28342483, 53.4653015203944, 123.914370764135, 252.594421386719, 2009603, 3, 92
2019.28342483, 53.4651489619017, 123.914345549654, 252.515594482422, 2009603, 3, 93
2019.28342483, 53.465008997987, 123.91432229482, 252.591323852539, 2009603, 3, 93
2019.28342483, 53.4648752742182, 123.914299990042, 252.543518066406, 2009603, 3, 94
2019.28342483, 53.4647414393506, 123.914277596456, 252.502624511719, 2009603, 3, 94
2019.28342483, 53.4646074942756, 123.914255136123, 252.437835693359, 2009603, 3, 94
2019.28342483, 53.4644479214237, 123.914228362445, 252.355590820312, 2009603, 3, 95
2019.28342483, 53.4643071741733, 123.91420455107, 252.274139404297, 2009603, 3, 95
2019.28342483, 53.4641536159771, 123.914178628294, 252.136810302734, 2009603, 3, 95
2019.28342483, 53.4640001171437, 123.914152819223, 252.125, 2009603, 3, 95
2019.28342483, 53.4638403401364, 123.914126112708, 252.135681152344, 2009603, 3, 94
2019.28342483, 53.463661665955, 123.914096458002, 251.979721069336, 2009603, 3, 94
2019.28342483, 53.4635341965978, 123.914075476137, 251.778533935547, 2009603, 3, 94
2019.28342483, 53.4634259897162, 123.914057773853, 251.662078857422, 2009603, 3, 94
2019.28342483, 53.4632797887759, 123.914034017746, 251.696517944336, 2009603, 3, 94
2019.28342483, 53.4631276009516, 123.914009576336, 251.726043701172, 2009603, 3, 94
2019.28342483, 53.4629191652182, 123.913976803625, 251.672485351562, 2009603, 3, 94
2019.28342483, 53.4627550583254, 123.913951013639, 251.716522216797, 2009603, 3, 94
2019.28342483, 53.4626098676473, 123.913928114665, 251.691772460938, 2009603, 3, 94
2019.28342483, 53.4624456605761, 123.913902027708, 251.709976196289, 2009603, 3, 95
2019.28342483, 53.4623002237712, 123.913878711228, 251.711013793945, 2009603, 3, 95
2019.28342483, 53.4621355766841, 123.913852019088, 251.70280456543, 2009603, 3, 96
2019.28342483, 53.462008741104, 123.913831218126, 251.719207763672, 2009603, 3, 96
2019.28342483, 53.4618433662212, 123.913803566708, 251.759124755859, 2009603, 3, 94
2019.28342483, 53.4616964976488, 123.913778359668, 251.630111694336, 2009603, 3, 93
2019.28342483, 53.4616453651045, 123.913769562116, 251.600006103516, 2009603, 3, 93
2019.28342483, 53.4616134166794, 123.913764054676, 251.582412719727, 2009603, 3, 93
2019.28342483, 53.4615878404504, 123.913759650337, 251.638107299805, 2009603, 3, 93
2019.28342483, 53.4615367094042, 123.913750832559, 251.67301940918, 2009603, 3, 93
2019.28342483, 53.4613129535443, 123.913712320882, 252.857833862305, 2009603, 3, 91
2019.28342483, 53.4612042918754, 123.913693726239, 252.849716186523, 2009603, 3, 87
2019.28342483, 53.4610573510058, 123.913668770298, 252.768814086914, 2009603, 3, 87
2019.28342483, 53.4608340859631, 123.913631368313, 252.873458862305, 2009603, 3, 72
2019.28342483, 53.4605289412995, 123.913581926351, 252.969009399414, 2009603, 3, 74
2019.28342483, 53.4602821872946, 123.913543596922, 252.898971557617, 2009603, 3, 82
2019.28342548, 52.1556838997539, 123.703421128519, 474.901123046875, 2002009, 3, 73
2019.28342548, 52.1556332016292, 123.703413142784, 474.95361328125, 2002009, 3, 73
2019.28342548, 52.1555634284861, 123.703402146861, 474.957489013672, 2002009, 3, 73
2019.28342548, 52.1554555852332, 123.70338508445, 474.994659423828, 2002009, 3, 87
2019.28342548, 52.1553794379882, 123.703372993854, 474.997985839844, 2002009, 3, 87
2019.28342548, 52.1553286496008, 123.703364913338, 475.010498046875, 2002009, 3, 87
2019.28342548, 52.1552905331141, 123.703358845593, 475.014099121094, 2002009, 3, 87
2019.28342548, 52.1552524259661, 123.703352765372, 475.0146484375, 2002009, 3, 87
2019.28342548, 52.1552079610014, 123.70334565929, 475.069213867188, 2002009, 3, 74
2019.28342548, 52.1551190305955, 123.703331446036, 475.117218017578, 2002009, 3, 74
2019.28342548, 52.1550489836577, 123.703320126351, 475.139526367188, 2002009, 3, 74
2019.28342548, 52.1550043942805, 123.703312911628, 475.152008056641, 2002009, 3, 74
2019.28342484, 53.4665772380932, 123.913198150125, 252.476654052734, 2009603, 4, 94
2019.28342484, 53.4660999229766, 123.913119793783, 252.402847290039, 2009603, 4, 93
2019.28342484, 53.4656428136055, 123.913047213105, 252.493255615234, 2009603, 4, 95
2019.28342484, 53.4651859494148, 123.912975491773, 252.49494934082, 2009603, 4, 94
2019.28342484, 53.4647795294527, 123.912911063113, 252.250503540039, 2009603, 4, 95
2019.28342484, 53.4643782777619, 123.912845532219, 252.160919189453, 2009603, 4, 95
2019.28342484, 53.4639069912163, 123.912767243705, 251.696166992188, 2009603, 4, 95
2019.28342484, 53.4634364329643, 123.912688441446, 251.640441894531, 2009603, 4, 95
2019.28342484, 53.4626313590326, 123.912554519759, 251.645233154297, 2009603, 4, 92
2019.28342484, 53.462466359881, 123.912527387519, 251.617782592773, 2009603, 4, 93
2019.28342484, 53.4623520529145, 123.912508652728, 251.696975708008, 2009603, 4, 93
2019.28342484, 53.4620530172775, 123.912459976955, 252.665481567383, 2009603, 4, 94
2019.28342484, 53.4616067278669, 123.912387691186, 252.880783081055, 2009603, 4, 74
2019.28342484, 53.4610400554114, 123.912294658083, 252.864273071289, 2009603, 4, 67
2019.28342549, 52.1547297535548, 123.701931789137, 474.998504638672, 2002009, 4, 71
2019.28342549, 52.1545389794319, 123.701900799869, 474.977935791016, 2002009, 4, 71
2019.28342549, 52.1544181914842, 123.701881090247, 474.968383789062, 2002009, 4, 66
2019.28342549, 52.1542974362534, 123.70186134008, 475.048583984375, 2002009, 4, 66
2019.28342681, 49.5142376492514, 123.298031152785, 418.891418457031, 2009593, 4, 78
2019.28342681, 49.5138495569762, 123.297972742123, 418.933898925781, 2009593, 4, 90
2019.28342817, 46.7849669746083, 122.905492563618, 191.799789428711, 2009593, 4, 59
2019.28342817, 46.7849100905393, 122.905484695343, 191.884490966797, 2009593, 4, 59
2019.28342817, 46.784853018244, 122.90547671666, 191.903274536133, 2009593, 4, 59
2019.28342817, 46.7847959296096, 122.905468730052, 191.897888183594, 2009593, 4, 59
2019.28342482, 53.4856832467927, 123.868938074772, 252.331420898438, 2009603, 5, 91
2019.28342482, 53.4854787101601, 123.868903764174, 252.337432861328, 2009603, 5, 93
2019.28342482, 53.4852937241437, 123.868872564163, 252.352005004883, 2009603, 5, 93
2019.28342482, 53.4851290312448, 123.868844584992, 252.354125976562, 2009603, 5, 93
2019.28342482, 53.4849709249607, 123.86881772185, 252.345550537109, 2009603, 5, 92
2019.28342482, 53.4848192920959, 123.868792000981, 252.396011352539, 2009603, 5, 92
2019.28342482, 53.4846677311604, 123.868766407182, 252.368621826172, 2009603, 5, 93
2019.28342482, 53.484528792424, 123.868743076753, 252.371994018555, 2009603, 5, 94
2019.28342482, 53.4843771333469, 123.868717756059, 252.355255126953, 2009603, 5, 94
2019.28342482, 53.4842379848698, 123.868694697736, 252.392105102539, 2009603, 5, 94
2019.28342482, 53.4840989707767, 123.86867172625, 252.3740234375, 2009603, 5, 94
2019.28342482, 53.483959017309, 123.868649119492, 252.365615844727, 2009603, 5, 94
2019.28342482, 53.483787032719, 123.868621539269, 252.393707275391, 2009603, 5, 94
2019.28342482, 53.4836276258085, 123.868596123258, 252.364715576172, 2009603, 5, 94
2019.28342482, 53.4834681385641, 123.868570812523, 252.37858581543, 2009603, 5, 94
2019.28342482, 53.4832831038313, 123.868541485415, 252.344024658203, 2009603, 5, 94
2019.28342482, 53.4832065615671, 123.868529377058, 252.374572753906, 2009603, 5, 94
2019.28342482, 53.483079029868, 123.868509172662, 252.502487182617, 2009603, 5, 94
2019.28342482, 53.4828942570494, 123.868479842651, 252.602081298828, 2009603, 5, 94
2019.28342482, 53.482735151058, 123.868454478752, 252.600616455078, 2009603, 5, 94
2019.28342482, 53.4825892456376, 123.868430885729, 252.80322265625, 2009603, 5, 94
2019.28342482, 53.4824181487954, 123.868403201284, 252.996765136719, 2009603, 5, 93
2019.28342482, 53.4822471392898, 123.868375406709, 253.249725341797, 2009603, 5, 53
2019.2834255, 52.1240776358102, 123.651192947837, 483.472076416016, 2002009, 5, 52
2019.2834255, 52.123875050614, 123.651161179824, 483.2939453125, 2002009, 5, 52
2019.2834255, 52.1238176468727, 123.651152358189, 483.242065429688, 2002009, 5, 52
2019.2834255, 52.123779377784, 123.651146547917, 483.257781982422, 2002009, 5, 52
2019.28342628, 50.5454879560099, 123.408547666717, 459.783996582031, 2002008, 5, 87
2019.28342628, 50.5453552357252, 123.408527540537, 459.776672363281, 2002008, 5, 87
2019.28342628, 50.5451403980693, 123.408494763511, 459.555480957031, 2002008, 5, 68
2019.28342628, 50.5451024943477, 123.408488994045, 459.449310302734, 2002008, 5, 68
2019.28342628, 50.5450709092913, 123.408484194379, 459.511505126953, 2002008, 5, 68
2019.28342628, 50.5450266588902, 123.408477413424, 459.645843505859, 2002008, 5, 68
2019.28342483, 53.4859574419407, 123.867608354107, 252.379364013672, 2009603, 6, 92
2019.28342483, 53.4851793060711, 123.867479297344, 252.412536621094, 2009603, 6, 94
2019.28342483, 53.4847042531526, 123.867399393953, 252.404312133789, 2009603, 6, 94
2019.28342483, 53.4842527078315, 123.867324461116, 252.373275756836, 2009603, 6, 93
2019.28342483, 53.4835689368284, 123.867214205255, 252.569931030273, 2009603, 6, 95
