2019.85618912, 42.5850382713575, 128.240766318712, 543.092834472656, 2006364, 1, 67
2019.85619079, 45.9265505550487, 127.792560659502, 106.742248535156, 2009603, 1, 92
2019.85619079, 45.9275193530088, 127.792409011418, 106.728981018066, 2009603, 1, 94
2019.85619079, 45.9285674891428, 127.792244427564, 106.641410827637, 2009603, 1, 94
2019.85619079, 45.9295783564932, 127.792086040846, 106.859870910645, 2009603, 1, 95
2019.85619079, 45.9303239002253, 127.791969058325, 106.890228271484, 2009603, 1, 91
2019.85619329, 50.9530510472259, 127.059173020199, 139.160980224609, 2009603, 1, 92
2019.85619329, 50.9536611718715, 127.059081811165, 138.978942871094, 2009603, 1, 94
2019.85619329, 50.9541619189536, 127.05900494301, 138.984939575195, 2009603, 1, 94
2019.85619329, 50.9546126187168, 127.058936168038, 139.026229858398, 2009603, 1, 92
2019.85619329, 50.9551415778804, 127.058857105244, 139.024597167969, 2009603, 1, 91
2019.85619329, 50.9559654512241, 127.058736054901, 139.035018920898, 2009603, 1, 94
2019.8561933, 50.957636903969, 127.058485252884, 139.226379394531, 2009603, 1, 93
2019.85619506, 54.5003124126737, 126.485306411357, 357.93310546875, 2009604, 1, 60
2019.85619506, 54.5005729038476, 126.4852609982, 357.919860839844, 2009604, 1, 89
2019.85619506, 54.5008333991996, 126.485215408708, 357.927551269531, 2009604, 1, 90
2019.85619506, 54.5010938667534, 126.485170245936, 357.938262939453, 2009604, 1, 87
2019.85618913, 42.5827875390121, 128.24192840577, 543.107604980469, 2006364, 2, 67
2019.85618914, 42.584814966242, 128.241636281989, 543.264099121094, 2006364, 2, 53
2019.85618914, 42.5849163911069, 128.241621125391, 543.189147949219, 2006364, 2, 53
2019.85618914, 42.5850115756674, 128.241606928187, 543.197326660156, 2006364, 2, 70
2019.85618914, 42.5851513794488, 128.241586267338, 543.249938964844, 2006364, 2, 70
2019.85618914, 42.5852723144845, 128.24156855613, 543.232604980469, 2006364, 2, 70
2019.85618914, 42.5853870714064, 128.241552038469, 543.251647949219, 2006364, 2, 70
2019.85618914, 42.585502003946, 128.241535603412, 543.2060546875, 2006364, 2, 62
2019.85618914, 42.585623760882, 128.241518885621, 543.249877929688, 2006364, 2, 62
2019.8561908, 45.9261062658217, 127.793359459725, 106.924858093262, 2009603, 2, 67
2019.8561908, 45.9262650905452, 127.793335414114, 106.912780761719, 2009603, 2, 91
2019.8561908, 45.92643028303, 127.793310151943, 106.894683837891, 2009603, 2, 91
2019.8561908, 45.9266464047617, 127.793277147966, 106.918334960938, 2009603, 2, 93
2019.8561908, 45.9268372327438, 127.793247936556, 106.949096679688, 2009603, 2, 94
2019.8561908, 45.9270663393441, 127.793212163838, 106.903190612793, 2009603, 2, 95
2019.8561908, 45.9272955582816, 127.793176119856, 106.896179199219, 2009603, 2, 94
2019.8561908, 45.9275248394649, 127.793139571919, 106.915748596191, 2009603, 2, 94
2019.8561908, 45.9277669171061, 127.79310066288, 106.900398254395, 2009603, 2, 94
2019.8561908, 45.9280408726581, 127.79305624471, 106.953857421875, 2009603, 2, 94
2019.8561908, 45.9283147808956, 127.793011459601, 106.909660339355, 2009603, 2, 93
2019.8561908, 45.9285823450314, 127.792968113343, 106.924003601074, 2009603, 2, 94
2019.8561908, 45.9287989657044, 127.792933522702, 106.929512023926, 2009603, 2, 94
2019.8561908, 45.9289837708739, 127.792904704646, 106.908401489258, 2009603, 2, 94
2019.8561908, 45.9292131614851, 127.792869157105, 106.943519592285, 2009603, 2, 95
2019.8561908, 45.9294618050397, 127.792833043199, 106.910919189453, 2009603, 2, 94
2019.8561908, 45.9296785641892, 127.7928021664, 106.889694213867, 2009603, 2, 94
2019.8561908, 45.9298697531244, 127.792774838668, 106.882843017578, 2009603, 2, 93
2019.8561908, 45.9300608869285, 127.792747502119, 106.902610778809, 2009603, 2, 91
2019.8561908, 45.9302646515332, 127.792717893549, 106.87816619873, 2009603, 2, 91
2019.8561908, 45.9304365022959, 127.792692709413, 106.90837097168, 2009603, 2, 91
2019.8561908, 45.9305764262711, 127.79267164385, 106.874649047852, 2009603, 2, 79
2019.8561908, 45.9306972646185, 127.792653038727, 106.912773132324, 2009603, 2, 79
2019.8561908, 45.9308243696708, 127.792632985755, 106.912033081055, 2009603, 2, 52
2019.8561908, 45.9309260187514, 127.792616922841, 106.926567077637, 2009603, 2, 52
2019.8561933, 50.9524415317505, 127.060715578429, 139.417984008789, 2009603, 2, 57
2019.8561933, 50.952517628316, 127.060704467807, 139.291870117188, 2009603, 2, 92
2019.8561933, 50.9527397801363, 127.060672031724, 139.155288696289, 2009603, 2, 92
2019.8561933, 50.9528478225365, 127.060656389503, 139.091873168945, 2009603, 2, 92
2019.8561933, 50.9529749972518, 127.060637590066, 139.098419189453, 2009603, 2, 92
2019.8561933, 50.9531277929193, 127.060615226887, 139.070037841797, 2009603, 2, 93
2019.8561933, 50.9532616160666, 127.060595525542, 139.129791259766, 2009603, 2, 93
2019.8561933, 50.9535233149146, 127.060557079276, 139.104156494141, 2009603, 2, 93
2019.8561933, 50.9536704087425, 127.060535468204, 139.122894287109, 2009603, 2, 93
2019.8561933, 50.9538111109939, 127.06051474082, 139.108291625977, 2009603, 2, 93
2019.8561933, 50.9539517864669, 127.060494127211, 139.099914550781, 2009603, 2, 93
2019.8561933, 50.9540859956829, 127.060474527905, 139.014495849609, 2009603, 2, 94
2019.8561933, 50.9542328539497, 127.060453154765, 139.057739257812, 2009603, 2, 94
2019.8561933, 50.9543986734808, 127.06042934681, 139.097442626953, 2009603, 2, 94
2019.8561933, 50.9545578391259, 127.060406512143, 139.085556030273, 2009603, 2, 95
2019.8561933, 50.9548434965261, 127.060366168072, 139.080108642578, 2009603, 2, 94
2019.8561933, 50.9549763954794, 127.060347630228, 139.096664428711, 2009603, 2, 94
2019.85619331, 50.9551911369313, 127.06031756421, 139.042358398438, 2009603, 2, 94
2019.85619331, 50.9556006443785, 127.060260574926, 139.063568115234, 2009603, 2, 95
2019.85619331, 50.9558459694264, 127.060226157474, 139.0732421875, 2009603, 2, 94
2019.85619331, 50.9562485101312, 127.060168887443, 139.173736572266, 2009603, 2, 94
2019.85619331, 50.9564248554562, 127.06014357668, 139.174545288086, 2009603, 2, 94
2019.85619331, 50.9568416740682, 127.06008306964, 139.420181274414, 2009603, 2, 94
2019.85619331, 50.9569176740582, 127.060071987794, 139.497039794922, 2009603, 2, 94
2019.85619331, 50.9570826025517, 127.060048063359, 139.398910522461, 2009603, 2, 89
2019.85619331, 50.9571777719757, 127.060034065761, 139.337219238281, 2009603, 2, 89
2019.85619331, 50.9575094779713, 127.059986244458, 140.056106567383, 2009603, 2, 71
2019.85619331, 50.9576053545745, 127.059972507174, 140.31184387207, 2009603, 2, 71
2019.85619331, 50.9576820828831, 127.059961347436, 140.527709960938, 2009603, 2, 71
2019.85619466, 53.6657990818051, 126.626802055691, 223.436065673828, 2009603, 2, 87
2019.85619507, 54.5003036967273, 126.486494373933, 358.102722167969, 2009604, 2, 53
2019.85619507, 54.5003609090844, 126.486484198569, 358.103057861328, 2009604, 2, 53
2019.85619507, 54.5004371647798, 126.486470465654, 358.052276611328, 2009604, 2, 53
2019.85619507, 54.5005134296798, 126.486456971464, 358.031677246094, 2009604, 2, 89
2019.85619507, 54.5005896677791, 126.486443420767, 358.0224609375, 2009604, 2, 89
2019.85619507, 54.5006595713055, 126.486431283904, 358.050506591797, 2009604, 2, 89
2019.85619507, 54.5007230664648, 126.48641990444, 358.062469482422, 2009604, 2, 89
2019.85619507, 54.5007865492597, 126.486408570406, 358.085906982422, 2009604, 2, 89
2019.85619507, 54.5008500280147, 126.486397299901, 358.066467285156, 2009604, 2, 89
2019.85619507, 54.500907132353, 126.486387023963, 358.059539794922, 2009604, 2, 89
2019.85619507, 54.5009642584873, 126.486377048617, 358.030120849609, 2009604, 2, 89
2019.85619507, 54.5010276792273, 126.486365623704, 358.063232421875, 2009604, 2, 90
2019.85619507, 54.5010974364057, 126.486353117805, 358.091094970703, 2009604, 2, 90
2019.85619507, 54.5011671704416, 126.486340536717, 358.047241210938, 2009604, 2, 90
2019.85619507, 54.5012370376732, 126.48632819448, 358.102752685547, 2009604, 2, 90
2019.85619507, 54.5013066197377, 126.486315303943, 358.038452148438, 2009604, 2, 66
2019.85619507, 54.5013761913125, 126.486302385934, 357.998779296875, 2009604, 2, 66
2019.85619507, 54.5014520855461, 126.486288345546, 358.117767333984, 2009604, 2, 66
2019.85618924, 42.8246683528426, 128.2487732304, 521.961791992188, 2006366, 3, 74
2019.85619078, 45.9204046236388, 127.835202745504, 106.716102600098, 2009603, 3, 55
2019.85619078, 45.9206210172304, 127.835170889662, 106.704452514648, 2009603, 3, 92
2019.85619078, 45.9208118204106, 127.83514273486, 106.67928314209, 2009603, 3, 93
2019.85619078, 45.9210343457791, 127.835109918822, 106.693481445312, 2009603, 3, 95
2019.85619078, 45.9212886228507, 127.83507209838, 106.684707641602, 2009603, 3, 93
2019.85619078, 45.9216064707535, 127.835024700238, 106.732002258301, 2009603, 3, 94
2019.85619078, 45.922121701386, 127.834947118282, 106.692573547363, 2009603, 3, 95
2019.85619078, 45.9228660303302, 127.834835246533, 106.74161529541, 2009603, 3, 93
2019.85619078, 45.9233618399675, 127.834761770381, 106.750556945801, 2009603, 3, 93
2019.85619078, 45.9238510718635, 127.83468941588, 106.726181030273, 2009603, 3, 94
2019.85619079, 45.9243594540051, 127.834613343534, 106.715438842773, 2009603, 3, 92
2019.85619079, 45.9248172750671, 127.834543527198, 106.727203369141, 2009603, 3, 94
2019.85619079, 45.9253770655245, 127.83445786215, 106.714561462402, 2009603, 3, 94
2019.85619079, 45.9260896102, 127.834349584378, 106.737236022949, 2009603, 3, 90
2019.85619079, 45.9295223359269, 127.833820085595, 106.769874572754, 2009603, 3, 77
2019.85619079, 45.9301486107192, 127.833723522255, 106.721626281738, 2009603, 3, 88
2019.85619079, 45.9306206664835, 127.833650946957, 106.719436645508, 2009603, 3, 85
2019.85619328, 50.9320593693891, 127.108556200017, 138.529937744141, 2009603, 3, 93
2019.85619328, 50.9327327992481, 127.108449268093, 138.530090332031, 2009603, 3, 93
2019.85619328, 50.9333684377547, 127.108346961532, 138.541946411133, 2009603, 3, 94
2019.85619328, 50.933864137631, 127.108264996015, 138.564392089844, 2009603, 3, 95
2019.85619328, 50.9344862302944, 127.108163311187, 138.585388183594, 2009603, 3, 94
2019.85619328, 50.9350566999481, 127.108074150261, 138.559448242188, 2009603, 3, 94
2019.85619328, 50.9357741456055, 127.107960650723, 138.586975097656, 2009603, 3, 94
2019.85619328, 50.9367301736025, 127.107801264614, 138.52717590332, 2009603, 3, 94
2019.85619328, 50.9373230862398, 127.107703373963, 138.568756103516, 2009603, 3, 95
2019.85619328, 50.9377432048703, 127.107635366419, 138.739486694336, 2009603, 3, 94
2019.85619328, 50.9380482562593, 127.107586517848, 138.732604980469, 2009603, 3, 92
2019.85619463, 53.6384573923611, 126.67887738022, 220.600570678711, 2009603, 3, 87
2019.85619463, 53.6392463612192, 126.678754211465, 219.83122253418, 2009603, 3, 89
2019.85619463, 53.6394312222542, 126.678725319918, 219.889099121094, 2009603, 3, 89
2019.85619463, 53.639686144281, 126.678685405976, 219.926605224609, 2009603, 3, 94
2019.85619463, 53.6399282076891, 126.678647402557, 220.237899780273, 2009603, 3, 72
2019.85619504, 54.4646159849615, 126.541059748881, 352.195129394531, 2009604, 3, 57
2019.85619504, 54.4648515118398, 126.541022650214, 352.164215087891, 2009604, 3, 91
2019.85619504, 54.4651252632288, 126.540979597646, 352.174224853516, 2009604, 3, 90
2019.85619506, 54.5013672492735, 126.535154976138, 354.794982910156, 2009604, 3, 76
2019.85619506, 54.5016532624734, 126.535105539349, 354.802001953125, 2009604, 3, 88
2019.85619506, 54.5019393414528, 126.535056143757, 354.781158447266, 2009604, 3, 89
2019.85619506, 54.5022443052248, 126.535003530939, 354.797241210938, 2009604, 3, 88
2019.85619506, 54.5025680379689, 126.534947841265, 354.849304199219, 2009604, 3, 70
2019.85619506, 54.5078516094388, 126.534035339755, 355.278778076172, 2009604, 3, 69
2019.85619506, 54.5081506723287, 126.533983152003, 355.188873291016, 2009604, 3, 70
2019.85619506, 54.5084244302552, 126.533935313225, 354.824890136719, 2009604, 3, 76
2019.85619507, 54.5086663677098, 126.533893175122, 354.817657470703, 2009604, 3, 86
2019.85619507, 54.5088764224985, 126.533856598412, 354.795867919922, 2009604, 3, 84
2019.85619079, 45.9202672250781, 127.83601015762, 106.715270996094, 2009603, 4, 92
2019.85619079, 45.9203624707295, 127.835994888631, 106.730407714844, 2009603, 4, 87
2019.85619079, 45.9204510098648, 127.83598069863, 106.741302490234, 2009603, 4, 87
2019.85619079, 45.9205268810587, 127.835968501523, 106.743118286133, 2009603, 4, 94
2019.85619079, 45.9205964414006, 127.835957459392, 106.722816467285, 2009603, 4, 94
2019.85619079, 45.9206596658778, 127.835947290074, 106.755882263184, 2009603, 4, 94
2019.85619079, 45.9207165756221, 127.835938154987, 106.73152923584, 2009603, 4, 94
2019.85619079, 45.9207735018089, 127.835929083284, 106.713363647461, 2009603, 4, 94
2019.85619079, 45.9208367607994, 127.835918928665, 106.724563598633, 2009603, 4, 94
2019.85619079, 45.9209000475565, 127.835908832493, 106.713577270508, 2009603, 4, 94
2019.85619079, 45.9209696769487, 127.835897606567, 106.730102539062, 2009603, 4, 94
2019.85619079, 45.9210203537978, 127.835889583837, 106.75505065918, 2009603, 4, 95
2019.85619079, 45.9211090686917, 127.835875342268, 106.762588500977, 2009603, 4, 95
2019.85619079, 45.9212296135998, 127.835856254847, 106.771476745605, 2009603, 4, 95
2019.85619079, 45.9213502954752, 127.835837004898, 106.746604919434, 2009603, 4, 95
2019.85619079, 45.921432980577, 127.835823986873, 106.756866455078, 2009603, 4, 95
2019.85619079, 45.9215539654517, 127.835804845996, 106.779663085938, 2009603, 4, 94
2019.85619079, 45.9217006117844, 127.835781783024, 106.724708557129, 2009603, 4, 94
2019.85619079, 45.9218735163085, 127.835754659973, 106.728530883789, 2009603, 4, 94
2019.85619079, 45.9220659529987, 127.835724676324, 106.729698181152, 2009603, 4, 95
2019.85619079, 45.9222842856783, 127.835690905451, 106.731864929199, 2009603, 4, 94
2019.8561908, 45.9224641397742, 127.835663191261, 106.722381591797, 2009603, 4, 94
2019.8561908, 45.9226631789976, 127.835632691756, 106.747360229492, 2009603, 4, 95
2019.8561908, 45.9228363569389, 127.835606233644, 106.722381591797, 2009603, 4, 94
2019.8561908, 45.9230028899128, 127.835580813302, 106.715942382812, 2009603, 4, 94
2019.8561908, 45.9231371218781, 127.835560382188, 106.737121582031, 2009603, 4, 94
2019.8561908, 45.9233030490064, 127.835535176583, 106.718528747559, 2009603, 4, 94
2019.8561908, 45.9234622923575, 127.835510845649, 106.71378326416, 2009603, 4, 94
2019.8561908, 45.9236403108383, 127.835483533356, 106.701522827148, 2009603, 4, 94
2019.8561908, 45.9237989666234, 127.835458964499, 106.692855834961, 2009603, 4, 94
2019.8561908, 45.9239384056277, 127.835437376356, 106.74430847168, 2009603, 4, 94
2019.8561908, 45.9241029766376, 127.835411499215, 106.736145019531, 2009603, 4, 94
2019.8561908, 45.9242548380776, 127.835387622472, 106.726104736328, 2009603, 4, 94
2019.8561908, 45.9243809486587, 127.835367429877, 106.688606262207, 2009603, 4, 94
2019.8561908, 45.9245133645092, 127.835346045772, 106.706451416016, 2009603, 4, 93
2019.8561908, 45.9246963745234, 127.835316512786, 106.714408874512, 2009603, 4, 93
2019.8561908, 45.9248796636866, 127.835286843543, 106.695983886719, 2009603, 4, 94
2019.8561908, 45.9250443230958, 127.835260173402, 106.749130249023, 2009603, 4, 92
2019.8561908, 45.9252220670207, 127.835231532181, 106.702705383301, 2009603, 4, 94
2019.8561908, 45.9254002622892, 127.835202973149, 106.71997833252, 2009603, 4, 94
2019.8561908, 45.9256047297735, 127.835170477367, 106.719673156738, 2009603, 4, 92
2019.8561908, 45.9257910338042, 127.835141067903, 106.70182800293, 2009603, 4, 91
2019.8561908, 45.9259452361264, 127.835116979462, 106.693954467773, 2009603, 4, 91
2019.8561908, 45.9261056973998, 127.835092027649, 106.692039489746, 2009603, 4, 88
2019.8561908, 45.9262786366527, 127.835065214004, 106.720199584961, 2009603, 4, 60
2019.8561908, 45.9264637964436, 127.835036519975, 106.715614318848, 2009603, 4, 60
2019.8561908, 45.9285416261978, 127.834708712629, 106.70393371582, 2009603, 4, 64
2019.8561908, 45.929216841265, 127.834600343686, 106.757568359375, 2009603, 4, 66
2019.8561908, 45.929306798429, 127.834586224854, 106.708595275879, 2009603, 4, 74
2019.8561908, 45.9294664872084, 127.834561344002, 106.707710266113, 2009603, 4, 74
2019.8561908, 45.9296957506573, 127.834525986635, 106.694274902344, 2009603, 4, 82
2019.8561908, 45.9298544786951, 127.834501676162, 106.702972412109, 2009603, 4, 86
2019.8561908, 45.9300128515012, 127.834477599117, 106.703559875488, 2009603, 4, 88
2019.8561908, 45.9301645843417, 127.834454608725, 106.704231262207, 2009603, 4, 88
2019.8561908, 45.9302845390833, 127.834436543403, 106.713806152344, 2009603, 4, 86
2019.8561908, 45.9303917567784, 127.834420343114, 106.728088378906, 2009603, 4, 86
2019.8561908, 45.9305051956659, 127.834403171416, 106.742866516113, 2009603, 4, 78
2019.8561908, 45.93061234242, 127.834387189698, 106.721542358398, 2009603, 4, 78
2019.8561908, 45.9307129721139, 127.834371914078, 106.716995239258, 2009603, 4, 78
2019.8561908, 45.9308261966235, 127.834354661905, 106.723587036133, 2009603, 4, 51
2019.8561908, 45.9309520853478, 127.834335575427, 106.716255187988, 2009603, 4, 51
2019.85619329, 50.9300733972236, 127.110039688391, 139.375930786133, 2009603, 4, 68
2019.85619329, 50.9301820246603, 127.11002274399, 139.489685058594, 2009603, 4, 68
2019.85619329, 50.9303161026608, 127.110001663524, 139.407257080078, 2009603, 4, 85
2019.85619329, 50.9305586354857, 127.109964076541, 138.736083984375, 2009603, 4, 62
2019.85619329, 50.930685772474, 127.109944742402, 138.583053588867, 2009603, 4, 62
2019.85619329, 50.9309334243121, 127.109907462284, 138.571350097656, 2009603, 4, 90
2019.85619329, 50.9311554699414, 127.109874220577, 138.567398071289, 2009603, 4, 93
2019.85619329, 50.9313520943389, 127.109844906432, 138.553039550781, 2009603, 4, 94
2019.85619329, 50.9315614524986, 127.10981364572, 138.564392089844, 2009603, 4, 93
2019.85619329, 50.9317963680585, 127.109778488615, 138.538696289062, 2009603, 4, 94
2019.85619329, 50.9320253582129, 127.109743784586, 138.536804199219, 2009603, 4, 94
2019.85619329, 50.9322993688759, 127.109701921432, 138.593612670898, 2009603, 4, 95
2019.85619329, 50.9324843051375, 127.109673572333, 138.554244995117, 2009603, 4, 95
2019.85619329, 50.932650180258, 127.10964822056, 138.572540283203, 2009603, 4, 95
2019.85619329, 50.9328224667398, 127.109621944749, 138.568542480469, 2009603, 4, 94
2019.85619329, 50.932994739099, 127.109595617743, 138.606491088867, 2009603, 4, 94
2019.85619329, 50.9331542450652, 127.109571319341, 138.564682006836, 2009603, 4, 94
2019.85619329, 50.9333135757268, 127.109547595211, 138.594039916992, 2009603, 4, 94
2019.85619329, 50.933453739267, 127.109526644391, 138.596557617188, 2009603, 4, 94
2019.85619329, 50.9336702857654, 127.109494191987, 138.594619750977, 2009603, 4, 94
2019.85619329, 50.9338230953411, 127.109471199024, 138.534484863281, 2009603, 4, 95
2019.85619329, 50.9339567656921, 127.109450967434, 138.606552124023, 2009603, 4, 95
2019.85619329, 50.9340776905867, 127.109432658408, 138.597427368164, 2009603, 4, 95
2019.85619329, 50.9342113008031, 127.109412225155, 138.569091796875, 2009603, 4, 95
2019.85619329, 50.9343067171013, 127.10939755661, 138.549392700195, 2009603, 4, 95
2019.85619329, 50.9343957238649, 127.109384116189, 138.608703613281, 2009603, 4, 95
2019.85619329, 50.9345230029849, 127.109364007881, 138.535842895508, 2009603, 4, 94
2019.85619329, 50.9346502476188, 127.109343951667, 138.564590454102, 2009603, 4, 94
2019.85619329, 50.9347837799485, 127.10932277012, 138.601913452148, 2009603, 4, 95
2019.85619329, 50.9350316056247, 127.109283850944, 138.592636108398, 2009603, 4, 95
2019.85619329, 50.9352093506996, 127.109256149719, 138.588256835938, 2009603, 4, 95
2019.85619329, 50.9353742632128, 127.109230721907, 138.612045288086, 2009603, 4, 95
2019.85619329, 50.9355770427668, 127.109199803982, 138.576477050781, 2009603, 4, 95
2019.85619329, 50.9357037130286, 127.109180723179, 138.591598510742, 2009603, 4, 95
2019.85619329, 50.9358364850908, 127.109161428929, 138.558303833008, 2009603, 4, 94
2019.85619329, 50.9360766913997, 127.109126909997, 138.598068237305, 2009603, 4, 93
2019.85619329, 50.9362979861234, 127.109095224514, 138.542831420898, 2009603, 4, 93
2019.85619329, 50.9364624796047, 127.109071539274, 138.604385375977, 2009603, 4, 93
2019.85619329, 50.9366397714098, 127.109045720419, 138.551239013672, 2009603, 4, 93
2019.85619329, 50.9368172845178, 127.10901970385, 138.562423706055, 2009603, 4, 94
2019.85619329, 50.9369505542602, 127.109000132453, 138.597503662109, 2009603, 4, 94
2019.85619329, 50.9370522610235, 127.108984464452, 138.648498535156, 2009603, 4, 93
2019.85619329, 50.937160388847, 127.108967571522, 138.771194458008, 2009603, 4, 93
2019.85619505, 54.4648105285148, 126.542675093158, 352.136993408203, 2009604, 4, 87
2019.85619505, 54.4648873646642, 126.542662664277, 352.129913330078, 2009604, 4, 87
2019.85619505, 54.4649705828552, 126.542649045359, 352.164428710938, 2009604, 4, 87
2019.85619505, 54.4650409948555, 126.54263756549, 352.16552734375, 2009604, 4, 87
2019.85619505, 54.4651178021485, 126.542625107244, 352.227447509766, 2009604, 4, 87
2019.85619505, 54.4651881941116, 126.542613667864, 352.180938720703, 2009604, 4, 87
2019.85619505, 54.4652713448865, 126.542600000389, 352.16748046875, 2009604, 4, 89
2019.85619505, 54.465348088294, 126.542587516419, 352.156402587891, 2009604, 4, 89
2019.85619505, 54.4654375649277, 126.542572735968, 352.177734375, 2009604, 4, 89
2019.85619505, 54.4655142532415, 126.54256027338, 352.346282958984, 2009604, 4, 71
2019.85619505, 54.465597273748, 126.542546614085, 352.630310058594, 2009604, 4, 71
2019.85619505, 54.4656611342191, 126.542536292719, 352.917449951172, 2009604, 4, 71
2019.85619507, 54.5030079167373, 126.536086945263, 354.814880371094, 2009604, 4, 76
2019.85619507, 54.5031098402646, 126.53606821387, 354.833618164062, 2009604, 4, 76
2019.85619507, 54.5032181207125, 126.536048543301, 354.847442626953, 2009604, 4, 76
2019.85619507, 54.5033072562825, 126.536032373666, 354.832183837891, 2009604, 4, 76
2019.85619507, 54.5033836317608, 126.536018531659, 354.796752929688, 2009604, 4, 76
2019.85619507, 54.5034726919177, 126.536002351087, 354.818298339844, 2009604, 4, 76
2019.85619507, 54.5035553634985, 126.535987400729, 354.829681396484, 2009604, 4, 89
2019.85619507, 54.503631638763, 126.535973575722, 354.835540771484, 2009604, 4, 89
2019.85619507, 54.5037078907085, 126.535959841317, 354.829254150391, 2009604, 4, 89
2019.85619507, 54.5037904705669, 126.535945028842, 354.846527099609, 2009604, 4, 91
2019.85619507, 54.5038984039888, 126.53592567375, 354.832855224609, 2009604, 4, 91
2019.85619507, 54.5040189730094, 126.535904101475, 354.806274414062, 2009604, 4, 90
2019.85619507, 54.5041203026517, 126.53588614659, 354.84521484375, 2009604, 4, 90
2019.85619507, 54.5042089373891, 126.535870345769, 354.819519042969, 2009604, 4, 90
2019.85619507, 54.5042975781598, 126.535854638124, 354.859405517578, 2009604, 4, 89
2019.85619507, 54.5043988986373, 126.535836776944, 354.810516357422, 2009604, 4, 89
2019.85619507, 54.5044812250599, 126.535822157251, 354.8203125, 2009604, 4, 89
2019.85619507, 54.5045698986832, 126.535806346609, 354.841583251953, 2009604, 4, 91
2019.85619507, 54.5046649514561, 126.535789439909, 354.827880859375, 2009604, 4, 91
2019.85619507, 54.5047600547181, 126.53577255429, 354.829742431641, 2009604, 4, 90
2019.85619507, 54.5048551900863, 126.535755441869, 354.82177734375, 2009604, 4, 90
2019.85619507, 54.5049377078483, 126.535740734079, 354.785675048828, 2009604, 4, 85
2019.85619507, 54.5050202490458, 126.535725810663, 354.806884765625, 2009604, 4, 85
2019.85619507, 54.5051219215261, 126.535707494906, 354.843231201172, 2009604, 4, 85
2019.85619507, 54.5052171580633, 126.53569041055, 354.8466796875, 2009604, 4, 85
2019.85619507, 54.5053064362894, 126.535674074196, 354.829986572266, 2009604, 4, 87
2019.85619507, 54.5053893784198, 126.535658875695, 354.897003173828, 2009604, 4, 87
2019.85619507, 54.505465965692, 126.535644780586, 354.880401611328, 2009604, 4, 87
2019.85619507, 54.5055553432566, 126.53562832111, 354.952087402344, 2009604, 4, 85
2019.85619507, 54.5056383361917, 126.535612921964, 354.896118164062, 2009604, 4, 85
2019.85619507, 54.5057213537128, 126.535597666949, 354.914428710938, 2009604, 4, 85
2019.85619507, 54.5058043385776, 126.535582192305, 354.892852783203, 2009604, 4, 73
2019.85619507, 54.5058745597333, 126.535569226333, 354.899536132812, 2009604, 4, 73
2019.85619507, 54.5059447868815, 126.535556422116, 354.929901123047, 2009604, 4, 73
2019.85619507, 54.5060404790786, 126.535538694215, 354.922729492188, 2009604, 4, 81
2019.85619507, 54.5061361410817, 126.535521128482, 354.902130126953, 2009604, 4, 81
2019.85619507, 54.5062381104836, 126.535502403775, 354.905975341797, 2009604, 4, 81
2019.85619507, 54.5063272560333, 126.535485966578, 354.902526855469, 2009604, 4, 88
2019.85619507, 54.5064099997232, 126.5354709172, 354.880249023438, 2009604, 4, 88
2019.85619507, 54.5064991231365, 126.535454502072, 354.878723144531, 2009604, 4, 88
2019.85619507, 54.5065689178941, 126.53544196341, 354.897186279297, 2009604, 4, 88
2019.85619507, 54.5066450032258, 126.535428260208, 354.9013671875, 2009604, 4, 88
2019.85619507, 54.5067210375996, 126.535414568071, 354.925018310547, 2009604, 4, 88
2019.85619507, 54.5068033591991, 126.535399734062, 354.933380126953, 2009604, 4, 88
2019.85619508, 54.5068666636428, 126.53538841694, 354.890747070312, 2009604, 4, 88
2019.85619508, 54.5069362706724, 126.535375995655, 354.913360595703, 2009604, 4, 88
2019.85619508, 54.507005853377, 126.535363564513, 354.93896484375, 2009604, 4, 88
2019.85619508, 54.5070817339551, 126.53534997183, 354.911712646484, 2009604, 4, 88
2019.85619508, 54.5071575953179, 126.535336395978, 354.940826416016, 2009604, 4, 88
2019.85619508, 54.507233445012, 126.535322810933, 354.903961181641, 2009604, 4, 88
2019.85619508, 54.5073155953408, 126.535308010727, 354.886566162109, 2009604, 4, 87
2019.85619508, 54.5073851085279, 126.535295481125, 354.824127197266, 2009604, 4, 87
2019.85619508, 54.5074419976553, 126.535285326212, 354.830993652344, 2009604, 4, 87
2019.85619508, 54.5075241627519, 126.535270508888, 354.852630615234, 2009604, 4, 87
2019.85619508, 54.5076190015125, 126.535253511269, 354.838470458984, 2009604, 4, 87
2019.85619508, 54.5077328229562, 126.53523292336, 354.866180419922, 2009604, 4, 87
2019.85619508, 54.5078593817824, 126.535209950533, 354.853607177734, 2009604, 4, 87
2019.85619508, 54.5079733392194, 126.535189054912, 354.841918945312, 2009604, 4, 87
2019.85619508, 54.5081063885398, 126.535164546378, 354.837005615234, 2009604, 4, 89
2019.85619508, 54.5082268744423, 126.535142364644, 354.822387695312, 2009604, 4, 89
2019.85619508, 54.5083157236453, 126.53512601655, 354.837310791016, 2009604, 4, 75
2019.85619078, 45.9235769090872, 127.876430177554, 106.452934265137, 2009603, 5, 63
2019.85619078, 45.9237107584938, 127.876411365535, 106.433258056641, 2009603, 5, 63
2019.85619078, 45.9238509284026, 127.876391635797, 106.474601745605, 2009603, 5, 76
2019.85619078, 45.9240037608444, 127.87636999285, 106.41365814209, 2009603, 5, 79
2019.85619078, 45.9241564758034, 127.87634824337, 106.426300048828, 2009603, 5, 79
2019.85619078, 45.9243154345424, 127.876325327239, 106.446418762207, 2009603, 5, 83
2019.85619078, 45.9244803031232, 127.876301206067, 106.447311401367, 2009603, 5, 83
2019.85619078, 45.92467677343, 127.876272190134, 106.440757751465, 2009603, 5, 85
2019.85619078, 45.9248605324725, 127.876244861977, 106.475875854492, 2009603, 5, 85
2019.85619078, 45.9250887160428, 127.876210746478, 106.429321289062, 2009603, 5, 87
2019.85619078, 45.9253234424196, 127.876175560679, 106.435722351074, 2009603, 5, 87
2019.85619078, 45.9255966472994, 127.876134629126, 106.44361114502, 2009603, 5, 89
2019.85619078, 45.9260237839595, 127.876071129143, 106.447540283203, 2009603, 5, 91
2019.85619078, 45.9265540563037, 127.875991548494, 106.494941711426, 2009603, 5, 92
2019.85619078, 45.9271548117941, 127.875899609607, 106.500129699707, 2009603, 5, 92
2019.85619078, 45.9278313112438, 127.875796095213, 106.498741149902, 2009603, 5, 90
2019.85619079, 45.9287736353907, 127.875658434019, 106.438652038574, 2009603, 5, 87
2019.85619079, 45.9294221223543, 127.875563023224, 106.587753295898, 2009603, 5, 77
2019.85619324, 50.8530768801741, 127.166593533561, 146.330093383789, 1335555, 5, 71
2019.85619324, 50.8532611988008, 127.166568218443, 146.325866699219, 1335555, 5, 73
2019.85619324, 50.8534774787996, 127.166538527146, 146.295715332031, 1335555, 5, 73
2019.85619324, 50.8536620814456, 127.166513110716, 146.311096191406, 1335555, 5, 73
2019.85619324, 50.8538658912064, 127.166484780147, 146.345581054688, 1335555, 5, 67
2019.85619324, 50.8640013771183, 127.165036635279, 138.40007019043, 2009603, 5, 68
2019.85619325, 50.8647337727298, 127.16493304251, 137.621444702148, 2009603, 5, 57
2019.85619325, 50.8649177341527, 127.164907098824, 137.359237670898, 2009603, 5, 76
2019.85619325, 50.8650572148879, 127.164887404099, 137.339736938477, 2009603, 5, 88
2019.85619325, 50.8652473573691, 127.16486060434, 137.405899047852, 2009603, 5, 88
2019.85619325, 50.8655072654062, 127.16482372957, 137.390197753906, 2009603, 5, 94
2019.85619325, 50.8658180841944, 127.164779579312, 137.364181518555, 2009603, 5, 94
2019.85619325, 50.8661297207677, 127.164734748087, 137.375549316406, 2009603, 5, 94
2019.85619325, 50.8665693014395, 127.164671475859, 137.390228271484, 2009603, 5, 95
2019.85619325, 50.8669456372619, 127.164617615301, 137.388305664062, 2009603, 5, 95
2019.85619325, 50.8673922505923, 127.164554566638, 137.404022216797, 2009603, 5, 95
2019.85619325, 50.8677685371702, 127.164501870729, 137.365295410156, 2009603, 5, 95
2019.85619325, 50.8680489816388, 127.164462648348, 137.432647705078, 2009603, 5, 95
2019.85619325, 50.8682146196759, 127.164439393474, 137.374099731445, 2009603, 5, 95
2019.85619325, 50.8684565693434, 127.164405388092, 137.500228881836, 2009603, 5, 94
2019.85619325, 50.8686856594562, 127.164372779702, 137.433288574219, 2009603, 5, 95
2019.85619325, 50.868863754891, 127.164347468074, 137.366683959961, 2009603, 5, 94
2019.85619325, 50.8690163548563, 127.16432582758, 137.393264770508, 2009603, 5, 94
2019.85619325, 50.8691816237816, 127.164302463454, 137.448745727539, 2009603, 5, 94
2019.85619325, 50.8693214476436, 127.164282680805, 137.452941894531, 2009603, 5, 92
2019.85619325, 50.8694549025305, 127.164263840794, 137.43684387207, 2009603, 5, 92
2019.85619325, 50.8695819884738, 127.164245980538, 137.437576293945, 2009603, 5, 93
2019.85619325, 50.8697090761102, 127.164228141771, 137.436920166016, 2009603, 5, 93
2019.85619325, 50.8698551912638, 127.164207915004, 137.428070068359, 2009603, 5, 94
2019.85619325, 50.8699949785702, 127.164188513674, 137.437438964844, 2009603, 5, 94
2019.85619325, 50.8701856361865, 127.164162102874, 137.407730102539, 2009603, 5, 95
2019.85619325, 50.8703890786232, 127.164133877722, 137.501892089844, 2009603, 5, 96
2019.85619325, 50.8706753498584, 127.164093779432, 137.607391357422, 2009603, 5, 95
2019.85619325, 50.8710574208839, 127.164039523213, 137.687957763672, 2009603, 5, 96
2019.85619325, 50.8713953089932, 127.163990602522, 137.667938232422, 2009603, 5, 96
2019.85619325, 50.8717140307664, 127.163944456032, 137.556198120117, 2009603, 5, 96
2019.85619325, 50.8720198389508, 127.16390053676, 137.4453125, 2009603, 5, 96
2019.85619325, 50.8722681231386, 127.163865264669, 137.441818237305, 2009603, 5, 96
2019.85619325, 50.8726240622871, 127.163815848232, 137.45393371582, 2009603, 5, 96
2019.85619325, 50.8730692754407, 127.163754238278, 137.4443359375, 2009603, 5, 96
2019.85619325, 50.8734769108441, 127.163697427704, 137.452011108398, 2009603, 5, 95
2019.85619325, 50.8737963916998, 127.163651916608, 137.443725585938, 2009603, 5, 95
2019.85619325, 50.8741222198747, 127.16360524439, 137.486770629883, 2009603, 5, 95
2019.85619325, 50.8744603436957, 127.163556826564, 137.455230712891, 2009603, 5, 95
2019.85619325, 50.8748039859333, 127.163507929753, 137.475494384766, 2009603, 5, 94
2019.85619325, 50.8751651981557, 127.163457360345, 137.471588134766, 2009603, 5, 94
2019.85619325, 50.8755766117848, 127.163399572499, 137.4873046875, 2009603, 5, 95
2019.85619325, 50.8759439217179, 127.163347368485, 137.47297668457, 2009603, 5, 95
2019.85619325, 50.8763184858037, 127.163293021331, 137.507659912109, 2009603, 5, 95
2019.85619325, 50.8766492349762, 127.163244592216, 137.471069335938, 2009603, 5, 95
2019.85619325, 50.8769866432179, 127.163195396987, 137.509689331055, 2009603, 5, 95
2019.85619325, 50.8773241451181, 127.163146686018, 137.495025634766, 2009603, 5, 94
2019.85619325, 50.877725060334, 127.163090179617, 137.475296020508, 2009603, 5, 94
2019.85619325, 50.8781321625261, 127.163033122591, 137.49446105957, 2009603, 5, 94
2019.85619325, 50.8783992209504, 127.162995677405, 137.532745361328, 2009603, 5, 94
2019.85619325, 50.8786598676767, 127.162958905299, 137.528991699219, 2009603, 5, 93
2019.85619325, 50.878939542955, 127.162918991747, 137.56657409668, 2009603, 5, 93
2019.85619325, 50.8791493501163, 127.162888755344, 137.534652709961, 2009603, 5, 94
2019.85619325, 50.8794545895622, 127.162844906274, 137.649322509766, 2009603, 5, 93
2019.85619325, 50.8797981313023, 127.162795427442, 137.765960693359, 2009603, 5, 91
2019.85619325, 50.881345249171, 127.162574260542, 138.386779785156, 2009603, 5, 74
2019.8561946, 53.5901689327046, 126.735778614362, 215.469146728516, 2009603, 5, 59
2019.8561946, 53.5904426075188, 126.735730832121, 215.574310302734, 2009603, 5, 94
2019.85619461, 53.590665527656, 126.735692316695, 215.586654663086, 2009603, 5, 92
2019.85619461, 53.5909583145873, 126.735641925718, 215.571304321289, 2009603, 5, 92
2019.85619461, 53.6050941115022, 126.733239748203, 216.558395385742, 2009603, 5, 51
2019.85619461, 53.6052589748732, 126.733212026902, 216.563903808594, 2009603, 5, 92
2019.85619461, 53.6054175772303, 126.733185440824, 216.564956665039, 2009603, 5, 92
2019.85619461, 53.6055635705167, 126.733161023938, 216.582168579102, 2009603, 5, 93
2019.85619461, 53.6057223410504, 126.733134558324, 216.596725463867, 2009603, 5, 93
2019.85619461, 53.6061738773816, 126.733060270314, 217.206771850586, 2009603, 5, 91
2019.85619461, 53.606428367614, 126.733018095714, 216.357055664062, 2009603, 5, 93
2019.85619462, 53.6141210856554, 126.731737614406, 216.697006225586, 2009603, 5, 81
2019.85619462, 53.614381718448, 126.731693120991, 216.703643798828, 2009603, 5, 91
2019.85619462, 53.614667649587, 126.731644679344, 216.710464477539, 2009603, 5, 94
2019.85619462, 53.6149533895243, 126.731596867167, 216.691925048828, 2009603, 5, 93
2019.85619462, 53.6152328005979, 126.731550766981, 216.683410644531, 2009603, 5, 93
2019.85619462, 53.6154170086553, 126.731520759159, 216.680068969727, 2009603, 5, 93
2019.85619462, 53.6155631431134, 126.731497161164, 216.652984619141, 2009603, 5, 93
2019.85619462, 53.6157029698658, 126.731474676162, 216.655776977539, 2009603, 5, 93
2019.85619462, 53.6158364432309, 126.731453306966, 216.641403198242, 2009603, 5, 93
2019.85619462, 53.6159764252022, 126.731431249815, 216.650680541992, 2009603, 5, 93
2019.85619462, 53.6161291686913, 126.731407223481, 216.659286499023, 2009603, 5, 87
2019.85619462, 53.6163774184924, 126.731368141203, 216.692855834961, 2009603, 5, 72
2019.85619462, 53.6173571245383, 126.731209089304, 216.717803955078, 2009603, 5, 83
2019.85619462, 53.6176493448585, 126.731159635409, 216.713134765625, 2009603, 5, 53
2019.85619504, 54.4562973802089, 126.59230274641, 350.780029296875, 2009604, 5, 87
2019.85619504, 54.4564556597143, 126.592277001773, 350.806274414062, 2009604, 5, 87
2019.85619504, 54.4566203851895, 126.592250201764, 350.804809570312, 2009604, 5, 89
2019.85619504, 54.4567662305132, 126.592226575641, 350.78955078125, 2009604, 5, 91
2019.85619504, 54.4569185737041, 126.592201975321, 350.803497314453, 2009604, 5, 91
2019.85619504, 54.4571346385719, 126.592167323039, 350.849609375, 2009604, 5, 92
2019.85619504, 54.4573579767395, 126.592132063383, 350.888488769531, 2009604, 5, 89
2019.85619079, 45.9240384544587, 127.877158666495, 106.452377319336, 2009603, 6, 60
2019.85619079, 45.9240705498554, 127.877153466177, 106.486198425293, 2009603, 6, 60
2019.85619079, 45.9241090351481, 127.877147133426, 106.484115600586, 2009603, 6, 60
2019.85619079, 45.9241411069096, 127.877141983115, 106.488922119141, 2009603, 6, 60
2019.85619079, 45.9241798174974, 127.877135338222, 106.45923614502, 2009603, 6, 60
2019.85619079, 45.9242117560434, 127.87713029666, 106.494232177734, 2009603, 6, 60
2019.85619079, 45.9242436876298, 127.877125318491, 106.512809753418, 2009603, 6, 60
2019.85619079, 45.92428836042, 127.8771182985, 106.507835388184, 2009603, 6, 71
2019.85619079, 45.9243330039172, 127.877111267954, 106.51343536377, 2009603, 6, 71
2019.85619079, 45.9243712542183, 127.877105310034, 106.486236572266, 2009603, 6, 71
2019.85619079, 45.924409486682, 127.877099350409, 106.480697631836, 2009603, 6, 71
2019.85619079, 45.9244540601794, 127.877092356645, 106.507278442383, 2009603, 6, 71
2019.85619079, 45.9245049944678, 127.877084526624, 106.502426147461, 2009603, 6, 77
2019.85619079, 45.9245495305664, 127.877077640242, 106.470832824707, 2009603, 6, 77
2019.85619079, 45.9245940483528, 127.877070794489, 106.508880615234, 2009603, 6, 77
2019.85619079, 45.9246448953749, 127.877062921574, 106.492126464844, 2009603, 6, 77
2019.85619079, 45.9246893743732, 127.877056093387, 106.50284576416, 2009603, 6, 77
2019.85619079, 45.9247401801373, 127.877048247993, 106.496078491211, 2009603, 6, 77
2019.85619079, 45.9247973141126, 127.877039469252, 106.52906036377, 2009603, 6, 82
2019.85619079, 45.9248480743848, 127.877031613495, 106.504264831543, 2009603, 6, 82
2019.85619079, 45.924892479752, 127.877024764527, 106.481994628906, 2009603, 6, 82
2019.85619079, 45.9249432300066, 127.877017050367, 106.511543273926, 2009603, 6, 82
2019.85619079, 45.9250002903734, 127.877008232912, 106.488929748535, 2009603, 6, 84
2019.85619079, 45.9250573498369, 127.876999508899, 106.508209228516, 2009603, 6, 85
2019.85619079, 45.9251143919215, 127.876990716985, 106.502494812012, 2009603, 6, 85
2019.85619079, 45.9251714151517, 127.876981836202, 106.469032287598, 2009603, 6, 85
2019.85619079, 45.9252347846784, 127.876972087417, 106.486846923828, 2009603, 6, 85
2019.85619079, 45.9252854794084, 127.876964271588, 106.468566894531, 2009603, 6, 85
2019.85619079, 45.9253551698866, 127.876953397046, 106.515083312988, 2009603, 6, 85
2019.85619079, 45.9254312104324, 127.876941574939, 106.498466491699, 2009603, 6, 85
2019.85619079, 45.9254944856892, 127.876931795346, 106.497421264648, 2009603, 6, 85
2019.85619079, 45.9255516632495, 127.876922725536, 106.489242553711, 2009603, 6, 87
2019.85619079, 45.9256151859908, 127.876912525621, 106.466934204102, 2009603, 6, 87
2019.85619079, 45.9256850633582, 127.876901271393, 106.477043151855, 2009603, 6, 87
2019.85619079, 45.9257422554552, 127.87689214624, 106.467247009277, 2009603, 6, 87
2019.85619079, 45.9258121422682, 127.876880845162, 106.509925842285, 2009603, 6, 88
2019.85619079, 45.9259074540938, 127.876865484549, 106.500755310059, 2009603, 6, 88
2019.85619079, 45.926040884747, 127.876843880137, 106.469184875488, 2009603, 6, 89
2019.85619079, 45.9262060657906, 127.876817098157, 106.493240356445, 2009603, 6, 89
2019.8561908, 45.9263712307251, 127.87679043479, 106.479530334473, 2009603, 6, 92
2019.8561908, 45.9265300104941, 127.876764884115, 106.503372192383, 2009603, 6, 92
2019.8561908, 45.9266506684747, 127.876745585781, 106.541679382324, 2009603, 6, 92
2019.8561908, 45.9267840663452, 127.876724261485, 106.474349975586, 2009603, 6, 93
2019.8561908, 45.9269423256149, 127.876699451417, 106.506652832031, 2009603, 6, 93
2019.8561908, 45.927113344032, 127.876672832244, 106.494331359863, 2009603, 6, 93
2019.8561908, 45.9272718570947, 127.876648276656, 106.46760559082, 2009603, 6, 91
2019.8561908, 45.9274242243004, 127.876624680695, 106.501510620117, 2009603, 6, 91
2019.8561908, 45.9275513721374, 127.876604967307, 106.470840454102, 2009603, 6, 91
2019.8561908, 45.9276532247133, 127.87658923924, 106.50415802002, 2009603, 6, 91
2019.8561908, 45.9277870690813, 127.87656842905, 106.437126159668, 2009603, 6, 90
2019.8561908, 45.927978140513, 127.876538955715, 106.493705749512, 2009603, 6, 90
2019.8561908, 45.9281902709924, 127.876505413732, 106.43236541748, 2009603, 6, 91
2019.8561908, 45.9284410809392, 127.876465667099, 106.424476623535, 2009603, 6, 91
2019.8561908, 45.9286594155323, 127.876431118343, 106.458854675293, 2009603, 6, 91
2019.8561908, 45.9289026742967, 127.876392856504, 106.465034484863, 2009603, 6, 91
2019.8561908, 45.9291066708876, 127.876360970441, 106.519432067871, 2009603, 6, 86
2019.8561908, 45.9292975019519, 127.876331143608, 106.469161987305, 2009603, 6, 83
2019.8561908, 45.9295110452631, 127.876298748384, 106.493659973145, 2009603, 6, 75
2019.8561908, 45.9296739639737, 127.876274058415, 106.469085693359, 2009603, 6, 75
2019.85619325, 50.8480107957353, 127.16882606716, 146.374816894531, 2009603, 6, 54
2019.85619325, 50.8480553128806, 127.168819600273, 146.36735534668, 2009603, 6, 54
2019.85619325, 50.8481061733655, 127.168812063817, 146.395812988281, 2009603, 6, 54
2019.85619325, 50.8481570504314, 127.168804621519, 146.372741699219, 2009603, 6, 54
2019.85619325, 50.8482079307599, 127.168797188188, 146.410049438477, 2009603, 6, 54
2019.85619325, 50.8482651648463, 127.168788785926, 146.388122558594, 2009603, 6, 81
2019.85619325, 50.8483223992893, 127.16878036547, 146.376922607422, 2009603, 6, 81
2019.85619325, 50.8483732936714, 127.168773001437, 146.368377685547, 2009603, 6, 81
2019.85619325, 50.8484432658024, 127.16876281443, 146.393859863281, 2009603, 6, 81
2019.85619325, 50.8485132419289, 127.168752662327, 146.381912231445, 2009603, 6, 88
2019.85619325, 50.8485768602939, 127.168743444605, 146.358123779297, 2009603, 6, 88
2019.85619325, 50.8486404817424, 127.168734247668, 146.380905151367, 2009603, 6, 88
2019.85619325, 50.8486977403943, 127.168725984943, 146.392959594727, 2009603, 6, 88
2019.85619325, 50.8487422909341, 127.168719653399, 146.361267089844, 2009603, 6, 88
2019.85619325, 50.8487868399401, 127.16871331299, 146.386703491211, 2009603, 6, 90
2019.85619325, 50.8488441127854, 127.168705138047, 146.357955932617, 2009603, 6, 90
2019.85619325, 50.8488950307963, 127.168697950953, 146.358032226562, 2009603, 6, 90
2019.85619325, 50.8489459445361, 127.16869071817, 146.364669799805, 2009603, 6, 90
2019.85619325, 50.8489905109208, 127.168684508453, 146.349380493164, 2009603, 6, 90
2019.85619325, 50.8490414397718, 127.168677388762, 146.393249511719, 2009603, 6, 89
2019.85619325, 50.8490923716555, 127.168670284411, 146.37532043457, 2009603, 6, 89
2019.85619325, 50.849143306839, 127.16866321876, 146.369964599609, 2009603, 6, 89
2019.85619325, 50.8491879414963, 127.168656861562, 146.353256225586, 2009603, 6, 89
2019.85619325, 50.849226116467, 127.16865171786, 146.379165649414, 2009603, 6, 89
2019.85619325, 50.8492642847951, 127.168646527735, 146.354766845703, 2009603, 6, 89
2019.85619325, 50.8492961074699, 127.168642300401, 146.369277954102, 2009603, 6, 89
2019.85619325, 50.8493406508334, 127.168636331798, 146.362640380859, 1335555, 6, 89
2019.85619325, 50.8493915674586, 127.168629531773, 146.376724243164, 1335555, 6, 89
2019.85619325, 50.849442491146, 127.168622750225, 146.347457885742, 1335555, 6, 89
2019.85619325, 50.8494934217868, 127.168615972871, 146.392395019531, 1335555, 6, 89
2019.85619325, 50.8495570871625, 127.16860747183, 146.365844726562, 1335555, 6, 89
2019.85619325, 50.8496207892891, 127.168599115672, 146.380981445312, 1335555, 6, 89
2019.85619325, 50.8497036057303, 127.168588128042, 146.357788085938, 1335555, 6, 89
2019.85619325, 50.8497737108636, 127.168578905818, 146.37646484375, 1335555, 6, 89
2019.85619325, 50.8498565835209, 127.168567952636, 146.374160766602, 1335555, 6, 89
2019.85619325, 50.8499331123338, 127.168557859429, 146.362945556641, 1335555, 6, 89
2019.85619325, 50.8500032927676, 127.16854865125, 146.365234375, 1335555, 6, 84
2019.85619325, 50.8500734762452, 127.168539287602, 146.357131958008, 1335555, 6, 84
2019.85619325, 50.8501500847979, 127.168529192782, 146.356140136719, 1335555, 6, 84
2019.85619325, 50.8502330828962, 127.168518086616, 146.339279174805, 1335555, 6, 84
2019.85619325, 50.8503097241707, 127.168507821085, 146.346664428711, 1335555, 6, 84
2019.85619325, 50.8503863895447, 127.168497541113, 146.3701171875, 1335555, 6, 88
2019.85619325, 50.850450097779, 127.168489250182, 146.317886352539, 1335555, 6, 88
2019.85619325, 50.8505013495829, 127.168482165611, 146.355514526367, 1335555, 6, 89
2019.85619325, 50.8505590013157, 127.168474099653, 146.347259521484, 1335555, 6, 89
2019.85619325, 50.8506038522502, 127.168467870406, 146.327667236328, 1335555, 6, 89
2019.85619325, 50.8506551060604, 127.168460729609, 146.358947753906, 1335555, 6, 89
2019.85619325, 50.8507127532914, 127.168452611139, 146.372406005859, 1335555, 6, 89
2019.85619325, 50.8507768098063, 127.168443670039, 146.369583129883, 1335555, 6, 86
2019.85619325, 50.8508472410992, 127.168433749653, 146.361923217773, 1335555, 6, 86
2019.85619325, 50.8509112439149, 127.168424678987, 146.347198486328, 1335555, 6, 86
2019.85619325, 50.8509560456275, 127.168418424202, 146.352813720703, 1335555, 6, 86
2019.85619325, 50.8510072146783, 127.168411162665, 146.329513549805, 1335555, 6, 69
2019.85619325, 50.8510583633351, 127.168403917814, 146.347351074219, 1335555, 6, 69
2019.85619325, 50.8511158935114, 127.168395845422, 146.369400024414, 1335555, 6, 69
2019.85619325, 50.8511797671416, 127.168386790104, 146.338745117188, 1335555, 6, 69
2019.85619325, 50.8512308446949, 127.168379598272, 146.348556518555, 1335555, 6, 69
2019.85619325, 50.8620004806203, 127.166837511565, 137.773696899414, 2009603, 6, 55
2019.85619325, 50.862090034612, 127.166824620889, 137.682266235352, 2009603, 6, 55
2019.85619325, 50.8621860584267, 127.166810672535, 137.647796630859, 2009603, 6, 55
2019.85619325, 50.862269341687, 127.16679862276, 137.628768920898, 2009603, 6, 82
2019.85619325, 50.8623334276804, 127.166789308635, 137.566055297852, 2009603, 6, 82
2019.85619325, 50.8623847042014, 127.166781829054, 137.479293823242, 2009603, 6, 82
2019.85619325, 50.8624359894974, 127.166774369191, 137.318511962891, 2009603, 6, 82
2019.85619325, 50.862468054551, 127.166769776918, 137.265747070312, 2009603, 6, 82
2019.85619325, 50.8625001037671, 127.166765089641, 137.236450195312, 2009603, 6, 87
2019.85619325, 50.8625257542657, 127.166761404871, 137.242752075195, 2009603, 6, 87
2019.85619325, 50.8625578011892, 127.166756701347, 137.204010009766, 2009603, 6, 87
2019.85619326, 50.8625834601386, 127.166753087682, 137.250274658203, 2009603, 6, 87
2019.85619326, 50.8626219213647, 127.166747518411, 137.369400024414, 2009603, 6, 87
2019.85619326, 50.8626603852422, 127.166741997844, 137.395462036133, 2009603, 6, 87
2019.85619326, 50.8626988271971, 127.16673639151, 137.341705322266, 2009603, 6, 87
2019.85619326, 50.8627500829034, 127.166728982437, 137.315231323242, 2009603, 6, 92
2019.85619326, 50.8628141460632, 127.166719841914, 137.321243286133, 2009603, 6, 92
2019.85619326, 50.8629037695042, 127.166706976855, 137.420166015625, 2009603, 6, 92
2019.85619326, 50.8629741399273, 127.166696914586, 137.312469482422, 2009603, 6, 92
2019.85619326, 50.8630316854925, 127.166688720371, 137.268280029297, 2009603, 6, 93
2019.85619326, 50.8630891950228, 127.166680536238, 137.276779174805, 2009603, 6, 93
2019.85619326, 50.863127522336, 127.166675156551, 137.262603759766, 2009603, 6, 93
2019.85619326, 50.8631789114993, 127.166667521461, 137.283630371094, 2009603, 6, 93
2019.85619326, 50.863255157438, 127.166657110393, 137.310791015625, 2009603, 6, 94
2019.85619326, 50.8633059464381, 127.166650137484, 137.297088623047, 2009603, 6, 94
2019.85619326, 50.8633503655209, 127.166644050443, 137.276794433594, 2009603, 6, 94
2019.85619326, 50.8633884178428, 127.166638773497, 137.234680175781, 2009603, 6, 94
2019.85619326, 50.8634201335407, 127.166634477927, 137.213500976562, 2009603, 6, 94
2019.85619326, 50.8634645049317, 127.166628340318, 137.254486083984, 2009603, 6, 94
2019.85619326, 50.8635152059951, 127.166621363846, 137.236343383789, 2009603, 6, 93
2019.85619326, 50.8635658956069, 127.16661441987, 137.260040283203, 2009603, 6, 93
2019.85619326, 50.8636039169102, 127.166609270835, 137.250701904297, 2009603, 6, 93
2019.85619326, 50.8636419143056, 127.16660399268, 137.239227294922, 2009603, 6, 93
2019.85619326, 50.8636799185831, 127.166598777418, 137.274291992188, 2009603, 6, 93
2019.85619326, 50.8637115905724, 127.166594455819, 137.260864257812, 2009603, 6, 93
2019.85619326, 50.863749587828, 127.166589210548, 137.276382446289, 2009603, 6, 93
2019.85619326, 50.8637939075581, 127.166583026424, 137.276519775391, 2009603, 6, 94
2019.85619326, 50.8638509051985, 127.166575128037, 137.303848266602, 2009603, 6, 94
2019.85619326, 50.8639205715496, 127.166565406551, 137.262313842773, 2009603, 6, 94
2019.85619326, 50.8639712546752, 127.166558362757, 137.266677856445, 2009603, 6, 94
2019.85619326, 50.8640346070957, 127.166549435533, 137.292205810547, 2009603, 6, 94
2019.85619326, 50.8640916507444, 127.166541423903, 137.303909301758, 2009603, 6, 94
2019.85619326, 50.8641613855765, 127.166531514904, 137.289123535156, 2009603, 6, 94
2019.85619326, 50.8642311390018, 127.166521476734, 137.30696105957, 2009603, 6, 94
2019.85619326, 50.8643072863724, 127.166510536313, 137.270202636719, 2009603, 6, 94
2019.85619326, 50.8643961672122, 127.166497581577, 137.317718505859, 2009603, 6, 93
2019.85619326, 50.8644721586984, 127.166486620005, 137.297973632812, 2009603, 6, 93
2019.85619326, 50.8645487758451, 127.166475039213, 137.316711425781, 2009603, 6, 93
2019.85619326, 50.8646062584533, 127.166466286245, 137.295837402344, 2009603, 6, 93
2019.85619326, 50.8646637501123, 127.166457474124, 137.294784545898, 2009603, 6, 93
2019.85619326, 50.8647340302688, 127.166446645485, 137.324081420898, 2009603, 6, 93
2019.85619326, 50.8648107038502, 127.166434764562, 137.349166870117, 2009603, 6, 92
2019.85619326, 50.8648746020599, 127.166424900313, 137.347290039062, 2009603, 6, 92
2019.85619326, 50.8649448703555, 127.166413941692, 137.329071044922, 2009603, 6, 92
2019.85619326, 50.8650023574059, 127.166405030569, 137.318054199219, 2009603, 6, 92
2019.85619326, 50.8650662088616, 127.166395114574, 137.342575073242, 2009603, 6, 92
2019.85619326, 50.8651555429186, 127.166381134397, 137.331817626953, 2009603, 6, 92
2019.85619326, 50.8652257019182, 127.166370253723, 137.35758972168, 2009603, 6, 92
2019.85619326, 50.8652957996968, 127.166359319316, 137.345306396484, 2009603, 6, 93
2019.85619326, 50.8653658578174, 127.16634847837, 137.356307983398, 2009603, 6, 93
2019.85619326, 50.8654549383881, 127.16633471533, 137.354354858398, 2009603, 6, 93
2019.85619326, 50.8655375624518, 127.16632198087, 137.387008666992, 2009603, 6, 94
2019.85619326, 50.8656264411803, 127.166308319758, 137.376815795898, 2009603, 6, 94
2019.85619326, 50.8657093027883, 127.16629537179, 137.367279052734, 2009603, 6, 94
2019.85619326, 50.8658038815948, 127.166281355571, 137.397155761719, 2009603, 6, 93
2019.85619326, 50.8658857782185, 127.166269344333, 137.385223388672, 2009603, 6, 93
2019.85619326, 50.86595502343, 127.1662592113, 137.362884521484, 2009603, 6, 93
2019.85619326, 50.8660053607884, 127.166251838244, 137.343643188477, 2009603, 6, 95
2019.85619326, 50.8660493930703, 127.166245381524, 137.379364013672, 2009603, 6, 95
2019.85619326, 50.8661060141261, 127.1662372183, 137.444305419922, 2009603, 6, 95
2019.85619326, 50.8661751847313, 127.166227092167, 137.447143554688, 2009603, 6, 95
2019.85619326, 50.8662506666497, 127.166216172433, 137.424118041992, 2009603, 6, 94
2019.85619326, 50.8663198554123, 127.166206043171, 137.430114746094, 2009603, 6, 94
2019.85619326, 50.8663764933262, 127.166197839043, 137.408462524414, 2009603, 6, 94
2019.85619326, 50.8664268660225, 127.166190588065, 137.433807373047, 2009603, 6, 94
2019.85619326, 50.8665024440641, 127.166179539611, 137.51139831543, 2009603, 6, 95
2019.85619326, 50.8665717836038, 127.166169445055, 137.467956542969, 2009603, 6, 95
2019.85619326, 50.8666159443285, 127.166163033688, 137.371841430664, 2009603, 6, 95
2019.85619326, 50.8666474906348, 127.166158359284, 137.325424194336, 2009603, 6, 95
2019.85619326, 50.8666727532349, 127.166154713081, 137.359039306641, 2009603, 6, 95
2019.85619326, 50.8667043260022, 127.166150032926, 137.32177734375, 2009603, 6, 95
2019.85619326, 50.8667296098977, 127.166146373572, 137.306167602539, 2009603, 6, 95
2019.85619326, 50.8667612128429, 127.166141690974, 137.31689453125, 2009603, 6, 96
2019.85619326, 50.86678651415, 127.166138001224, 137.308624267578, 2009603, 6, 96
2019.85619326, 50.8668244764904, 127.166132365505, 137.345062255859, 2009603, 6, 96
2019.85619326, 50.8668624735818, 127.166126789336, 137.348709106445, 2009603, 6, 96
2019.85619326, 50.8669004910289, 127.166121156507, 137.361968994141, 2009603, 6, 96
2019.85619326, 50.8669385261598, 127.166115454997, 137.334808349609, 2009603, 6, 96
2019.85619326, 50.8669699331012, 127.166111140885, 137.366744995117, 2009603, 6, 96
2019.85619326, 50.8670081565861, 127.166105314368, 137.343521118164, 2009603, 6, 96
2019.85619326, 50.8670400376396, 127.166100484566, 137.358612060547, 2009603, 6, 96
2019.85619326, 50.8670783011455, 127.166094557863, 137.329986572266, 2009603, 6, 96
2019.85619326, 50.8671102205065, 127.16608969775, 137.339935302734, 2009603, 6, 96
2019.85619326, 50.8671421602691, 127.16608485342, 137.341537475586, 2009603, 6, 96
2019.85619326, 50.8671804953518, 127.166078926551, 137.337341308594, 2009603, 6, 96
2019.85619326, 50.8672124690294, 127.166074063723, 137.335922241211, 2009603, 6, 96
2019.85619326, 50.8672508462106, 127.166068121387, 137.335739135742, 2009603, 6, 96
2019.85619326, 50.8672892478167, 127.166062198281, 137.324523925781, 2009603, 6, 96
2019.85619326, 50.8673340862746, 127.166055347491, 137.385147094727, 2009603, 6, 96
2019.85619326, 50.8673853534247, 127.166047457737, 137.359802246094, 2009603, 6, 96
2019.85619326, 50.8674174058188, 127.166042488359, 137.349044799805, 2009603, 6, 96
2019.85619326, 50.8674494687277, 127.166037524881, 137.351959228516, 2009603, 6, 96
2019.85619326, 50.8674751395823, 127.166033624257, 137.376342773438, 2009603, 6, 96
2019.85619326, 50.8675072201368, 127.166028644555, 137.357284545898, 2009603, 6, 96
2019.85619326, 50.8675393180594, 127.166023710377, 137.382965087891, 2009603, 6, 96
2019.85619326, 50.8675842550998, 127.166016720644, 137.42497253418, 2009603, 6, 96
2019.85619326, 50.8676227995937, 127.166010830832, 137.423309326172, 2009603, 6, 96
2019.85619326, 50.8676613418564, 127.166004884375, 137.419937133789, 2009603, 6, 96
2019.85619326, 50.8677063224419, 127.165997969285, 137.435317993164, 2009603, 6, 96
2019.85619326, 50.8677898670458, 127.165985064045, 137.408203125, 2009603, 6, 96
2019.85619326, 50.8678670119475, 127.165973293317, 137.379913330078, 2009603, 6, 96
2019.85619326, 50.8679248614052, 127.165964391875, 137.390594482422, 2009603, 6, 96
2019.85619326, 50.8680020092229, 127.165952714516, 137.570510864258, 2009603, 6, 96
2019.85619326, 50.8680727059277, 127.165941986518, 137.588607788086, 2009603, 6, 96
2019.85619326, 50.8681498061378, 127.165930345107, 137.713439941406, 2009603, 6, 96
2019.85619326, 50.8682268787404, 127.165918785484, 137.742309570312, 2009603, 6, 96
2019.85619326, 50.868297575466, 127.165908207374, 137.716354370117, 2009603, 6, 96
2019.85619326, 50.8683744491852, 127.165896933009, 137.756332397461, 2009603, 6, 96
2019.85619326, 50.8684704561556, 127.165882798153, 137.693313598633, 2009603, 6, 96
2019.85619326, 50.8685536104113, 127.165870729061, 137.701873779297, 2009603, 6, 95
2019.85619326, 50.8687963400057, 127.165835948018, 137.61491394043, 2009603, 6, 95
2019.85619326, 50.8688856240893, 127.165823192373, 137.544769287109, 2009603, 6, 95
2019.85619326, 50.8689684739513, 127.165811449259, 137.542678833008, 2009603, 6, 95
2019.85619326, 50.8690385303885, 127.165801514037, 137.464157104492, 2009603, 6, 95
2019.85619326, 50.8690894587772, 127.165794326055, 137.464630126953, 2009603, 6, 95
2019.85619326, 50.8691467292198, 127.165786257806, 137.458511352539, 2009603, 6, 95
2019.85619326, 50.8692039781393, 127.16577823396, 137.418045043945, 2009603, 6, 95
2019.85619326, 50.8692675576405, 127.165769291188, 137.376602172852, 2009603, 6, 94
2019.85619326, 50.8693247573512, 127.16576126361, 137.348907470703, 2009603, 6, 94
2019.85619326, 50.8693946252118, 127.165751350653, 137.366928100586, 2009603, 6, 94
2019.85619326, 50.8694644880935, 127.165741578036, 137.414581298828, 2009603, 6, 95
2019.85619326, 50.8695279957315, 127.165732655711, 137.399597167969, 2009603, 6, 94
2019.85619326, 50.8696041303076, 127.165721906583, 137.41796875, 2009603, 6, 94
2019.85619326, 50.8696865827988, 127.165710210981, 137.397750854492, 2009603, 6, 94
2019.85619326, 50.8698070768998, 127.165693185579, 137.440704345703, 2009603, 6, 96
2019.85619326, 50.8699021902943, 127.165679727759, 137.397521972656, 2009603, 6, 96
2019.85619326, 50.869997280898, 127.165666065451, 137.403228759766, 2009603, 6, 96
2019.85619326, 50.8701050653712, 127.165650592765, 137.39762878418, 2009603, 6, 96
2019.85619326, 50.8702001783768, 127.165636817196, 137.448944091797, 2009603, 6, 96
2019.85619326, 50.8702889700155, 127.165623914947, 137.432800292969, 2009603, 6, 95
2019.85619326, 50.8703777796291, 127.165610901083, 137.403762817383, 2009603, 6, 95
2019.85619326, 50.8704792998601, 127.165595889243, 137.465454101562, 2009603, 6, 95
2019.85619326, 50.870580855237, 127.16558072368, 137.447250366211, 2009603, 6, 96
2019.85619326, 50.8706824547717, 127.165565474301, 137.425537109375, 2009603, 6, 96
2019.85619326, 50.8707841015208, 127.165550113516, 137.460876464844, 2009603, 6, 96
2019.85619326, 50.8708730864326, 127.165536703995, 137.419326782227, 2009603, 6, 96
2019.85619326, 50.8709748509795, 127.165520926597, 137.468704223633, 2009603, 6, 96
2019.85619326, 50.8710893944755, 127.165503125346, 137.404006958008, 2009603, 6, 96
2019.85619326, 50.8711785167242, 127.165489249728, 137.450210571289, 2009603, 6, 96
2019.85619326, 50.8712740392421, 127.165474381704, 137.477294921875, 2009603, 6, 96
2019.85619326, 50.871356821192, 127.165461345949, 137.467803955078, 2009603, 6, 96
2019.85619326, 50.8714396363005, 127.16544841572, 137.451461791992, 2009603, 6, 96
2019.85619326, 50.8715097162294, 127.165437469057, 137.466369628906, 2009603, 6, 96
2019.85619326, 50.8715797946498, 127.165426505623, 137.496704101562, 2009603, 6, 96
2019.85619326, 50.8716435043063, 127.165416543799, 137.474197387695, 2009603, 6, 96
2019.85619326, 50.8717072069941, 127.165406555259, 137.454925537109, 2009603, 6, 96
2019.85619326, 50.8718027575594, 127.165391639071, 137.445907592773, 2009603, 6, 95
2019.85619326, 50.8718855657994, 127.165378798722, 137.457229614258, 2009603, 6, 95
2019.85619326, 50.8719619832326, 127.165366926553, 137.465637207031, 2009603, 6, 95
2019.85619326, 50.872044744062, 127.16535408219, 137.472961425781, 2009603, 6, 96
2019.85619326, 50.872127459639, 127.165341325574, 137.444854736328, 2009603, 6, 96
2019.85619326, 50.8722293674022, 127.165325846536, 137.469085693359, 2009603, 6, 96
2019.85619326, 50.8723121198443, 127.165313262957, 137.479461669922, 2009603, 6, 97
2019.85619326, 50.8723821224572, 127.16530274772, 137.437713623047, 2009603, 6, 97
2019.85619326, 50.8724584253738, 127.165291156188, 137.460052490234, 2009603, 6, 97
2019.85619326, 50.8725410635954, 127.16527879304, 137.464721679688, 2009603, 6, 96
2019.85619326, 50.8726426861258, 127.165263569511, 137.426956176758, 2009603, 6, 96
2019.85619326, 50.8727442246103, 127.165248393801, 137.485778808594, 2009603, 6, 95
2019.85619326, 50.872832998522, 127.16523516982, 137.452621459961, 2009603, 6, 94
2019.85619326, 50.8729153658755, 127.165222868139, 137.465179443359, 2009603, 6, 94
2019.85619326, 50.8730040030553, 127.165209626274, 137.439025878906, 2009603, 6, 95
2019.85619326, 50.873105238476, 127.16519461811, 137.467590332031, 2009603, 6, 95
2019.85619326, 50.8731684643855, 127.165185187994, 137.454116821289, 2009603, 6, 95
2019.85619326, 50.8732316680817, 127.165175796341, 137.483856201172, 2009603, 6, 95
2019.85619326, 50.8733074643027, 127.16516443592, 137.452606201172, 2009603, 6, 94
2019.85619326, 50.8733771116765, 127.165154122414, 137.44221496582, 2009603, 6, 94
2019.85619326, 50.8734400261067, 127.165144647873, 137.42106628418, 2009603, 6, 94
2019.85619326, 50.8735155112446, 127.165133275497, 137.440322875977, 2009603, 6, 95
2019.85619326, 50.8735721362773, 127.165124798048, 137.441848754883, 2009603, 6, 95
2019.85619326, 50.8736413447928, 127.165114369933, 137.468490600586, 2009603, 6, 95
2019.85619326, 50.8737294597054, 127.165101090099, 137.46891784668, 2009603, 6, 95
2019.85619326, 50.8738176229112, 127.165087739496, 137.501358032227, 2009603, 6, 94
2019.85619326, 50.8738995626571, 127.165075388066, 137.468460083008, 2009603, 6, 94
2019.85619326, 50.87399419502, 127.165061012189, 137.482803344727, 2009603, 6, 94
2019.85619326, 50.8740763143795, 127.165048550277, 137.445053100586, 2009603, 6, 94
2019.85619326, 50.8741522121776, 127.165037061808, 137.490112304688, 2009603, 6, 94
2019.85619326, 50.8742282051832, 127.165025513218, 137.509811401367, 2009603, 6, 94
2019.85619326, 50.8743043058182, 127.165013970905, 137.471054077148, 2009603, 6, 94
2019.85619326, 50.8743678107268, 127.165004382168, 137.455001831055, 2009603, 6, 94
2019.85619326, 50.8744313758977, 127.164994654954, 137.486770629883, 2009603, 6, 95
2019.85619326, 50.8745014070248, 127.16498404913, 137.461441040039, 2009603, 6, 95
2019.85619326, 50.8745842873803, 127.164971467865, 137.494247436523, 2009603, 6, 95
2019.85619326, 50.8746543168184, 127.164960797456, 137.474456787109, 2009603, 6, 95
2019.85619326, 50.8747249655877, 127.164949990923, 137.448913574219, 2009603, 6, 95
2019.85619326, 50.87482787349, 127.164934342429, 137.469909667969, 2009603, 6, 94
2019.85619326, 50.8748729338792, 127.16492745329, 137.467681884766, 2009603, 6, 94
2019.85619326, 50.874905145136, 127.164922616176, 137.469833374023, 2009603, 6, 94
2019.85619326, 50.874950241438, 127.164915734554, 137.489532470703, 2009603, 6, 94
2019.85619326, 50.8750018002295, 127.16490789688, 137.493637084961, 2009603, 6, 94
2019.85619326, 50.8750920600596, 127.164894135333, 137.444976806641, 2009603, 6, 94
2019.85619326, 50.875175889179, 127.164881341012, 137.484115600586, 2009603, 6, 94
2019.85619326, 50.8752661633799, 127.164867589123, 137.475372314453, 2009603, 6, 94
2019.85619326, 50.8753499785596, 127.164854910706, 137.497467041016, 2009603, 6, 94
2019.85619326, 50.8754144052372, 127.164845042553, 137.458511352539, 2009603, 6, 94
2019.85619326, 50.8754530612367, 127.164839242585, 137.459609985352, 2009603, 6, 94
2019.85619326, 50.8754916909636, 127.164833351438, 137.477310180664, 2009603, 6, 94
2019.85619326, 50.8755560350691, 127.164823511436, 137.529022216797, 2009603, 6, 94
2019.85619326, 50.8756396169086, 127.164810813703, 137.470474243164, 2009603, 6, 94
2019.85619326, 50.875735936664, 127.16479616247, 137.49755859375, 2009603, 6, 94
2019.85619326, 50.8758000780337, 127.164786467938, 137.484039306641, 2009603, 6, 93
2019.85619326, 50.8758705367365, 127.164775719892, 137.477066040039, 2009603, 6, 93
2019.85619326, 50.8759411073558, 127.164764943595, 137.504180908203, 2009603, 6, 93
2019.85619326, 50.8760110740798, 127.164754352563, 137.508590698242, 2009603, 6, 76
2019.85619326, 50.8760619053304, 127.164746637158, 137.475082397461, 2009603, 6, 76
2019.85619326, 50.8761190588839, 127.164738078678, 137.573043823242, 2009603, 6, 76
2019.85619326, 50.8761888297807, 127.164727467639, 137.637878417969, 2009603, 6, 76
2019.85619462, 53.5902750923201, 126.737038929803, 215.51203918457, 2009603, 6, 88
2019.85619462, 53.590357597526, 126.737024571866, 215.509307861328, 2009603, 6, 88
2019.85619462, 53.5904401316633, 126.737010303016, 215.506530761719, 2009603, 6, 88
2019.85619462, 53.5905226721159, 126.736995998489, 215.513458251953, 2009603, 6, 95
2019.85619462, 53.5905925393095, 126.73698398338, 215.551620483398, 2009603, 6, 95
2019.85619462, 53.5906560476815, 126.73697297022, 215.517486572266, 2009603, 6, 95
2019.85619462, 53.5907068693869, 126.736964247846, 215.511077880859, 2009603, 6, 95
2019.85619462, 53.5907640549299, 126.736954467168, 215.535171508789, 2009603, 6, 95
2019.85619462, 53.5908403160252, 126.736941484429, 215.556396484375, 2009603, 6, 95
2019.85619462, 53.5909102384772, 126.736929683215, 215.533752441406, 2009603, 6, 95
2019.85619462, 53.590973816655, 126.736919014267, 215.559158325195, 2009603, 6, 95
2019.85619462, 53.6060050063957, 126.734489342589, 216.585876464844, 2009603, 6, 68
2019.85619462, 53.6060425954368, 126.734483407788, 216.5625, 2009603, 6, 68
2019.85619462, 53.6060739185057, 126.734478484157, 216.573455810547, 2009603, 6, 68
2019.85619462, 53.6061052380018, 126.734473550043, 216.582260131836, 2009603, 6, 68
2019.85619462, 53.6061365511268, 126.734468584487, 216.571975708008, 2009603, 6, 68
2019.85619462, 53.6061741266837, 126.734462618206, 216.602767944336, 2009603, 6, 68
2019.85619462, 53.6062179761795, 126.734455728491, 216.571487426758, 2009603, 6, 68
2019.85619462, 53.6062618383856, 126.734448858145, 216.58708190918, 2009603, 6, 93
2019.85619462, 53.6063057008164, 126.734441924358, 216.532531738281, 2009603, 6, 93
2019.85619462, 53.6063433107325, 126.73443600768, 216.596405029297, 2009603, 6, 93
2019.85619462, 53.6063934805701, 126.734428141924, 216.619812011719, 2009603, 6, 93
2019.85619462, 53.6064625107753, 126.734417373493, 216.625, 2009603, 6, 93
2019.85619462, 53.6065567221707, 126.734402572009, 216.621688842773, 2009603, 6, 94
2019.85619462, 53.6066259042975, 126.734391794758, 216.597305297852, 2009603, 6, 94
2019.85619462, 53.6067140487681, 126.734377957145, 216.597991943359, 2009603, 6, 94
2019.85619462, 53.6067956758883, 126.734365255464, 216.689102172852, 2009603, 6, 92
2019.85619462, 53.6068718443179, 126.734353382206, 217.030029296875, 2009603, 6, 92
2019.85619462, 53.6069481006646, 126.734341400208, 217.239715576172, 2009603, 6, 92
2019.85619462, 53.6070244830687, 126.734329627183, 217.466415405273, 2009603, 6, 83
2019.85619462, 53.6071072945253, 126.734316680524, 217.859436035156, 2009603, 6, 83
2019.85619462, 53.6071774427809, 126.734305773505, 218.037033081055, 2009603, 6, 83
2019.85619462, 53.6072540117271, 126.734293760712, 217.940170288086, 2009603, 6, 64
2019.85619462, 53.6073369879873, 126.734280550898, 217.889068603516, 2009603, 6, 64
2019.85619462, 53.6074136669233, 126.734268635281, 218.115127563477, 2009603, 6, 64
2019.85619463, 53.6122805499672, 126.733492514036, 216.658920288086, 2009603, 6, 82
2019.85619463, 53.6123506717892, 126.733481393678, 216.697189331055, 2009603, 6, 82
2019.85619463, 53.6124208170264, 126.733470397925, 216.681915283203, 2009603, 6, 82
2019.85619463, 53.6124973355915, 126.733458380014, 216.65168762207, 2009603, 6, 82
2019.85619463, 53.6125547269803, 126.733449368702, 216.694946289062, 2009603, 6, 92
2019.85619463, 53.6126121255886, 126.733440420964, 216.691879272461, 2009603, 6, 92
2019.85619463, 53.612675899381, 126.733430493822, 216.665679931641, 2009603, 6, 92
2019.85619463, 53.6127269272317, 126.733422623646, 216.676498413086, 2009603, 6, 92
2019.85619463, 53.6127906928602, 126.733412700926, 216.680679321289, 2009603, 6, 93
2019.85619463, 53.6128417138622, 126.73340485473, 216.67138671875, 2009603, 6, 93
2019.85619463, 53.6128863498033, 126.73339799315, 216.69157409668, 2009603, 6, 93
2019.85619463, 53.6129309740999, 126.733391072832, 216.647079467773, 2009603, 6, 93
2019.85619463, 53.6129628510307, 126.733386172584, 216.63996887207, 2009603, 6, 93
2019.85619463, 53.612994726244, 126.733381279443, 216.637420654297, 2009603, 6, 93
2019.85619463, 53.6130266046847, 126.733376433229, 216.622543334961, 2009603, 6, 93
2019.85619463, 53.6130712129983, 126.733369544634, 216.663101196289, 2009603, 6, 93
2019.85619463, 53.6131030804931, 126.733364703053, 216.650146484375, 2009603, 6, 93
2019.85619463, 53.6131349077279, 126.733359868993, 216.665588378906, 2009603, 6, 93
2019.85619463, 53.6131667740577, 126.733354973986, 216.645446777344, 2009603, 6, 93
2019.85619463, 53.6131922725287, 126.733351115049, 216.614105224609, 2009603, 6, 93
2019.85619463, 53.6132241324718, 126.733346229886, 216.635864257812, 2009603, 6, 93
2019.85619463, 53.6132623518121, 126.733340331537, 216.67741394043, 2009603, 6, 94
2019.85619463, 53.6132942080128, 126.733335495437, 216.627960205078, 2009603, 6, 94
2019.85619463, 53.6133324147504, 126.733329623649, 216.654724121094, 2009603, 6, 94
2019.85619463, 53.6133642559807, 126.733324767302, 216.65266418457, 2009603, 6, 94
2019.85619463, 53.6134024558623, 126.733318938412, 216.663589477539, 2009603, 6, 94
2019.85619463, 53.613434282795, 126.733314078243, 216.648895263672, 2009603, 6, 94
2019.85619463, 53.6134661130944, 126.733309284687, 216.676528930664, 2009603, 6, 94
2019.85619463, 53.6134979185846, 126.733304368835, 216.634399414062, 2009603, 6, 94
2019.85619463, 53.6135297306881, 126.733299542274, 216.646850585938, 2009603, 6, 94
2019.85619463, 53.6135615394449, 126.733294744279, 216.648696899414, 2009603, 6, 94
2019.85619463, 53.6135933335953, 126.733289892529, 216.626327514648, 2009603, 6, 94
2019.85619463, 53.6136314735694, 126.73328404215, 216.6337890625, 2009603, 6, 94
2019.85619463, 53.6136696115838, 126.733278242511, 216.668609619141, 2009603, 6, 94
2019.85619463, 53.6137077464741, 126.73327249007, 216.649536132812, 2009603, 6, 94
2019.85619463, 53.6137458615746, 126.733266680299, 216.635543823242, 2009603, 6, 94
2019.85619463, 53.6137903158178, 126.733259913713, 216.674438476562, 2009603, 6, 94
2019.85619463, 53.6138347647434, 126.733253194309, 216.684219360352, 2009603, 6, 94
2019.85619463, 53.613879186949, 126.733246391972, 216.650665283203, 2009603, 6, 94
2019.85619463, 53.613910914295, 126.733241578585, 216.644836425781, 2009603, 6, 94
2019.85619463, 53.6139426338418, 126.733236752575, 216.64794921875, 2009603, 6, 94
2019.85619463, 53.6139743511814, 126.733231980915, 216.653366088867, 2009603, 6, 94
2019.85619463, 53.6140060578688, 126.733227165197, 216.651168823242, 2009603, 6, 93
2019.85619463, 53.6140440840094, 126.733221311613, 216.662689208984, 2009603, 6, 93
2019.85619463, 53.61408211588, 126.733215561131, 216.657089233398, 2009603, 6, 93
2019.85619463, 53.6141201327252, 126.733209770158, 216.642913818359, 2009603, 6, 93
2019.85619463, 53.6141518076707, 126.73320496016, 216.627563476562, 2009603, 6, 93
2019.85619463, 53.6141834696637, 126.733200121317, 216.623931884766, 2009603, 6, 93
2019.85619463, 53.6142341298295, 126.733192452164, 216.673767089844, 2009603, 6, 93
2019.85619463, 53.6142847686968, 126.733184735007, 216.667633056641, 2009603, 6, 92
2019.85619463, 53.6143353935435, 126.733177033949, 216.665023803711, 2009603, 6, 92
2019.85619463, 53.6143923275603, 126.733168354326, 216.658813476562, 2009603, 6, 92
2019.85619463, 53.6144682658385, 126.733156739058, 216.668228149414, 2009603, 6, 92
2019.85619505, 54.4555081078376, 126.594111662083, 350.632934570312, 2009604, 6, 84
2019.85619505, 54.4555400347832, 126.594106750642, 350.634826660156, 2009604, 6, 84
2019.85619505, 54.4555847349882, 126.594099949285, 350.647705078125, 2009604, 6, 84
2019.85619505, 54.4556358150184, 126.594092234137, 350.676544189453, 2009604, 6, 84
2019.85619505, 54.4556741121498, 126.59408641869, 350.682769775391, 2009604, 6, 84
2019.85619505, 54.4557125388882, 126.594080337333, 350.768218994141, 2009604, 6, 84
2019.85619505, 54.4557507460931, 126.594074708413, 350.762390136719, 2009604, 6, 89
2019.85619505, 54.4557825695723, 126.59406995259, 350.708160400391, 2009604, 6, 89
2019.85619505, 54.4558080348401, 126.594066229803, 350.732116699219, 2009604, 6, 89
2019.85619505, 54.4558398530823, 126.594061502854, 350.736785888672, 2009604, 6, 89
2019.85619505, 54.455871672744, 126.59405681126, 350.741455078125, 2009604, 6, 89
2019.85619505, 54.4558971283496, 126.594053079763, 350.739288330078, 2009604, 6, 89
2019.85619505, 54.4559289330004, 126.594048338366, 350.743011474609, 2009604, 6, 89
2019.85619505, 54.4559543883146, 126.594044638838, 350.722717285156, 2009604, 6, 89
2019.85619505, 54.4559861884359, 126.59403990286, 350.725738525391, 2009604, 6, 89
2019.85619505, 54.4560116346566, 126.594036171949, 350.733489990234, 2009604, 6, 90
2019.85619505, 54.4560434338839, 126.594031478638, 350.721160888672, 2009604, 6, 90
2019.85619505, 54.4560752332883, 126.594026783362, 350.731811523438, 2009604, 6, 90
2019.85619505, 54.4561070279088, 126.594022070197, 350.721496582031, 2009604, 6, 90
2019.85619505, 54.4561388201223, 126.594017344968, 350.72802734375, 2009604, 6, 90
2019.85619505, 54.4561706060395, 126.59401258707, 350.781158447266, 2009604, 6, 90
2019.85619505, 54.456221473394, 126.594005037816, 350.802276611328, 2009604, 6, 90
2019.85619505, 54.4562723297903, 126.593997426338, 350.790496826172, 2009604, 6, 90
2019.85619505, 54.4563231977198, 126.593989851367, 350.799377441406, 2009604, 6, 90
2019.85619505, 54.4563867650285, 126.593980231444, 350.771697998047, 2009604, 6, 90
2019.85619505, 54.4564376373115, 126.593972608455, 350.799743652344, 2009604, 6, 90
2019.85619505, 54.4565075693487, 126.593961940759, 350.804168701172, 2009604, 6, 88
2019.85619505, 54.4565647979197, 126.593953185355, 350.772918701172, 2009604, 6, 88
2019.85619505, 54.4566156755244, 126.593945378722, 350.786987304688, 2009604, 6, 88
2019.85619505, 54.4566665702138, 126.593937604618, 350.797454833984, 2009604, 6, 88
2019.85619505, 54.4567301813922, 126.593927725477, 350.806854248047, 2009604, 6, 88
2019.85619505, 54.4567874379165, 126.593918736878, 350.771118164062, 2009604, 6, 81
2019.85619505, 54.4568383574506, 126.593910804229, 350.775756835938, 2009604, 6, 81
2019.85619505, 54.456889278264, 126.593902791938, 350.735778808594, 2009604, 6, 81
2019.85619505, 54.4569591459741, 126.593892041699, 350.744354248047, 2009604, 6, 81
