2019.81927676, 51.4924514122348, 132.860920624733, 311.280181884766, 2009603, 1, 55
2019.81927676, 51.4922865471433, 132.860892729508, 311.276123046875, 2009603, 1, 55
2019.81927676, 51.492102615092, 132.860862077066, 311.276611328125, 2009603, 1, 75
2019.81927676, 51.4919186735397, 132.860831779785, 311.283905029297, 2009603, 1, 72
2019.81927676, 51.4917600178756, 132.860805967311, 311.347351074219, 2009603, 1, 72
2019.81927676, 51.4855963509035, 132.859777287188, 309.691741943359, 2009603, 1, 65
2019.81927677, 51.4624729825848, 132.855856515659, 306.167266845703, 2009603, 1, 80
2019.81927677, 51.4616460075067, 132.855718513507, 306.180480957031, 2009603, 1, 89
2019.81927678, 51.4600505226454, 132.855449051962, 306.671081542969, 2009603, 1, 89
2019.81927678, 51.4593516390365, 132.855337891234, 306.428894042969, 2009603, 1, 88
2019.81927678, 51.4588285272246, 132.855251961207, 306.14599609375, 2009603, 1, 88
2019.81927678, 51.4584644507717, 132.855190599979, 305.986663818359, 2009603, 1, 56
2019.81927678, 51.4576946554049, 132.855061014355, 305.639190673828, 2009603, 1, 89
2019.81927678, 51.456980152288, 132.854943093607, 306.052673339844, 2009603, 1, 90
2019.81927678, 51.4560473326408, 132.85479011112, 305.417114257812, 2009603, 1, 79
2019.81927678, 51.4554220605216, 132.854688665405, 305.375854492188, 2009603, 1, 63
2019.81927678, 51.4546043863871, 132.854558693237, 305.491424560547, 2009603, 1, 72
2019.81927678, 51.453847901817, 132.854434827261, 305.225433349609, 2009603, 1, 90
2019.81927862, 47.7575772644699, 132.301943360477, 50.9953308105469, 2009603, 1, 94
2019.81927878, 47.4478955393131, 132.257446157459, 54.1736640930176, 2009603, 1, 68
2019.81927878, 47.4472826322133, 132.257365132025, 54.1708564758301, 2009603, 1, 81
2019.81927878, 47.4467276743641, 132.257288622733, 54.0966911315918, 2009603, 1, 88
2019.81927878, 47.4460978686542, 132.257201919719, 54.0841064453125, 2009603, 1, 90
2019.81927878, 47.4455144246288, 132.257124895477, 54.1029090881348, 2009603, 1, 92
2019.81927878, 47.4449058737816, 132.257046177748, 54.1210823059082, 2009603, 1, 92
2019.81927878, 47.4441874268698, 132.256950148718, 54.1221084594727, 2009603, 1, 89
2019.81927878, 47.4434281381672, 132.256846009196, 54.1127243041992, 2009603, 1, 90
2019.81927878, 47.4427252767489, 132.256750844353, 54.1276779174805, 2009603, 1, 89
2019.81927878, 47.4420119043863, 132.256654540068, 54.1088333129883, 2009603, 1, 88
2019.81927878, 47.4413964427251, 132.256570801492, 54.1564788818359, 2009603, 1, 85
2019.81927878, 47.4406712419728, 132.256472796479, 54.1520690917969, 2009603, 1, 77
2019.81927879, 47.4222035470519, 132.253926228885, 54.0900917053223, 2009603, 1, 58
2019.81927879, 47.421687603564, 132.253853845708, 54.0717391967773, 2009603, 1, 69
2019.81927879, 47.4209989461199, 132.253758508766, 54.049976348877, 2009603, 1, 88
2019.81927879, 47.4202995201312, 132.25365977554, 54.0594673156738, 2009603, 1, 91
2019.81927879, 47.4195447410528, 132.253550016599, 53.9825477600098, 2009603, 1, 91
2019.81927879, 47.4186332287752, 132.25341711556, 54.0301094055176, 2009603, 1, 89
2019.81927879, 47.4180128950793, 132.25332796635, 54.0957641601562, 2009603, 1, 84
2019.81927677, 51.4857209679387, 132.858314373892, 309.723663330078, 2009603, 2, 55
2019.81927677, 51.4856513703662, 132.85830239684, 309.713195800781, 2009603, 2, 55
2019.81927677, 51.4855944411588, 132.85829259402, 309.705902099609, 2009603, 2, 55
2019.81927677, 51.4855375161674, 132.858282693784, 309.729400634766, 2009603, 2, 55
2019.81927677, 51.4854679486789, 132.858270609214, 309.734588623047, 2009603, 2, 74
2019.81927677, 51.4854173583926, 132.858261868955, 309.748443603516, 2009603, 2, 74
2019.81927677, 51.4853731034223, 132.858254556609, 309.701080322266, 2009603, 2, 74
2019.81927677, 51.4853351595119, 132.858247987997, 309.703063964844, 2009603, 2, 89
2019.81927677, 51.4853035368599, 132.858242455354, 309.69140625, 2009603, 2, 89
2019.81927677, 51.4852719182811, 132.85823710334, 309.667816162109, 2009603, 2, 89
2019.81927677, 51.4852339772494, 132.858230835433, 309.674652099609, 2009603, 2, 89
2019.81927677, 51.4852023493645, 132.858225316001, 309.678863525391, 2009603, 2, 89
2019.81927677, 51.4851643993554, 132.858218903093, 309.693725585938, 2009603, 2, 89
2019.81927677, 51.485120120709, 132.858211544576, 309.680877685547, 2009603, 2, 89
2019.81927677, 51.4850821550437, 132.858205025116, 309.702056884766, 2009603, 2, 89
2019.81927677, 51.4850441888572, 132.858198685906, 309.659484863281, 2009603, 2, 89
2019.81927677, 51.485006218064, 132.858192438268, 309.717376708984, 2009603, 2, 89
2019.81927677, 51.4849745680055, 132.858187048327, 309.668670654297, 2009603, 2, 90
2019.81927677, 51.4849365804844, 132.858180686903, 309.681304931641, 2009603, 2, 90
2019.81927677, 51.4848985875929, 132.858174409136, 309.731964111328, 2009603, 2, 90
2019.81927677, 51.4848542993726, 132.858167047026, 309.694702148438, 2009603, 2, 90
2019.81927677, 51.4848162687703, 132.858160768932, 309.718231201172, 2009603, 2, 90
2019.81927677, 51.4847718907958, 132.858153594075, 309.722717285156, 2009603, 2, 90
2019.81927677, 51.4847274995217, 132.85814635502, 309.708892822266, 2009603, 2, 91
2019.81927677, 51.4846830931002, 132.858139097893, 309.716583251953, 2009603, 2, 91
2019.81927677, 51.4846386749251, 132.858131955713, 309.732940673828, 2009603, 2, 91
2019.81927677, 51.4846005860163, 132.858125655174, 309.738891601562, 2009603, 2, 91
2019.81927677, 51.4845497946329, 132.858117583532, 309.734527587891, 2009603, 2, 91
2019.81927677, 51.4845053376334, 132.858110512379, 309.686859130859, 2009603, 2, 91
2019.81927677, 51.484467211426, 132.858104180162, 309.728088378906, 2009603, 2, 89
2019.81927677, 51.4844163748008, 132.858096264059, 309.728637695312, 2009603, 2, 89
2019.81927677, 51.4843718704762, 132.858089098573, 309.725036621094, 2009603, 2, 89
2019.81927677, 51.4843273581031, 132.858082044504, 309.711761474609, 2009603, 2, 89
2019.81927677, 51.4842828273739, 132.858074929355, 309.744995117188, 2009603, 2, 89
2019.81927677, 51.4842382860852, 132.858067881902, 309.726196289062, 2009603, 2, 91
2019.81927677, 51.4842000938645, 132.858061744006, 309.700286865234, 2009603, 2, 91
2019.81927677, 51.484155525974, 132.858054637951, 309.769287109375, 2009603, 2, 91
2019.81927677, 51.4841109500254, 132.858047601736, 309.700317382812, 2009603, 2, 91
2019.81927677, 51.484072728922, 132.858041507593, 309.759552001953, 2009603, 2, 91
2019.81927677, 51.4840344990685, 132.858035364391, 309.699279785156, 2009603, 2, 91
2019.81927677, 51.4839962648123, 132.858029381979, 309.69189453125, 2009603, 2, 90
2019.81927677, 51.4839580161068, 132.858023135777, 309.690734863281, 2009603, 2, 90
2019.81927677, 51.4839197675967, 132.858017170841, 309.700592041016, 2009603, 2, 90
2019.81927677, 51.4838815091715, 132.858010986394, 309.687255859375, 2009603, 2, 90
2019.81927677, 51.4838432458376, 132.858004950244, 309.687469482422, 2009603, 2, 90
2019.81927677, 51.483798598318, 132.857997899669, 309.687774658203, 2009603, 2, 90
2019.81927677, 51.4837603207755, 132.85799177824, 309.715301513672, 2009603, 2, 90
2019.81927677, 51.4837156605135, 132.857984711962, 309.705230712891, 2009603, 2, 91
2019.81927677, 51.4836709954301, 132.85797759859, 309.732788085938, 2009603, 2, 91
2019.81927677, 51.4836327024297, 132.857971394218, 309.683990478516, 2009603, 2, 91
2019.81927677, 51.4835880299209, 132.857964341443, 309.682159423828, 2009603, 2, 91
2019.81927677, 51.4835498516771, 132.857958124079, 309.727935791016, 2009603, 2, 91
2019.81927677, 51.4835050930186, 132.85795095981, 309.692169189453, 2009603, 2, 91
2019.81927677, 51.4834603361343, 132.857943760314, 309.6806640625, 2009603, 2, 92
2019.81927677, 51.4834091833105, 132.857935499425, 309.674285888672, 2009603, 2, 92
2019.81927677, 51.4833452505408, 132.857925200243, 309.664520263672, 2009603, 2, 92
2019.81927677, 51.4832749354055, 132.857913748366, 309.714691162109, 2009603, 2, 92
2019.81927677, 51.4832110312131, 132.857903287215, 309.662078857422, 2009603, 2, 91
2019.81927677, 51.4831343722704, 132.857890699647, 309.697265625, 2009603, 2, 91
2019.81927677, 51.4830577570711, 132.857878273521, 309.62255859375, 2009603, 2, 91
2019.81927677, 51.4829939408583, 132.857867684647, 309.654388427734, 2009603, 2, 91
2019.81927677, 51.482942913102, 132.857859287089, 309.659271240234, 2009603, 2, 91
2019.81927677, 51.4829046550764, 132.857852902735, 309.656188964844, 2009603, 2, 91
2019.81927677, 51.4828536723423, 132.857844611875, 309.6591796875, 2009603, 2, 91
2019.81927677, 51.4827963465635, 132.857835129598, 309.667144775391, 2009603, 2, 91
2019.81927677, 51.4827517766379, 132.857827584266, 309.657989501953, 2009603, 2, 91
2019.81927677, 51.4827008699364, 132.857819092322, 309.629577636719, 2009603, 2, 88
2019.81927677, 51.4826499910053, 132.857810557357, 309.632293701172, 2009603, 2, 88
2019.81927677, 51.482580086034, 132.857799002414, 309.612640380859, 2009603, 2, 88
2019.81927678, 51.4824023726671, 132.857769003667, 309.658233642578, 2009603, 2, 88
2019.81927678, 51.482237544532, 132.857741112223, 309.699737548828, 2009603, 2, 87
2019.81927678, 51.4819099165412, 132.857685468003, 309.618408203125, 2009603, 2, 80
2019.81927678, 51.4817524003588, 132.857658566082, 309.647308349609, 2009603, 2, 80
2019.81927678, 51.4816830460775, 132.857646583174, 309.640533447266, 2009603, 2, 75
2019.81927678, 51.4816199647136, 132.857635870391, 309.602935791016, 2009603, 2, 75
2019.81927678, 51.4815757783195, 132.857628166879, 309.598236083984, 2009603, 2, 75
2019.81927678, 51.4815315730439, 132.857620574334, 309.62353515625, 2009603, 2, 75
2019.81927678, 51.4814873509482, 132.857613174091, 309.593841552734, 2009603, 2, 64
2019.81927678, 51.481449415233, 132.85760652829, 309.609741210938, 2009603, 2, 64
2019.81927678, 51.4814051378675, 132.857599011048, 309.649230957031, 2009603, 2, 64
2019.81927678, 51.4813608325939, 132.857591498849, 309.644500732422, 2009603, 2, 64
2019.81927678, 51.4813228281621, 132.857584936516, 309.613006591797, 2009603, 2, 64
2019.81927678, 51.4812847998674, 132.857578267598, 309.633270263672, 2009603, 2, 64
2019.81927678, 51.4808003633083, 132.85749553572, 309.661437988281, 2009603, 2, 68
2019.81927678, 51.4807554271873, 132.857488004307, 309.65087890625, 2009603, 2, 68
2019.81927678, 51.4807168862787, 132.857481309393, 309.603454589844, 2009603, 2, 70
2019.81927678, 51.4806719117656, 132.857473802772, 309.643310546875, 2009603, 2, 70
2019.81927678, 51.4806333446368, 132.857467124851, 309.632568359375, 2009603, 2, 70
2019.81927678, 51.4805883379371, 132.857459514925, 309.648620605469, 2009603, 2, 70
2019.81927678, 51.4805368863475, 132.857450783434, 309.669128417969, 2009603, 2, 70
2019.81927678, 51.480485424852, 132.857442067077, 309.600646972656, 2009603, 2, 75
2019.81927678, 51.4804146584212, 132.857430189168, 309.657653808594, 2009603, 2, 75
2019.81927678, 51.4803438850817, 132.857418242843, 309.638977050781, 2009603, 2, 75
2019.81927678, 51.4802409603194, 132.857400959249, 309.642181396484, 2009603, 2, 57
2019.81927678, 51.4800609702209, 132.857370630618, 309.693695068359, 2009603, 2, 57
2019.81927678, 51.4642118114181, 132.854858081191, 306.202819824219, 2009603, 2, 82
2019.81927678, 51.4641541437304, 132.854848996406, 306.216430664062, 2009603, 2, 82
2019.81927678, 51.4640964689546, 132.854840012221, 306.241912841797, 2009603, 2, 82
2019.81927678, 51.4640451932074, 132.854831795975, 306.238098144531, 2009603, 2, 82
2019.81927678, 51.4639939234216, 132.854823701414, 306.207885742188, 2009603, 2, 86
2019.81927678, 51.4639426642522, 132.854815685437, 306.224273681641, 2009603, 2, 86
2019.81927678, 51.4638978212183, 132.85480878603, 306.207824707031, 2009603, 2, 86
2019.81927678, 51.4638593865191, 132.854802649165, 306.205108642578, 2009603, 2, 86
2019.81927678, 51.4638209640395, 132.854796623779, 306.2265625, 2009603, 2, 86
2019.81927678, 51.4637761535248, 132.854789683038, 306.218811035156, 2009603, 2, 86
2019.81927678, 51.4637313615907, 132.854782830417, 306.212219238281, 2009603, 2, 86
2019.81927678, 51.4636865884023, 132.854775913249, 306.192810058594, 2009603, 2, 86
2019.81927678, 51.4636418343712, 132.854768972264, 306.168914794922, 2009603, 2, 86
2019.81927678, 51.4636034912854, 132.854763037984, 306.139923095703, 2009603, 2, 86
2019.81927678, 51.463558780223, 132.854756119227, 306.20068359375, 2009603, 2, 86
2019.81927678, 51.4635140930775, 132.854749089329, 306.158111572266, 2009603, 2, 86
2019.81927678, 51.4634630611561, 132.8547412752, 306.179504394531, 2009603, 2, 85
2019.81927678, 51.4634056965708, 132.854732590999, 306.198272705078, 2009603, 2, 85
2019.81927678, 51.4633547451514, 132.854724787762, 306.163757324219, 2009603, 2, 85
2019.81927678, 51.463316554665, 132.854718853039, 306.164520263672, 2009603, 2, 85
2019.81927678, 51.4632720339279, 132.854712037828, 306.185150146484, 2009603, 2, 85
2019.81927678, 51.463176424159, 132.854697533993, 306.220886230469, 2009603, 2, 81
2019.81927678, 51.4625719992797, 132.854605786819, 307.204620361328, 2009603, 2, 83
2019.81927678, 51.4623767620476, 132.854576721366, 307.44384765625, 2009603, 2, 80
2019.81927679, 51.4622000410941, 132.854550640787, 307.397277832031, 2009603, 2, 77
2019.81927679, 51.4619911208458, 132.854520146566, 307.099182128906, 2009603, 2, 67
2019.81927679, 51.4618321770015, 132.854497095077, 306.887145996094, 2009603, 2, 67
2019.81927679, 51.4616913917242, 132.854477578757, 305.674774169922, 2009603, 2, 67
2019.81927679, 51.4616016461183, 132.854464603264, 305.685791015625, 2009603, 2, 67
2019.81927679, 51.4607094834365, 132.854332504352, 306.827026367188, 2009603, 2, 70
2019.81927679, 51.4604097589302, 132.854285519175, 306.675079345703, 2009603, 2, 74
2019.81927679, 51.4599911762658, 132.854219396749, 305.382263183594, 2009603, 2, 85
2019.81927679, 51.4596432194127, 132.854164991385, 306.224609375, 2009603, 2, 78
2019.81927679, 51.45942188486, 132.854132114169, 306.162200927734, 2009603, 2, 75
2019.81927679, 51.4592256993738, 132.854104262995, 306.322387695312, 2009603, 2, 58
2019.81927679, 51.4590419520817, 132.854079205068, 306.382507324219, 2009603, 2, 58
2019.81927679, 51.4571689475671, 132.853807505735, 305.368041992188, 2009603, 2, 83
2019.81927679, 51.4571053703716, 132.853797250461, 305.379486083984, 2009603, 2, 83
2019.81927679, 51.457041849798, 132.85378735888, 305.429901123047, 2009603, 2, 83
2019.81927679, 51.4569086036782, 132.853766275951, 306.305786132812, 2009603, 2, 68
2019.81927679, 51.4533301745392, 132.853245962979, 305.282958984375, 2009603, 2, 70
2019.81927679, 51.4531587705755, 132.853221626207, 305.222076416016, 2009603, 2, 88
2019.81927679, 51.4530191026715, 132.853201913916, 305.096435546875, 2009603, 2, 88
2019.81927679, 51.4528922733319, 132.853183420861, 305.232788085938, 2009603, 2, 90
2019.81927679, 51.4526956297561, 132.853154576798, 305.458282470703, 2009603, 2, 90
2019.81927679, 51.4524162404413, 132.853113643098, 304.611877441406, 2009603, 2, 82
2019.81927679, 51.4523590313476, 132.853105204511, 304.639282226562, 2009603, 2, 82
2019.81927679, 51.4523018013075, 132.853096808858, 304.617248535156, 2009603, 2, 82
2019.81927771, 49.608725541359, 132.572090691871, 398.289123535156, 2009603, 2, 60
2019.81927771, 49.6086237094297, 132.572076385322, 398.272216796875, 2009603, 2, 60
2019.81927771, 49.6084137845041, 132.572046577396, 398.399078369141, 2009603, 2, 64
2019.81927802, 48.9844800422869, 132.479409040308, 126.205772399902, 2009603, 2, 67
2019.81927802, 48.9843011626063, 132.479378422119, 126.45686340332, 2009603, 2, 67
2019.81927863, 47.7563746237535, 132.300350926441, 50.8959732055664, 2009603, 2, 96
2019.81927863, 47.7556556233329, 132.300242386173, 50.8881607055664, 2009603, 2, 96
2019.81927863, 47.7542490658546, 132.300021186262, 50.9023666381836, 2009603, 2, 97
2019.81927863, 47.752549993615, 132.299762396504, 50.8823432922363, 2009603, 2, 96
2019.81927863, 47.7514129757018, 132.299590379149, 50.8826599121094, 2009603, 2, 97
2019.81927864, 47.7501305458602, 132.299397071149, 50.9377746582031, 2009603, 2, 95
2019.81927864, 47.7343680889502, 132.29707689913, 51.0103530883789, 2009603, 2, 53
2019.81927864, 47.7340258250835, 132.297030046927, 51.0015449523926, 2009603, 2, 75
2019.81927864, 47.7336941962391, 132.296985107442, 51.020435333252, 2009603, 2, 91
2019.81927864, 47.7332892746608, 132.296929943983, 51.0037384033203, 2009603, 2, 96
2019.81927864, 47.7328200294542, 132.296864336751, 51.0161552429199, 2009603, 2, 96
2019.81927864, 47.7319286741863, 132.296732617408, 51.0122222900391, 2009603, 2, 97
2019.81927879, 47.4479949250995, 132.25649692498, 54.1750373840332, 2009603, 2, 51
2019.81927879, 47.4478493536419, 132.256477211231, 54.1471328735352, 2009603, 2, 51
2019.81927879, 47.4476847530709, 132.25645488778, 54.1559219360352, 2009603, 2, 65
2019.81927879, 47.4475010236382, 132.256429834432, 54.1673622131348, 2009603, 2, 65
2019.81927879, 47.4473043436306, 132.256402642252, 54.155933380127, 2009603, 2, 76
2019.81927879, 47.4471262663852, 132.256377299039, 54.1483383178711, 2009603, 2, 82
2019.81927879, 47.4469351826926, 132.256350068517, 54.178840637207, 2009603, 2, 85
2019.81927879, 47.4467438019791, 132.256322517081, 54.1675033569336, 2009603, 2, 84
2019.81927879, 47.4465457704114, 132.256294121425, 54.1937561035156, 2009603, 2, 84
2019.81927879, 47.4463347148338, 132.256263937809, 54.1611289978027, 2009603, 2, 85
2019.81927879, 47.4461427557888, 132.256236495557, 54.1652755737305, 2009603, 2, 88
2019.81927879, 47.4459761492883, 132.256213140877, 54.1441192626953, 2009603, 2, 88
2019.81927879, 47.4458415882326, 132.256194510999, 54.1598892211914, 2009603, 2, 88
2019.81927879, 47.4457070675467, 132.256175904856, 54.1648750305176, 2009603, 2, 91
2019.81927879, 47.4455726185321, 132.256157352648, 54.1805191040039, 2009603, 2, 91
2019.81927879, 47.44543187361, 132.256138052538, 54.1326751708984, 2009603, 2, 92
2019.81927879, 47.4452912659533, 132.256118709752, 54.1426277160645, 2009603, 2, 92
2019.81927879, 47.4451380563352, 132.256097682979, 54.1467323303223, 2009603, 2, 92
2019.81927879, 47.4449914191848, 132.256077513511, 54.2039222717285, 2009603, 2, 92
2019.81927879, 47.4447877170019, 132.256049541877, 54.2012710571289, 2009603, 2, 92
2019.81927879, 47.4446164132577, 132.256025554606, 54.1824150085449, 2009603, 2, 90
2019.81927879, 47.4444452920088, 132.256001645859, 54.173957824707, 2009603, 2, 91
2019.81927879, 47.4442362767163, 132.255972140106, 54.1784286499023, 2009603, 2, 90
2019.81927879, 47.443995625909, 132.255938082353, 54.2074165344238, 2009603, 2, 91
2019.81927879, 47.4437992200155, 132.255910339756, 54.173454284668, 2009603, 2, 91
2019.81927879, 47.4435964525111, 132.25588134806, 54.1397514343262, 2009603, 2, 89
2019.81927879, 47.443354783439, 132.255846941728, 54.1387023925781, 2009603, 2, 90
2019.81927879, 47.4431701838859, 132.255820540061, 54.1368408203125, 2009603, 2, 89
2019.81927879, 47.4429727563134, 132.255792317882, 54.1448974609375, 2009603, 2, 90
2019.81927879, 47.4427689164746, 132.255763099093, 54.158145904541, 2009603, 2, 90
2019.81927879, 47.4425969367254, 132.255738343855, 54.1538314819336, 2009603, 2, 89
2019.81927879, 47.4424186427008, 132.255712729375, 54.1267929077148, 2009603, 2, 89
2019.81927879, 47.4422022909894, 132.2556817413, 54.1630783081055, 2009603, 2, 90
2019.81927879, 47.4420116592866, 132.255654085197, 54.1409301757812, 2009603, 2, 90
2019.81927879, 47.4418591900972, 132.255632117451, 54.1765403747559, 2009603, 2, 88
2019.81927879, 47.4417448384724, 132.255615617813, 54.1738433837891, 2009603, 2, 89
2019.81927879, 47.4416050644684, 132.255595487394, 54.1552619934082, 2009603, 2, 89
2019.81927879, 47.4414525437332, 132.25557352958, 54.1092643737793, 2009603, 2, 87
2019.81927879, 47.4412681618597, 132.255547128304, 54.1790313720703, 2009603, 2, 87
2019.81927879, 47.4410900097338, 132.25552143615, 54.1783676147461, 2009603, 2, 87
2019.81927879, 47.4407459943335, 132.255472334841, 54.1463623046875, 2009603, 2, 86
2019.81927879, 47.4405737470502, 132.255447694493, 54.1818237304688, 2009603, 2, 86
2019.81927879, 47.4403821858556, 132.25542039935, 54.1883392333984, 2009603, 2, 85
2019.81927879, 47.4401904514945, 132.255392875762, 54.1699485778809, 2009603, 2, 81
2019.81927879, 47.4400497631493, 132.255372688415, 54.1833457946777, 2009603, 2, 81
2019.81927879, 47.439896225376, 132.255350670653, 54.1864318847656, 2009603, 2, 59
2019.8192788, 47.4218838319028, 132.252701228779, 54.1557197570801, 2009603, 2, 60
2019.8192788, 47.4217246696081, 132.252676876517, 54.1566314697266, 2009603, 2, 60
2019.8192788, 47.4215655740456, 132.252652246341, 54.1108741760254, 2009603, 2, 60
2019.8192788, 47.4214192753486, 132.252629464072, 54.1539611816406, 2009603, 2, 74
2019.8192788, 47.4212793990343, 132.25260760572, 54.1210289001465, 2009603, 2, 74
2019.8192788, 47.4211459346188, 132.252586704819, 54.0950660705566, 2009603, 2, 80
2019.8192788, 47.4209871184981, 132.252561740973, 54.1010398864746, 2009603, 2, 86
2019.8192788, 47.4208156728456, 132.252534951919, 54.0810928344727, 2009603, 2, 86
2019.8192788, 47.4206379379801, 132.252507237286, 54.0995292663574, 2009603, 2, 89
2019.8192788, 47.4204666460209, 132.252480596122, 54.0775184631348, 2009603, 2, 91
2019.8192788, 47.4202953820537, 132.252454099238, 54.082347869873, 2009603, 2, 91
2019.8192788, 47.420136812939, 132.252429938829, 54.0914764404297, 2009603, 2, 91
2019.8192788, 47.4199845649639, 132.252406700119, 54.0868148803711, 2009603, 2, 91
2019.8192788, 47.41981959388, 132.252381796919, 54.0910263061523, 2009603, 2, 91
2019.8192788, 47.4195910896762, 132.25234789345, 54.0557556152344, 2009603, 2, 91
2019.8192788, 47.4193433791755, 132.252311211502, 54.0680198669434, 2009603, 2, 90
2019.8192788, 47.4191653772954, 132.252285215848, 54.0684623718262, 2009603, 2, 92
2019.8192788, 47.4190318156532, 132.25226584523, 54.0805625915527, 2009603, 2, 92
2019.8192788, 47.4189491075412, 132.252253955266, 54.0868263244629, 2009603, 2, 90
2019.8192788, 47.4188854708619, 132.252244665021, 54.1426048278809, 2009603, 2, 90
2019.8192788, 47.4187263273193, 132.25222155616, 54.1860008239746, 2009603, 2, 88
2019.8192788, 47.418611703208, 132.252204787268, 54.1493835449219, 2009603, 2, 88
2019.8192788, 47.4184524555722, 132.252181531253, 54.1733856201172, 2009603, 2, 85
2019.8192788, 47.4182804079167, 132.252156151904, 54.0962905883789, 2009603, 2, 85
2019.8192788, 47.4181274519936, 132.252133537344, 54.1208267211914, 2009603, 2, 85
2019.8192788, 47.4179425698445, 132.252105724444, 54.1203498840332, 2009603, 2, 85
2019.8192788, 47.4177640477215, 132.25207855101, 54.1578407287598, 2009603, 2, 85
2019.8192788, 47.4175090346492, 132.252039415197, 54.3192367553711, 2009603, 2, 84
2019.8192788, 47.4174134147679, 132.252024529484, 54.3058471679688, 2009603, 2, 78
2019.8192788, 47.4172030977901, 132.251991773546, 54.567325592041, 2009603, 2, 73
2019.8192788, 47.4168654188084, 132.251938569426, 55.0072784423828, 2009603, 2, 63
2019.81927679, 51.4357073323348, 132.805148408519, 298.310638427734, 2009603, 3, 55
2019.8192768, 51.4215733384271, 132.803147946312, 297.021087646484, 2009603, 3, 91
2019.8192768, 51.4212239197233, 132.803098847783, 297.0107421875, 2009603, 3, 94
2019.8192768, 51.4207588956254, 132.803033967219, 297.090209960938, 2009603, 3, 93
2019.8192768, 51.4204717310477, 132.80299429617, 297.09423828125, 2009603, 3, 73
2019.8192768, 51.4202801987694, 132.80296785287, 297.054046630859, 2009603, 3, 73
2019.81927864, 47.7134374657185, 132.252123638659, 51.6556243896484, 2009603, 3, 56
2019.81927864, 47.7115629233065, 132.251855805978, 51.2929153442383, 2009603, 3, 96
2019.81927865, 47.7099916826191, 132.251648149378, 51.2910118103027, 2009603, 3, 97
2019.81927865, 47.7088831482605, 132.25149302629, 51.312858581543, 2009603, 3, 97
2019.81927865, 47.708214806192, 132.251397021741, 51.3106079101562, 2009603, 3, 97
2019.81927865, 47.706630073411, 132.251175734338, 51.3139419555664, 2009603, 3, 97
2019.81927865, 47.7043834705338, 132.250875158985, 51.3728332519531, 2009603, 3, 96
2019.81927879, 47.4191919503365, 132.210683542474, 54.5245399475098, 2009603, 3, 62
2019.81927879, 47.4184250923697, 132.210576016574, 54.5095748901367, 2009603, 3, 89
2019.81927879, 47.4176355429376, 132.210463603892, 54.512939453125, 2009603, 3, 86
2019.81927879, 47.4167262849217, 132.210331670526, 54.7336883544922, 2009603, 3, 61
2019.81927879, 47.4163124036673, 132.210271552879, 54.8038558959961, 2009603, 3, 65
2019.81927879, 47.4159235539918, 132.210215145151, 55.0439987182617, 2009603, 3, 61
2019.81927879, 47.4129910406765, 132.209789133342, 58.1543350219727, 2009603, 3, 77
2019.81927879, 47.4115519290531, 132.209575974912, 54.583927154541, 2009603, 3, 79
2019.81927879, 47.4106087898954, 132.209440354876, 54.5643501281738, 2009603, 3, 89
2019.81927879, 47.4097962894021, 132.20932648858, 54.5802879333496, 2009603, 3, 91
2019.8192788, 47.4088440770458, 132.209184991322, 54.6070175170898, 2009603, 3, 88
2019.8192788, 47.4077449624762, 132.209020395649, 54.5635261535645, 2009603, 3, 79
2019.8192788, 47.4065522457758, 132.208845057249, 54.582893371582, 2009603, 3, 77
2019.8192788, 47.405470623142, 132.208685123876, 54.6038093566895, 2009603, 3, 51
2019.8192788, 47.4037429231366, 132.208420824609, 54.6421737670898, 2009603, 3, 81
2019.8192788, 47.402968487593, 132.208304080105, 54.6109199523926, 2009603, 3, 85
2019.8192788, 47.4022938587653, 132.208209797892, 54.6014366149902, 2009603, 3, 67
2019.8192765, 52.0426135590879, 132.899015465553, 614.327514648438, 2009603, 4, 90
2019.8192765, 52.0423625639992, 132.89897939772, 614.559936523438, 2009603, 4, 90
2019.81927681, 51.4214801407899, 132.80224768293, 297.047332763672, 2009603, 4, 58
2019.81927681, 51.4214041037155, 132.802236497353, 297.072296142578, 2009603, 4, 58
2019.81927681, 51.421340752791, 132.802227033886, 297.074340820312, 2009603, 4, 58
2019.81927681, 51.4212964249285, 132.802220543221, 297.008361816406, 2009603, 4, 58
2019.81927681, 51.4212647624394, 132.802215879248, 297.021240234375, 2009603, 4, 58
2019.81927681, 51.4212267689878, 132.80221027117, 297.034606933594, 2009603, 4, 77
2019.81927681, 51.421182446549, 132.802203743358, 297.036346435547, 2009603, 4, 77
2019.81927681, 51.4211444586686, 132.802198164854, 297.107025146484, 2009603, 4, 77
2019.81927681, 51.4211064634851, 132.802192461521, 297.120178222656, 2009603, 4, 77
2019.81927681, 51.4210684799822, 132.802186957679, 297.108856201172, 2009603, 4, 77
2019.81927681, 51.4210304843541, 132.802181298929, 297.105194091797, 2009603, 4, 77
2019.81927681, 51.4209798304493, 132.802173955663, 297.107025146484, 2009603, 4, 81
2019.81927681, 51.4209354968125, 132.802167428322, 297.131652832031, 2009603, 4, 81
2019.81927681, 51.4208848280973, 132.802160080573, 297.122100830078, 2009603, 4, 81
2019.81927681, 51.4208341489612, 132.802152691541, 297.152984619141, 2009603, 4, 81
2019.81927681, 51.4207834557661, 132.80214529704, 297.108215332031, 2009603, 4, 81
2019.81927681, 51.4207390834398, 132.802138729319, 297.089874267578, 2009603, 4, 84
2019.81927681, 51.4206947073083, 132.802132324598, 297.102478027344, 2009603, 4, 84
2019.81927681, 51.4206439789266, 132.802124977555, 297.094390869141, 2009603, 4, 84
2019.81927681, 51.4205932330508, 132.802117664969, 297.064636230469, 2009603, 4, 84
2019.81927681, 51.4205361264077, 132.802109521685, 297.043518066406, 2009603, 4, 84
2019.81927681, 51.4204791508092, 132.802101133831, 297.07177734375, 2009603, 4, 87
2019.81927681, 51.4204282283084, 132.80209392403, 297.051788330078, 2009603, 4, 87
2019.81927681, 51.420383653089, 132.802087575838, 297.026550292969, 2009603, 4, 87
2019.81927681, 51.4203199544449, 132.80207854598, 297.060852050781, 2009603, 4, 87
2019.81927681, 51.420268976039, 132.802071267562, 297.03564453125, 2009603, 4, 87
2019.81927681, 51.4202179886853, 132.802064097756, 297.003601074219, 2009603, 4, 87
2019.81927681, 51.4201733617182, 132.802057709573, 297.03076171875, 2009603, 4, 87
2019.81927681, 51.4201287270227, 132.802051384654, 297.004699707031, 2009603, 4, 87
2019.81927681, 51.4200840863983, 132.802045073185, 296.952911376953, 2009603, 4, 87
2019.81927681, 51.4200458229919, 132.802039752643, 296.974395751953, 2009603, 4, 87
2019.81927681, 51.4200075470899, 132.802034268257, 296.963165283203, 2009603, 4, 87
2019.81927681, 51.4199692799638, 132.802028964125, 296.901611328125, 2009603, 4, 77
2019.81927681, 51.4199373777465, 132.802024362687, 296.935424804688, 2009603, 4, 77
2019.81927681, 51.4198991000565, 132.802018936655, 296.950744628906, 2009603, 4, 77
2019.81927681, 51.4198480670604, 132.802011844834, 296.942565917969, 2009603, 4, 77
2019.81927681, 51.419803410884, 132.802005581536, 296.930816650391, 2009603, 4, 77
2019.81927681, 51.4197459984209, 132.801997481307, 296.888366699219, 2009603, 4, 51
2019.81927681, 51.4196758263212, 132.80198749574, 296.863433837891, 2009603, 4, 51
2019.81927681, 51.4195482862471, 132.801969553188, 296.822265625, 2009603, 4, 51
2019.81927681, 51.4193634511994, 132.801943355199, 296.77197265625, 2009603, 4, 57
2019.81927801, 48.9973453407872, 132.437303151593, 130.410766601562, 2009603, 4, 52
2019.81927801, 48.9972626895818, 132.437290498259, 130.421463012695, 2009603, 4, 52
2019.81927801, 48.9971482576828, 132.437272959936, 130.423477172852, 2009603, 4, 70
2019.81927801, 48.9970020649485, 132.437250449047, 130.40625, 2009603, 4, 70
2019.81927863, 47.7593909753807, 132.257675865151, 51.0059471130371, 2009603, 4, 91
2019.81927863, 47.7580655179177, 132.257473298055, 50.9603385925293, 2009603, 4, 75
2019.81927864, 47.7392284506504, 132.254666510603, 51.1302108764648, 2009603, 4, 84
2019.81927864, 47.7386154248409, 132.254581235231, 51.1556091308594, 2009603, 4, 95
2019.81927864, 47.7344005993643, 132.253981555136, 51.193187713623, 2009603, 4, 94
2019.81927865, 47.713352922712, 132.251136344349, 51.4592552185059, 2009603, 4, 53
2019.81927866, 47.7121405491201, 132.250976010743, 51.2295074462891, 2009603, 4, 71
2019.81927866, 47.7115248317911, 132.250896605453, 51.2619972229004, 2009603, 4, 89
2019.81927866, 47.7110460369738, 132.250835198272, 51.237133026123, 2009603, 4, 97
2019.81927866, 47.7105981699639, 132.250777092457, 51.2034797668457, 2009603, 4, 97
2019.81927866, 47.7101384274232, 132.250715792383, 51.2490272521973, 2009603, 4, 97
2019.81927866, 47.709681608479, 132.250652826338, 51.2605247497559, 2009603, 4, 97
2019.81927866, 47.7093018609432, 132.250600369579, 51.2456665039062, 2009603, 4, 97
2019.81927866, 47.7089602224605, 132.25055385353, 51.2355461120605, 2009603, 4, 97
2019.81927866, 47.7082625225437, 132.250462098545, 51.2812805175781, 2009603, 4, 97
2019.81927866, 47.7077407868617, 132.250394617199, 51.2653770446777, 2009603, 4, 96
2019.81927866, 47.7072051460109, 132.250324385219, 51.2727928161621, 2009603, 4, 96
2019.81927866, 47.7064514123678, 132.250223238528, 51.2872657775879, 2009603, 4, 97
2019.81927866, 47.705498848144, 132.250093978815, 51.288257598877, 2009603, 4, 96
2019.81927866, 47.7040342880556, 132.249906597974, 51.2917938232422, 2009603, 4, 96
2019.81927866, 47.7035378828153, 132.24984397252, 51.2751388549805, 2009603, 4, 75
2019.81927866, 47.6977093748318, 132.249053698066, 51.2344589233398, 2009603, 4, 85
2019.8192788, 47.4272141532809, 132.21064122689, 54.399299621582, 2009603, 4, 67
2019.8192788, 47.4270812269488, 132.210621535304, 54.3977699279785, 2009603, 4, 67
2019.8192788, 47.4190225428161, 132.209409896132, 54.479850769043, 2009603, 4, 69
2019.8192788, 47.4187491907632, 132.209369444206, 54.4921188354492, 2009603, 4, 90
2019.8192788, 47.4185140641398, 132.20933406065, 54.477222442627, 2009603, 4, 90
2019.8192788, 47.4182472854072, 132.209293240805, 54.4512786865234, 2009603, 4, 90
2019.8192788, 47.4179740727825, 132.209251112631, 54.4755172729492, 2009603, 4, 88
2019.8192788, 47.4177325035405, 132.209213895157, 54.4772796630859, 2009603, 4, 73
2019.8192788, 47.4175225975507, 132.209181819117, 54.4577255249023, 2009603, 4, 73
2019.8192788, 47.4172934469385, 132.209147087274, 54.4563140869141, 2009603, 4, 61
2019.8192788, 47.4150948953299, 132.208813765632, 55.170238494873, 2009603, 4, 53
2019.8192788, 47.4149421024199, 132.20879050713, 55.1492118835449, 2009603, 4, 56
2019.8192788, 47.4148657111865, 132.208779019844, 55.1153144836426, 2009603, 4, 56
2019.8192788, 47.4148020674756, 132.208769164073, 55.1029663085938, 2009603, 4, 56
2019.8192788, 47.4147128886703, 132.208755990776, 55.1411628723145, 2009603, 4, 56
2019.8192788, 47.4145026996272, 132.208725033142, 55.3109931945801, 2009603, 4, 55
2019.8192788, 47.4139616195827, 132.208645825572, 55.7684326171875, 2009603, 4, 60
2019.8192788, 47.4131355965598, 132.208522209676, 55.7290840148926, 2009603, 4, 55
2019.8192788, 47.4115831287208, 132.208289619446, 54.5152397155762, 2009603, 4, 57
2019.8192788, 47.4113920471974, 132.208261051828, 54.5179901123047, 2009603, 4, 57
2019.81927881, 47.4111311739235, 132.208221673334, 54.4819450378418, 2009603, 4, 64
2019.81927881, 47.4108644213359, 132.208180359645, 54.4772033691406, 2009603, 4, 72
2019.81927881, 47.4105982525942, 132.208138195732, 54.5304183959961, 2009603, 4, 76
2019.81927881, 47.4102941033846, 132.208089905205, 54.5062217712402, 2009603, 4, 86
2019.81927881, 47.4100087693255, 132.208045396795, 54.4900169372559, 2009603, 4, 88
2019.81927881, 47.4097040321753, 132.207998737573, 54.4934463500977, 2009603, 4, 92
2019.81927881, 47.4094556029277, 132.207962318352, 54.5058059692383, 2009603, 4, 91
2019.81927881, 47.4091240993734, 132.207914828103, 54.5061798095703, 2009603, 4, 91
2019.81927881, 47.4088117060594, 132.207870286202, 54.5214385986328, 2009603, 4, 91
2019.81927881, 47.4085441336751, 132.207832091064, 54.5086364746094, 2009603, 4, 91
2019.81927881, 47.4082452524929, 132.207788432465, 54.4901657104492, 2009603, 4, 89
2019.81927881, 47.4078642746708, 132.207731757061, 54.4922065734863, 2009603, 4, 90
2019.81927881, 47.4074895096003, 132.207674882524, 54.4813232421875, 2009603, 4, 87
2019.81927881, 47.4071716133959, 132.20762612805, 54.5196533203125, 2009603, 4, 85
2019.81927881, 47.4069102415627, 132.207585878685, 54.5578727722168, 2009603, 4, 83
2019.81927881, 47.4066040828278, 132.207538751031, 54.5092163085938, 2009603, 4, 80
2019.81927881, 47.4062661059117, 132.207487076311, 54.5259552001953, 2009603, 4, 79
2019.81927881, 47.4059284191658, 132.207435947315, 54.5281219482422, 2009603, 4, 73
2019.81927881, 47.4055853139755, 132.207385059661, 54.5587463378906, 2009603, 4, 72
2019.81927881, 47.4053377830948, 132.207348452471, 54.5673675537109, 2009603, 4, 68
2019.81927881, 47.4050840487849, 132.207310863225, 54.5496788024902, 2009603, 4, 63
2019.81927881, 47.4048050053245, 132.207269425557, 54.5665893554688, 2009603, 4, 60
2019.81927881, 47.4045258822128, 132.207227613205, 54.5270309448242, 2009603, 4, 68
2019.81927881, 47.4042909641389, 132.207191897441, 54.558910369873, 2009603, 4, 68
2019.81927881, 47.4040623625245, 132.207157118821, 54.5805625915527, 2009603, 4, 75
2019.81927881, 47.4038146939192, 132.207119556456, 54.5610122680664, 2009603, 4, 83
2019.81927881, 47.4035479628959, 132.207079249778, 54.5099105834961, 2009603, 4, 89
2019.81927881, 47.4032748978888, 132.207038302007, 54.5961227416992, 2009603, 4, 89
2019.81927881, 47.4030210074338, 132.207000870495, 54.5993537902832, 2009603, 4, 86
2019.81927881, 47.4027733205322, 132.206964411509, 54.6130447387695, 2009603, 4, 85
2019.81927881, 47.402531781606, 132.206928797349, 54.6446876525879, 2009603, 4, 77
2019.81927881, 47.4022963638668, 132.206893821197, 54.6253623962402, 2009603, 4, 66
2019.81927639, 52.2392078028527, 132.884434372585, 678.762756347656, 2009603, 5, 87
2019.81927639, 52.239054983512, 132.884412591782, 678.774047851562, 2009603, 5, 87
2019.81927679, 51.4400372549814, 132.759324161364, 293.933197021484, 2009603, 5, 84
2019.81927679, 51.4397447306381, 132.759282776085, 293.922698974609, 2009603, 5, 91
2019.81927679, 51.4394654639494, 132.759242478134, 293.90185546875, 2009603, 5, 93
2019.81927679, 51.4392751132465, 132.759214833135, 293.891571044922, 2009603, 5, 93
2019.81927679, 51.4391355079373, 132.75919456693, 293.881225585938, 2009603, 5, 91
2019.81927679, 51.4389958834768, 132.759174235826, 293.903076171875, 2009603, 5, 92
2019.81927679, 51.4388562050037, 132.75915395484, 293.872039794922, 2009603, 5, 92
2019.81927679, 51.4387164649266, 132.759133726072, 293.91015625, 2009603, 5, 61
2019.8192768, 51.416337251698, 132.756009962872, 292.39208984375, 2009603, 5, 79
2019.8192768, 51.4151542186575, 132.755843475102, 292.319458007812, 2009603, 5, 74
2019.8192768, 51.4148242845368, 132.755797471457, 292.292572021484, 2009603, 5, 72
2019.8192768, 51.4146147267591, 132.755768766198, 292.233001708984, 2009603, 5, 66
2019.8192768, 51.4144812585931, 132.755750718625, 292.181518554688, 2009603, 5, 70
2019.8192768, 51.4118242023911, 132.755384785855, 291.5341796875, 2009603, 5, 55
2019.8192768, 51.4113427392101, 132.755318242642, 291.363616943359, 2009603, 5, 58
2019.8192768, 51.4107151166335, 132.755232557512, 291.265411376953, 2009603, 5, 51
2019.8192768, 51.4102126754294, 132.755162935382, 291.380310058594, 2009603, 5, 54
2019.8192768, 51.4095681033812, 132.75507324394, 291.509704589844, 2009603, 5, 68
2019.8192768, 51.409024599043, 132.754998759408, 290.904174804688, 2009603, 5, 81
2019.8192768, 51.4085198814564, 132.754930126143, 290.858276367188, 2009603, 5, 84
2019.8192768, 51.4081311748209, 132.754876938623, 290.805725097656, 2009603, 5, 70
2019.8192768, 51.407838905453, 132.75483645297, 290.798187255859, 2009603, 5, 60
2019.819278, 49.0018037800874, 132.394773380878, 135.173980712891, 2009603, 5, 75
2019.819278, 49.0016632488327, 132.394756602939, 135.137802124023, 2009603, 5, 51
2019.81927864, 47.7197306324713, 132.21000399615, 51.5425224304199, 2009603, 5, 95
2019.81927864, 47.7190309675496, 132.20990612073, 51.5680084228516, 2009603, 5, 96
2019.81927864, 47.718173136756, 132.209784425389, 51.5848731994629, 2009603, 5, 97
2019.81927864, 47.7171820721942, 132.209640939818, 51.5515289306641, 2009603, 5, 97
2019.81927864, 47.7165199929973, 132.209544556915, 51.5680732727051, 2009603, 5, 97
2019.81927864, 47.715755293682, 132.209436498894, 51.5306282043457, 2009603, 5, 98
2019.81927864, 47.714883840487, 132.20932185893, 51.5193252563477, 2009603, 5, 96
2019.81927864, 47.7140315952773, 132.209206339338, 51.5405197143555, 2009603, 5, 97
2019.81927864, 47.7131968854407, 132.209085085076, 51.5177879333496, 2009603, 5, 98
2019.81927865, 47.7122913525133, 132.208957472098, 51.5242385864258, 2009603, 5, 95
2019.81927865, 47.7098980128275, 132.208631457788, 51.5810279846191, 2009603, 5, 72
2019.81927865, 47.7043028483351, 132.207874959152, 51.9807090759277, 2009603, 5, 55
2019.81927865, 47.6998696503385, 132.20728886267, 51.5762405395508, 2009603, 5, 52
2019.81927865, 47.6997613233145, 132.207274913432, 51.579216003418, 2009603, 5, 52
2019.81927866, 47.6919824241962, 132.206247994393, 51.5306968688965, 2009603, 5, 95
2019.81927866, 47.6918109336219, 132.206226334339, 51.4955978393555, 2009603, 5, 95
2019.81927866, 47.6915821901758, 132.206197261547, 51.5030632019043, 2009603, 5, 95
2019.81927866, 47.6914168818761, 132.206176057951, 51.5053558349609, 2009603, 5, 95
2019.81927866, 47.691264177799, 132.206156240595, 51.4881858825684, 2009603, 5, 95
2019.81927866, 47.6911112828924, 132.20613606206, 51.4842224121094, 2009603, 5, 95
2019.81927866, 47.6909582951848, 132.206115709692, 51.4800071716309, 2009603, 5, 95
2019.81927866, 47.6907860862958, 132.206092622166, 51.504695892334, 2009603, 5, 95
2019.81927866, 47.6906074114352, 132.206068555352, 51.5041732788086, 2009603, 5, 97
2019.81927866, 47.6904542168192, 132.206047817118, 51.5000801086426, 2009603, 5, 96
2019.81927866, 47.6903137706551, 132.206028743329, 51.4830894470215, 2009603, 5, 96
2019.81927866, 47.6902052282359, 132.206014067215, 51.4563255310059, 2009603, 5, 95
2019.81927866, 47.6900839456407, 132.205997634472, 51.4715538024902, 2009603, 5, 96
2019.81927866, 47.6899690241193, 132.205982072785, 51.4865913391113, 2009603, 5, 96
2019.81927866, 47.6898477490545, 132.205965666562, 51.4687576293945, 2009603, 5, 96
2019.81927866, 47.6897328758156, 132.20595025178, 51.4773788452148, 2009603, 5, 96
2019.81927866, 47.6896244237816, 132.205935742742, 51.4820671081543, 2009603, 5, 96
2019.81927866, 47.6895032677845, 132.205919545944, 51.4706420898438, 2009603, 5, 96
2019.81927866, 47.6893821645207, 132.205903469114, 51.5018692016602, 2009603, 5, 97
2019.81927866, 47.689248385927, 132.205885774516, 51.552074432373, 2009603, 5, 96
2019.81927866, 47.6890955841118, 132.205865737618, 51.5283012390137, 2009603, 5, 96
2019.81927866, 47.6886442059685, 132.205807101553, 51.5278968811035, 2009603, 5, 94
2019.81927866, 47.6880030531042, 132.205724866587, 51.5493469238281, 2009603, 5, 95
2019.81927867, 47.6586598262656, 132.20172649035, 51.5572624206543, 2009603, 5, 66
2019.81927867, 47.6583798817223, 132.201686796884, 51.5387420654297, 2009603, 5, 78
2019.81927867, 47.6581377775771, 132.20165290848, 51.5190887451172, 2009603, 5, 80
2019.81927867, 47.6579207335809, 132.201623157653, 51.5334930419922, 2009603, 5, 76
2019.81927867, 47.6577355565613, 132.201597840482, 51.5132446289062, 2009603, 5, 70
2019.81927867, 47.657563159108, 132.201574256792, 51.5122261047363, 2009603, 5, 70
2019.81927879, 47.4125635734548, 132.166964489104, 54.8992614746094, 2009603, 5, 81
2019.81927879, 47.4119124824585, 132.16687008999, 54.9146347045898, 2009603, 5, 78
2019.8192788, 47.4112203445369, 132.166767761131, 54.9118118286133, 2009603, 5, 85
2019.8192788, 47.4103867996605, 132.166643273393, 54.913890838623, 2009603, 5, 91
2019.8192788, 47.4095399654408, 132.16651915959, 54.8952751159668, 2009603, 5, 92
2019.8192788, 47.4087932333714, 132.166411088383, 54.8608322143555, 2009603, 5, 93
2019.8192788, 47.407883525191, 132.166277527385, 54.8938255310059, 2009603, 5, 92
2019.8192788, 47.4069923065009, 132.166144554958, 54.8679466247559, 2009603, 5, 87
2019.8192788, 47.4065727185447, 132.166081611084, 54.9087142944336, 2009603, 5, 87
2019.8192788, 47.4061721542728, 132.166021649056, 54.9033088684082, 2009603, 5, 86
2019.8192788, 47.4057011309395, 132.16595126146, 54.9121894836426, 2009603, 5, 83
2019.8192788, 47.4025074802097, 132.165475229889, 54.9985466003418, 2009603, 5, 66
2019.8192788, 47.3952616118547, 132.164392127573, 54.9462051391602, 2009603, 5, 87
2019.8192788, 47.3947095313003, 132.164308166768, 54.9787864685059, 2009603, 5, 87
2019.8192788, 47.3940480195049, 132.164210246494, 54.9631462097168, 2009603, 5, 85
2019.8192788, 47.3934117908913, 132.16411505091, 54.9541702270508, 2009603, 5, 70
2019.8192788, 47.3919818281916, 132.163895334459, 54.9991874694824, 2009603, 5, 72
2019.8192788, 47.3915174105391, 132.163825848531, 54.972785949707, 2009603, 5, 87
2019.81927881, 47.3909386498841, 132.163740804757, 54.9859275817871, 2009603, 5, 84
2019.81927881, 47.3905193603208, 132.163679974343, 55.0234642028809, 2009603, 5, 84
2019.8192764, 52.2395327406291, 132.883397112443, 678.778991699219, 2009603, 6, 86
2019.8192764, 52.2393227092918, 132.88336242235, 678.600280761719, 2009603, 6, 86
2019.8192764, 52.2391127703201, 132.883327903459, 678.453186035156, 2009603, 6, 82
2019.81927666, 51.7098426203901, 132.799918784163, 476.713134765625, 2009603, 6, 52
2019.8192768, 51.4404144184211, 132.758433402735, 293.890869140625, 2009603, 6, 91
2019.8192768, 51.4403193068761, 132.758420637223, 293.894378662109, 2009603, 6, 91
2019.8192768, 51.4402368008043, 132.75840948595, 293.917358398438, 2009603, 6, 92
2019.8192768, 51.4401478681463, 132.758397395495, 293.919860839844, 2009603, 6, 92
2019.8192768, 51.4400652393547, 132.758386167708, 293.898895263672, 2009603, 6, 92
2019.8192768, 51.4399696838202, 132.758372690989, 293.884796142578, 2009603, 6, 93
2019.8192768, 51.4398867855621, 132.758360934423, 293.914916992188, 2009603, 6, 93
2019.8192768, 51.4398038153384, 132.758349146326, 293.904418945312, 2009603, 6, 93
2019.8192768, 51.4397335475491, 132.758339045746, 293.920532226562, 2009603, 6, 92
2019.8192768, 51.4396632299935, 132.758328931315, 293.899932861328, 2009603, 6, 92
2019.8192768, 51.4396056562062, 132.758320573409, 293.900329589844, 2009603, 6, 92
2019.8192768, 51.4395544613343, 132.758313181945, 293.886871337891, 2009603, 6, 92
2019.8192768, 51.4395032444383, 132.758305805219, 293.862396240234, 2009603, 6, 92
2019.8192768, 51.4394584016043, 132.758299244451, 293.867980957031, 2009603, 6, 92
2019.8192768, 51.4394135519302, 132.758292767058, 293.884124755859, 2009603, 6, 92
2019.8192768, 51.4393750930321, 132.75828715726, 293.873657226562, 2009603, 6, 92
2019.8192768, 51.4393366267201, 132.758281560492, 293.844177246094, 2009603, 6, 92
2019.8192768, 51.4392981497553, 132.758275977149, 293.848205566406, 2009603, 6, 92
2019.8192768, 51.4392596615865, 132.758270373244, 293.858764648438, 2009603, 6, 92
2019.8192768, 51.4392211681251, 132.758264793701, 293.886138916016, 2009603, 6, 86
2019.8192768, 51.43918267042, 132.758259261346, 293.861450195312, 2009603, 6, 86
2019.8192768, 51.4391441608412, 132.758253681113, 293.856201171875, 2009603, 6, 86
2019.8192768, 51.4391056404606, 132.758248044026, 293.863159179688, 2009603, 6, 80
2019.8192768, 51.4390607033759, 132.758241604689, 293.840667724609, 2009603, 6, 80
2019.8192768, 51.4390221675224, 132.758235968206, 293.807830810547, 2009603, 6, 80
2019.81927681, 51.4089999279345, 132.753930238079, 293.071166992188, 2009603, 6, 62
2019.81927681, 51.40885249026, 132.753908846593, 293.082061767578, 2009603, 6, 62
2019.81927681, 51.4085312188083, 132.753863257132, 292.353454589844, 2009603, 6, 73
2019.81927681, 51.4083444877, 132.75383688976, 291.939056396484, 2009603, 6, 79
2019.81927681, 51.4081768826966, 132.753812925195, 291.50341796875, 2009603, 6, 79
2019.81927681, 51.4079309063154, 132.753777874413, 290.753631591797, 2009603, 6, 68
2019.81927681, 51.4078791858867, 132.753770315435, 290.687927246094, 2009603, 6, 68
2019.81927681, 51.4078339634168, 132.753763708881, 290.692352294922, 2009603, 6, 68
2019.81927681, 51.4077823292627, 132.753756191017, 290.686676025391, 2009603, 6, 68
2019.81927681, 51.4077307437043, 132.753748640887, 290.702392578125, 2009603, 6, 66
2019.81927681, 51.4076727520723, 132.753739866099, 290.661651611328, 2009603, 6, 66
2019.81927681, 51.4076148440275, 132.753731103206, 290.678100585938, 2009603, 6, 66
2019.81927681, 51.4075377685734, 132.753719437308, 290.671173095703, 2009603, 6, 66
2019.81927681, 51.4074480410501, 132.75370563215, 290.681121826172, 2009603, 6, 53
2019.81927681, 51.4073330234789, 132.753687703099, 290.684936523438, 2009603, 6, 53
2019.81927801, 49.0017257361818, 132.393811378186, 135.091873168945, 2009603, 6, 83
2019.81927801, 49.0016939071496, 132.393806837866, 135.058212280273, 2009603, 6, 83
2019.81927801, 49.0016621043403, 132.393802322681, 135.049194335938, 2009603, 6, 83
2019.81927801, 49.0016366698455, 132.393798595351, 135.056686401367, 2009603, 6, 83
2019.81927801, 49.0016049070663, 132.393794059235, 135.062286376953, 2009603, 6, 83
2019.81927801, 49.0015795041807, 132.393790334849, 135.044845581055, 2009603, 6, 83
2019.81927801, 49.00154777731, 132.393785739654, 135.038619995117, 2009603, 6, 83
2019.81927801, 49.0015224053516, 132.393781989042, 135.031692504883, 2009603, 6, 83
2019.81927865, 47.7196244192923, 132.208936310339, 51.4599266052246, 2009603, 6, 70
2019.81927865, 47.7194029482204, 132.208907406428, 51.4809455871582, 2009603, 6, 92
2019.81927865, 47.7191950119912, 132.208880656862, 51.5042953491211, 2009603, 6, 95
2019.81927865, 47.7189807007766, 132.208852985118, 51.5113143920898, 2009603, 6, 95
2019.81927865, 47.7187533545453, 132.208823442145, 51.5237503051758, 2009603, 6, 95
2019.81927865, 47.7185125382664, 132.208791602701, 51.5294380187988, 2009603, 6, 96
2019.81927865, 47.7182900764523, 132.208761904167, 51.4967956542969, 2009603, 6, 96
2019.81927865, 47.7181102829906, 132.208736892356, 51.5059242248535, 2009603, 6, 96
2019.81927865, 47.7178978087607, 132.208707125405, 51.498348236084, 2009603, 6, 97
2019.81927865, 47.7176785542713, 132.208676349686, 51.507495880127, 2009603, 6, 97
2019.81927865, 47.7174657566833, 132.208646767857, 51.526927947998, 2009603, 6, 98
2019.81927865, 47.7172596952356, 132.208618546988, 51.4885292053223, 2009603, 6, 98
2019.81927865, 47.7170541359679, 132.208590880326, 51.5067253112793, 2009603, 6, 98
2019.81927865, 47.7168305077067, 132.208561829555, 51.4894065856934, 2009603, 6, 97
2019.81927865, 47.7165953373537, 132.208532212994, 51.4677886962891, 2009603, 6, 97
2019.81927865, 47.716405080174, 132.208508485449, 51.4860725402832, 2009603, 6, 97
2019.81927865, 47.7161517431503, 132.208476973203, 51.5081825256348, 2009603, 6, 97
2019.81927865, 47.7159301641051, 132.208449204482, 51.4818344116211, 2009603, 6, 97
2019.81927865, 47.7157403439623, 132.208425153009, 51.5035400390625, 2009603, 6, 97
2019.81927865, 47.715543276363, 132.208399226302, 51.4941635131836, 2009603, 6, 97
2019.81927865, 47.7153270131938, 132.208370424826, 51.4838333129883, 2009603, 6, 97
2019.81927865, 47.7150725355256, 132.208336137432, 51.4913063049316, 2009603, 6, 97
2019.81927865, 47.7148372096041, 132.208304072488, 51.484432220459, 2009603, 6, 96
2019.81927865, 47.7146020630114, 132.208271992623, 51.4706726074219, 2009603, 6, 96
2019.81927865, 47.7143925540961, 132.20824346763, 51.4914398193359, 2009603, 6, 96
2019.81927866, 47.7141392659066, 132.208209298657, 51.4528312683105, 2009603, 6, 96
2019.81927866, 47.7138986954544, 132.208177186803, 51.4670257568359, 2009603, 6, 96
2019.81927866, 47.7136389796922, 132.208142880767, 51.4573287963867, 2009603, 6, 96
2019.81927866, 47.7133280893668, 132.208102199388, 51.4985961914062, 2009603, 6, 97
2019.81927866, 47.713009970643, 132.208061156883, 51.4630126953125, 2009603, 6, 97
2019.81927866, 47.7125373923134, 132.208000658861, 51.4631423950195, 2009603, 6, 97
2019.81927866, 47.7120121756179, 132.207932461955, 51.454517364502, 2009603, 6, 90
2019.81927866, 47.7097423550288, 132.207633404103, 51.4230995178223, 2009603, 6, 65
2019.81927866, 47.7097043412985, 132.207628581452, 51.4267883300781, 2009603, 6, 65
2019.81927866, 47.7096726491753, 132.207624431471, 51.4441146850586, 2009603, 6, 65
2019.81927866, 47.7096409614589, 132.207620338112, 51.4448509216309, 2009603, 6, 65
2019.81927866, 47.7096092715801, 132.20761624185, 51.4343338012695, 2009603, 6, 65
2019.81927866, 47.7095712463952, 132.207611389644, 51.4617958068848, 2009603, 6, 65
2019.81927866, 47.709539545301, 132.207607213293, 51.4579849243164, 2009603, 6, 65
2019.81927866, 47.7095078480304, 132.207603128994, 51.4441299438477, 2009603, 6, 65
2019.81927866, 47.7094698043396, 132.207598194375, 51.4765243530273, 2009603, 6, 55
2019.81927866, 47.709438092238, 132.207594032559, 51.4592628479004, 2009603, 6, 55
2019.81927866, 47.7094000454922, 132.20758923968, 51.4921760559082, 2009603, 6, 55
2019.81927866, 47.7088281677678, 132.207513006339, 51.6404113769531, 2009603, 6, 51
2019.81927866, 47.7086434168474, 132.207488144053, 51.5649719238281, 2009603, 6, 59
2019.81927866, 47.7085158549639, 132.20747089743, 51.5412216186523, 2009603, 6, 59
2019.81927866, 47.7083818024951, 132.207452785329, 51.5367889404297, 2009603, 6, 59
2019.81927866, 47.7046673762767, 132.206957427592, 51.900936126709, 2009603, 6, 57
2019.81927866, 47.7045522323733, 132.206943201557, 51.9010734558105, 2009603, 6, 57
2019.81927867, 47.6919655348016, 132.205256838445, 51.385986328125, 2009603, 6, 93
2019.81927867, 47.691908146103, 132.205249116865, 51.3690299987793, 2009603, 6, 93
2019.81927867, 47.6918316592482, 132.2052388182, 51.367977142334, 2009603, 6, 93
2019.81927867, 47.6917679430652, 132.205230154961, 51.4357261657715, 2009603, 6, 93
2019.81927867, 47.6917106270755, 132.205222406348, 51.4723930358887, 2009603, 6, 96
2019.81927867, 47.6916660513888, 132.205216282098, 51.4544105529785, 2009603, 6, 96
2019.81927867, 47.6916151255852, 132.205209318297, 51.4346313476562, 2009603, 6, 96
2019.81927867, 47.6915705732931, 132.205203185105, 51.4651794433594, 2009603, 6, 96
2019.81927867, 47.6915195581438, 132.20519626949, 51.4439544677734, 2009603, 6, 96
2019.81927867, 47.6914751237992, 132.205190069051, 51.4214515686035, 2009603, 6, 96
2019.81927867, 47.6914307000944, 132.205183894697, 51.4240989685059, 2009603, 6, 96
2019.81927867, 47.6913862797317, 132.20517769884, 51.4316177368164, 2009603, 6, 96
2019.81927867, 47.691341851646, 132.205171374424, 51.4239540100098, 2009603, 6, 96
2019.81927867, 47.6912974404131, 132.205165181062, 51.4286270141602, 2009603, 6, 96
2019.81927867, 47.6912593603772, 132.205159744787, 51.4552688598633, 2009603, 6, 96
2019.81927867, 47.6912022496262, 132.20515171617, 51.4730949401855, 2009603, 6, 96
2019.81927867, 47.6911514778877, 132.205144539151, 51.483325958252, 2009603, 6, 96
2019.81927867, 47.6911133863798, 132.205139069807, 51.4473114013672, 2009603, 6, 96
2019.81927867, 47.6910689539364, 132.205132806734, 51.444881439209, 2009603, 6, 96
2019.81927867, 47.6910308498357, 132.205127330492, 51.4673461914062, 2009603, 6, 96
2019.81927867, 47.6909927467494, 132.205121928979, 51.4333229064941, 2009603, 6, 96
2019.81927867, 47.6909546327137, 132.205116498291, 51.4471588134766, 2009603, 6, 96
2019.81927867, 47.6909228630269, 132.205111952229, 51.4453926086426, 2009603, 6, 96
2019.81927867, 47.6908847404489, 132.205106601136, 51.4043998718262, 2009603, 6, 96
2019.81927867, 47.6908593109962, 132.205102918365, 51.4021492004395, 2009603, 6, 96
2019.81927867, 47.6908275232899, 132.205098402855, 51.3905906677246, 2009603, 6, 96
2019.81927867, 47.6907893717526, 132.205093014616, 51.4066925048828, 2009603, 6, 96
2019.81927867, 47.6907575647847, 132.205088484488, 51.3944702148438, 2009603, 6, 96
2019.81927867, 47.6907257506328, 132.205083953119, 51.3885269165039, 2009603, 6, 96
2019.81927867, 47.6906939262219, 132.205079421679, 51.3831939697266, 2009603, 6, 96
2019.81927867, 47.6906684542254, 132.205075725774, 51.4079399108887, 2009603, 6, 96
2019.81927867, 47.690636618332, 132.205071216501, 51.3739967346191, 2009603, 6, 96
2019.81927867, 47.6906047737177, 132.205066739483, 51.3957405090332, 2009603, 6, 96
2019.81927867, 47.6905729135334, 132.205062197028, 51.3957214355469, 2009603, 6, 96
2019.81927867, 47.6905410457252, 132.205057682627, 51.4009780883789, 2009603, 6, 96
2019.81927867, 47.6905155380541, 132.205054002632, 51.3994026184082, 2009603, 6, 96
2019.81927867, 47.6904836548762, 132.205049516311, 51.364574432373, 2009603, 6, 96
2019.81927867, 47.6904581335186, 132.20504584497, 51.374683380127, 2009603, 6, 96
2019.81927867, 47.6904262323722, 132.205041338216, 51.375114440918, 2009603, 6, 96
2019.81927867, 47.6903943196676, 132.205036841868, 51.4041481018066, 2009603, 6, 96
2019.81927867, 47.6903623971751, 132.205032344969, 51.4427185058594, 2009603, 6, 96
2019.81927867, 47.690330458329, 132.20502778952, 51.4082870483398, 2009603, 6, 96
2019.81927867, 47.6902985138751, 132.205023274626, 51.397331237793, 2009603, 6, 96
2019.81927867, 47.6902603954817, 132.205017883757, 51.3801689147949, 2009603, 6, 96
2019.81927867, 47.6902283222917, 132.205013384439, 51.3891372680664, 2009603, 6, 97
2019.81927867, 47.6902026581527, 132.205009772894, 51.3963088989258, 2009603, 6, 97
2019.81927867, 47.69017057301, 132.205005313434, 51.3988494873047, 2009603, 6, 97
2019.81927867, 47.6901448951155, 132.20500170099, 51.3874816894531, 2009603, 6, 97
2019.81927867, 47.6901127989302, 132.204997259303, 51.3726234436035, 2009603, 6, 97
2019.81927867, 47.6900871113545, 132.204993635876, 51.3882522583008, 2009603, 6, 97
2019.81927867, 47.69005500471, 132.204989190366, 51.3881530761719, 2009603, 6, 97
2019.81927867, 47.6900228967765, 132.204984772358, 51.384708404541, 2009603, 6, 97
2019.81927867, 47.6899907835942, 132.204980317445, 51.3872261047363, 2009603, 6, 96
2019.81927867, 47.6899650855913, 132.20497671223, 51.420482635498, 2009603, 6, 96
2019.81927867, 47.6899329657398, 132.204972256606, 51.4256820678711, 2009603, 6, 96
2019.81927867, 47.6899008483729, 132.204967838428, 51.4119567871094, 2009603, 6, 96
2019.81927867, 47.6898687357793, 132.204963467481, 51.4269485473633, 2009603, 6, 96
2019.81927867, 47.6898366159957, 132.204959016034, 51.4111175537109, 2009603, 6, 96
2019.81927867, 47.6898109181178, 132.204955427118, 51.4086799621582, 2009603, 6, 96
2019.81927867, 47.6897788057721, 132.204951000006, 51.4088096618652, 2009603, 6, 96
2019.81927867, 47.6897402794188, 132.20494576176, 51.4277038574219, 2009603, 6, 97
2019.81927867, 47.6897081694499, 132.20494129839, 51.4582214355469, 2009603, 6, 97
2019.81927867, 47.6896760684521, 132.204936877736, 51.4117393493652, 2009603, 6, 97
2019.81927867, 47.6896439768844, 132.204932501019, 51.3975563049316, 2009603, 6, 97
2019.81927867, 47.6896118943891, 132.204928152038, 51.411506652832, 2009603, 6, 97
2019.81927867, 47.6895862250718, 132.204924579745, 51.407787322998, 2009603, 6, 97
2019.81927867, 47.6895541564191, 132.20492020874, 51.3982925415039, 2009603, 6, 97
2019.81927867, 47.6895220951432, 132.20491585457, 51.4071159362793, 2009603, 6, 97
2019.81927867, 47.6894964480099, 132.204912313118, 51.4000663757324, 2009603, 6, 96
2019.81927867, 47.6894644080222, 132.204907995968, 51.3759346008301, 2009603, 6, 96
2019.81927867, 47.6894387746802, 132.204904445954, 51.4138717651367, 2009603, 6, 96
2019.81927867, 47.6894067546597, 132.204900129618, 51.3948631286621, 2009603, 6, 96
2019.81927867, 47.6893811376359, 132.204896583443, 51.3988990783691, 2009603, 6, 96
2019.81927867, 47.6893491391643, 132.204892268267, 51.4099235534668, 2009603, 6, 96
2019.81927867, 47.6893235441889, 132.204888740609, 51.4038848876953, 2009603, 6, 96
2019.81927867, 47.6892915636937, 132.204884375482, 51.4180793762207, 2009603, 6, 96
2019.81927867, 47.6892596054721, 132.204880095237, 51.4042358398438, 2009603, 6, 96
2019.81927867, 47.6892276538781, 132.204875741562, 51.4241561889648, 2009603, 6, 95
2019.81927867, 47.6892021017383, 132.20487224478, 51.3952178955078, 2009603, 6, 95
2019.81927867, 47.6891701818931, 132.204867945098, 51.3973846435547, 2009603, 6, 95
2019.81927867, 47.6891382752065, 132.204863618679, 51.4356498718262, 2009603, 6, 95
2019.81927867, 47.6891063817963, 132.204859243878, 51.4179420471191, 2009603, 6, 95
2019.81927867, 47.689074505078, 132.204854911782, 51.4072189331055, 2009603, 6, 95
2019.81927867, 47.6890426456231, 132.204850575831, 51.4100456237793, 2009603, 6, 95
2019.81927867, 47.6890041805474, 132.204845402777, 51.4246940612793, 2009603, 6, 95
2019.81927867, 47.6889597585542, 132.204839353687, 51.4209098815918, 2009603, 6, 94
2019.81927867, 47.6889090327844, 132.204832462502, 51.438793182373, 2009603, 6, 94
2019.81927867, 47.6888520214278, 132.204824776398, 51.4341812133789, 2009603, 6, 94
2019.81927867, 47.6887950453399, 132.204816969768, 51.432861328125, 2009603, 6, 94
2019.81927867, 47.6887254771846, 132.204807512347, 51.4363670349121, 2009603, 6, 93
2019.81927867, 47.6885991492601, 132.204790349641, 51.4309425354004, 2009603, 6, 93
2019.81927867, 47.6884288665904, 132.204767250982, 51.4727935791016, 2009603, 6, 92
2019.81927867, 47.6882776544783, 132.204746569784, 51.4571990966797, 2009603, 6, 92
2019.81927867, 47.6881139361842, 132.204724268179, 51.4467887878418, 2009603, 6, 96
2019.81927867, 47.6879564894885, 132.204702665246, 51.4273262023926, 2009603, 6, 95
2019.81927867, 47.6877863334642, 132.204679282076, 51.4622802734375, 2009603, 6, 95
2019.81927867, 47.687672788108, 132.204663575479, 51.4532279968262, 2009603, 6, 95
2019.81927867, 47.6875274435702, 132.204643533508, 51.4652557373047, 2009603, 6, 95
2019.81927867, 47.6873755388854, 132.204622507538, 51.4387092590332, 2009603, 6, 93
2019.81927867, 47.687242396242, 132.204603973376, 51.4077301025391, 2009603, 6, 52
2019.81927867, 47.6871344602154, 132.204588914384, 51.4555740356445, 2009603, 6, 52
2019.81927867, 47.6870200210697, 132.204572938349, 51.4449577331543, 2009603, 6, 52
2019.81927868, 47.6589762631886, 132.200499815934, 51.4839744567871, 2009603, 6, 71
2019.81927868, 47.6589321842237, 132.200492840217, 51.5115356445312, 2009603, 6, 71
2019.81927868, 47.6588692160612, 132.20048303662, 51.5203819274902, 2009603, 6, 71
2019.81927868, 47.6587873136277, 132.200470198726, 51.5222511291504, 2009603, 6, 71
2019.81927868, 47.6586990624977, 132.200456460751, 51.5295600891113, 2009603, 6, 83
2019.81927868, 47.6586296709472, 132.20044567871, 51.527229309082, 2009603, 6, 83
2019.81927868, 47.6585476106983, 132.20043308791, 51.525821685791, 2009603, 6, 83
2019.81927868, 47.6584466381537, 132.200417421444, 51.5441131591797, 2009603, 6, 89
2019.81927868, 47.6583578143264, 132.200404058602, 51.5072135925293, 2009603, 6, 89
2019.81927868, 47.6582943188667, 132.200394598558, 51.5126914978027, 2009603, 6, 89
2019.81927868, 47.6582498405672, 132.20038796098, 51.4969482421875, 2009603, 6, 89
2019.81927868, 47.6582180517142, 132.200383165199, 51.4678115844727, 2009603, 6, 89
2019.81927868, 47.6581862641197, 132.200378495327, 51.4517593383789, 2009603, 6, 89
2019.81927868, 47.6581544630309, 132.20037380117, 51.4486694335938, 2009603, 6, 89
2019.81927868, 47.6581290073667, 132.200369945867, 51.4576797485352, 2009603, 6, 89
2019.81927868, 47.6580971924594, 132.200365296726, 51.4635429382324, 2009603, 6, 89
2019.81927868, 47.6580717267006, 132.200361500939, 51.4439697265625, 2009603, 6, 89
2019.81927868, 47.658039891391, 132.200356810623, 51.423583984375, 2009603, 6, 89
2019.81927868, 47.6580080519833, 132.200352171792, 51.4211616516113, 2009603, 6, 89
2019.81927868, 47.6579825659729, 132.20034836804, 51.4701118469238, 2009603, 6, 54
2019.81927868, 47.6579507072708, 132.200343684271, 51.4388427734375, 2009603, 6, 54
2019.81927868, 47.6579188423886, 132.200338998053, 51.4423141479492, 2009603, 6, 54
2019.81927868, 47.6578805995019, 132.200333402805, 51.5070838928223, 2009603, 6, 54
2019.8192788, 47.4242104796685, 132.167368685683, 54.7904739379883, 2009603, 6, 55
2019.8192788, 47.4241026327565, 132.167351865459, 54.787540435791, 2009603, 6, 55
2019.8192788, 47.423988520692, 132.167334054459, 54.8187675476074, 2009603, 6, 71
2019.8192788, 47.4238491056538, 132.167312085109, 54.8181686401367, 2009603, 6, 71
2019.8192788, 47.4237097408096, 132.167290146203, 54.7973709106445, 2009603, 6, 69
2019.8192788, 47.4235893755407, 132.167271148355, 54.809383392334, 2009603, 6, 69
2019.8192788, 47.4234563161961, 132.16725021118, 54.8163452148438, 2009603, 6, 69
2019.8192788, 47.4233358850784, 132.167231394523, 54.8147201538086, 2009603, 6, 69
2019.8192788, 47.423221720501, 132.16721358863, 54.806468963623, 2009603, 6, 63
2019.8192788, 47.4231011413707, 132.167195006075, 54.8403625488281, 2009603, 6, 63
2019.81927881, 47.4129894641059, 132.165682068385, 54.9085083007812, 2009603, 6, 62
2019.81927881, 47.4127420624065, 132.16564443452, 54.8522567749023, 2009603, 6, 75
2019.81927881, 47.4125135672213, 132.165609660342, 54.89892578125, 2009603, 6, 75
2019.81927881, 47.4123547781366, 132.165585534092, 54.8946151733398, 2009603, 6, 83
2019.81927881, 47.4121895287038, 132.165560514229, 54.8782005310059, 2009603, 6, 82
2019.81927881, 47.4120305330333, 132.165536631846, 54.8457679748535, 2009603, 6, 82
2019.81927881, 47.4118523138456, 132.165509855685, 54.8365669250488, 2009603, 6, 77
2019.81927881, 47.4116739694886, 132.16548323975, 54.8781700134277, 2009603, 6, 80
2019.81927881, 47.4115083246001, 132.16545858427, 54.8586158752441, 2009603, 6, 80
2019.81927881, 47.4113360010742, 132.16543327139, 54.8681030273438, 2009603, 6, 80
2019.81927881, 47.4111572581362, 132.165407119094, 54.8239440917969, 2009603, 6, 83
2019.81927881, 47.4109721385395, 132.165379962633, 54.877197265625, 2009603, 6, 88
2019.81927881, 47.410774329862, 132.165350911454, 54.8620300292969, 2009603, 6, 88
2019.81927881, 47.41060852689, 132.165326421587, 54.8612976074219, 2009603, 6, 90
2019.81927881, 47.410411003467, 132.165297126005, 54.8598213195801, 2009603, 6, 90
2019.81927881, 47.4102009027721, 132.16526584255, 54.8246192932129, 2009603, 6, 92
2019.81927881, 47.4100104797261, 132.165236923621, 54.8505783081055, 2009603, 6, 91
2019.81927881, 47.4098265192379, 132.165208876421, 54.8290901184082, 2009603, 6, 94
2019.81927881, 47.4096172473485, 132.165176959782, 54.8310737609863, 2009603, 6, 94
2019.81927881, 47.4093889458945, 132.165142294336, 54.7861938476562, 2009603, 6, 94
2019.81927881, 47.4091668980427, 132.165108682465, 54.8618659973145, 2009603, 6, 94
2019.81927881, 47.4089003017311, 132.165068684877, 54.8086967468262, 2009603, 6, 94
2019.81927881, 47.4084928507294, 132.16500877447, 54.7746925354004, 2009603, 6, 93
2019.81927881, 47.4083021251064, 132.164980876572, 54.8067893981934, 2009603, 6, 93
2019.81927881, 47.4081116967209, 132.164952998773, 54.8241157531738, 2009603, 6, 92
2019.81927881, 47.4079912762355, 132.16493538188, 54.8285751342773, 2009603, 6, 92
2019.81927881, 47.4078710057946, 132.164917729776, 54.8345642089844, 2009603, 6, 92
2019.81927881, 47.4077382477932, 132.164898212344, 54.8275604248047, 2009603, 6, 92
2019.81927881, 47.4075994655174, 132.164877625565, 54.8847961425781, 2009603, 6, 92
2019.81927881, 47.407480121633, 132.164859768628, 54.8592758178711, 2009603, 6, 91
2019.81927881, 47.4073356857436, 132.164838123545, 54.8898315429688, 2009603, 6, 91
2019.81927881, 47.4072163236076, 132.164820115239, 54.8967552185059, 2009603, 6, 90
2019.81927881, 47.4070905833033, 132.164801251026, 54.8837547302246, 2009603, 6, 90
2019.81927881, 47.4069583620299, 132.164781238024, 54.8723831176758, 2009603, 6, 89
2019.81927881, 47.4068259003234, 132.164761232983, 54.8945541381836, 2009603, 6, 89
2019.81927881, 47.4066678155257, 132.164737324194, 54.8651237487793, 2009603, 6, 89
2019.81927881, 47.4065029156753, 132.164712500784, 54.8644866943359, 2009603, 6, 89
2019.81927881, 47.4063693386692, 132.164692311323, 54.8739051818848, 2009603, 6, 88
2019.81927881, 47.4062347611314, 132.164672088832, 54.8859596252441, 2009603, 6, 85
2019.81927881, 47.4060999387828, 132.164651823352, 54.8885879516602, 2009603, 6, 85
2019.81927881, 47.405977821501, 132.164633551952, 54.8651580810547, 2009603, 6, 82
2019.81927881, 47.4058556330823, 132.164615323503, 54.8762741088867, 2009603, 6, 82
2019.81927881, 47.405720568052, 132.164595130005, 54.8973121643066, 2009603, 6, 78
2019.81927881, 47.4055534509174, 132.164570275678, 54.8809852600098, 2009603, 6, 78
2019.81927881, 47.4053609132874, 132.16454172988, 54.8484649658203, 2009603, 6, 76
2019.81927881, 47.4052264009949, 132.164521786809, 54.8691749572754, 2009603, 6, 51
2019.81927881, 47.4051111937575, 132.164504730954, 54.8979187011719, 2009603, 6, 51
2019.81927881, 47.4026295900864, 132.164136234191, 54.9290313720703, 2009603, 6, 70
2019.81927881, 47.4024312846927, 132.164107599616, 54.8985061645508, 2009603, 6, 66
2019.81927881, 47.4022332151056, 132.164079250957, 54.9290504455566, 2009603, 6, 61
2019.81927881, 47.402067321992, 132.164055553161, 54.9130401611328, 2009603, 6, 61
2019.81927881, 47.3952292845819, 132.163049380615, 54.9226150512695, 2009603, 6, 72
2019.81927881, 47.3951153008035, 132.163032918247, 54.9212646484375, 2009603, 6, 72
2019.81927881, 47.3949823389959, 132.163013510968, 54.9068794250488, 2009603, 6, 86
2019.81927881, 47.3948238181628, 132.162991484091, 54.9118347167969, 2009603, 6, 87
2019.81927881, 47.3946588522588, 132.162968685631, 54.906623840332, 2009603, 6, 88
2019.81927881, 47.3945064531118, 132.162947569436, 54.9026756286621, 2009603, 6, 88
2019.81927881, 47.3943539394205, 132.162926410335, 54.9164619445801, 2009603, 6, 88
2019.81927881, 47.3942267509292, 132.162908693559, 54.916145324707, 2009603, 6, 87
2019.81927881, 47.3941121905813, 132.162892501499, 54.914478302002, 2009603, 6, 87
2019.81927881, 47.3939720826696, 132.162872566287, 54.9026184082031, 2009603, 6, 87
2019.81927881, 47.3938318762316, 132.162852450071, 54.9037399291992, 2009603, 6, 87
2019.81927881, 47.3936915686181, 132.162832294782, 54.9111671447754, 2009603, 6, 87
2019.81927881, 47.3935192419746, 132.162806137636, 54.9266510009766, 2009603, 6, 87
2019.81927881, 47.3933532028861, 132.162780812894, 54.8991966247559, 2009603, 6, 84
2019.81927881, 47.3932062520528, 132.16275831248, 54.8750915527344, 2009603, 6, 78
2019.81927881, 47.3930273090529, 132.162731072478, 54.9407653808594, 2009603, 6, 80
2019.81927882, 47.3928547309928, 132.162705035996, 54.8984069824219, 2009603, 6, 73
2019.81927882, 47.3926629790636, 132.162676497679, 54.9228706359863, 2009603, 6, 56
2019.81927882, 47.3925096105631, 132.16265409633, 54.9191093444824, 2009603, 6, 56
2019.81927882, 47.3914951301647, 132.162516674076, 54.9375305175781, 2009603, 6, 77
2019.81927882, 47.3913996566537, 132.162503842176, 54.9466972351074, 2009603, 6, 77
2019.81927882, 47.3912914856475, 132.162489083957, 54.9289665222168, 2009603, 6, 65
2019.81927882, 47.3911960834949, 132.162475996639, 54.9289855957031, 2009603, 6, 86
2019.81927882, 47.3910372190911, 132.162453836395, 54.9803428649902, 2009603, 6, 86
2019.81927882, 47.3908341722507, 132.162424384503, 54.9186134338379, 2009603, 6, 89
2019.81927882, 47.3906627883767, 132.162399170496, 54.9316253662109, 2009603, 6, 89
2019.81927882, 47.3904849212653, 132.162372807423, 54.931568145752, 2009603, 6, 87
2019.81927882, 47.3903386642451, 132.162350961231, 54.9389762878418, 2009603, 6, 87
2019.81927882, 47.3901986276783, 132.16233012489, 54.9396858215332, 2009603, 6, 83
2019.81927882, 47.3900456748703, 132.162307249737, 54.8924598693848, 2009603, 6, 83
2019.81927882, 47.3899056316333, 132.162286126488, 54.9281158447266, 2009603, 6, 75
2019.81927882, 47.389777489819, 132.162267437995, 54.914379119873, 2009603, 6, 75
2019.81927882, 47.3896108074862, 132.162243249802, 54.9211502075195, 2009603, 6, 64
