2020.89695159, 53.9804022252132, 121.226242231746, 504.497314453125, 2009603, 1, 74
2020.89695159, 53.9717473722853, 121.224832812865, 501.250305175781, 2009603, 1, 56
2020.89695159, 53.9716711442628, 121.224820053115, 501.189178466797, 2009603, 1, 56
2020.89695159, 53.9715822537031, 121.224805225481, 501.156341552734, 2009603, 1, 56
2020.89695172, 53.7188509724517, 121.182607077027, 393.013214111328, 2009603, 1, 62
2020.89695186, 53.4257076980507, 121.133867762618, 322.477996826172, 2009603, 1, 57
2020.89695186, 53.4256195203417, 121.133852417119, 322.360626220703, 2009603, 1, 57
2020.89695186, 53.4255313818326, 121.133837056232, 322.306640625, 2009603, 1, 57
2020.89695186, 53.4254495465064, 121.133822861185, 322.400451660156, 2009603, 1, 87
2020.89695186, 53.4253740057769, 121.133809784408, 322.396057128906, 2009603, 1, 87
2020.89695186, 53.425298449206, 121.13379677876, 322.355773925781, 2009603, 1, 87
2020.89695186, 53.4252039871335, 121.133780475333, 322.399139404297, 2009603, 1, 91
2020.89695186, 53.4251220622971, 121.133766500492, 322.36962890625, 2009603, 1, 91
2020.89695186, 53.4250401134533, 121.13375245024, 322.422302246094, 2009603, 1, 91
2020.89695186, 53.4249517578641, 121.133737579631, 322.3466796875, 2009603, 1, 92
2020.89695186, 53.4248506914563, 121.133720636578, 322.368103027344, 2009603, 1, 92
2020.89695186, 53.42474355041, 121.133702539593, 322.353637695312, 2009603, 1, 92
2020.89695186, 53.4246354595115, 121.133685171151, 322.332794189453, 2009603, 1, 92
2020.89695186, 53.4245272517612, 121.133667821037, 322.311157226562, 2009603, 1, 92
2020.89695186, 53.4244252835495, 121.133651749617, 322.340576171875, 2009603, 1, 93
2020.89695186, 53.4243359902376, 121.133637768184, 322.329376220703, 2009603, 1, 93
2020.89695186, 53.4242402855491, 121.133622748137, 322.353149414062, 2009603, 1, 93
2020.89695186, 53.424035973193, 121.133591069315, 322.342590332031, 2009603, 1, 93
2020.89695186, 53.4239338152422, 121.133575211085, 322.351745605469, 2009603, 1, 94
2020.89695186, 53.4238316562689, 121.133559420384, 322.342407226562, 2009603, 1, 94
2020.89695186, 53.4237486655863, 121.133546643668, 322.296539306641, 2009603, 1, 92
2020.89695186, 53.4236529565097, 121.133531781032, 322.340698242188, 2009603, 1, 92
2020.89695186, 53.4235636702725, 121.133517883309, 322.338043212891, 2009603, 1, 92
2020.89695186, 53.4234807935852, 121.133504977541, 322.313934326172, 2009603, 1, 90
2020.89695186, 53.4233915452675, 121.133490898698, 322.268798828125, 2009603, 1, 88
2020.89695186, 53.4233026859316, 121.133476824499, 322.323883056641, 2009603, 1, 88
2020.89695193, 53.2922438357881, 121.111939790466, 315.522186279297, 2009603, 1, 60
2020.89695193, 53.2921807020098, 121.111930199789, 315.519683837891, 2009603, 1, 60
2020.89695193, 53.2921175977232, 121.111920595679, 315.531219482422, 2009603, 1, 60
2020.89695193, 53.2920607880175, 121.111912137953, 315.506469726562, 2009603, 1, 60
2020.89695193, 53.2919914026876, 121.111901564698, 315.524291992188, 2009603, 1, 87
2020.89695193, 53.2919283055289, 121.111892074021, 315.454315185547, 2009603, 1, 87
2020.89695193, 53.2918715092872, 121.11188354193, 315.476470947266, 2009603, 1, 87
2020.89695193, 53.2918084093878, 121.111873952601, 315.464294433594, 2009603, 1, 87
2020.89695193, 53.291745284695, 121.111864371278, 315.468902587891, 2009603, 1, 93
2020.89695193, 53.291682119337, 121.111854845116, 315.479278564453, 2009603, 1, 93
2020.89695193, 53.291612632015, 121.111844174516, 315.502777099609, 2009603, 1, 93
2020.89695193, 53.2915494048747, 121.111834527911, 315.467498779297, 2009603, 1, 93
2020.89695193, 53.2914861290187, 121.11182487212, 315.518188476562, 2009603, 1, 93
2020.89695193, 53.2914228222595, 121.111815101295, 315.491943359375, 2009603, 1, 93
2020.89695193, 53.2913531319339, 121.111804255867, 315.522338867188, 2009603, 1, 93
2020.89695193, 53.2912960500792, 121.111795412198, 315.525085449219, 2009603, 1, 93
2020.89695193, 53.2912391657948, 121.11178683944, 315.509429931641, 2009603, 1, 94
2020.89695193, 53.2911818199734, 121.111777580743, 315.505859375, 2009603, 1, 94
2020.89695193, 53.2911116737771, 121.111766171828, 315.507354736328, 2009603, 1, 94
2020.89695193, 53.2910542178828, 121.111756901253, 315.519073486328, 2009603, 1, 94
2020.89695193, 53.2909839625472, 121.111745423542, 315.499389648438, 2009603, 1, 95
2020.89695193, 53.2909264270072, 121.111736074733, 315.495208740234, 2009603, 1, 95
2020.89695193, 53.2908624834427, 121.111725548301, 315.498992919922, 2009603, 1, 95
2020.89695193, 53.2907920937077, 121.111714013094, 315.490753173828, 2009603, 1, 95
2020.89695193, 53.2907344819234, 121.111704548185, 315.490600585938, 2009603, 1, 94
2020.89695193, 53.2906704541737, 121.111693964419, 315.483795166016, 2009603, 1, 94
2020.89695193, 53.2906064026803, 121.111683415443, 315.482727050781, 2009603, 1, 94
2020.89695193, 53.2905423274573, 121.111672937853, 315.502532958984, 2009603, 1, 94
2020.89695193, 53.2904718524916, 121.111661326709, 315.471832275391, 2009603, 1, 94
2020.89695193, 53.2904013820638, 121.111649692264, 315.466674804688, 2009603, 1, 94
2020.89695193, 53.2903437124818, 121.111640294731, 315.462524414062, 2009603, 1, 94
2020.89695193, 53.290279654279, 121.111629803742, 315.475402832031, 2009603, 1, 94
2020.89695193, 53.2902092058023, 121.11161829207, 315.467590332031, 2009603, 1, 93
2020.89695193, 53.2901387834032, 121.11160681654, 315.460632324219, 2009603, 1, 93
2020.89695193, 53.2900556000538, 121.111593260608, 315.495941162109, 2009603, 1, 93
2020.89695193, 53.289991627242, 121.1115829733, 315.485473632812, 2009603, 1, 93
2020.89695193, 53.2899148741859, 121.111570505864, 315.510650634766, 2009603, 1, 93
2020.89695193, 53.2898447173943, 121.111559404885, 315.493927001953, 2009603, 1, 93
2020.89695193, 53.289780949621, 121.111549496176, 315.468475341797, 2009603, 1, 93
2020.89695193, 53.289704492703, 121.111537550855, 315.478515625, 2009603, 1, 93
2020.89695193, 53.2896344463302, 121.111526644228, 315.486297607422, 2009603, 1, 93
2020.89695193, 53.289564439999, 121.111515774102, 315.456359863281, 2009603, 1, 93
2020.89695193, 53.2894881223453, 121.111503901126, 315.458190917969, 2009603, 1, 95
2020.89695193, 53.289418195931, 121.11149307604, 315.519104003906, 2009603, 1, 93
2020.89695193, 53.2893483007282, 121.111482287423, 315.466339111328, 2009603, 1, 93
2020.89695193, 53.2892911464704, 121.111473417836, 315.483795166016, 2009603, 1, 93
2020.89695193, 53.2892340058934, 121.111464601839, 315.489959716797, 2009603, 1, 94
2020.89695193, 53.2891705413762, 121.111454785524, 315.508453369141, 2009603, 1, 94
2020.89695193, 53.2891070966058, 121.111444971384, 315.490020751953, 2009603, 1, 94
2020.89695193, 53.2890500077005, 121.111436178549, 315.463745117188, 2009603, 1, 94
2020.89695193, 53.28898659762, 121.11142635383, 315.506683349609, 2009603, 1, 93
2020.89695193, 53.288916878395, 121.111415442323, 315.4716796875, 2009603, 1, 93
2020.89695193, 53.2888534943732, 121.111405609767, 315.476531982422, 2009603, 1, 93
2020.89695193, 53.2887901249623, 121.111395712797, 315.482727050781, 2009603, 1, 93
2020.89695193, 53.2887204369537, 121.111384748831, 315.490081787109, 2009603, 1, 93
2020.89695193, 53.2886570501575, 121.111374960135, 315.514801025391, 2009603, 1, 93
2020.89695193, 53.2885937278381, 121.111364829399, 315.4931640625, 2009603, 1, 93
2020.89695193, 53.2885240777216, 121.111353606061, 315.478057861328, 2009603, 1, 93
2020.89695193, 53.2884607429232, 121.111343451463, 315.487457275391, 2009603, 1, 93
2020.89695193, 53.2884037497404, 121.111334225464, 315.482086181641, 2009603, 1, 93
2020.89695193, 53.2883404087878, 121.111323972027, 315.488342285156, 2009603, 1, 93
2020.89695193, 53.2882833820894, 121.111314788351, 315.508483886719, 2009603, 1, 93
2020.89695193, 53.2882136816442, 121.111303469126, 315.521484375, 2009603, 1, 93
2020.89695193, 53.2881502931951, 121.111293201477, 315.5048828125, 2009603, 1, 93
2020.89695193, 53.2880868949653, 121.111282869131, 315.457702636719, 2009603, 1, 93
2020.89695193, 53.2880234677681, 121.111272584415, 315.473052978516, 2009603, 1, 93
2020.89695193, 53.2879536792028, 121.11126123452, 315.472229003906, 2009603, 1, 92
2020.89695193, 53.2878902110911, 121.111250908444, 315.501037597656, 2009603, 1, 92
2020.89695193, 53.2878203694549, 121.111239539276, 315.512390136719, 2009603, 1, 90
2020.89695193, 53.2877505062053, 121.11122814394, 315.486236572266, 2009603, 1, 90
2020.89695193, 53.2876933079168, 121.111218900574, 315.473266601562, 2009603, 1, 92
2020.89695193, 53.2876360976596, 121.111209610923, 315.428192138672, 2009603, 1, 92
2020.89695193, 53.2875725211554, 121.111199234554, 315.472259521484, 2009603, 1, 92
2020.89695193, 53.2874961888838, 121.111186822609, 315.508575439453, 2009603, 1, 91
2020.89695193, 53.2874327484115, 121.111176348554, 315.472473144531, 2009603, 1, 91
2020.89695193, 53.2873753233948, 121.111167176283, 315.502532958984, 2009603, 1, 91
2020.89695193, 53.2873178741265, 121.111158079519, 315.485412597656, 2009603, 1, 91
2020.89695193, 53.2872540428561, 121.111147876372, 315.517150878906, 2009603, 1, 91
2020.89695193, 53.2871965782258, 121.111138746542, 315.484710693359, 2009603, 1, 91
2020.89695193, 53.2871327321111, 121.111128565319, 315.49267578125, 2009603, 1, 91
2020.89695193, 53.2870624814495, 121.111117451966, 315.470520019531, 2009603, 1, 91
2020.89695193, 53.2869986362084, 121.111107264711, 315.474914550781, 2009603, 1, 91
2020.89695193, 53.2869347993077, 121.111097064319, 315.487976074219, 2009603, 1, 91
2020.89695193, 53.2868709774785, 121.111086855129, 315.463928222656, 2009603, 1, 91
2020.89695193, 53.2868008030076, 121.111075532234, 315.477386474609, 2009603, 1, 91
2020.89695193, 53.286737003571, 121.111065371887, 315.488861083984, 2009603, 1, 91
2020.89695193, 53.2866732463511, 121.111055094135, 315.490142822266, 2009603, 1, 91
2020.89695193, 53.2866095059163, 121.111044838973, 315.477661132812, 2009603, 1, 91
2020.89695193, 53.2865585471002, 121.111036552955, 315.50244140625, 2009603, 1, 91
2020.89695193, 53.2865012530442, 121.111027161089, 315.475463867188, 2009603, 1, 91
2020.89695193, 53.2864439650949, 121.111017844539, 315.540344238281, 2009603, 1, 91
2020.89695193, 53.2863866910022, 121.111008581622, 315.516448974609, 2009603, 1, 91
2020.89695193, 53.2863294549394, 121.110999244885, 315.500274658203, 2009603, 1, 91
2020.89695193, 53.2862722723624, 121.110989754211, 315.512725830078, 2009603, 1, 91
2020.89695193, 53.2862150909552, 121.110980376502, 315.513275146484, 2009603, 1, 91
2020.89695193, 53.2861512801458, 121.110970117466, 315.553405761719, 2009603, 1, 91
2020.89695193, 53.2860311950526, 121.110949857973, 315.565399169922, 2009603, 1, 91
2020.89695193, 53.2859743615353, 121.110940126771, 315.539245605469, 2009603, 1, 90
2020.89695193, 53.2859112039795, 121.1109294232, 315.606018066406, 2009603, 1, 90
2020.89695193, 53.2858543622637, 121.110919835661, 315.589508056641, 2009603, 1, 90
2020.89695193, 53.2857975277366, 121.110910198415, 315.678741455078, 2009603, 1, 90
2020.89695193, 53.2857406811798, 121.110900599109, 315.627319335938, 2009603, 1, 90
2020.89695193, 53.2856838394049, 121.11089092493, 315.675323486328, 2009603, 1, 90
2020.89695193, 53.2856206470792, 121.110880306825, 315.572448730469, 2009603, 1, 90
2020.89695193, 53.2855574449256, 121.110869600493, 315.600036621094, 2009603, 1, 90
2020.89695193, 53.2854878865265, 121.110857855895, 315.601623535156, 2009603, 1, 90
2020.89695193, 53.285424599705, 121.110847286313, 315.534027099609, 2009603, 1, 90
2020.89695193, 53.2853676088282, 121.110837770692, 315.598510742188, 2009603, 1, 90
2020.89695193, 53.2853105641879, 121.110828378042, 315.60888671875, 2009603, 1, 90
2020.89695193, 53.2852534824468, 121.110818988662, 315.588928222656, 2009603, 1, 90
2020.89695193, 53.2851328395657, 121.110799240885, 315.550231933594, 2009603, 1, 88
2020.89695193, 53.2850819999703, 121.110790858158, 315.568206787109, 2009603, 1, 88
2020.89695193, 53.2850247169598, 121.110781692412, 315.499237060547, 2009603, 1, 88
2020.89695193, 53.2849737577488, 121.110773583088, 315.538909912109, 2009603, 1, 89
2020.89695193, 53.2849164003943, 121.110764381426, 315.492126464844, 2009603, 1, 89
2020.89695193, 53.2848592504976, 121.110755084281, 315.5166015625, 2009603, 1, 89
2020.8969516, 53.9712324984956, 121.22346570331, 501.078277587891, 2009603, 2, 51
2020.8969516, 53.9709660121636, 121.223420428389, 501.027709960938, 2009603, 2, 51
2020.89695173, 53.7182769374301, 121.18114212164, 393.125091552734, 2009603, 2, 58
2020.89695187, 53.4252445544446, 121.132627941782, 322.407745361328, 2009603, 2, 91
2020.89695187, 53.4248879510113, 121.132572516561, 322.432800292969, 2009603, 2, 91
2020.89695187, 53.424551506643, 121.132519147194, 322.429229736328, 2009603, 2, 91
2020.89695187, 53.4242024943286, 121.132463216431, 322.519836425781, 2009603, 2, 93
2020.89695188, 53.4239294959738, 121.132419387385, 322.400756835938, 2009603, 2, 94
2020.89695188, 53.4235862533598, 121.132363963335, 322.470428466797, 2009603, 2, 88
2020.89695188, 53.4232930653885, 121.132316928764, 322.400970458984, 2009603, 2, 89
2020.89695188, 53.4229740440909, 121.132265897938, 322.332061767578, 2009603, 2, 63
2020.89695194, 53.2932179763166, 121.110943659063, 315.569519042969, 2009603, 2, 91
2020.89695194, 53.2929248277964, 121.110895941633, 315.547241210938, 2009603, 2, 93
2020.89695194, 53.2926763542491, 121.110855653785, 315.528564453125, 2009603, 2, 92
2020.89695194, 53.2924346120973, 121.110816747438, 315.539520263672, 2009603, 2, 93
2020.89695194, 53.2921739654851, 121.110774987433, 315.570251464844, 2009603, 2, 94
2020.89695194, 53.2919198239236, 121.110734468194, 315.609466552734, 2009603, 2, 94
2020.89695194, 53.2916911766046, 121.110698081152, 315.636016845703, 2009603, 2, 94
2020.89695194, 53.2914498523754, 121.110659636142, 315.668182373047, 2009603, 2, 93
2020.89695194, 53.2911831525745, 121.110617314984, 315.626892089844, 2009603, 2, 93
2020.89695194, 53.2909354187957, 121.110577772648, 315.578704833984, 2009603, 2, 93
2020.89695194, 53.2907129914066, 121.11054225667, 315.484344482422, 2009603, 2, 92
2020.89695194, 53.2904777095994, 121.110504452517, 315.408386230469, 2009603, 2, 91
2020.8969516, 53.9564468593147, 121.17301887422, 489.630920410156, 2009603, 3, 82
2020.8969516, 53.9563378482925, 121.173001360864, 489.725006103516, 2009603, 3, 82
2020.89695184, 53.4824917196853, 121.094685944924, 324.093444824219, 2009603, 3, 93
2020.89695184, 53.4821231342076, 121.094623275622, 324.059356689453, 2009603, 3, 93
2020.89695184, 53.4817236739545, 121.094553420635, 323.986602783203, 2009603, 3, 92
2020.89695184, 53.4813244508283, 121.094483541608, 324.007659912109, 2009603, 3, 93
2020.89695184, 53.4810454637333, 121.094435432757, 324.004730224609, 2009603, 3, 93
2020.89695184, 53.4807216211084, 121.094380951843, 323.975219726562, 2009603, 3, 94
2020.89695184, 53.4802004918271, 121.094295611149, 323.989624023438, 2009603, 3, 94
2020.89695184, 53.4797173136253, 121.094218169347, 323.962799072266, 2009603, 3, 93
2020.89695184, 53.4793486783246, 121.09415916261, 323.968475341797, 2009603, 3, 92
2020.89695184, 53.4790563040113, 121.094110847319, 323.979034423828, 2009603, 3, 92
2020.89695184, 53.4788083898573, 121.094068542583, 323.992279052734, 2009603, 3, 93
2020.89695184, 53.4785287013887, 121.094019068059, 323.934875488281, 2009603, 3, 91
2020.89695184, 53.4782871217228, 121.093974088652, 323.926422119141, 2009603, 3, 93
2020.89695184, 53.4781091711357, 121.093940712794, 323.930877685547, 2009603, 3, 94
2020.89695184, 53.4779376504821, 121.093908585744, 323.914642333984, 2009603, 3, 92
2020.89695184, 53.4777852602355, 121.093880254564, 323.964904785156, 2009603, 3, 92
2020.89695184, 53.4776012202683, 121.093846509816, 323.962371826172, 2009603, 3, 88
2020.89695184, 53.4771448848846, 121.093766447374, 323.954559326172, 2009603, 3, 74
2020.89695184, 53.4755195517815, 121.093495103894, 324.140045166016, 2009603, 3, 64
2020.89695186, 53.4434714469882, 121.088100694266, 323.226409912109, 2009603, 3, 58
2020.89695186, 53.4433889865476, 121.0880869271, 323.247894287109, 2009603, 3, 58
2020.89695186, 53.443306533079, 121.08807322885, 323.253173828125, 2009603, 3, 58
2020.89695186, 53.4432304099887, 121.088060688184, 323.242919921875, 2009603, 3, 89
2020.89695186, 53.4431542809703, 121.088048246187, 323.292724609375, 2009603, 3, 89
2020.89695186, 53.4430591098766, 121.088032581177, 323.247741699219, 2009603, 3, 89
2020.89695186, 53.4429703381531, 121.088018447818, 323.223297119141, 2009603, 3, 92
2020.89695186, 53.442900593894, 121.08800741645, 323.245849609375, 2009603, 3, 92
2020.89695186, 53.4428244960199, 121.087995472757, 323.269439697266, 2009603, 3, 92
2020.89695186, 53.4427484098295, 121.087983560564, 323.282867431641, 2009603, 3, 93
2020.89695186, 53.4426786693279, 121.087972680798, 323.277557373047, 2009603, 3, 93
2020.89695186, 53.4425899094618, 121.087958873302, 323.243041992188, 2009603, 3, 93
2020.89695186, 53.442501158102, 121.087945086796, 323.199035644531, 2009603, 3, 93
2020.89695186, 53.4424060640778, 121.087930337878, 323.243194580078, 2009603, 3, 92
2020.89695186, 53.4423236477897, 121.08791755522, 323.23291015625, 2009603, 3, 92
2020.89695186, 53.4422348865479, 121.087903788884, 323.224639892578, 2009603, 3, 92
2020.89695186, 53.4421461248705, 121.087889976557, 323.168640136719, 2009603, 3, 92
2020.89695186, 53.4420573616049, 121.08787611129, 323.213195800781, 2009603, 3, 92
2020.89695186, 53.4419685971708, 121.087862160045, 323.246124267578, 2009603, 3, 91
2020.89695186, 53.4418671445345, 121.087846119605, 323.248260498047, 2009603, 3, 91
2020.89695186, 53.4417846820129, 121.087833029923, 323.222839355469, 2009603, 3, 91
2020.89695186, 53.4416958975163, 121.087818795335, 323.269653320312, 2009603, 3, 92
2020.89695186, 53.4416007420781, 121.087803460939, 323.213470458984, 2009603, 3, 92
2020.89695186, 53.4414928808682, 121.087785894158, 323.206665039062, 2009603, 3, 92
2020.89695186, 53.4413913431593, 121.087769181799, 323.232513427734, 2009603, 3, 92
2020.89695186, 53.4413088116383, 121.087755502576, 323.231567382812, 2009603, 3, 92
2020.89695186, 53.441219911848, 121.0877406403, 323.239013671875, 2009603, 3, 90
2020.89695186, 53.4411182714141, 121.087723510121, 323.249633789062, 2009603, 3, 90
2020.89695186, 53.4410293052539, 121.087708391256, 323.226440429688, 2009603, 3, 90
2020.89695186, 53.4409403108641, 121.087693154939, 323.216369628906, 2009603, 3, 90
2020.89695186, 53.4408512922261, 121.087677782057, 323.240600585938, 2009603, 3, 90
2020.89695186, 53.4407558650765, 121.087661244878, 323.228576660156, 2009603, 3, 90
2020.89695186, 53.4406476765005, 121.087642357138, 323.230072021484, 2009603, 3, 87
2020.89695186, 53.4405521550698, 121.087625658894, 323.220764160156, 2009603, 3, 87
2020.89695186, 53.4404629736673, 121.087610076025, 323.223419189453, 2009603, 3, 70
2020.89695186, 53.4403801532911, 121.087595204505, 323.226654052734, 2009603, 3, 70
2020.89695186, 53.4402845556642, 121.087578047602, 323.209045410156, 2009603, 3, 70
2020.89695192, 53.3049055416752, 121.065481144775, 317.300140380859, 2009603, 3, 77
2020.89695192, 53.3047335530266, 121.065454559462, 317.339691162109, 2009603, 3, 55
2020.89695192, 53.3045238943847, 121.06542159333, 317.278961181641, 2009603, 3, 55
2020.89695192, 53.3036544940283, 121.065277502651, 317.253631591797, 2009603, 3, 66
2020.89695193, 53.3034654835074, 121.065246317279, 317.388916015625, 2009603, 3, 91
2020.89695193, 53.3032760657252, 121.065215524012, 317.410705566406, 2009603, 3, 91
2020.89695193, 53.3030224266649, 121.065175571053, 317.432556152344, 2009603, 3, 94
2020.89695193, 53.3028058672097, 121.065142484827, 317.445831298828, 2009603, 3, 94
2020.89695193, 53.3025823418356, 121.065108697713, 317.426330566406, 2009603, 3, 94
2020.89695193, 53.3023647375577, 121.065075982966, 317.461791992188, 2009603, 3, 95
2020.89695193, 53.3021532672055, 121.065044088839, 317.455139160156, 2009603, 3, 94
2020.89695193, 53.3019224716265, 121.065009064772, 317.447631835938, 2009603, 3, 94
2020.89695193, 53.3016980490933, 121.06497409477, 317.443603515625, 2009603, 3, 94
2020.89695193, 53.3013971052946, 121.064926452877, 317.455078125, 2009603, 3, 90
2020.89695161, 53.9564384407886, 121.171573128849, 489.385375976562, 2009603, 4, 79
2020.89695185, 53.4846326192306, 121.093607272648, 324.170471191406, 2009603, 4, 94
2020.89695185, 53.4839961590306, 121.093502279863, 324.147033691406, 2009603, 4, 95
2020.89695185, 53.4833427844513, 121.093387013796, 324.089202880859, 2009603, 4, 95
2020.89695185, 53.4824043424653, 121.093223594495, 324.043243408203, 2009603, 4, 95
2020.89695185, 53.4814376321691, 121.093065690651, 324.026611328125, 2009603, 4, 95
2020.89695185, 53.4807053678967, 121.092942665175, 323.990814208984, 2009603, 4, 94
2020.89695185, 53.4800640380686, 121.092833278017, 324.010589599609, 2009603, 4, 94
2020.89695185, 53.4795896181027, 121.09275299021, 324.055541992188, 2009603, 4, 94
2020.89695185, 53.4790516592246, 121.09266206527, 323.993713378906, 2009603, 4, 94
2020.89695185, 53.4783081524489, 121.092535994868, 323.943634033203, 2009603, 4, 93
2020.89695185, 53.4772965391438, 121.092365767324, 323.933471679688, 2009603, 4, 92
2020.89695185, 53.4757546262529, 121.092103955947, 323.908966064453, 2009603, 4, 93
2020.89695185, 53.4746686961285, 121.091917397382, 323.901641845703, 2009603, 4, 93
2020.89695185, 53.4737284309017, 121.091761285377, 323.866790771484, 2009603, 4, 94
2020.89695185, 53.4722351770989, 121.091516294507, 323.86181640625, 2009603, 4, 94
2020.89695187, 53.4443912810364, 121.086967340261, 323.223327636719, 2009603, 4, 86
2020.89695187, 53.4441424935849, 121.086928161826, 323.229461669922, 2009603, 4, 92
2020.89695187, 53.4438612230597, 121.086883721654, 323.215057373047, 2009603, 4, 93
2020.89695187, 53.4436307897091, 121.08684718381, 323.202575683594, 2009603, 4, 92
2020.89695187, 53.4433233650183, 121.086798167714, 323.175842285156, 2009603, 4, 92
2020.89695187, 53.4430672534563, 121.08675691826, 323.205810546875, 2009603, 4, 90
2020.89695187, 53.4427410791925, 121.086704114388, 323.206787109375, 2009603, 4, 93
2020.89695187, 53.4424409945101, 121.086655681009, 323.201171875, 2009603, 4, 92
2020.89695187, 53.4421542285693, 121.086609709286, 323.190979003906, 2009603, 4, 92
2020.89695187, 53.4418553420328, 121.086562268048, 323.191497802734, 2009603, 4, 90
2020.89695187, 53.4414873202614, 121.086504605279, 323.197845458984, 2009603, 4, 90
2020.89695187, 53.4411449645276, 121.086450896486, 323.21142578125, 2009603, 4, 81
2020.89695194, 53.3033197329465, 121.063989633287, 317.428894042969, 2009603, 4, 74
2020.89695194, 53.3025313790861, 121.06386540682, 317.455841064453, 2009603, 4, 94
2020.89695194, 53.3017985943341, 121.06374903566, 317.454650878906, 2009603, 4, 94
2020.89695194, 53.3010018839695, 121.063623823415, 317.482299804688, 2009603, 4, 94
2020.89695183, 53.4969622000765, 121.048318675118, 325.181976318359, 2009603, 5, 92
2020.89695183, 53.4961978905895, 121.048184648494, 325.128448486328, 2009603, 5, 91
2020.89695193, 53.2904323288629, 121.01464491687, 318.579742431641, 2009603, 5, 66
2020.89695193, 53.2902482603388, 121.014617797321, 318.449554443359, 2009603, 5, 88
2020.89695193, 53.2900891951103, 121.014594218495, 318.540679931641, 2009603, 5, 88
2020.89695193, 53.2899297612602, 121.01457031563, 318.589630126953, 2009603, 5, 88
2020.89695193, 53.2897188911292, 121.01453840081, 318.580474853516, 2009603, 5, 94
2020.89695193, 53.2894813972593, 121.014500362199, 318.633331298828, 2009603, 5, 92
2020.89695193, 53.2892564206643, 121.014463734739, 318.575714111328, 2009603, 5, 92
2020.89695193, 53.2890056750048, 121.014422554191, 318.561828613281, 2009603, 5, 93
2020.89695193, 53.2888000969535, 121.014388758897, 318.606506347656, 2009603, 5, 94
2020.89695193, 53.2885627440159, 121.014349925049, 318.523315429688, 2009603, 5, 78
2020.89695194, 53.2903444025321, 121.013425620342, 318.568878173828, 2009603, 6, 74
2020.89695194, 53.2893141317041, 121.013264030809, 318.628662109375, 2009603, 6, 93
