2018.81444566, 42.1558798239343, 125.858863638949, 406.938049316406, 1364591, 1, 56
2018.81444583, 42.4866613211374, 125.815965615519, 336.892364501953, 1364281, 1, 67
2018.81444583, 42.4902345362577, 125.815498877264, 336.893524169922, 1364281, 1, 83
2018.81444583, 42.4911261779031, 125.815379550715, 336.834197998047, 1364281, 1, 84
2018.81444583, 42.4913646627495, 125.815348665995, 336.631500244141, 1364281, 1, 90
2018.81444583, 42.4934593104163, 125.815083309608, 336.927917480469, 1364281, 1, 71
2018.8144473, 45.4365685894392, 125.422350883573, 122.770034790039, 2009593, 1, 52
2018.8144473, 45.4369946438682, 125.42229156113, 122.720367431641, 2009593, 1, 67
2018.8144473, 45.4380863806317, 125.422141076615, 122.705711364746, 2009593, 1, 86
2018.8144473, 45.4402539833761, 125.421849491852, 122.781059265137, 2009593, 1, 70
2018.8144473, 45.4403239709424, 125.421839814089, 122.754264831543, 2009593, 1, 70
2018.8144473, 45.4404321846643, 125.421824812909, 122.661064147949, 2009593, 1, 70
2018.8144473, 45.4409422694927, 125.421753703033, 122.678085327148, 2009593, 1, 80
2018.8144473, 45.4423985144424, 125.421552372581, 122.771003723145, 2009593, 1, 66
2018.8144473, 45.4480230922564, 125.42078089074, 122.580749511719, 2009593, 1, 93
2018.8144473, 45.449339812198, 125.42060242485, 122.575233459473, 2009593, 1, 96
2018.8144473, 45.4513145028198, 125.420330017827, 122.596412658691, 2009593, 1, 93
2018.81445125, 53.3760524111214, 124.236637031379, 245.480758666992, 2009603, 1, 61
2018.81445125, 53.3761035073915, 124.236628589411, 245.463226318359, 2009603, 1, 61
2018.81445125, 53.3761611978912, 124.236619069931, 245.459197998047, 2009603, 1, 61
2018.81445125, 53.3762184518275, 124.236609647236, 245.456909179688, 2009603, 1, 61
2018.81445125, 53.3762693133217, 124.236601293552, 245.457366943359, 2009603, 1, 87
2018.81445125, 53.3763264950131, 124.236591919556, 245.459747314453, 2009603, 1, 87
2018.81445125, 53.3763836404663, 124.236582573163, 245.467330932617, 2009603, 1, 87
2018.81445125, 53.3764344034515, 124.236574287206, 245.465637207031, 2009603, 1, 87
2018.81445126, 53.3764914835864, 124.236564990513, 245.46760559082, 2009603, 1, 87
2018.81445126, 53.3765421956547, 124.236556749661, 245.467315673828, 2009603, 1, 87
2018.81445126, 53.3765992190981, 124.23654750319, 245.467681884766, 2009603, 1, 87
2018.81445126, 53.3766562141541, 124.236538283086, 245.446166992188, 2009603, 1, 87
2018.81445126, 53.3767131880056, 124.236529087441, 245.453552246094, 2009603, 1, 87
2018.81445126, 53.3767701419336, 124.23651991718, 245.434097290039, 2009603, 1, 95
2018.81445126, 53.3768270780566, 124.236510770525, 245.427688598633, 2009603, 1, 95
2018.81445126, 53.3768839985996, 124.236501647737, 245.449737548828, 2009603, 1, 95
2018.81445126, 53.3769409087217, 124.236492545406, 245.447616577148, 2009603, 1, 96
2018.81445126, 53.3769978104665, 124.236483464075, 245.443099975586, 2009603, 1, 96
2018.81445126, 53.3770610265736, 124.236473395024, 245.440765380859, 2009603, 1, 96
2018.81445126, 53.3771179218308, 124.236464352328, 245.461441040039, 2009603, 1, 96
2018.81445126, 53.3771748174722, 124.23645532435, 245.340423583984, 2009603, 1, 96
2018.81445126, 53.3772822984993, 124.236438310043, 245.356597900391, 2009603, 1, 95
2018.81445126, 53.3773392130884, 124.236429317177, 245.361312866211, 2009603, 1, 95
2018.81445126, 53.3773898143713, 124.23642133164, 245.358413696289, 2009603, 1, 95
2018.81445126, 53.3774466904052, 124.236412283776, 245.380218505859, 2009603, 1, 95
2018.81445126, 53.3775036909159, 124.236403363253, 245.374603271484, 2009603, 1, 95
2018.81445126, 53.3775543756119, 124.236395435702, 245.370346069336, 2009603, 1, 95
2018.81445126, 53.3776114129438, 124.236386515802, 245.374664306641, 2009603, 1, 95
2018.81445126, 53.3776684692907, 124.236377590679, 245.372406005859, 2009603, 1, 95
2018.81445126, 53.3777192009633, 124.236369652349, 245.3798828125, 2009603, 1, 95
2018.81445126, 53.3777699518805, 124.23636170584, 245.384826660156, 2009603, 1, 96
2018.81445126, 53.3778270658529, 124.236352752811, 245.38981628418, 2009603, 1, 96
2018.81445126, 53.3778778527755, 124.236344782731, 245.398422241211, 2009603, 1, 96
2018.81445126, 53.3779350059534, 124.236335799396, 245.390060424805, 2009603, 1, 96
2018.81445126, 53.3779921830952, 124.236326794745, 245.382247924805, 2009603, 1, 96
2018.81445126, 53.3780493827758, 124.236317767538, 245.391723632812, 2009603, 1, 94
2018.81445126, 53.3781066043868, 124.236308715491, 245.391220092773, 2009603, 1, 94
2018.81445126, 53.378163844828, 124.236299636128, 245.405166625977, 2009603, 1, 94
2018.81445126, 53.378214745343, 124.236291540832, 245.39599609375, 2009603, 1, 94
2018.81445126, 53.3782720275619, 124.236282403881, 245.40168762207, 2009603, 1, 94
2018.81445126, 53.3783293294383, 124.236273234255, 245.400390625, 2009603, 1, 94
2018.81445126, 53.3783802777752, 124.236265055435, 245.381622314453, 2009603, 1, 94
2018.81445126, 53.3784376152219, 124.236255821335, 245.397583007812, 2009603, 1, 94
2018.81445126, 53.3784885962191, 124.236247582959, 245.422103881836, 2009603, 1, 93
2018.81445126, 53.3785523393415, 124.236237243333, 245.435317993164, 2009603, 1, 94
2018.81445126, 53.3786033448174, 124.236228939299, 245.429306030273, 2009603, 1, 94
2018.81445126, 53.3786607413361, 124.236219560732, 245.408615112305, 2009603, 1, 94
2018.81445126, 53.3787117222849, 124.236211306937, 245.410675048828, 2009603, 1, 94
2018.81445126, 53.3787691746758, 124.236201777151, 245.404174804688, 2009603, 1, 94
2018.81445126, 53.3788266340793, 124.23619221262, 245.428421020508, 2009603, 1, 94
2018.81445126, 53.3788777167195, 124.23618368151, 245.411361694336, 2009603, 1, 94
2018.81445126, 53.378935188819, 124.236174053385, 245.41130065918, 2009603, 1, 94
2018.81445126, 53.3789926634556, 124.236164395634, 245.428237915039, 2009603, 1, 94
2018.81445126, 53.3790501355694, 124.236154710116, 245.430374145508, 2009603, 1, 92
2018.81445126, 53.379101222898, 124.236146079389, 245.429977416992, 2009603, 1, 92
2018.81445126, 53.3791523072987, 124.236137430534, 245.438613891602, 2009603, 1, 92
2018.81445126, 53.3792033878311, 124.236128765977, 245.45556640625, 2009603, 1, 92
2018.81444567, 42.1550237413531, 125.859903785815, 406.908874511719, 1364591, 2, 59
2018.81444568, 42.1568348071642, 125.859671124423, 407.096527099609, 1364591, 2, 60
2018.81444584, 42.4860598990042, 125.816982686204, 336.977661132812, 1364281, 2, 60
2018.81444584, 42.4862313933633, 125.816961266608, 336.913665771484, 1364281, 2, 60
2018.81444584, 42.4863267084173, 125.816949268811, 336.914672851562, 1364281, 2, 81
2018.81444584, 42.486396650469, 125.816940410681, 336.875396728516, 1364281, 2, 81
2018.81444584, 42.4864602378709, 125.816932314742, 336.876800537109, 1364281, 2, 81
2018.81444584, 42.4865365834598, 125.816922534157, 336.899536132812, 1364281, 2, 81
2018.81444584, 42.4866384402551, 125.816909376775, 336.890411376953, 1364281, 2, 81
2018.81444584, 42.4867976824321, 125.816888545588, 336.874633789062, 1364281, 2, 85
2018.81444584, 42.4872701153016, 125.816824129141, 336.889556884766, 1364281, 2, 90
2018.81444584, 42.4889599811707, 125.816600400874, 336.900756835938, 1364281, 2, 90
2018.81444584, 42.4904967698169, 125.816403425796, 336.891021728516, 1364281, 2, 89
2018.81444584, 42.4915290399814, 125.816266958779, 336.914306640625, 1364281, 2, 90
2018.81444584, 42.4930406437206, 125.816074185823, 336.892547607422, 1364281, 2, 82
2018.81444703, 44.877626796786, 125.49948250487, 144.32160949707, 2006372, 2, 53
2018.81444703, 44.8806006264325, 125.499077061689, 143.701370239258, 2006372, 2, 94
2018.81444703, 44.8815042040119, 125.49896142392, 143.986465454102, 2006372, 2, 94
2018.81444731, 45.4374864333245, 125.423200725225, 122.62052154541, 2009593, 2, 68
2018.81444731, 45.4378306290376, 125.42315209204, 122.574401855469, 2009593, 2, 85
2018.81444731, 45.4382255374664, 125.423097409286, 122.590637207031, 2009593, 2, 85
2018.81444731, 45.4386578191737, 125.423038666351, 122.577545166016, 2009593, 2, 88
2018.81444731, 45.4392711376851, 125.422956689308, 122.585739135742, 2009593, 2, 56
2018.81444731, 45.4402806419155, 125.422818557473, 122.515205383301, 2009593, 2, 51
2018.81444731, 45.4403128614816, 125.422814063279, 122.538558959961, 2009593, 2, 51
2018.81444731, 45.4403386408258, 125.422810469381, 122.531471252441, 2009593, 2, 51
2018.81444731, 45.4403644390952, 125.422806875069, 122.548110961914, 2009593, 2, 51
2018.81444731, 45.4403966566111, 125.422802389091, 122.534759521484, 2009593, 2, 51
2018.81444731, 45.4404288733712, 125.422797907187, 122.551254272461, 2009593, 2, 51
2018.81444731, 45.4404997545841, 125.422788062908, 122.579765319824, 2009593, 2, 51
2018.81444731, 45.4406092171219, 125.422772913155, 122.605110168457, 2009593, 2, 67
2018.81444731, 45.4406542569777, 125.422766701476, 122.553184509277, 2009593, 2, 67
2018.81444731, 45.4406800021231, 125.422763157452, 122.529098510742, 2009593, 2, 67
2018.81444731, 45.4407121401742, 125.422758739743, 122.542465209961, 2009593, 2, 67
2018.81444731, 45.4407442748407, 125.422754330526, 122.515586853027, 2009593, 2, 67
2018.81444731, 45.4407699854726, 125.422750808822, 122.534774780273, 2009593, 2, 72
2018.81444731, 45.4408020919134, 125.422746418324, 122.513618469238, 2009593, 2, 74
2018.81444731, 45.4408405955472, 125.422741164399, 122.508766174316, 2009593, 2, 74
2018.81444731, 45.4409047357286, 125.422732441179, 122.537506103516, 2009593, 2, 74
2018.81444731, 45.4411609306103, 125.422697741684, 122.566268920898, 2009593, 2, 78
2018.81444731, 45.4415089153521, 125.422652805513, 122.56111907959, 2009593, 2, 80
2018.81444731, 45.4419751706309, 125.422592914178, 122.530769348145, 2009593, 2, 80
2018.81444731, 45.442391448055, 125.422538227562, 122.576461791992, 2009593, 2, 58
2018.81444731, 45.4429191530922, 125.422465230331, 122.571975708008, 2009593, 2, 61
2018.81444731, 45.4441816669622, 125.422286701415, 122.604217529297, 2009593, 2, 58
2018.81444731, 45.4442451929842, 125.422277923832, 122.55118560791, 2009593, 2, 58
2018.81444731, 45.444289681199, 125.422271793956, 122.565399169922, 2009593, 2, 60
2018.81444731, 45.4443341864248, 125.422265675864, 122.568885803223, 2009593, 2, 60
2018.81444731, 45.4443850014505, 125.422258706631, 122.557563781738, 2009593, 2, 60
2018.81444731, 45.4444167958414, 125.422254355641, 122.519500732422, 2009593, 2, 60
2018.81444731, 45.4444485590654, 125.42225001542, 122.513008117676, 2009593, 2, 60
2018.81444731, 45.4444803201176, 125.422245682346, 122.520301818848, 2009593, 2, 56
2018.81444731, 45.4480935017293, 125.421751198353, 122.589141845703, 2009593, 2, 63
2018.81444731, 45.4482152632217, 125.421734770321, 122.595314025879, 2009593, 2, 74
2018.81444731, 45.4483945905744, 125.421710617286, 122.571319580078, 2009593, 2, 74
2018.81444731, 45.4485801526698, 125.421685632675, 122.566780090332, 2009593, 2, 87
2018.81444731, 45.4488357816173, 125.421651176126, 122.574798583984, 2009593, 2, 92
2018.81444731, 45.4492810392179, 125.421590360557, 122.571472167969, 2009593, 2, 96
2018.81444731, 45.4498782457125, 125.421508143923, 122.548606872559, 2009593, 2, 97
2018.81444731, 45.4504323074451, 125.421431664444, 122.591369628906, 2009593, 2, 96
2018.81444731, 45.4509239864903, 125.421363953918, 122.572021484375, 2009593, 2, 94
2018.81444732, 45.4513838973586, 125.421300807088, 122.51496887207, 2009593, 2, 92
2018.81444732, 45.4519134648738, 125.421228571247, 122.552864074707, 2009593, 2, 92
2018.81444732, 45.4524986918142, 125.421148444924, 122.559501647949, 2009593, 2, 84
2018.81444732, 45.4530310028414, 125.421074968848, 122.578422546387, 2009593, 2, 69
2018.81444928, 49.402960509348, 124.858026108529, 245.296279907227, 2009589, 2, 60
2018.81444976, 50.3511147966915, 124.715672546688, 318.421020507812, 2009589, 2, 55
2018.81444976, 50.3512165963484, 124.715656894978, 318.398498535156, 2009589, 2, 55
2018.81445073, 52.3009304211732, 124.411889809991, 386.915771484375, 2002009, 2, 87
2018.81445113, 53.1061051973097, 124.281998265811, 267.722717285156, 2009603, 2, 61
2018.81445113, 53.1061432163609, 124.281992094604, 267.697448730469, 2009603, 2, 61
2018.81445113, 53.1061749179887, 124.281986955795, 267.669494628906, 2009603, 2, 61
2018.81445113, 53.1062066107287, 124.281981819032, 267.638244628906, 2009603, 2, 61
2018.81445113, 53.1062319779267, 124.281977712112, 267.683776855469, 2009603, 2, 61
2018.81445126, 53.3685041296293, 124.239029265, 245.131637573242, 2009603, 2, 53
2018.81445127, 53.3757813656596, 124.237831144886, 245.305648803711, 2009603, 2, 54
2018.81445127, 53.3758321611828, 124.237822824391, 245.253662109375, 2009603, 2, 54
2018.81445127, 53.3758702514675, 124.237816574648, 245.216384887695, 2009603, 2, 54
2018.81445127, 53.3759019936969, 124.237811360868, 245.180633544922, 2009603, 2, 54
2018.81445127, 53.3759337339277, 124.237806141737, 245.221862792969, 2009603, 2, 54
2018.81445127, 53.3759654769941, 124.237800917881, 245.204406738281, 2009603, 2, 54
2018.81445127, 53.3759908730711, 124.23779673518, 245.202911376953, 2009603, 2, 54
2018.81445127, 53.3760226951215, 124.237791605383, 245.194396972656, 2009603, 2, 81
2018.81445127, 53.3760543820595, 124.23778633296, 245.196365356445, 2009603, 2, 81
2018.81445127, 53.376086076523, 124.23778105624, 245.217742919922, 2009603, 2, 81
2018.81445127, 53.3761114493456, 124.237776832929, 245.213455200195, 2009603, 2, 81
2018.81445127, 53.3761431333141, 124.237771547576, 245.202789306641, 2009603, 2, 81
2018.81445127, 53.3761748044579, 124.237766257282, 245.198501586914, 2009603, 2, 81
2018.81445127, 53.3762001679399, 124.23776202429, 245.205917358398, 2009603, 2, 81
2018.81445127, 53.3762318398263, 124.237756727646, 245.203842163086, 2009603, 2, 81
2018.81445127, 53.3762571949871, 124.237752489599, 245.193557739258, 2009603, 2, 95
2018.81445127, 53.3762888733211, 124.237747187528, 245.200775146484, 2009603, 2, 93
2018.81445127, 53.3763205385462, 124.237741881812, 245.20849609375, 2009603, 2, 93
2018.81445127, 53.3763458920154, 124.23773763678, 245.214904785156, 2009603, 2, 93
2018.81445127, 53.3763775573622, 124.237732326714, 245.209228515625, 2009603, 2, 93
2018.81445127, 53.3764028978502, 124.237728077729, 245.224533081055, 2009603, 2, 93
2018.81445127, 53.3764282505129, 124.23772382825, 245.209945678711, 2009603, 2, 93
2018.81445127, 53.376459904623, 124.237718512896, 245.199340820312, 2009603, 2, 93
2018.81445127, 53.3764852563521, 124.237714261117, 245.20751953125, 2009603, 2, 93
2018.81445127, 53.3765169228109, 124.23770894381, 245.220611572266, 2009603, 2, 93
2018.81445127, 53.3765485893041, 124.23770362556, 245.222381591797, 2009603, 2, 93
2018.81445127, 53.3765739393448, 124.237699371441, 245.223541259766, 2009603, 2, 93
2018.81445127, 53.3766056045667, 124.237694051864, 245.248977661133, 2009603, 2, 93
2018.81445127, 53.3766309427414, 124.237689796229, 245.233032226562, 2009603, 2, 93
2018.81445127, 53.3766562818143, 124.23768554072, 245.233703613281, 2009603, 2, 93
2018.81445127, 53.3766816252954, 124.237681285981, 245.212051391602, 2009603, 2, 93
2018.81445127, 53.376706972962, 124.237677031195, 245.226348876953, 2009603, 2, 93
2018.81445127, 53.3767323116674, 124.237672775785, 245.217300415039, 2009603, 2, 93
2018.81445127, 53.3767639741066, 124.23766745637, 245.202087402344, 2009603, 2, 95
2018.81445127, 53.3767893313401, 124.237663203127, 245.206436157227, 2009603, 2, 95
2018.81445127, 53.3768210033893, 124.237657885717, 245.220596313477, 2009603, 2, 95
2018.81445127, 53.376846353177, 124.237653633263, 245.226608276367, 2009603, 2, 95
2018.81445127, 53.3768717017355, 124.237649381475, 245.231033325195, 2009603, 2, 95
2018.81445127, 53.3768970475834, 124.237645130763, 245.247497558594, 2009603, 2, 95
2018.81445127, 53.3769223893895, 124.237640880108, 245.200271606445, 2009603, 2, 95
2018.81445127, 53.3769477623063, 124.237636632561, 245.218597412109, 2009603, 2, 95
2018.81445127, 53.3769794384588, 124.23763132173, 245.186904907227, 2009603, 2, 95
2018.81445127, 53.3770048094342, 124.237627076326, 245.211761474609, 2009603, 2, 94
2018.81445127, 53.3770365097301, 124.237621770269, 245.218017578125, 2009603, 2, 94
2018.81445127, 53.3770681984903, 124.237616465082, 245.222579956055, 2009603, 2, 94
2018.81445127, 53.3770935712627, 124.23761222391, 245.217376708984, 2009603, 2, 94
2018.81445127, 53.3771252664537, 124.237606923216, 245.233184814453, 2009603, 2, 94
2018.81445127, 53.3771443047024, 124.237603744898, 245.227416992188, 2009603, 2, 94
2018.81445127, 53.3771696756562, 124.237599507506, 245.246398925781, 2009603, 2, 94
2018.81445127, 53.3772013799935, 124.237594211874, 245.223724365234, 2009603, 2, 94
2018.81445127, 53.3772267590462, 124.237589978028, 245.222702026367, 2009603, 2, 94
2018.81445127, 53.3772521463525, 124.237585746122, 245.218185424805, 2009603, 2, 96
2018.81445127, 53.3772838632193, 124.237580456799, 245.234024047852, 2009603, 2, 96
2018.81445127, 53.3773091856856, 124.23757607497, 245.23991394043, 2009603, 2, 96
2018.81445127, 53.3773345998838, 124.237571896634, 245.226959228516, 2009603, 2, 96
2018.81445127, 53.3773663621596, 124.237566674194, 245.227005004883, 2009603, 2, 96
2018.81445127, 53.3773981200331, 124.237561453187, 245.229858398438, 2009603, 2, 96
2018.81445127, 53.3774235430715, 124.237557278415, 245.23420715332, 2009603, 2, 96
2018.81445127, 53.3774552978018, 124.237552059105, 245.232147216797, 2009603, 2, 96
2018.81445127, 53.3774807335408, 124.237547886578, 245.228744506836, 2009603, 2, 96
2018.81445127, 53.377512497434, 124.237542668665, 245.249420166016, 2009603, 2, 95
2018.81445127, 53.3775379331195, 124.237538496398, 245.227294921875, 2009603, 2, 95
2018.81445127, 53.3775697020771, 124.237533279237, 245.232513427734, 2009603, 2, 95
2018.81445127, 53.3775951451653, 124.237529106763, 245.235305786133, 2009603, 2, 95
2018.81445127, 53.3776269256807, 124.237523888634, 245.242309570312, 2009603, 2, 95
2018.81445127, 53.3776523763759, 124.237519715141, 245.264617919922, 2009603, 2, 95
2018.81445127, 53.3776841543162, 124.237514494407, 245.243087768555, 2009603, 2, 95
2018.81445127, 53.3777096056235, 124.237510318583, 245.242584228516, 2009603, 2, 95
2018.81445127, 53.3777413939699, 124.237505095161, 245.250305175781, 2009603, 2, 95
2018.81445127, 53.3777668345749, 124.237500915855, 245.239822387695, 2009603, 2, 95
2018.81445127, 53.377792289857, 124.237496735464, 245.240356445312, 2009603, 2, 95
2018.81445127, 53.3778240885546, 124.237491505894, 245.255859375, 2009603, 2, 95
2018.81445127, 53.3778558985117, 124.237486274033, 245.259628295898, 2009603, 2, 95
2018.81445127, 53.3778940839143, 124.237479992125, 245.282653808594, 2009603, 2, 95
2018.81445127, 53.3779386120323, 124.237472654725, 245.293563842773, 2009603, 2, 95
2018.81445127, 53.3779768012305, 124.237466361349, 245.296142578125, 2009603, 2, 95
2018.81445127, 53.3780340635738, 124.237456906904, 245.286849975586, 2009603, 2, 95
2018.81445127, 53.3780658815902, 124.237451648324, 245.232452392578, 2009603, 2, 95
2018.81445127, 53.3780913553571, 124.237447439213, 245.232803344727, 2009603, 2, 95
2018.81445127, 53.3781231624592, 124.237442170803, 245.239501953125, 2009603, 2, 95
2018.81445127, 53.3781486359502, 124.237437954217, 245.244766235352, 2009603, 2, 95
2018.81445127, 53.37818045644, 124.23743267718, 245.245559692383, 2009603, 2, 95
2018.81445127, 53.3782122862503, 124.237427395909, 245.245803833008, 2009603, 2, 95
2018.81445127, 53.378237743346, 124.237423165776, 245.257705688477, 2009603, 2, 95
2018.81445127, 53.3782695709135, 124.237417873844, 245.249389648438, 2009603, 2, 95
2018.81445127, 53.378301381981, 124.237412574659, 245.235717773438, 2009603, 2, 95
2018.81445127, 53.3783332090701, 124.237407271087, 245.260452270508, 2009603, 2, 95
2018.81445127, 53.3783586813052, 124.237403024918, 245.238067626953, 2009603, 2, 95
2018.81445127, 53.3783904878239, 124.237397709273, 245.320419311523, 2009603, 2, 95
2018.81445127, 53.3784223121582, 124.23739238976, 245.250518798828, 2009603, 2, 95
2018.81445127, 53.3784541324371, 124.237387063634, 245.244842529297, 2009603, 2, 95
2018.81445127, 53.3784796135917, 124.237382800602, 245.262313842773, 2009603, 2, 95
2018.81445127, 53.3785114230898, 124.237377463534, 245.309799194336, 2009603, 2, 94
2018.81445127, 53.3785368803999, 124.237373190491, 245.260345458984, 2009603, 2, 94
2018.81445127, 53.3785623556676, 124.237369154733, 245.242721557617, 2009603, 2, 94
2018.81445127, 53.378594177905, 124.237363728306, 245.264953613281, 2009603, 2, 94
2018.81445127, 53.3786259875901, 124.237358295964, 245.263229370117, 2009603, 2, 94
2018.81445127, 53.3786578009967, 124.237352859801, 245.237701416016, 2009603, 2, 94
2018.81445127, 53.3786896017905, 124.237347418164, 245.294326782227, 2009603, 2, 94
2018.81445127, 53.3787277680485, 124.237340884177, 245.285980224609, 2009603, 2, 94
2018.81445127, 53.3787595995226, 124.237335438227, 245.270263671875, 2009603, 2, 92
2018.81445127, 53.3787913857658, 124.237329986946, 245.238098144531, 2009603, 2, 92
2018.81445127, 53.3788168449238, 124.237325626888, 245.26252746582, 2009603, 2, 92
2018.81445127, 53.3788486302579, 124.237320173911, 245.249252319336, 2009603, 2, 92
2018.81445127, 53.3788740874087, 124.237315812899, 245.267944335938, 2009603, 2, 92
2018.81445127, 53.3789058810274, 124.237310359752, 245.266189575195, 2009603, 2, 92
2018.81445127, 53.3789313300801, 124.237305998921, 245.250396728516, 2009603, 2, 92
2018.81445127, 53.3789631254696, 124.237300547732, 245.260528564453, 2009603, 2, 92
2018.81445127, 53.3789949195924, 124.237295098602, 245.233428955078, 2009603, 2, 92
2018.81445127, 53.3790267024464, 124.237289650961, 245.263244628906, 2009603, 2, 53
2018.81445127, 53.3790584877654, 124.237284206869, 245.254089355469, 2009603, 2, 53
2018.81445127, 53.3790839342327, 124.237279855979, 245.259338378906, 2009603, 2, 53
2018.81445127, 53.3791157066277, 124.237274417975, 245.227386474609, 2009603, 2, 53
2018.81445127, 53.3791474772713, 124.237268984783, 245.297485351562, 2009603, 2, 53
2018.81445072, 52.3118026305865, 124.456521261571, 381.470764160156, 2002009, 3, 68
2018.81445072, 52.3119995471817, 124.456491538487, 381.457061767578, 2002009, 3, 68
2018.81445072, 52.312304352017, 124.45644428285, 381.484283447266, 2002009, 3, 79
2018.81445072, 52.312831268533, 124.456358776184, 381.432281494141, 2002009, 3, 83
2018.81445072, 52.3140503309245, 124.456157814331, 381.298004150391, 2002009, 3, 66
2018.81445123, 53.3390043911091, 124.291394335902, 244.204116821289, 2009603, 3, 92
2018.81445123, 53.3391123461792, 124.29137666816, 244.179534912109, 2009603, 3, 92
2018.81445123, 53.3392202423703, 124.291359123023, 244.186431884766, 2009603, 3, 92
2018.81445123, 53.3393222650152, 124.291342116751, 244.208908081055, 2009603, 3, 94
2018.81445123, 53.3394307470566, 124.291324020331, 244.166076660156, 2009603, 3, 94
2018.81445123, 53.3395520731458, 124.291303748182, 244.151992797852, 2009603, 3, 95
2018.81445123, 53.3396670642235, 124.291284531368, 244.148544311523, 2009603, 3, 95
2018.81445123, 53.3397948611948, 124.291263222688, 244.16731262207, 2009603, 3, 95
2018.81445123, 53.3399226522392, 124.291241947939, 244.187881469727, 2009603, 3, 94
2018.81445123, 53.3400631780402, 124.291218643593, 244.186004638672, 2009603, 3, 93
2018.81445124, 53.3401844775529, 124.291198608098, 244.173370361328, 2009603, 3, 93
2018.81445124, 53.3403056905951, 124.291178709968, 244.171173095703, 2009603, 3, 94
2018.81445124, 53.3404204331044, 124.29115993793, 244.168014526367, 2009603, 3, 94
2018.81445124, 53.340554199081, 124.291138182547, 244.175933837891, 2009603, 3, 96
2018.81445124, 53.3406875357868, 124.291116888827, 244.184722900391, 2009603, 3, 96
2018.81445124, 53.340801724535, 124.291098730235, 244.169250488281, 2009603, 3, 95
2018.81445124, 53.3409095004305, 124.291081648799, 244.178268432617, 2009603, 3, 95
2018.81445124, 53.3410172200498, 124.291064623256, 244.178283691406, 2009603, 3, 97
2018.81445124, 53.3411248996048, 124.291047630638, 244.185668945312, 2009603, 3, 97
2018.81445124, 53.3412388828785, 124.291029656352, 244.172088623047, 2009603, 3, 97
2018.81445124, 53.3413528524723, 124.291011665042, 244.185882568359, 2009603, 3, 96
2018.81445124, 53.3414604953493, 124.290994654449, 244.183609008789, 2009603, 3, 94
2018.81445124, 53.341574484476, 124.290976615498, 244.182006835938, 2009603, 3, 96
2018.81445124, 53.3416821722634, 124.290959500616, 244.186859130859, 2009603, 3, 96
2018.81445124, 53.3417898335821, 124.290942413739, 244.181564331055, 2009603, 3, 95
2018.81445124, 53.3418977392969, 124.290925010529, 244.19612121582, 2009603, 3, 95
2018.81445124, 53.3420120364047, 124.290906528573, 244.193984985352, 2009603, 3, 95
2018.81445124, 53.3421200294607, 124.290888982296, 244.202102661133, 2009603, 3, 95
2018.81445124, 53.342228057563, 124.290871384275, 244.222427368164, 2009603, 3, 95
2018.81445124, 53.3423361218282, 124.290853733236, 244.220443725586, 2009603, 3, 95
2018.81445124, 53.342450572165, 124.290835005087, 244.20573425293, 2009603, 3, 95
2018.81445124, 53.3425650527042, 124.29081620975, 244.214431762695, 2009603, 3, 95
2018.81445124, 53.3426795525308, 124.290797372589, 244.199478149414, 2009603, 3, 95
2018.81445124, 53.3427877079038, 124.290779556912, 244.225082397461, 2009603, 3, 94
2018.81445124, 53.3428958702028, 124.290761722572, 244.211898803711, 2009603, 3, 94
2018.81445124, 53.3430040404037, 124.290743870365, 244.225936889648, 2009603, 3, 94
2018.81445124, 53.3431185644076, 124.290724969811, 244.209045410156, 2009603, 3, 94
2018.81445124, 53.3432266312952, 124.290707206313, 244.232513427734, 2009603, 3, 94
2018.81445124, 53.3433347020493, 124.290689425655, 244.222503662109, 2009603, 3, 92
2018.81445124, 53.3434491422587, 124.290670600734, 244.215469360352, 2009603, 3, 92
2018.81445124, 53.3435699535311, 124.29065071781, 244.22607421875, 2009603, 3, 90
2018.81445124, 53.3436844254218, 124.290631836317, 244.23307800293, 2009603, 3, 90
2018.81444703, 44.8833897781881, 125.539560491364, 144.113296508789, 2006372, 4, 92
2018.81444703, 44.8837306338507, 125.539516496734, 144.10466003418, 2006372, 4, 94
2018.81444703, 44.8842663236146, 125.539445832223, 144.13232421875, 2006372, 4, 94
2018.81445073, 52.314232113845, 124.457217511899, 381.298767089844, 2002009, 4, 76
2018.81445073, 52.3143649414304, 124.457195810576, 381.271545410156, 2002009, 4, 74
2018.81445073, 52.3144917405137, 124.457175106377, 381.274536132812, 2002009, 4, 74
2018.81445073, 52.3146698550243, 124.457146123086, 381.300354003906, 2002009, 4, 55
2018.81445124, 53.3380975524671, 124.292648253669, 244.15380859375, 2009603, 4, 92
2018.81445124, 53.3381357294038, 124.292642102754, 244.13215637207, 2009603, 4, 92
2018.81445124, 53.3381738924151, 124.29263600023, 244.129196166992, 2009603, 4, 92
2018.81445124, 53.3382057085893, 124.292630897026, 244.133422851562, 2009603, 4, 92
2018.81445124, 53.3382375314407, 124.292625791324, 244.134078979492, 2009603, 4, 92
2018.81445124, 53.3382693588902, 124.292620685508, 244.134918212891, 2009603, 4, 94
2018.81445124, 53.3382948388089, 124.292616571726, 244.134246826172, 2009603, 4, 94
2018.81445124, 53.3383266700648, 124.292611476965, 244.141204833984, 2009603, 4, 94
2018.81445124, 53.3383521570258, 124.292607359292, 244.141906738281, 2009603, 4, 94
2018.81445124, 53.3383839969067, 124.292602265575, 244.113845825195, 2009603, 4, 94
2018.81445124, 53.3384094939203, 124.292598145351, 244.147842407227, 2009603, 4, 94
2018.81445125, 53.3384477218253, 124.292592011652, 244.13508605957, 2009603, 4, 94
2018.81445125, 53.3384795914943, 124.292586885524, 244.128997802734, 2009603, 4, 94
2018.81445125, 53.3385051089807, 124.292582745599, 244.15185546875, 2009603, 4, 94
2018.81445125, 53.3385369744656, 124.292577643887, 244.128448486328, 2009603, 4, 94
2018.81445125, 53.3385688617116, 124.29257250187, 244.129028320312, 2009603, 4, 94
2018.81445125, 53.3386007583282, 124.292567352675, 244.149948120117, 2009603, 4, 94
2018.81445125, 53.3386262909801, 124.292563209233, 244.138366699219, 2009603, 4, 94
2018.81445125, 53.3386581870666, 124.292558074528, 244.163787841797, 2009603, 4, 94
2018.81445125, 53.3386837204964, 124.292553940164, 244.12223815918, 2009603, 4, 94
2018.81445125, 53.3387156297316, 124.29254879228, 244.158660888672, 2009603, 4, 94
2018.81445125, 53.338741177356, 124.292544639036, 244.115203857422, 2009603, 4, 94
2018.81445125, 53.3387730936723, 124.292539488218, 244.138275146484, 2009603, 4, 95
2018.81445125, 53.3387986437172, 124.292535333851, 244.109268188477, 2009603, 4, 95
2018.81445125, 53.3388305678975, 124.292530178105, 244.143051147461, 2009603, 4, 95
2018.81445125, 53.3388688934032, 124.292523963155, 244.132446289062, 2009603, 4, 95
2018.81445125, 53.338907235181, 124.292517723109, 244.176223754883, 2009603, 4, 95
2018.81445125, 53.3389455736328, 124.292511494057, 244.147750854492, 2009603, 4, 95
2018.81445125, 53.338977544026, 124.292506263673, 244.175842285156, 2009603, 4, 95
2018.81445125, 53.3390158813594, 124.292500040153, 244.169906616211, 2009603, 4, 94
2018.81445125, 53.339047858867, 124.292494800549, 244.134826660156, 2009603, 4, 94
2018.81445125, 53.3390796966403, 124.292489540879, 244.158432006836, 2009603, 4, 94
2018.81445125, 53.3391180968679, 124.292483322747, 244.168594360352, 2009603, 4, 94
2018.81445125, 53.3391757469088, 124.292473893018, 244.195816040039, 2009603, 4, 94
2018.81445125, 53.3392461965924, 124.292462373359, 244.212112426758, 2009603, 4, 94
2018.81445125, 53.339284621481, 124.292456087504, 244.158981323242, 2009603, 4, 94
2018.81445125, 53.339323048055, 124.292449787365, 244.195861816406, 2009603, 4, 94
2018.81445125, 53.3393678623244, 124.292442457655, 244.147567749023, 2009603, 4, 94
2018.81445125, 53.3393998840772, 124.292437187538, 244.164916992188, 2009603, 4, 94
2018.81445125, 53.3394447183309, 124.292429778735, 244.188201904297, 2009603, 4, 94
2018.81445125, 53.3395087196104, 124.29241925412, 244.162506103516, 2009603, 4, 93
2018.81445125, 53.3395855328251, 124.292406524447, 244.181640625, 2009603, 4, 93
2018.81445125, 53.3396495057168, 124.292395920534, 244.220016479492, 2009603, 4, 93
2018.81445125, 53.3397709772449, 124.292375715172, 244.225799560547, 2009603, 4, 93
2018.81445125, 53.3398667908894, 124.292359718976, 244.214019775391, 2009603, 4, 93
2018.81445125, 53.3399178457518, 124.292351190016, 244.158111572266, 2009603, 4, 93
2018.81445125, 53.3399497477717, 124.292345846375, 244.148620605469, 2009603, 4, 93
2018.81445125, 53.3399880164574, 124.292339428181, 244.169479370117, 2009603, 4, 93
2018.81445125, 53.3400390115375, 124.292330872064, 244.164001464844, 2009603, 4, 94
2018.81445125, 53.3400836355687, 124.292323326062, 244.181030273438, 2009603, 4, 94
2018.81445125, 53.3401409344645, 124.292313694896, 244.218139648438, 2009603, 4, 94
2018.81445125, 53.3402045707338, 124.292302955466, 244.2236328125, 2009603, 4, 94
2018.81445125, 53.3402618022738, 124.292293280759, 244.22590637207, 2009603, 4, 94
2018.81445125, 53.3403189682208, 124.292283650104, 244.220718383789, 2009603, 4, 94
2018.81445125, 53.3403571864019, 124.29227738793, 244.165298461914, 2009603, 4, 94
2018.81445125, 53.3403888890649, 124.292271941073, 244.182525634766, 2009603, 4, 94
2018.81445125, 53.3404205768576, 124.292266499273, 244.180892944336, 2009603, 4, 94
2018.81445125, 53.3404649022358, 124.292258917095, 244.164642333984, 2009603, 4, 94
2018.81445125, 53.3404965541137, 124.292253492447, 244.163116455078, 2009603, 4, 94
2018.81445125, 53.3405345162382, 124.292246990327, 244.191772460938, 2009603, 4, 94
2018.81445125, 53.3405724714642, 124.292240477367, 244.173843383789, 2009603, 4, 94
2018.81445125, 53.3405977736933, 124.292236123681, 244.15022277832, 2009603, 4, 94
2018.81445125, 53.3406293777872, 124.292230712867, 244.179672241211, 2009603, 4, 94
2018.81445125, 53.3406609642992, 124.292225322737, 244.159973144531, 2009603, 4, 94
2018.81445125, 53.3406988585224, 124.292218852988, 244.198394775391, 2009603, 4, 94
2018.81445125, 53.3407430612688, 124.292211296815, 244.203918457031, 2009603, 4, 94
2018.81445125, 53.3407809302497, 124.292204837119, 244.196197509766, 2009603, 4, 95
2018.81445125, 53.3408187666096, 124.292198433833, 244.195297241211, 2009603, 4, 95
2018.81445125, 53.3408503191381, 124.292193043304, 244.163986206055, 2009603, 4, 95
2018.81445125, 53.3408881384103, 124.292186655868, 244.164154052734, 2009603, 4, 95
2018.81445125, 53.3409196716079, 124.292181293773, 244.194183349609, 2009603, 4, 95
2018.81445125, 53.3409637737597, 124.292173868538, 244.223876953125, 2009603, 4, 95
2018.81445125, 53.341014181219, 124.292165367862, 244.186798095703, 2009603, 4, 97
2018.81445125, 53.3410582661747, 124.292157976854, 244.20881652832, 2009603, 4, 97
2018.81445125, 53.3410960692881, 124.292151614851, 244.186279296875, 2009603, 4, 97
2018.81445125, 53.3411275500711, 124.292146362216, 244.179489135742, 2009603, 4, 97
2018.81445125, 53.3411653287951, 124.29214006128, 244.166809082031, 2009603, 4, 97
2018.81445125, 53.3412093736571, 124.292132781351, 244.193878173828, 2009603, 4, 97
2018.81445125, 53.3412597375431, 124.292124433877, 244.210159301758, 2009603, 4, 95
2018.81445125, 53.3413100881167, 124.292116141, 244.198806762695, 2009603, 4, 95
2018.81445125, 53.3413478660024, 124.292109911373, 244.219543457031, 2009603, 4, 95
2018.81445125, 53.3413919258657, 124.292102699581, 244.215866088867, 2009603, 4, 95
2018.81445125, 53.3414422699034, 124.292094511016, 244.231079101562, 2009603, 4, 95
2018.81445125, 53.3414989249548, 124.292085317573, 244.213348388672, 2009603, 4, 95
2018.81445125, 53.3415430027867, 124.292078183799, 244.212173461914, 2009603, 4, 94
2018.81445125, 53.3415870771277, 124.292071096412, 244.197006225586, 2009603, 4, 94
2018.81445125, 53.3416248979018, 124.29206470888, 244.19140625, 2009603, 4, 94
2018.81445125, 53.3416563791763, 124.292059790718, 244.172805786133, 2009603, 4, 94
2018.81445125, 53.3417004457003, 124.292052955603, 244.224380493164, 2009603, 4, 94
2018.81445125, 53.3417445496647, 124.292046090064, 244.201797485352, 2009603, 4, 94
2018.81445125, 53.341782350707, 124.292040244138, 244.210922241211, 2009603, 4, 95
2018.81445125, 53.3418201509238, 124.292034431379, 244.224075317383, 2009603, 4, 95
2018.81445125, 53.341857979046, 124.29202859042, 244.213989257812, 2009603, 4, 95
2018.81445125, 53.3419021096106, 124.292021825611, 244.208404541016, 2009603, 4, 95
2018.81445125, 53.341952588862, 124.292014058079, 244.234298706055, 2009603, 4, 95
2018.81445125, 53.3420030811796, 124.292006318515, 244.216812133789, 2009603, 4, 95
2018.81445125, 53.342059903019, 124.291997634304, 244.21061706543, 2009603, 4, 94
2018.81445125, 53.3421104458906, 124.291989906241, 244.198425292969, 2009603, 4, 94
2018.81445125, 53.3421483922624, 124.291984063321, 244.22607421875, 2009603, 4, 94
2018.81445125, 53.3421863293265, 124.291978268265, 244.213775634766, 2009603, 4, 94
2018.81445125, 53.3422242993075, 124.291972434109, 244.207641601562, 2009603, 4, 94
2018.81445125, 53.3422686076422, 124.291965635336, 244.201309204102, 2009603, 4, 95
2018.81445125, 53.342306606033, 124.291959800035, 244.213500976562, 2009603, 4, 95
2018.81445125, 53.3423446116649, 124.291953973551, 244.183578491211, 2009603, 4, 95
2018.81445125, 53.3423763192101, 124.291949064069, 244.204605102539, 2009603, 4, 95
2018.81445125, 53.3424143687501, 124.291943191089, 244.208847045898, 2009603, 4, 95
2018.81445125, 53.3424524367792, 124.291937303995, 244.222137451172, 2009603, 4, 95
2018.81445125, 53.342490509513, 124.291931423529, 244.214691162109, 2009603, 4, 95
2018.81445125, 53.3425286280742, 124.291925474847, 244.225982666016, 2009603, 4, 93
2018.81445125, 53.3425858065562, 124.291916583929, 244.242919921875, 2009603, 4, 93
2018.81445125, 53.3426366758498, 124.291908623911, 244.182327270508, 2009603, 4, 93
2018.81445125, 53.3426748496199, 124.29190262901, 244.184494018555, 2009603, 4, 93
2018.81445125, 53.3427130435878, 124.291896602777, 244.222045898438, 2009603, 4, 93
2018.81445125, 53.3427512510051, 124.291890567408, 244.186065673828, 2009603, 4, 90
2018.81445125, 53.3427894785561, 124.291884502135, 244.213485717773, 2009603, 4, 90
2018.81445125, 53.3428341071672, 124.29187738079, 244.215438842773, 2009603, 4, 90
2018.81445125, 53.3428848974828, 124.291869683792, 244.209426879883, 2009603, 4, 90
2018.81445125, 53.3429296685884, 124.291862298268, 244.211837768555, 2009603, 4, 90
2018.81445125, 53.3429808569236, 124.29185383122, 244.223785400391, 2009603, 4, 90
2018.8144459, 42.6470320535616, 125.873753516619, 305.9365234375, 2006368, 5, 58
2018.81444731, 45.4671907716237, 125.500771837529, 122.091438293457, 2009593, 5, 81
2018.81444731, 45.4691975762813, 125.500496411226, 122.082931518555, 2009593, 5, 90
2018.8144512, 53.2796040618732, 124.349651948849, 241.950836181641, 2009603, 5, 89
2018.8144512, 53.2798827074372, 124.349604948363, 241.936431884766, 2009603, 5, 89
2018.8144512, 53.2801107216171, 124.349566492306, 241.919967651367, 2009603, 5, 93
2018.8144512, 53.2803324867516, 124.349529235478, 241.915618896484, 2009603, 5, 93
2018.8144512, 53.280516328623, 124.349498563848, 241.909927368164, 2009603, 5, 94
2018.8144512, 53.2806685314336, 124.349473351676, 241.886322021484, 2009603, 5, 94
2018.8144512, 53.2808081836892, 124.349450713433, 241.910079956055, 2009603, 5, 96
2018.8144512, 53.2809415486138, 124.349429315324, 241.921737670898, 2009603, 5, 96
2018.8144512, 53.2811131023692, 124.34940202293, 241.936599731445, 2009603, 5, 95
2018.8144512, 53.2812911042498, 124.349373989386, 241.967788696289, 2009603, 5, 96
2018.8144512, 53.2814564640554, 124.349348013813, 241.954437255859, 2009603, 5, 96
2018.8144512, 53.2816091574887, 124.349324161185, 241.955352783203, 2009603, 5, 96
2018.8144512, 53.2817809872436, 124.34929733119, 241.981948852539, 2009603, 5, 94
2018.8144512, 53.2819847022774, 124.349265458839, 242.005737304688, 2009603, 5, 94
2018.8144512, 53.2821947402059, 124.349232430568, 241.959884643555, 2009603, 5, 95
2018.8144512, 53.2823857164775, 124.349202169813, 241.997451782227, 2009603, 5, 95
2018.8144512, 53.2825703542143, 124.349172767229, 241.98942565918, 2009603, 5, 95
2018.8144512, 53.2827295427324, 124.349147193339, 241.977416992188, 2009603, 5, 95
2018.8144512, 53.2829205812969, 124.349116348194, 241.961456298828, 2009603, 5, 96
2018.8144512, 53.2830670490555, 124.349092570063, 241.984329223633, 2009603, 5, 95
2018.8144512, 53.2832134565028, 124.349068631257, 241.95637512207, 2009603, 5, 95
2018.8144512, 53.2833408969931, 124.349047649605, 242.006988525391, 2009603, 5, 95
2018.8144512, 53.2834874267385, 124.349023393599, 241.961929321289, 2009603, 5, 95
2018.8144512, 53.2836466530303, 124.348996979024, 242.026702880859, 2009603, 5, 94
2018.81445121, 53.2838503591982, 124.348963123893, 242.014785766602, 2009603, 5, 95
2018.81445121, 53.2840729968573, 124.348926056276, 242.025817871094, 2009603, 5, 95
2018.81445121, 53.2843653136488, 124.34887754272, 242.011184692383, 2009603, 5, 93
2018.81444586, 42.5438102775112, 125.887959064047, 329.193237304688, 1364216, 6, 58
2018.81444586, 42.5443961577947, 125.887881917626, 329.167510986328, 1364216, 6, 58
2018.81444586, 42.5446650940302, 125.887846040068, 329.168090820312, 1364216, 6, 75
2018.81444586, 42.5447740102391, 125.887831507476, 329.199127197266, 1364216, 6, 85
2018.81444586, 42.5452606106681, 125.887766852528, 329.159423828125, 1364216, 6, 94
2018.81444587, 42.5467032766625, 125.887583632033, 329.197265625, 1364216, 6, 94
2018.81444732, 45.4660519270918, 125.501872906033, 122.071228027344, 2009593, 6, 56
2018.81444732, 45.4663809534163, 125.50182902008, 122.066711425781, 2009593, 6, 67
2018.81444732, 45.4668196572824, 125.501772111629, 122.064521789551, 2009593, 6, 74
2018.81444732, 45.4673692741925, 125.501699830523, 122.066093444824, 2009593, 6, 80
2018.81444732, 45.4679596311778, 125.501618802821, 122.063537597656, 2009593, 6, 81
2018.81444732, 45.4687415782322, 125.501508017475, 122.006652832031, 2009593, 6, 84
2018.81444732, 45.4697390883154, 125.501370875454, 121.999359130859, 2009593, 6, 93
2018.81444732, 45.4703799137656, 125.501283720631, 122.05428314209, 2009593, 6, 85
2018.81444732, 45.4718935086416, 125.501077084337, 122.013496398926, 2009593, 6, 61
2018.81444732, 45.4720331219425, 125.501058275163, 121.900909423828, 2009593, 6, 53
2018.81444926, 49.3636217226435, 124.952888013639, 238.14372253418, 2009589, 6, 90
2018.81444926, 49.3642544505452, 124.952794036534, 238.12646484375, 2009589, 6, 81
2018.81445121, 53.2785259907973, 124.350927748708, 241.846603393555, 2009603, 6, 75
2018.81445121, 53.2785896307028, 124.350917435109, 241.842407226562, 2009603, 6, 75
2018.81445121, 53.2786533130829, 124.350907110697, 241.85774230957, 2009603, 6, 75
2018.81445121, 53.2786915603108, 124.350900828024, 241.857055664062, 2009603, 6, 75
2018.81445121, 53.278742560482, 124.350892532914, 241.851104736328, 2009603, 6, 75
2018.81445121, 53.2787935917036, 124.350884210063, 241.86296081543, 2009603, 6, 95
2018.81445121, 53.2788510172069, 124.350874913532, 241.847640991211, 2009603, 6, 95
2018.81445121, 53.278895727603, 124.350867553047, 241.854339599609, 2009603, 6, 95
2018.81445121, 53.2789659918134, 124.350856113198, 241.877868652344, 2009603, 6, 95
2018.81445121, 53.2790938463896, 124.350835287116, 241.853271484375, 2009603, 6, 95
2018.81445121, 53.2791450303817, 124.350826883463, 241.863815307617, 2009603, 6, 95
2018.81445121, 53.2791962157939, 124.350818555063, 241.8544921875, 2009603, 6, 95
2018.81445121, 53.2792538239933, 124.350809137891, 241.872467041016, 2009603, 6, 96
2018.81445121, 53.2793369657256, 124.350795644736, 241.880416870117, 2009603, 6, 96
2018.81445121, 53.2794011307464, 124.35078516923, 241.874893188477, 2009603, 6, 96
2018.81445121, 53.2794653049635, 124.350774675587, 241.869644165039, 2009603, 6, 96
2018.81445121, 53.2795422994914, 124.3507621433, 241.879333496094, 2009603, 6, 95
2018.81445121, 53.2796000450929, 124.350752688966, 241.868423461914, 2009603, 6, 95
2018.81445121, 53.2796577500636, 124.350743387531, 241.846572875977, 2009603, 6, 94
2018.81445121, 53.279715463746, 124.350733963141, 241.858139038086, 2009603, 6, 94
2018.81445121, 53.2797603249344, 124.350726697358, 241.865112304688, 2009603, 6, 94
2018.81445121, 53.2798051775854, 124.350719392103, 241.835037231445, 2009603, 6, 94
2018.81445121, 53.2798500066749, 124.350712134887, 241.850219726562, 2009603, 6, 94
2018.81445121, 53.2798884021975, 124.350705988569, 241.827789306641, 2009603, 6, 94
2018.81445121, 53.2799204010073, 124.350700803471, 241.845657348633, 2009603, 6, 94
2018.81445121, 53.2799459967866, 124.350696632892, 241.83154296875, 2009603, 6, 94
2018.81445121, 53.2799843533135, 124.350690498811, 241.830902099609, 2009603, 6, 94
2018.81445121, 53.2800163056436, 124.350685379917, 241.835174560547, 2009603, 6, 96
2018.81445121, 53.280048251466, 124.35068022855, 241.8330078125, 2009603, 6, 96
2018.81445121, 53.2800801802713, 124.350675106945, 241.852325439453, 2009603, 6, 96
2018.81445121, 53.2801121011304, 124.350669962186, 241.864654541016, 2009603, 6, 96
2018.81445121, 53.2801440068105, 124.35066483009, 241.852798461914, 2009603, 6, 96
2018.81445121, 53.2801950148898, 124.350656681294, 241.880477905273, 2009603, 6, 96
2018.81445121, 53.2802396162529, 124.350649547759, 241.886016845703, 2009603, 6, 96
2018.81445121, 53.2802778205731, 124.350643459446, 241.863998413086, 2009603, 6, 96
2018.81445121, 53.2803160151298, 124.350637313334, 241.848236083984, 2009603, 6, 96
2018.81445121, 53.280373238515, 124.350628238708, 241.865921020508, 2009603, 6, 96
2018.81445121, 53.2804367717977, 124.350618114192, 241.857925415039, 2009603, 6, 96
2018.81445121, 53.2804938784704, 124.350609101792, 241.861404418945, 2009603, 6, 96
2018.81445121, 53.280531942089, 124.350603001781, 241.853561401367, 2009603, 6, 96
2018.81445121, 53.2805828990512, 124.350594869836, 241.875625610352, 2009603, 6, 96
2018.81445121, 53.2806270583693, 124.350587916769, 241.863479614258, 2009603, 6, 96
2018.81445121, 53.2806711783895, 124.350581024677, 241.863296508789, 2009603, 6, 96
2018.81445121, 53.2807215773539, 124.350573114731, 241.878341674805, 2009603, 6, 96
2018.81445121, 53.2807908209992, 124.350562297667, 241.862213134766, 2009603, 6, 96
2018.81445121, 53.2808537165328, 124.35055253517, 241.894927978516, 2009603, 6, 96
2018.81445121, 53.2809040297631, 124.350544623422, 241.872406005859, 2009603, 6, 96
2018.81445121, 53.2809606053527, 124.350535779548, 241.921295166016, 2009603, 6, 96
2018.81445121, 53.2810171811078, 124.350526865023, 241.896209716797, 2009603, 6, 95
2018.81445121, 53.2810674410268, 124.3505190481, 241.890655517578, 2009603, 6, 95
2018.81445121, 53.2811302863454, 124.350509141661, 241.882965087891, 2009603, 6, 95
2018.81445121, 53.2812245599706, 124.350494295945, 241.910583496094, 2009603, 6, 95
2018.81445121, 53.2813000111429, 124.35048234148, 241.932037353516, 2009603, 6, 95
2018.81445121, 53.2814069629268, 124.350465324009, 241.915618896484, 2009603, 6, 95
2018.81445121, 53.2814573191115, 124.350457323284, 241.913909912109, 2009603, 6, 95
2018.81445121, 53.2814888178026, 124.350452246368, 241.878433227539, 2009603, 6, 95
2018.81445121, 53.2815203183238, 124.350447200007, 241.920883178711, 2009603, 6, 96
2018.81445121, 53.2815644331114, 124.350440133066, 241.906707763672, 2009603, 6, 96
2018.81445121, 53.2816022741626, 124.350434022485, 241.915649414062, 2009603, 6, 96
2018.81445121, 53.2816401319675, 124.350427903618, 241.937362670898, 2009603, 6, 96
2018.81445121, 53.2816780060369, 124.35042177954, 241.892333984375, 2009603, 6, 96
2018.81445121, 53.2817095720912, 124.350416718984, 241.905029296875, 2009603, 6, 96
2018.81445121, 53.2817411635815, 124.350411589444, 241.884338378906, 2009603, 6, 96
2018.81445121, 53.2817727713339, 124.35040643068, 241.917388916016, 2009603, 6, 95
2018.81445121, 53.2818102961919, 124.350400362013, 241.931686401367, 2009603, 6, 95
2018.81445121, 53.2818611498822, 124.350391988903, 241.9033203125, 2009603, 6, 95
2018.81445121, 53.2819056675401, 124.350384686302, 241.911193847656, 2009603, 6, 95
2018.81445121, 53.2819565981819, 124.350376218577, 241.933776855469, 2009603, 6, 95
2018.81445121, 53.282026686408, 124.350364495386, 241.920364379883, 2009603, 6, 96
2018.81445122, 53.2820649355803, 124.350358107073, 241.882476806641, 2009603, 6, 96
2018.81445122, 53.2821032011225, 124.350351701801, 241.92073059082, 2009603, 6, 96
2018.81445122, 53.282141479523, 124.350345289023, 241.912841796875, 2009603, 6, 96
2018.81445122, 53.282186145489, 124.350337827214, 241.907165527344, 2009603, 6, 96
2018.81445122, 53.2822563823149, 124.350325980665, 241.960205078125, 2009603, 6, 95
2018.81445122, 53.2823202580051, 124.35031519743, 241.908920288086, 2009603, 6, 95
2018.81445122, 53.2823713725193, 124.350306550702, 241.950424194336, 2009603, 6, 95
2018.81445122, 53.2824352832628, 124.35029568391, 241.908599853516, 2009603, 6, 95
2018.81445122, 53.2825055887026, 124.350283738345, 241.912536621094, 2009603, 6, 95
2018.81445122, 53.2825695065676, 124.350272853639, 241.911834716797, 2009603, 6, 95
2018.81445122, 53.2826206454839, 124.35026410172, 241.936126708984, 2009603, 6, 95
2018.81445122, 53.2826653709698, 124.350256506756, 241.897247314453, 2009603, 6, 95
2018.81445122, 53.2827037128133, 124.350249954734, 241.920166015625, 2009603, 6, 95
2018.81445122, 53.2827612070065, 124.350240162511, 241.949417114258, 2009603, 6, 95
2018.81445122, 53.2828378579459, 124.350227020727, 241.936294555664, 2009603, 6, 95
2018.81445122, 53.2829080739627, 124.350215052789, 241.925857543945, 2009603, 6, 95
2018.81445122, 53.2829910181306, 124.350200902156, 241.955413818359, 2009603, 6, 95
2018.81445122, 53.2830739014882, 124.35018679383, 241.937561035156, 2009603, 6, 94
2018.81445122, 53.2831568341862, 124.350172779771, 241.935699462891, 2009603, 6, 94
2018.81445122, 53.2832202559553, 124.350161959978, 241.943222045898, 2009603, 6, 94
2018.81445122, 53.2832772886397, 124.35015234534, 241.921539306641, 2009603, 6, 94
2018.81445122, 53.2833533295191, 124.350139410444, 241.957992553711, 2009603, 6, 94
2018.81445122, 53.2834736324849, 124.350119238358, 241.943283081055, 2009603, 6, 94
2018.81445122, 53.2835559305475, 124.350105448914, 241.905960083008, 2009603, 6, 94
2018.81445122, 53.2836255445745, 124.350093924643, 241.921234130859, 2009603, 6, 94
2018.81445122, 53.2836761915613, 124.350085483637, 241.912033081055, 2009603, 6, 94
2018.81445122, 53.2837204988202, 124.350078164349, 241.924545288086, 2009603, 6, 94
2018.81445122, 53.2837521522987, 124.350072942494, 241.890777587891, 2009603, 6, 89
2018.81445122, 53.2837837926884, 124.350067807021, 241.894943237305, 2009603, 6, 89
2018.81445122, 53.2838154426637, 124.350062649837, 241.882019042969, 2009603, 6, 89
2018.81445122, 53.2838407809382, 124.350058456522, 241.888580322266, 2009603, 6, 89
2018.81445122, 53.2838724344181, 124.350053338926, 241.884902954102, 2009603, 6, 89
2018.81445122, 53.2839040981857, 124.350048200837, 241.89924621582, 2009603, 6, 89
2018.81445122, 53.2839357766804, 124.350043016176, 241.897232055664, 2009603, 6, 89
2018.81445122, 53.284005458485, 124.350031825048, 241.932281494141, 2009603, 6, 76
