2021.20827793, 53.0109128466866, 134.17389585882, 746.817687988281, 2009603, 1, 93
2021.20827793, 53.000636523589, 134.1723197647, 748.77001953125, 2009603, 1, 86
2021.20827793, 52.9997009535955, 134.172176732435, 750.173461914062, 2009603, 1, 93
2021.20827793, 52.999229735629, 134.172103326125, 749.501525878906, 2009603, 1, 94
2021.20827793, 52.9986890822929, 134.172019621044, 750.067016601562, 2009603, 1, 91
2021.20827796, 52.9535391664436, 134.164905857486, 769.05419921875, 2009603, 1, 79
2021.20827783, 53.2235987429165, 134.20781290439, 728.597229003906, 2009603, 2, 71
2021.20827793, 53.019231538397, 134.174026161701, 742.367370605469, 2009603, 2, 87
2021.20827793, 53.0190346363834, 134.173996693148, 742.19580078125, 2009603, 2, 87
2021.20827793, 53.0189457547425, 134.173982923407, 742.069091796875, 2009603, 2, 89
2021.20827793, 53.0188949642434, 134.173975007366, 742.034729003906, 2009603, 2, 89
2021.20827793, 53.0188504999507, 134.17396814349, 742.030151367188, 2009603, 2, 89
2021.20827793, 53.0187933522551, 134.173959199376, 742.001159667969, 2009603, 2, 89
2021.20827793, 53.0187361935737, 134.173950263748, 741.966064453125, 2009603, 2, 57
2021.20827793, 53.0186790259286, 134.17394131922, 741.923950195312, 2009603, 2, 57
2021.20827793, 53.0185900494998, 134.173927513131, 742.273620605469, 2009603, 2, 57
2021.20827794, 53.0173543605281, 134.173741180025, 742.632263183594, 2009603, 2, 60
2021.20827794, 53.0090445672923, 134.172471716144, 746.650390625, 2009603, 2, 87
2021.20827794, 53.0088281183282, 134.172438908438, 746.639770507812, 2009603, 2, 90
2021.20827794, 53.008585461865, 134.172401110719, 746.537963867188, 2009603, 2, 93
2021.20827794, 53.0083618018013, 134.172365645871, 746.328918457031, 2009603, 2, 90
2021.20827794, 53.0081253791617, 134.172327588311, 746.336059570312, 2009603, 2, 74
2021.20827794, 53.0077168751785, 134.172261162697, 746.803955078125, 2009603, 2, 69
2021.20827794, 53.0074877853332, 134.172223616045, 747.072631835938, 2009603, 2, 54
2021.20827794, 53.0072972578253, 134.172192503714, 747.245239257812, 2009603, 2, 54
2021.20827794, 53.0059878205069, 134.171990389749, 748.060729980469, 2009603, 2, 70
2021.20827794, 53.0057965681558, 134.171962580709, 748.111328125, 2009603, 2, 70
2021.20827794, 53.0056117429403, 134.171935709293, 748.143615722656, 2009603, 2, 71
2021.20827794, 53.0054270388746, 134.171908675029, 748.240051269531, 2009603, 2, 72
2021.20827794, 53.005217051923, 134.17187762178, 748.18115234375, 2009603, 2, 78
2021.20827794, 53.0049820190141, 134.171842085579, 748.14599609375, 2009603, 2, 78
2021.20827794, 53.0047854657335, 134.171811684211, 748.157531738281, 2009603, 2, 78
2021.20827794, 53.0045953890298, 134.171781947349, 748.169006347656, 2009603, 2, 74
2021.20827794, 53.0043863710949, 134.171748998516, 748.125244140625, 2009603, 2, 69
2021.20827794, 53.0041837069335, 134.171716802497, 748.106323242188, 2009603, 2, 73
2021.20827794, 53.0039872869588, 134.171685591752, 748.114990234375, 2009603, 2, 79
2021.20827794, 53.00377803537, 134.171652425865, 748.121643066406, 2009603, 2, 79
2021.20827794, 53.0035495398962, 134.171616331482, 748.158874511719, 2009603, 2, 82
2021.20827794, 53.0033525064577, 134.171585488862, 748.163452148438, 2009603, 2, 92
2021.20827794, 53.0031615590866, 134.171555909034, 748.189392089844, 2009603, 2, 92
2021.20827794, 53.0029639843686, 134.17152559491, 748.153991699219, 2009603, 2, 92
2021.20827794, 53.0027916957481, 134.171499403881, 748.227661132812, 2009603, 2, 92
2021.20827794, 53.0026002133574, 134.171470317792, 748.263977050781, 2009603, 2, 91
2021.20827794, 53.0024208714502, 134.171444059708, 748.31591796875, 2009603, 2, 90
2021.20827794, 53.0022030828465, 134.17141211002, 748.339233398438, 2009603, 2, 88
2021.20827794, 53.0020174350172, 134.17138464804, 748.32421875, 2009603, 2, 88
2021.20827794, 53.0018383757469, 134.171357851521, 748.344177246094, 2009603, 2, 71
2021.20827796, 52.9594317610594, 134.164419296831, 768.279663085938, 2009603, 2, 51
2021.20827797, 52.955746598184, 134.163801735567, 769.6171875, 2009603, 2, 65
2021.20827797, 52.9555127953432, 134.163763563288, 769.713195800781, 2009603, 2, 65
2021.20827797, 52.9552852004387, 134.16372582458, 770.111755371094, 2009603, 2, 57
2021.20827868, 51.5327809154093, 133.936699303353, 475.369018554688, 2009603, 2, 87
2021.20827868, 51.5323993551095, 133.936638003224, 475.469512939453, 2009603, 2, 93
2021.20827868, 51.5320558691313, 133.936582946838, 475.984252929688, 2009603, 2, 74
2021.20828084, 47.166173425002, 133.24590310102, 50.2851600646973, 2009603, 3, 56
2021.20828084, 47.1658557079718, 133.245860013179, 50.2425231933594, 2009603, 3, 56
2021.20828191, 45.0240670054545, 132.950321336572, 69.9263916015625, 2009603, 3, 51
2021.20828191, 45.0238684773183, 132.950293945535, 69.9073181152344, 2009603, 3, 52
2021.20828191, 45.0197206054859, 132.949711523598, 69.912841796875, 2009603, 3, 55
2021.2082779, 53.0994095675822, 134.138796515056, 707.750305175781, 2009603, 4, 56
2021.20827868, 51.5291775860244, 133.889490712402, 462.468505859375, 2009603, 4, 89
2021.20828085, 47.1644586900698, 133.244474116249, 50.2015228271484, 2009603, 4, 60
2021.20828085, 47.1643950977071, 133.24446528362, 50.1996154785156, 2009603, 4, 60
2021.20828085, 47.1642933625016, 133.244451060731, 50.2385368347168, 2009603, 4, 60
2021.20828085, 47.163917868165, 133.244397010808, 50.3078269958496, 2009603, 4, 51
2021.20828085, 47.1638224085576, 133.244383038855, 50.3120460510254, 2009603, 4, 51
2021.20828085, 47.1637269528371, 133.244369030217, 50.2675590515137, 2009603, 4, 70
2021.20828085, 47.1636251246282, 133.244354130336, 50.297794342041, 2009603, 4, 70
2021.20828085, 47.1635296922398, 133.244339991722, 50.310245513916, 2009603, 4, 70
2021.20828085, 47.1634342734874, 133.244325831799, 50.2967147827148, 2009603, 4, 69
2021.20828085, 47.1633579355297, 133.244314569735, 50.2980041503906, 2009603, 4, 69
2021.20828085, 47.1632561884631, 133.2442994093, 50.2879028320312, 2009603, 4, 69
2021.20828085, 47.1631544486145, 133.244284328832, 50.2656860351562, 2009603, 4, 57
2021.20828085, 47.1630399844592, 133.244267284446, 50.2670936584473, 2009603, 4, 57
2021.20828192, 45.0209485873126, 132.948635182573, 69.9529418945312, 2009603, 4, 53
2021.20828192, 45.020828783035, 132.948618699109, 69.9165496826172, 2009603, 4, 53
2021.20827783, 53.2108969976776, 134.110156507649, 700.974975585938, 2009603, 5, 82
2021.20827783, 53.210445697781, 134.110085951973, 701.199645996094, 2009603, 5, 84
2021.20827783, 53.2100445878938, 134.110024296008, 701.554809570312, 2009603, 5, 84
2021.20828191, 45.0339687871391, 132.910696932953, 70.112922668457, 2009603, 5, 59
2021.20828191, 45.033674241408, 132.910657117293, 70.0818099975586, 2009603, 5, 59
2021.20828191, 45.0314390904926, 132.910357747017, 70.0703353881836, 2009603, 5, 83
2021.20828191, 45.0311025013258, 132.910309492145, 70.0771789550781, 2009603, 5, 69
2021.20828191, 45.0309055161881, 132.910281228646, 70.0501937866211, 2009603, 5, 65
2021.20828191, 45.0299618816809, 132.91015018846, 70.0688629150391, 2009603, 5, 71
2021.20827784, 53.2116095231949, 134.108867816883, 700.977355957031, 2009603, 6, 81
2021.20827784, 53.2115075826385, 134.108851034298, 701.395568847656, 2009603, 6, 81
2021.20827868, 51.5318868336244, 133.84322438113, 457.547943115234, 2009603, 6, 89
2021.20828192, 45.0362436651432, 132.909728933702, 70.1494903564453, 2009603, 6, 56
2021.20828192, 45.0361991616626, 132.909722799032, 70.1888580322266, 2009603, 6, 56
2021.20828192, 45.036122859106, 132.909712247351, 70.174430847168, 2009603, 6, 56
2021.20828192, 45.0360210753058, 132.909698252008, 70.1586227416992, 2009603, 6, 56
2021.20828192, 45.0359065416918, 132.909682343927, 70.1372528076172, 2009603, 6, 53
2021.20828192, 45.0358110444703, 132.909669201947, 70.1493530273438, 2009603, 6, 53
2021.20828192, 45.0333984951318, 132.909330232976, 70.1530380249023, 2009603, 6, 73
2021.20828192, 45.0333157862848, 132.909318779816, 70.1127166748047, 2009603, 6, 73
2021.20828192, 45.0314577576107, 132.909055265902, 70.1438598632812, 2009603, 6, 76
2021.20828192, 45.0313748131288, 132.909043219713, 70.1759719848633, 2009603, 6, 76
2021.20828192, 45.0312790708877, 132.909029378264, 70.1441345214844, 2009603, 6, 76
2021.20828192, 45.0307361544842, 132.908953533646, 70.1776962280273, 2009603, 6, 69
2021.20828192, 45.0306785290096, 132.908945300044, 70.211067199707, 2009603, 6, 69
2021.20828192, 45.030627517143, 132.908938683838, 70.1596069335938, 2009603, 6, 69
2021.20828192, 45.0305828729887, 132.908933016859, 70.182373046875, 2009603, 6, 69
2021.20828192, 45.0305446164755, 132.908928121027, 70.1186981201172, 2009603, 6, 69
2021.20828192, 45.0305063487854, 132.90892335704, 70.1112289428711, 2009603, 6, 69
