2021.19464464, 51.7846759718467, 129.045670618472, 162.846878051758, 2009603, 1, 93
2021.19464464, 51.7836846607837, 129.045515410706, 164.459808349609, 2009603, 1, 94
2021.19464464, 51.7829110322605, 129.04539135242, 164.465286254883, 2009603, 1, 89
2021.19464508, 50.8909335599899, 128.906315809171, 173.609756469727, 2009603, 1, 86
2021.19464508, 50.890647305295, 128.906271413819, 173.573303222656, 2009603, 1, 91
2021.19464508, 50.8903039883798, 128.906218353828, 173.593307495117, 2009603, 1, 93
2021.19464573, 49.5941514881064, 128.70951404373, 102.560913085938, 2009603, 1, 96
2021.19464573, 49.5938662318359, 128.709472088891, 102.582893371582, 2009603, 1, 96
2021.19464573, 49.5935747073473, 128.709428932435, 102.59797668457, 2009603, 1, 94
2021.19464573, 49.5933020042459, 128.709388178614, 102.629211425781, 2009603, 1, 95
2021.19464573, 49.5930289386042, 128.709347008406, 102.601768493652, 2009603, 1, 94
2021.19464573, 49.5927680050678, 128.709307284219, 102.624870300293, 2009603, 1, 95
2021.19464573, 49.5925255095367, 128.709270127459, 103.397514343262, 2009603, 1, 90
2021.19464573, 49.5922701521948, 128.709231034602, 103.562515258789, 2009603, 1, 72
2021.19464574, 49.5655908529275, 128.705304316141, 102.670204162598, 2009603, 1, 67
2021.19464574, 49.5653362626703, 128.705266614253, 102.702896118164, 2009603, 1, 92
2021.19464574, 49.5650051841078, 128.705217563055, 102.687698364258, 2009603, 1, 95
2021.19464574, 49.5646930285087, 128.705171224178, 102.654449462891, 2009603, 1, 95
2021.19464574, 49.5644253120887, 128.705131477892, 102.679252624512, 2009603, 1, 95
2021.19464574, 49.5641191493918, 128.70508600229, 102.690093994141, 2009603, 1, 95
2021.19464755, 45.9302043060781, 128.183771199165, 104.681770324707, 2009603, 1, 59
2021.19464755, 45.9298672861031, 128.183723434296, 104.702011108398, 2009603, 1, 81
2021.19464755, 45.9294903830518, 128.183669650609, 104.66333770752, 2009603, 1, 63
2021.19464755, 45.9291446594592, 128.183620046156, 104.670463562012, 2009603, 1, 63
2021.19464755, 45.9288248141941, 128.183574187853, 104.672859191895, 2009603, 1, 73
2021.19464755, 45.928505482927, 128.183528402239, 104.674461364746, 2009603, 1, 73
2021.19464755, 45.9282197453712, 128.183487683255, 104.68155670166, 2009603, 1, 90
2021.19464755, 45.9278581103959, 128.183436043152, 104.665298461914, 2009603, 1, 92
2021.19464756, 45.9275151373329, 128.183386860957, 104.636978149414, 2009603, 1, 92
2021.19464756, 45.9271200599805, 128.183329663375, 104.646965026855, 2009603, 1, 93
2021.19464756, 45.9267358325719, 128.183273499751, 104.640403747559, 2009603, 1, 94
2021.19464756, 45.9263259637912, 128.183213398278, 104.695213317871, 2009603, 1, 93
2021.19464756, 45.9259552604264, 128.183159099051, 104.667419433594, 2009603, 1, 93
2021.19464756, 45.9256437439805, 128.183113735454, 104.705390930176, 2009603, 1, 93
2021.19464756, 45.9253455514004, 128.183070540748, 104.68049621582, 2009603, 1, 93
2021.19464756, 45.9250539807145, 128.183028527326, 104.68522644043, 2009603, 1, 93
2021.19464756, 45.9246926614971, 128.1829767779, 104.70580291748, 2009603, 1, 92
2021.19464756, 45.924368648681, 128.18293055479, 104.853462219238, 2009603, 1, 93
2021.19464756, 45.9240314010807, 128.18288237451, 104.728988647461, 2009603, 1, 94
2021.19464756, 45.9236617878311, 128.182829389173, 104.765480041504, 2009603, 1, 92
2021.19464756, 45.9232853550942, 128.182774961203, 104.692375183105, 2009603, 1, 90
2021.19464756, 45.9228959467305, 128.182718115216, 104.702796936035, 2009603, 1, 89
2021.19464756, 45.9225640705769, 128.182669111521, 104.714744567871, 2009603, 1, 90
2021.19464465, 51.7867484119613, 129.044689849505, 163.338485717773, 2009603, 2, 92
2021.19464465, 51.786380385111, 129.044630449645, 163.38981628418, 2009603, 2, 94
2021.19464465, 51.7859614748486, 129.044562446974, 163.368316650391, 2009603, 2, 94
2021.19464465, 51.7855361025759, 129.044493028712, 163.380416870117, 2009603, 2, 94
2021.19464465, 51.7850469479178, 129.044413023553, 163.38232421875, 2009603, 2, 94
2021.19464465, 51.7846714047411, 129.044352261553, 163.453186035156, 2009603, 2, 94
2021.19464465, 51.7842312418205, 129.044282032183, 163.408721923828, 2009603, 2, 94
2021.19464509, 50.8933747683883, 128.905357172494, 173.687774658203, 2009603, 2, 81
2021.19464509, 50.8932602184892, 128.90533960606, 173.614379882812, 2009603, 2, 81
2021.19464509, 50.8924885225405, 128.905219401178, 173.613418579102, 2009603, 2, 76
2021.19464509, 50.8923876122536, 128.905203317652, 173.603164672852, 2009603, 2, 76
2021.19464509, 50.8922866551476, 128.905187177517, 173.589965820312, 2009603, 2, 76
2021.19464509, 50.8921919536543, 128.905171984961, 173.587783813477, 2009603, 2, 90
2021.19464509, 50.8921098183626, 128.905158781725, 173.631286621094, 2009603, 2, 90
2021.19464509, 50.8920276273383, 128.905145524946, 173.621017456055, 2009603, 2, 90
2021.19464509, 50.8919326930703, 128.90513021508, 173.631652832031, 2009603, 2, 91
2021.19464509, 50.8918249941699, 128.905112768493, 173.591659545898, 2009603, 2, 91
2021.19464509, 50.8917235566556, 128.905096419681, 173.592178344727, 2009603, 2, 92
2021.19464509, 50.8916279683492, 128.905080820947, 173.56770324707, 2009603, 2, 92
2021.19464509, 50.8915195331922, 128.905063131426, 173.571426391602, 2009603, 2, 92
2021.19464509, 50.8914173787869, 128.905046555443, 173.534713745117, 2009603, 2, 92
2021.19464509, 50.8913215555684, 128.905031059293, 173.541900634766, 2009603, 2, 92
2021.19464509, 50.891225693044, 128.905015626952, 173.533813476562, 2009603, 2, 92
2021.19464509, 50.8911298024519, 128.905000310516, 173.558135986328, 2009603, 2, 92
2021.19464509, 50.8910275216196, 128.904984049049, 173.558715820312, 2009603, 2, 70
2021.19464509, 50.890938021786, 128.904969983041, 173.513809204102, 2009603, 2, 84
2021.19464509, 50.890854949833, 128.904956960965, 173.602416992188, 2009603, 2, 84
2021.19464509, 50.8907782794101, 128.904945076815, 173.569213867188, 2009603, 2, 84
2021.19464509, 50.8906888789213, 128.904931294113, 173.544982910156, 2009603, 2, 79
2021.19464509, 50.8905931436545, 128.904916670423, 173.613830566406, 2009603, 2, 79
2021.19464509, 50.8905099981235, 128.904903833194, 173.64501953125, 2009603, 2, 79
2021.19464573, 49.6119002841351, 128.710901778597, 102.119766235352, 2009603, 2, 89
2021.19464573, 49.6118114964669, 128.710888818223, 102.114463806152, 2009603, 2, 89
2021.19464573, 49.6116972953052, 128.710872181891, 102.111671447754, 2009603, 2, 93
2021.19464573, 49.6115894049896, 128.710856450465, 102.095481872559, 2009603, 2, 93
2021.19464573, 49.6114878099717, 128.710841656789, 102.076095581055, 2009603, 2, 93
2021.19464573, 49.6113798222052, 128.710825918048, 102.077896118164, 2009603, 2, 93
2021.19464573, 49.6112844916957, 128.710812025974, 102.229965209961, 2009603, 2, 93
2021.19464573, 49.6111891087117, 128.710798166294, 102.499450683594, 2009603, 2, 85
2021.19464573, 49.6110682331374, 128.710780569847, 103.26872253418, 2009603, 2, 85
2021.19464574, 49.5944571981355, 128.708335566951, 103.914352416992, 2009603, 2, 55
2021.19464574, 49.5943675485888, 128.708323116607, 103.652893066406, 2009603, 2, 55
2021.19464574, 49.5942587007396, 128.708308075124, 102.908195495605, 2009603, 2, 55
2021.19464574, 49.5941690515486, 128.708295865505, 102.58959197998, 2009603, 2, 91
2021.19464574, 49.5940730169656, 128.70828286063, 102.54647064209, 2009603, 2, 91
2021.19464574, 49.5939642076524, 128.708268254449, 102.575210571289, 2009603, 2, 95
2021.19464574, 49.5938618593206, 128.708254513308, 102.636413574219, 2009603, 2, 95
2021.19464574, 49.5937531825495, 128.708239937585, 102.646064758301, 2009603, 2, 94
2021.19464574, 49.5936382248425, 128.708224397934, 102.592636108398, 2009603, 2, 95
2021.19464574, 49.5935233806166, 128.708208770777, 102.610343933105, 2009603, 2, 95
2021.19464574, 49.5934277556643, 128.708195693452, 102.633674621582, 2009603, 2, 94
2021.19464574, 49.5933449658868, 128.70818422325, 102.606796264648, 2009603, 2, 94
2021.19464574, 49.593236796258, 128.708169082832, 102.581069946289, 2009603, 2, 95
2021.19464574, 49.5931539429202, 128.708157693432, 102.645767211914, 2009603, 2, 95
2021.19464574, 49.5930589296103, 128.708143674824, 102.645515441895, 2009603, 2, 95
2021.19464574, 49.5929513181512, 128.708127641718, 102.662948608398, 2009603, 2, 95
2021.19464574, 49.5928500912429, 128.708112397787, 102.634300231934, 2009603, 2, 95
2021.19464574, 49.5927615404053, 128.708098942622, 102.647735595703, 2009603, 2, 95
2021.19464574, 49.5926666742088, 128.708084423008, 102.647750854492, 2009603, 2, 95
2021.19464574, 49.5925591382136, 128.708067876652, 102.753211975098, 2009603, 2, 95
2021.19464574, 49.5924578916551, 128.708052218506, 103.041038513184, 2009603, 2, 88
2021.19464574, 49.5923565810634, 128.708036525328, 103.315444946289, 2009603, 2, 88
2021.19464574, 49.5922551990389, 128.708020790356, 103.373565673828, 2009603, 2, 88
2021.19464574, 49.5921473959038, 128.708003992415, 103.475296020508, 2009603, 2, 88
2021.19464574, 49.5920394472615, 128.707987308382, 103.587409973145, 2009603, 2, 88
2021.19464574, 49.5919441082999, 128.707972541396, 103.673851013184, 2009603, 2, 60
2021.19464574, 49.5918487628392, 128.707957747642, 103.763610839844, 2009603, 2, 60
2021.19464575, 49.5659861340807, 128.704107848498, 102.789344787598, 2009603, 2, 53
2021.19464575, 49.565903142879, 128.704095888377, 102.716316223145, 2009603, 2, 53
2021.19464575, 49.5658265162739, 128.704084858984, 102.699821472168, 2009603, 2, 53
2021.19464575, 49.5657498904208, 128.704073763699, 102.693237304688, 2009603, 2, 93
2021.19464575, 49.5656796436854, 128.704063586421, 102.712341308594, 2009603, 2, 93
2021.19464575, 49.5656030175372, 128.704052440797, 102.706413269043, 2009603, 2, 93
2021.19464575, 49.5655072313485, 128.70403850518, 102.731384277344, 2009603, 2, 93
2021.19464575, 49.5654178581847, 128.704025417735, 102.679824829102, 2009603, 2, 96
2021.19464575, 49.5653221134167, 128.704011380055, 102.707229614258, 2009603, 2, 96
2021.19464575, 49.5652327911735, 128.703998189405, 102.736877441406, 2009603, 2, 95
2021.19464575, 49.5651497376973, 128.703986084575, 102.846008300781, 2009603, 2, 95
2021.19464575, 49.5650669816471, 128.703973608293, 102.705947875977, 2009603, 2, 95
2021.19464575, 49.5649779049094, 128.70396009787, 102.689041137695, 2009603, 2, 94
2021.19464575, 49.5649015682234, 128.703948524712, 102.743644714355, 2009603, 2, 94
2021.19464575, 49.5647998261633, 128.703933034623, 102.721229553223, 2009603, 2, 94
2021.19464575, 49.564704486087, 128.703918455278, 102.747253417969, 2009603, 2, 94
2021.19464575, 49.5645964456305, 128.70390197635, 102.714859008789, 2009603, 2, 94
2021.19464575, 49.5645074907527, 128.703888409733, 102.724098205566, 2009603, 2, 94
2021.19464575, 49.5644249068231, 128.703875791321, 102.731719970703, 2009603, 2, 94
2021.19464575, 49.5643423300347, 128.703863194527, 102.712516784668, 2009603, 2, 94
2021.19464575, 49.5642597356869, 128.703850685492, 102.710304260254, 2009603, 2, 94
2021.19464575, 49.5641835127771, 128.703839097858, 102.695556640625, 2009603, 2, 95
2021.19464575, 49.5641072908519, 128.703827541216, 102.671943664551, 2009603, 2, 95
2021.19464575, 49.5640246995721, 128.70381508749, 102.716972351074, 2009603, 2, 95
2021.19464575, 49.5639421054068, 128.703802661994, 102.746101379395, 2009603, 2, 95
2021.19464575, 49.5638532136531, 128.703789212872, 102.691757202148, 2009603, 2, 95
2021.19464575, 49.5637768643028, 128.703778004497, 102.684349060059, 2009603, 2, 95
2021.19464575, 49.5637196052786, 128.703769597832, 102.645690917969, 2009603, 2, 95
2021.19464585, 49.3656924240189, 128.674192478949, 125.629936218262, 2009603, 2, 71
2021.19464585, 49.3656157982558, 128.67418119279, 125.677703857422, 2009603, 2, 71
2021.19464585, 49.3655200858901, 128.674166806542, 125.640983581543, 2009603, 2, 71
2021.19464585, 49.3654243773018, 128.674152911986, 125.622116088867, 2009603, 2, 58
2021.19464585, 49.3652776742701, 128.674129593206, 125.642501831055, 2009603, 2, 58
2021.19464756, 45.9297286822856, 128.18232099334, 104.664840698242, 2009603, 2, 71
2021.19464756, 45.9296463771078, 128.18230795803, 104.641906738281, 2009603, 2, 71
2021.19464756, 45.9295640735582, 128.182294912884, 104.641990661621, 2009603, 2, 71
2021.19464756, 45.9294880996972, 128.18228288168, 104.670913696289, 2009603, 2, 80
2021.19464756, 45.9293804712955, 128.182265816601, 104.668991088867, 2009603, 2, 80
2021.19464757, 45.9292855036965, 128.182250781955, 104.659034729004, 2009603, 2, 80
2021.19464757, 45.9291715331533, 128.182232783854, 104.689437866211, 2009603, 2, 71
2021.19464757, 45.9290638977666, 128.182215790121, 104.673614501953, 2009603, 2, 71
2021.19464757, 45.9289625884949, 128.182199834532, 104.698043823242, 2009603, 2, 71
2021.19464757, 45.9288802770618, 128.182186875341, 104.679222106934, 2009603, 2, 71
2021.19464757, 45.9288042971794, 128.182174918597, 104.71800994873, 2009603, 2, 71
2021.19464757, 45.9286966595382, 128.18215799178, 104.691474914551, 2009603, 2, 71
2021.19464757, 45.9286143802518, 128.18214517147, 104.698165893555, 2009603, 2, 71
2021.19464757, 45.9285067865538, 128.182128355613, 104.682884216309, 2009603, 2, 71
2021.19464757, 45.9284054883423, 128.182112619938, 104.683479309082, 2009603, 2, 80
2021.19464757, 45.9283041846119, 128.18209682447, 104.717910766602, 2009603, 2, 80
2021.19464757, 45.9282091874748, 128.182082034634, 104.691421508789, 2009603, 2, 87
2021.19464757, 45.9281141630442, 128.182067241223, 104.707893371582, 2009603, 2, 87
2021.19464757, 45.9280127734553, 128.182051456235, 104.700080871582, 2009603, 2, 87
2021.19464757, 45.9279303607886, 128.182038641146, 104.671340942383, 2009603, 2, 90
2021.19464757, 45.9278479295968, 128.182025793621, 104.660423278809, 2009603, 2, 90
2021.19464757, 45.9277718177551, 128.182013923437, 104.657135009766, 2009603, 2, 90
2021.19464757, 45.9276702961623, 128.181998073469, 104.69425201416, 2009603, 2, 91
2021.19464757, 45.9275750708666, 128.181983243133, 104.65941619873, 2009603, 2, 91
2021.19464757, 45.9274607538437, 128.181965444741, 104.69596862793, 2009603, 2, 91
2021.19464757, 45.9273590883789, 128.181949409429, 104.677978515625, 2009603, 2, 91
2021.19464757, 45.9272446637917, 128.181931348581, 104.659164428711, 2009603, 2, 91
2021.19464757, 45.9271556200787, 128.181917351619, 104.663566589355, 2009603, 2, 91
2021.19464757, 45.9270665379199, 128.181903387606, 104.681846618652, 2009603, 2, 91
2021.19464757, 45.9269583289304, 128.181886457722, 104.692077636719, 2009603, 2, 93
2021.19464757, 45.9268564310868, 128.181870618565, 104.685317993164, 2009603, 2, 93
2021.19464757, 45.9267481432799, 128.181853803389, 104.711372375488, 2009603, 2, 92
2021.19464757, 45.9266461785871, 128.181838091321, 104.676063537598, 2009603, 2, 92
2021.19464757, 45.926525057663, 128.181819564538, 104.654136657715, 2009603, 2, 92
2021.19464757, 45.9264357838164, 128.181806008351, 104.690589904785, 2009603, 2, 93
2021.19464757, 45.9263528776784, 128.181793477261, 104.671073913574, 2009603, 2, 93
2021.19464757, 45.9262635891059, 128.181780040129, 104.655151367188, 2009603, 2, 93
2021.19464757, 45.9261679350866, 128.181765668575, 104.720153808594, 2009603, 2, 93
2021.19464757, 45.9260594061157, 128.18174978466, 104.662467956543, 2009603, 2, 93
2021.19464757, 45.9259445099758, 128.181733049856, 104.681159973145, 2009603, 2, 93
2021.19464757, 45.9258424217927, 128.181718181196, 104.674583435059, 2009603, 2, 93
2021.19464757, 45.9257531159477, 128.181705224048, 104.676239013672, 2009603, 2, 93
2021.19464757, 45.9256447467428, 128.181689403362, 104.700531005859, 2009603, 2, 94
2021.19464757, 45.9255491677168, 128.181675477437, 104.688102722168, 2009603, 2, 94
2021.19464757, 45.9254345665102, 128.181658652572, 104.669509887695, 2009603, 2, 93
2021.19464757, 45.9253137001909, 128.181640790312, 104.678611755371, 2009603, 2, 93
2021.19464757, 45.9252183541135, 128.18162662382, 104.683410644531, 2009603, 2, 93
2021.19464757, 45.9251103808578, 128.181610448201, 104.676467895508, 2009603, 2, 93
2021.19464757, 45.9249961545316, 128.181593197402, 104.681289672852, 2009603, 2, 93
2021.19464757, 45.9249073313978, 128.181579752726, 104.677192687988, 2009603, 2, 93
2021.19464757, 45.9248251129681, 128.181566847704, 104.679763793945, 2009603, 2, 93
2021.19464757, 45.924736608839, 128.181552875627, 104.676963806152, 2009603, 2, 93
2021.19464757, 45.9246544381043, 128.18153990442, 104.707214355469, 2009603, 2, 93
2021.19464757, 45.9245596532541, 128.181524869781, 104.683784484863, 2009603, 2, 93
2021.19464757, 45.9244585704863, 128.181508732727, 104.700973510742, 2009603, 2, 92
2021.19464757, 45.9243511393238, 128.18149165482, 104.690780639648, 2009603, 2, 93
2021.19464757, 45.9242436862806, 128.181474543592, 104.701904296875, 2009603, 2, 93
2021.19464757, 45.9241488330217, 128.181459487385, 104.688743591309, 2009603, 2, 93
2021.19464757, 45.924053939643, 128.181444427028, 104.700126647949, 2009603, 2, 93
2021.19464757, 45.9239716539957, 128.181431421788, 104.703926086426, 2009603, 2, 92
2021.19464757, 45.9238766362414, 128.181416514342, 104.695434570312, 2009603, 2, 92
2021.19464757, 45.923781557112, 128.181401640352, 104.709732055664, 2009603, 2, 92
2021.19464757, 45.9236738217469, 128.181384703824, 104.851570129395, 2009603, 2, 92
2021.19464757, 45.9235593159167, 128.181367403269, 104.831123352051, 2009603, 2, 92
2021.19464757, 45.9234638085886, 128.181353135694, 104.787475585938, 2009603, 2, 90
2021.19464757, 45.9233491463882, 128.18133600451, 104.869003295898, 2009603, 2, 90
2021.19464757, 45.9232344449215, 128.181318873542, 104.780868530273, 2009603, 2, 90
2021.19464757, 45.9231196929148, 128.181301814455, 104.785270690918, 2009603, 2, 90
2021.19464757, 45.9229985802528, 128.181283710725, 104.719032287598, 2009603, 2, 89
2021.19464757, 45.9229093390555, 128.181270375128, 104.71314239502, 2009603, 2, 89
2021.19464757, 45.922794634377, 128.181253165242, 104.742340087891, 2009603, 2, 89
2021.19464757, 45.9226927307377, 128.181237745127, 104.742988586426, 2009603, 2, 90
2021.19464757, 45.9225845090156, 128.181221323772, 104.72966003418, 2009603, 2, 90
2021.19464757, 45.9225145159623, 128.181210667462, 104.692100524902, 2009603, 2, 90
2021.19464757, 45.9224509328554, 128.181200890996, 104.707168579102, 2009603, 2, 61
2021.19464757, 45.9223873414038, 128.181191272863, 104.720886230469, 2009603, 2, 61
2021.19464508, 50.891152779657, 128.860342847821, 172.536041259766, 2009603, 3, 87
2021.19464508, 50.8906508338796, 128.860265092548, 172.537033081055, 2009603, 3, 91
2021.19464508, 50.8902900624028, 128.860207769532, 172.66389465332, 2009603, 3, 90
2021.19464574, 49.5757403009001, 128.662063045066, 103.01830291748, 2009603, 3, 66
2021.19464574, 49.5754282740706, 128.662017138918, 103.062431335449, 2009603, 3, 95
2021.19464574, 49.5750340054197, 128.661959072607, 103.129661560059, 2009603, 3, 96
2021.19464574, 49.5743214737164, 128.661854929648, 104.305809020996, 2009603, 3, 67
2021.19464574, 49.5727083507996, 128.661621429059, 104.194023132324, 2009603, 3, 52
2021.19464574, 49.5714913803469, 128.661443438536, 104.260353088379, 2009603, 3, 67
2021.19464574, 49.5710892215246, 128.661384937536, 103.195045471191, 2009603, 3, 93
2021.19464574, 49.570713048517, 128.661330429667, 103.209503173828, 2009603, 3, 95
2021.19464574, 49.5703820597701, 128.661282091866, 103.200149536133, 2009603, 3, 95
2021.19464574, 49.5700963656396, 128.661240157227, 103.18888092041, 2009603, 3, 95
2021.19464574, 49.5698488970991, 128.661203625089, 103.203346252441, 2009603, 3, 95
2021.19464574, 49.5695569730008, 128.661160494798, 103.170188903809, 2009603, 3, 95
2021.19464574, 49.5692711414702, 128.661118072849, 103.19361114502, 2009603, 3, 95
2021.19464574, 49.5690548788748, 128.661085908386, 103.23169708252, 2009603, 3, 95
2021.19464574, 49.568806409243, 128.661049054193, 103.175704956055, 2009603, 3, 95
2021.19464574, 49.5685768105102, 128.661015137917, 103.196960449219, 2009603, 3, 95
2021.19464574, 49.5683214980422, 128.660977751618, 103.677879333496, 2009603, 3, 94
2021.19464756, 45.9142682766827, 128.139772884622, 104.811370849609, 2009603, 3, 72
2021.19464756, 45.9139625295486, 128.139728160251, 104.759223937988, 2009603, 3, 91
2021.19464756, 45.9135547326253, 128.139668264283, 104.809463500977, 2009603, 3, 93
2021.19464756, 45.9131470883625, 128.139607663073, 104.783081054688, 2009603, 3, 92
2021.19464756, 45.9127591671478, 128.139549252383, 104.759315490723, 2009603, 3, 92
2021.19464756, 45.9123783185537, 128.139491298605, 104.766677856445, 2009603, 3, 92
2021.19464756, 45.9119541640593, 128.139426016798, 104.778167724609, 2009603, 3, 94
2021.19464756, 45.9115553667375, 128.139364661904, 104.762664794922, 2009603, 3, 94
2021.19464756, 45.9111117228562, 128.139296832604, 104.757873535156, 2009603, 3, 93
2021.19464756, 45.9106285881716, 128.139223974273, 104.802665710449, 2009603, 3, 94
2021.19464756, 45.9101644706369, 128.139154182266, 104.779220581055, 2009603, 3, 94
2021.19464756, 45.909815192409, 128.13910146234, 104.7578125, 2009603, 3, 93
2021.19464756, 45.9094413811116, 128.139044550741, 104.773994445801, 2009603, 3, 83
2021.19464757, 45.9090677825746, 128.138987406766, 104.772720336914, 2009603, 3, 84
2021.19464757, 45.9086877294904, 128.138929228192, 104.775772094727, 2009603, 3, 91
2021.19464757, 45.9083325685475, 128.138874802161, 104.794174194336, 2009603, 3, 93
2021.19464757, 45.9079325182414, 128.13881372479, 104.810012817383, 2009603, 3, 91
2021.19464757, 45.907595713543, 128.138762385182, 104.79328918457, 2009603, 3, 93
2021.19464757, 45.9072715363842, 128.138713076983, 104.760673522949, 2009603, 3, 93
2021.19464757, 45.9069028184066, 128.138657094183, 104.765647888184, 2009603, 3, 92
2021.19464757, 45.9064965060983, 128.138595302907, 104.78182220459, 2009603, 3, 92
2021.19464757, 45.9059960194724, 128.138518689694, 104.817581176758, 2009603, 3, 92
2021.19464757, 45.9056106049312, 128.138459235744, 104.827209472656, 2009603, 3, 91
2021.19464757, 45.905199513873, 128.138395739873, 104.838691711426, 2009603, 3, 72
2021.19464575, 49.5762403336065, 128.660906821278, 102.968589782715, 2009603, 4, 62
2021.19464575, 49.5761255056415, 128.660889343296, 102.997581481934, 2009603, 4, 62
2021.19464575, 49.5760043873339, 128.660870661646, 103.032012939453, 2009603, 4, 62
2021.19464575, 49.57589607989, 128.660853927578, 103.009841918945, 2009603, 4, 88
2021.19464575, 49.5757814922711, 128.660836042786, 103.017547607422, 2009603, 4, 88
2021.19464575, 49.575666991077, 128.660818148155, 103.023368835449, 2009603, 4, 96
2021.19464575, 49.575565404695, 128.660802009704, 103.026809692383, 2009603, 4, 96
2021.19464575, 49.5754575164368, 128.660784937169, 103.03311920166, 2009603, 4, 94
2021.19464575, 49.5753496841561, 128.660767851844, 103.096099853516, 2009603, 4, 94
2021.19464575, 49.5752418761898, 128.660750913977, 103.49739074707, 2009603, 4, 93
2021.19464575, 49.5751277864086, 128.660732849534, 103.729873657227, 2009603, 4, 93
2021.19464575, 49.5750327144389, 128.660717964334, 103.926765441895, 2009603, 4, 93
2021.19464575, 49.5749249811082, 128.660701105049, 103.981231689453, 2009603, 4, 67
2021.19464575, 49.5748045704868, 128.660682379102, 104.115577697754, 2009603, 4, 67
2021.19464575, 49.5729401768686, 128.660408563854, 104.191719055176, 2009603, 4, 52
2021.19464575, 49.5728188078271, 128.660390847379, 104.20915222168, 2009603, 4, 52
2021.19464575, 49.5726782198089, 128.660370348291, 104.206649780273, 2009603, 4, 52
2021.19464575, 49.5725759382048, 128.660355456949, 104.199729919434, 2009603, 4, 52
2021.19464575, 49.5724416592028, 128.660335957359, 104.202568054199, 2009603, 4, 52
2021.19464575, 49.5722945750987, 128.660314524094, 104.223587036133, 2009603, 4, 52
2021.19464575, 49.5721858492942, 128.660298711641, 104.222785949707, 2009603, 4, 51
2021.19464575, 49.5720899208908, 128.66028470894, 104.247528076172, 2009603, 4, 51
2021.19464575, 49.5719748023348, 128.660267983355, 104.192100524902, 2009603, 4, 57
2021.19464575, 49.571846892322, 128.660249471436, 104.24488067627, 2009603, 4, 59
2021.19464575, 49.5717444956874, 128.660234809281, 104.299224853516, 2009603, 4, 85
2021.19464575, 49.5716293477965, 128.660218250316, 104.290023803711, 2009603, 4, 85
2021.19464575, 49.5715206455501, 128.660202578867, 104.198165893555, 2009603, 4, 85
2021.19464575, 49.5713162070494, 128.660172899651, 103.489974975586, 2009603, 4, 85
2021.19464575, 49.5711885578118, 128.660154290107, 103.238059997559, 2009603, 4, 95
2021.19464575, 49.5710673833642, 128.66013656697, 103.235397338867, 2009603, 4, 95
2021.19464575, 49.5709526832521, 128.660119693533, 103.282737731934, 2009603, 4, 95
2021.19464575, 49.5708189765822, 128.660099925668, 103.277191162109, 2009603, 4, 95
2021.19464575, 49.5706981206946, 128.660081876398, 103.246841430664, 2009603, 4, 95
2021.19464575, 49.5705773454225, 128.660063819737, 103.207702636719, 2009603, 4, 95
2021.19464575, 49.5704568983506, 128.66004546966, 103.156921386719, 2009603, 4, 95
2021.19464575, 49.570355492517, 128.660030016138, 103.219802856445, 2009603, 4, 95
2021.19464575, 49.5702604365532, 128.660015498956, 103.20938873291, 2009603, 4, 95
2021.19464575, 49.5701527172328, 128.659998898261, 103.226943969727, 2009603, 4, 95
2021.19464575, 49.5700259668723, 128.659979283133, 103.176223754883, 2009603, 4, 95
2021.19464575, 49.5699181798512, 128.65996261044, 103.176086425781, 2009603, 4, 96
2021.19464575, 49.5698230321551, 128.65994783336, 103.138114929199, 2009603, 4, 96
2021.19464575, 49.5697151420807, 128.659931030634, 103.185623168945, 2009603, 4, 96
2021.19464575, 49.5696071699737, 128.659914265201, 103.187469482422, 2009603, 4, 96
2021.19464575, 49.5694863974637, 128.659895526517, 103.210990905762, 2009603, 4, 96
2021.19464575, 49.569391220637, 128.659880738532, 103.224273681641, 2009603, 4, 96
2021.19464575, 49.5692826685465, 128.659863929622, 103.208320617676, 2009603, 4, 96
2021.19464575, 49.569142093818, 128.659842250772, 103.209571838379, 2009603, 4, 96
2021.19464575, 49.5690078598878, 128.659821587614, 103.226104736328, 2009603, 4, 96
2021.19464575, 49.5688736065701, 128.659801069553, 103.213928222656, 2009603, 4, 95
2021.19464575, 49.5687457901741, 128.659781570797, 103.239677429199, 2009603, 4, 95
2021.19464575, 49.568637194966, 128.659765079899, 103.207954406738, 2009603, 4, 95
2021.19464575, 49.5685286554357, 128.659748745262, 103.287437438965, 2009603, 4, 95
2021.19464575, 49.5683755561813, 128.659725899983, 104.202247619629, 2009603, 4, 95
2021.19464575, 49.5682927105793, 128.659713565974, 104.128288269043, 2009603, 4, 95
2021.19464575, 49.5681654212638, 128.659694425139, 103.615951538086, 2009603, 4, 95
2021.19464575, 49.5680870633418, 128.659682831849, 103.446388244629, 2009603, 4, 95
2021.19464757, 45.9138908685016, 128.138208446271, 104.845077514648, 2009603, 4, 83
2021.19464757, 45.9137325239393, 128.138184422023, 104.72779083252, 2009603, 4, 88
2021.19464757, 45.9135614363495, 128.138158286401, 104.737655639648, 2009603, 4, 88
2021.19464757, 45.9134155915426, 128.138135824593, 104.739143371582, 2009603, 4, 88
2021.19464757, 45.913288674067, 128.138116076832, 104.732002258301, 2009603, 4, 88
2021.19464757, 45.9131806895638, 128.138099284382, 104.742172241211, 2009603, 4, 91
2021.19464757, 45.9130599134169, 128.13808025326, 104.739936828613, 2009603, 4, 91
2021.19464757, 45.9129453687729, 128.138062211385, 104.784637451172, 2009603, 4, 92
2021.19464757, 45.9128115954035, 128.138041015009, 104.75212097168, 2009603, 4, 92
2021.19464757, 45.912671422142, 128.138018879698, 104.750442504883, 2009603, 4, 92
2021.19464757, 45.9125499225265, 128.13799905061, 104.750541687012, 2009603, 4, 92
2021.19464757, 45.9124411351746, 128.13798128896, 104.758392333984, 2009603, 4, 93
2021.19464757, 45.9122938821218, 128.137957302066, 104.759384155273, 2009603, 4, 93
2021.19464757, 45.9121529717982, 128.137934644586, 104.757904052734, 2009603, 4, 93
2021.19464757, 45.9120312749593, 128.137915297614, 104.793838500977, 2009603, 4, 93
2021.19464757, 45.9119032026868, 128.137895223184, 104.783920288086, 2009603, 4, 94
2021.19464757, 45.9117687980342, 128.137874448106, 104.785293579102, 2009603, 4, 94
2021.19464757, 45.9116280851758, 128.137853231183, 104.743156433105, 2009603, 4, 93
2021.19464757, 45.9115066749775, 128.137835228063, 104.792556762695, 2009603, 4, 93
2021.19464757, 45.9113916778634, 128.137817972413, 104.757736206055, 2009603, 4, 93
2021.19464757, 45.9112324860946, 128.137796313423, 104.770477294922, 2009603, 4, 94
2021.19464757, 45.9110798588026, 128.137775867739, 104.753547668457, 2009603, 4, 94
2021.19464758, 45.9109528156522, 128.137758887629, 104.73844909668, 2009603, 4, 94
2021.19464758, 45.910794162224, 128.137737637004, 104.783164978027, 2009603, 4, 93
2021.19464758, 45.9106419920143, 128.137717007038, 104.77433013916, 2009603, 4, 92
2021.19464758, 45.9104772697771, 128.13769410854, 104.699783325195, 2009603, 4, 93
2021.19464758, 45.9103759458395, 128.137679743513, 104.772438049316, 2009603, 4, 93
2021.19464758, 45.9102493289893, 128.137661343629, 104.776847839355, 2009603, 4, 93
2021.19464758, 45.9100911134265, 128.137637925165, 104.735015869141, 2009603, 4, 93
2021.19464758, 45.9099581397891, 128.137616394785, 104.774719238281, 2009603, 4, 93
2021.19464758, 45.9098378100526, 128.137596650559, 104.746292114258, 2009603, 4, 93
2021.19464758, 45.9097111522072, 128.137575513661, 104.797134399414, 2009603, 4, 93
2021.19464758, 45.9095908117009, 128.137555244629, 104.762313842773, 2009603, 4, 93
2021.19464758, 45.9094641172968, 128.1375338467, 104.738693237305, 2009603, 4, 93
2021.19464758, 45.909331046833, 128.137511499588, 104.803756713867, 2009603, 4, 93
2021.19464758, 45.9091662383926, 128.137484077593, 104.803581237793, 2009603, 4, 87
2021.19464758, 45.9090267516854, 128.137461143281, 104.785827636719, 2009603, 4, 87
2021.19464758, 45.908899903586, 128.137440667837, 104.747627258301, 2009603, 4, 78
2021.19464758, 45.9087920511622, 128.137423548945, 104.785781860352, 2009603, 4, 78
2021.19464758, 45.9086968474009, 128.137409240904, 104.804016113281, 2009603, 4, 80
2021.19464758, 45.9085889144596, 128.137393324531, 104.783622741699, 2009603, 4, 80
2021.19464758, 45.9085000123685, 128.137380391774, 104.805786132812, 2009603, 4, 80
2021.19464758, 45.9083983974675, 128.137365715484, 104.791313171387, 2009603, 4, 84
2021.19464758, 45.9082713467531, 128.137347629084, 104.82933807373, 2009603, 4, 84
2021.19464758, 45.9081442823483, 128.13732959509, 104.776901245117, 2009603, 4, 88
2021.19464758, 45.9079981353444, 128.137308910394, 104.829238891602, 2009603, 4, 88
2021.19464758, 45.9078392367343, 128.137286467104, 104.777946472168, 2009603, 4, 88
2021.19464758, 45.9076485092155, 128.137259324104, 104.776557922363, 2009603, 4, 90
2021.19464758, 45.9075149700788, 128.1372400611, 104.776657104492, 2009603, 4, 91
2021.19464758, 45.9074260082022, 128.137226737476, 104.777938842773, 2009603, 4, 91
2021.19464758, 45.9072988672912, 128.137207601641, 104.785018920898, 2009603, 4, 91
2021.19464758, 45.9071398618594, 128.137183416286, 104.789375305176, 2009603, 4, 90
2021.19464758, 45.9069934430109, 128.137161167801, 104.827102661133, 2009603, 4, 91
2021.19464758, 45.9068723971234, 128.137142692226, 104.805229187012, 2009603, 4, 91
2021.19464758, 45.9067640190672, 128.137126118298, 104.76309967041, 2009603, 4, 91
2021.19464758, 45.9066172564715, 128.137103722776, 104.792846679688, 2009603, 4, 92
2021.19464758, 45.9064767353535, 128.137082374828, 104.789863586426, 2009603, 4, 93
2021.19464758, 45.9062785584035, 128.137052260168, 104.784729003906, 2009603, 4, 93
2021.19464758, 45.9061054947852, 128.137026835584, 104.768356323242, 2009603, 4, 92
2021.19464758, 45.9059643986468, 128.137006142741, 104.792808532715, 2009603, 4, 92
2021.19464758, 45.9058745927196, 128.136992967638, 104.735916137695, 2009603, 4, 92
2021.19464758, 45.9057783539213, 128.136978905787, 104.768180847168, 2009603, 4, 92
2021.19464758, 45.9056308198291, 128.136957192861, 104.79931640625, 2009603, 4, 93
2021.19464758, 45.9054961348516, 128.136937431561, 104.820648193359, 2009603, 4, 91
2021.19464758, 45.9053487184945, 128.136915606284, 104.825843811035, 2009603, 4, 91
2021.19464758, 45.9051950180037, 128.136892670085, 104.852333068848, 2009603, 4, 91
2021.19464758, 45.9050286193777, 128.136867790614, 104.857810974121, 2009603, 4, 91
2021.19464758, 45.9048626652076, 128.136842095547, 104.814010620117, 2009603, 4, 77
2021.19464283, 55.3981624950249, 129.542630790891, 635.901062011719, 2007672, 5, 66
2021.19464288, 55.3072030474628, 129.526782359076, 580.326416015625, 2007672, 5, 91
2021.19464288, 55.3066637128398, 129.526689681013, 580.299499511719, 2007672, 5, 88
2021.19464288, 55.3061354850537, 129.526603669872, 580.074768066406, 2007672, 5, 69
2021.19464292, 55.2195384632359, 129.512055114188, 538.385864257812, 2007672, 5, 64
2021.19464508, 50.8897271604905, 128.814066984572, 170.88639831543, 2009603, 5, 71
2021.19464573, 49.5961548587239, 128.620248845026, 104.40909576416, 2009603, 5, 90
2021.19464573, 49.5957880938436, 128.620192036889, 104.523681640625, 2009603, 5, 86
2021.19464573, 49.5954403771087, 128.620138702978, 104.587829589844, 2009603, 5, 78
2021.19464573, 49.5947104842487, 128.620031834027, 104.594673156738, 2009603, 5, 66
2021.19464573, 49.5943408095058, 128.619980163328, 104.630615234375, 2009603, 5, 63
2021.19464573, 49.5940476130394, 128.619939127177, 104.690399169922, 2009603, 5, 63
2021.19464573, 49.5937292774448, 128.619894031234, 104.686935424805, 2009603, 5, 64
2021.19464573, 49.5933737684076, 128.619842130024, 104.75936126709, 2009603, 5, 73
2021.19464573, 49.5930568940214, 128.619795382591, 104.754150390625, 2009603, 5, 86
2021.19464573, 49.5927656752737, 128.619752335368, 104.267684936523, 2009603, 5, 95
2021.19464573, 49.5924872063666, 128.619711270782, 104.045516967773, 2009603, 5, 97
2021.19464573, 49.5920885449481, 128.619653860761, 104.023063659668, 2009603, 5, 97
2021.19464573, 49.5917145414947, 128.619600523043, 104.044929504395, 2009603, 5, 97
2021.19464573, 49.5913269479727, 128.619545720575, 104.101585388184, 2009603, 5, 97
2021.19464573, 49.5909763954529, 128.619496119476, 104.217994689941, 2009603, 5, 97
2021.19464573, 49.5906063077997, 128.619443208481, 104.06941986084, 2009603, 5, 97
2021.19464573, 49.590192197539, 128.619383112996, 104.041275024414, 2009603, 5, 96
2021.19464573, 49.589861899956, 128.619334065127, 104.00415802002, 2009603, 5, 96
2021.19464573, 49.5895391699243, 128.619285184518, 104.018005371094, 2009603, 5, 97
2021.19464573, 49.5892356850531, 128.619239288675, 104.069107055664, 2009603, 5, 96
2021.19464573, 49.5889193879682, 128.619191710541, 104.021881103516, 2009603, 5, 96
2021.19464573, 49.5885644405739, 128.619139473098, 104.012023925781, 2009603, 5, 96
2021.19464573, 49.5882084011469, 128.619088313786, 103.996444702148, 2009603, 5, 97
2021.19464573, 49.5878962386072, 128.61904363237, 104.165077209473, 2009603, 5, 97
2021.19464573, 49.5875900761906, 128.618999495026, 104.031372070312, 2009603, 5, 97
2021.19464573, 49.585772216218, 128.618731577865, 104.604202270508, 2009603, 5, 69
2021.19464574, 49.5829246585271, 128.618318359825, 104.755500793457, 2009603, 5, 62
2021.19464574, 49.582341687382, 128.618233473448, 104.027137756348, 2009603, 5, 96
2021.19464574, 49.5818171991074, 128.618159672267, 103.95149230957, 2009603, 5, 96
2021.19464574, 49.5814432627221, 128.618106424009, 103.95809173584, 2009603, 5, 96
2021.19464574, 49.5810423677715, 128.618048806421, 103.935852050781, 2009603, 5, 96
2021.19464574, 49.5807284509235, 128.618002103323, 103.940330505371, 2009603, 5, 96
2021.19464574, 49.5804079412185, 128.617954164428, 103.943481445312, 2009603, 5, 96
2021.19464574, 49.5800624648755, 128.617902784483, 103.897644042969, 2009603, 5, 93
2021.19464574, 49.5798008273766, 128.617864255659, 106.775581359863, 2009603, 5, 73
2021.19464575, 49.5597060318648, 128.614943859748, 110.171875, 167395, 5, 88
2021.19464575, 49.5593766867811, 128.61489266861, 110.152450561523, 167395, 5, 89
2021.19464575, 49.5590972918927, 128.614849085996, 109.954147338867, 167395, 5, 89
2021.19464575, 49.5588111228812, 128.614805216755, 109.851448059082, 167395, 5, 88
2021.19464575, 49.5584990603489, 128.614758444593, 109.905258178711, 167395, 5, 89
2021.19464575, 49.5581611204635, 128.614708903387, 109.909698486328, 167395, 5, 89
2021.19464575, 49.5578739457284, 128.614668555227, 109.893661499023, 167395, 5, 90
2021.19464575, 49.5575484227571, 128.614623004395, 109.845672607422, 167395, 5, 87
2021.19464575, 49.5571464297343, 128.614565855758, 109.838897705078, 167395, 5, 89
2021.19464575, 49.5567702365625, 128.614510381273, 109.799018859863, 167395, 5, 89
2021.19464575, 49.5564263082602, 128.614456942133, 109.900749206543, 167395, 5, 68
2021.19464583, 49.3878725365961, 128.589665969658, 130.427001953125, 2009603, 5, 64
2021.19464756, 45.9218629997903, 128.099195340733, 105.049789428711, 2009603, 5, 85
2021.19464756, 45.9214169501092, 128.099132420878, 105.07145690918, 2009603, 5, 88
2021.19464756, 45.9210405004388, 128.09908087685, 105.049339294434, 2009603, 5, 86
2021.19464756, 45.9206776567848, 128.099030069626, 105.023178100586, 2009603, 5, 80
2021.19464756, 45.9203479714053, 128.098982034508, 105.041236877441, 2009603, 5, 67
2021.19464756, 45.9111032784867, 128.09759468743, 105.013130187988, 2009603, 5, 71
2021.19464757, 45.910734890745, 128.097538609313, 104.969032287598, 2009603, 5, 83
2021.19464757, 45.9104049115702, 128.097487995673, 104.969993591309, 2009603, 5, 88
2021.19464757, 45.9100374600489, 128.097431310877, 105.045753479004, 2009603, 5, 89
2021.19464757, 45.9096512943504, 128.097371815078, 105.000526428223, 2009603, 5, 88
2021.19464757, 45.9092838397774, 128.097315551928, 105.020652770996, 2009603, 5, 86
2021.19464757, 45.9089348917043, 128.097262622744, 104.998687744141, 2009603, 5, 89
2021.19464757, 45.908578814309, 128.097209247335, 104.988189697266, 2009603, 5, 91
2021.19464757, 45.9081975569034, 128.097151671452, 105.007568359375, 2009603, 5, 92
2021.19464757, 45.9078360161485, 128.097096150955, 105.029830932617, 2009603, 5, 92
2021.19464757, 45.9074946304004, 128.097042562211, 105.004821777344, 2009603, 5, 92
2021.19464757, 45.9071158883372, 128.096982795614, 105.019638061523, 2009603, 5, 91
2021.19464757, 45.9067114405601, 128.09692027451, 105.044746398926, 2009603, 5, 90
2021.19464757, 45.9062993097376, 128.096859123206, 105.024589538574, 2009603, 5, 87
2021.19464757, 45.9060194150744, 128.096819117852, 104.971115112305, 2009603, 5, 77
2021.19464757, 45.9056692192075, 128.096768995057, 104.995330810547, 2009603, 5, 51
2021.19464285, 55.397911066222, 129.541398450999, 635.855895996094, 2007672, 6, 55
2021.19464285, 55.3977652463677, 129.541373100411, 635.8349609375, 2007672, 6, 55
2021.19464289, 55.311420314796, 129.526167100658, 582.716491699219, 2007672, 6, 58
2021.19464289, 55.3113137181134, 129.526149519916, 582.694458007812, 2007672, 6, 58
2021.19464289, 55.3112006742592, 129.526130894028, 582.639465332031, 2007672, 6, 75
2021.19464289, 55.3110873862277, 129.526112498369, 582.556884765625, 2007672, 6, 75
2021.19464289, 55.3109488191758, 129.526089959235, 582.386291503906, 2007672, 6, 85
2021.19464289, 55.3108153031106, 129.526068637102, 582.35498046875, 2007672, 6, 85
2021.19464289, 55.3106878680831, 129.526048157984, 582.242492675781, 2007672, 6, 88
2021.19464289, 55.3104258712037, 129.526006564016, 581.859313964844, 2007672, 6, 87
2021.19464289, 55.3102978131661, 129.525986445475, 581.718322753906, 2007672, 6, 87
2021.19464289, 55.3101440848325, 129.525962021095, 581.472473144531, 2007672, 6, 76
2021.19464289, 55.3100095709418, 129.525940543598, 581.043640136719, 2007672, 6, 76
2021.19464293, 55.2290668315682, 129.51210900097, 540.94189453125, 2007672, 6, 86
2021.19464293, 55.2287609942891, 129.512054161581, 540.725280761719, 2007672, 6, 86
2021.19464293, 55.2284301135461, 129.511994943868, 540.590759277344, 2007672, 6, 74
2021.19464293, 55.2211881348269, 129.51069087328, 538.837280273438, 2007672, 6, 84
2021.19464293, 55.220863420086, 129.510633422964, 538.646362304688, 2007672, 6, 52
2021.19464465, 51.7722497115835, 128.948441087009, 160.549880981445, 2009603, 6, 86
2021.19464466, 51.7665052215034, 128.947533710352, 160.391830444336, 2009603, 6, 79
2021.19464466, 51.765958504658, 128.947450516755, 160.928115844727, 2009603, 6, 67
2021.19464574, 49.5956825445159, 128.618964242612, 104.881362915039, 2009603, 6, 55
2021.19464574, 49.5955740233889, 128.618948007215, 104.727668762207, 2009603, 6, 55
2021.19464574, 49.5954719860534, 128.618932788299, 104.76685333252, 2009603, 6, 55
2021.19464574, 49.5953700429537, 128.618917754554, 104.7421875, 2009603, 6, 55
2021.19464574, 49.5952554835989, 128.618900937788, 104.673988342285, 2009603, 6, 55
2021.19464574, 49.595141223091, 128.618884348378, 104.572830200195, 2009603, 6, 66
2021.19464574, 49.5950461224958, 128.618870485508, 104.531616210938, 2009603, 6, 66
2021.19464574, 49.5949447604925, 128.618855891365, 104.609230041504, 2009603, 6, 76
2021.19464574, 49.5948498171861, 128.618842254552, 104.65892791748, 2009603, 6, 76
2021.19464574, 49.5947612569278, 128.618829651755, 104.686981201172, 2009603, 6, 76
2021.19464574, 49.5946601207881, 128.618815214799, 104.669136047363, 2009603, 6, 76
2021.19464574, 49.5945779980997, 128.618803424095, 104.659477233887, 2009603, 6, 76
2021.19464574, 49.5944832741458, 128.61878989261, 104.614860534668, 2009603, 6, 72
2021.19464574, 49.5943948868745, 128.618777345073, 104.636177062988, 2009603, 6, 72
2021.19464574, 49.5943128292043, 128.618765676249, 104.608261108398, 2009603, 6, 72
2021.19464574, 49.5942244828144, 128.618753011885, 104.56568145752, 2009603, 6, 72
2021.19464574, 49.5941424344882, 128.618741340413, 104.525871276855, 2009603, 6, 72
2021.19464574, 49.5940414631161, 128.618726866628, 104.56307220459, 2009603, 6, 72
2021.19464574, 49.5939530653978, 128.618714237812, 104.661399841309, 2009603, 6, 69
2021.19464574, 49.593870940054, 128.618702630887, 104.730690002441, 2009603, 6, 69
2021.19464574, 49.5937888132356, 128.618690812494, 104.715049743652, 2009603, 6, 69
2021.19464574, 49.593694011097, 128.618677121378, 104.701225280762, 2009603, 6, 68
2021.19464574, 49.5936054685838, 128.61866442529, 104.718704223633, 2009603, 6, 68
2021.19464574, 49.5935105829515, 128.618650510004, 104.774063110352, 2009603, 6, 68
2021.19464574, 49.5934282642712, 128.618638667829, 104.76734161377, 2009603, 6, 70
2021.19464574, 49.5933395830144, 128.618625682029, 104.739387512207, 2009603, 6, 70
2021.19464574, 49.5932445052151, 128.618611650598, 104.762886047363, 2009603, 6, 79
2021.19464574, 49.5931683916857, 128.618600382228, 104.774833679199, 2009603, 6, 79
2021.19464574, 49.5930985643879, 128.618590133486, 104.799705505371, 2009603, 6, 79
2021.19464574, 49.5930033008095, 128.618575917329, 104.770149230957, 2009603, 6, 79
2021.19464574, 49.5929016001905, 128.618560727137, 104.727340698242, 2009603, 6, 90
2021.19464574, 49.5928252684022, 128.618549275434, 104.757202148438, 2009603, 6, 90
2021.19464574, 49.5927425512996, 128.618536715382, 104.719039916992, 2009603, 6, 95
2021.19464574, 49.5926660740752, 128.618525189359, 104.58479309082, 2009603, 6, 95
2021.19464574, 49.5925704551939, 128.618510409849, 104.357582092285, 2009603, 6, 95
2021.19464574, 49.5924045405318, 128.618484985716, 104.03345489502, 2009603, 6, 96
2021.19464574, 49.5923215194803, 128.618472241872, 104.062171936035, 2009603, 6, 96
2021.19464574, 49.5922384500505, 128.618459629095, 104.098251342773, 2009603, 6, 96
2021.19464574, 49.5921553345406, 128.618447128746, 104.090766906738, 2009603, 6, 96
2021.19464574, 49.5920657921698, 128.618433703336, 104.090202331543, 2009603, 6, 96
2021.19464574, 49.591963416033, 128.618418432916, 104.088836669922, 2009603, 6, 96
2021.19464574, 49.5918482018232, 128.618401392216, 104.139640808105, 2009603, 6, 96
2021.19464574, 49.5917521598668, 128.6183873161, 104.072639465332, 2009603, 6, 96
2021.19464574, 49.5916689054852, 128.618375230929, 104.087982177734, 2009603, 6, 96
2021.19464574, 49.5915728360111, 128.618361352061, 104.202995300293, 2009603, 6, 96
2021.19464574, 49.5913806614936, 128.618334317166, 104.17268371582, 2009603, 6, 95
2021.19464574, 49.5912845974018, 128.618321014851, 104.144050598145, 2009603, 6, 95
2021.19464574, 49.5911821106398, 128.618307122426, 104.083724975586, 2009603, 6, 96
2021.19464574, 49.5910668246861, 128.618291552302, 104.133476257324, 2009603, 6, 96
2021.19464574, 49.5909643720401, 128.618277696544, 104.129852294922, 2009603, 6, 96
2021.19464574, 49.5908619378103, 128.618263829608, 104.216552734375, 2009603, 6, 96
2021.19464574, 49.5907659063597, 128.618250976931, 104.230995178223, 2009603, 6, 96
2021.19464574, 49.5906763117211, 128.618238808876, 104.155586242676, 2009603, 6, 96
2021.19464574, 49.5905803357464, 128.618225764076, 104.04044342041, 2009603, 6, 96
2021.19464574, 49.5905035558226, 128.618215400827, 104.027709960938, 2009603, 6, 96
2021.19464574, 49.5904076152296, 128.618202260979, 104.06037902832, 2009603, 6, 96
2021.19464574, 49.5903244764851, 128.618190907296, 104.071731567383, 2009603, 6, 96
2021.19464574, 49.5902349686989, 128.61817851796, 104.049926757812, 2009603, 6, 96
2021.19464574, 49.5901327116302, 128.618164203714, 104.060829162598, 2009603, 6, 96
2021.19464574, 49.5900560531883, 128.618153238653, 104.013946533203, 2009603, 6, 96
2021.19464574, 49.5899666328156, 128.618140379838, 104.065338134766, 2009603, 6, 97
2021.19464574, 49.5898836155478, 128.618128387369, 104.066947937012, 2009603, 6, 97
2021.19464574, 49.5898069846743, 128.618117341659, 104.015182495117, 2009603, 6, 97
2021.19464574, 49.5897112435267, 128.618103207393, 104.009956359863, 2009603, 6, 97
2021.19464574, 49.5896218746774, 128.618090126268, 104.02717590332, 2009603, 6, 97
2021.19464574, 49.5895389307405, 128.618077681427, 104.064186096191, 2009603, 6, 97
2021.19464574, 49.5894559812542, 128.618065331873, 104.033302307129, 2009603, 6, 96
2021.19464574, 49.5893858000341, 128.618054831138, 104.015808105469, 2009603, 6, 96
2021.19464574, 49.5892965044471, 128.618041292212, 104.031303405762, 2009603, 6, 96
2021.19464574, 49.5892072125351, 128.618027776162, 104.052543640137, 2009603, 6, 96
2021.19464574, 49.5891179398377, 128.618014116779, 104.054260253906, 2009603, 6, 96
2021.19464574, 49.5890222854287, 128.617999595302, 104.049346923828, 2009603, 6, 96
2021.19464574, 49.5889266748136, 128.617984973408, 104.082427978516, 2009603, 6, 98
2021.19464574, 49.5888437647756, 128.617972133854, 104.016082763672, 2009603, 6, 98
2021.19464574, 49.5887672382429, 128.617960275814, 104.006202697754, 2009603, 6, 98
2021.19464574, 49.5886843325688, 128.617947540682, 104.01293182373, 2009603, 6, 98
2021.19464574, 49.5886014465437, 128.617934768231, 104.044509887695, 2009603, 6, 98
2021.19464574, 49.5885058241781, 128.617920041229, 104.052909851074, 2009603, 6, 98
2021.19464574, 49.5883974766129, 128.617903388567, 104.069915771484, 2009603, 6, 97
2021.19464574, 49.5883082573987, 128.617889806471, 104.120216369629, 2009603, 6, 97
2021.19464574, 49.5882063305532, 128.61787422802, 104.065437316895, 2009603, 6, 97
2021.19464574, 49.5881298797395, 128.617862759972, 104.173767089844, 2009603, 6, 97
2021.19464574, 49.5880470750596, 128.617850362087, 104.281806945801, 2009603, 6, 97
2021.19464574, 49.587951575579, 128.617835939464, 104.332107543945, 2009603, 6, 98
2021.19464574, 49.5878433506169, 128.617819798782, 104.191040039062, 2009603, 6, 98
2021.19464574, 49.5877351464698, 128.617803793223, 104.179733276367, 2009603, 6, 96
2021.19464574, 49.5876142095591, 128.617786170024, 104.547798156738, 2009603, 6, 96
2021.19464574, 49.5875315716764, 128.617774436609, 104.815780639648, 2009603, 6, 96
2021.19464574, 49.5874425880052, 128.617761744441, 104.836563110352, 2009603, 6, 81
2021.19464574, 49.5873535816311, 128.617749248866, 104.839088439941, 2009603, 6, 64
2021.19464574, 49.5872645811555, 128.617736615786, 104.860778808594, 2009603, 6, 64
2021.19464574, 49.5859766814926, 128.617548600571, 105.296966552734, 2009603, 6, 64
2021.19464574, 49.5857529936709, 128.617514491256, 105.339874267578, 2009603, 6, 64
2021.19464575, 49.5854020841141, 128.617461586242, 105.001670837402, 2009603, 6, 51
2021.19464575, 49.5853001645967, 128.61744656729, 105.137336730957, 2009603, 6, 51
2021.19464575, 49.5852047048731, 128.617432539692, 105.225204467773, 2009603, 6, 51
2021.19464575, 49.5851028156879, 128.617417531396, 105.38516998291, 2009603, 6, 51
2021.19464575, 49.5850141741488, 128.617404977995, 105.562599182129, 2009603, 6, 51
2021.19464575, 49.583167773489, 128.617140494278, 104.81761932373, 2009603, 6, 51
2021.19464575, 49.5830012376855, 128.617115174093, 104.696517944336, 2009603, 6, 51
2021.19464575, 49.5828797536789, 128.617096505897, 104.603340148926, 2009603, 6, 84
2021.19464575, 49.5827202153357, 128.617071972843, 104.050201416016, 2009603, 6, 96
2021.19464575, 49.5826050549509, 128.617054253882, 103.822486877441, 2009603, 6, 96
2021.19464575, 49.5825418054287, 128.617044663332, 103.87020111084, 2009603, 6, 96
2021.19464575, 49.5824091459629, 128.617024672185, 103.900207519531, 2009603, 6, 96
2021.19464575, 49.5822451371727, 128.616999919924, 103.836975097656, 2009603, 6, 96
2021.19464575, 49.5821190527619, 128.616980963617, 103.810516357422, 2009603, 6, 96
2021.19464575, 49.5819929418138, 128.616962131392, 103.894554138184, 2009603, 6, 96
2021.19464575, 49.5818730318693, 128.616944504618, 103.884216308594, 2009603, 6, 96
2021.19464575, 49.5817593344486, 128.616927637955, 103.858909606934, 2009603, 6, 96
2021.19464575, 49.5816391105863, 128.616910100741, 103.89013671875, 2009603, 6, 96
2021.19464575, 49.5815186660959, 128.616892580663, 103.952659606934, 2009603, 6, 96
2021.19464575, 49.5814106764242, 128.616876977252, 103.927406311035, 2009603, 6, 96
2021.19464575, 49.5812963848566, 128.616860348448, 103.901748657227, 2009603, 6, 96
2021.19464575, 49.5811809009667, 128.616843984374, 103.936805725098, 2009603, 6, 97
2021.19464575, 49.5810909476199, 128.616831203668, 103.888793945312, 2009603, 6, 97
2021.19464575, 49.5810137672282, 128.616820205895, 103.832305908203, 2009603, 6, 97
2021.19464575, 49.5809107600666, 128.616805661958, 103.907867431641, 2009603, 6, 96
2021.19464575, 49.5808076992924, 128.616790977705, 103.893974304199, 2009603, 6, 96
2021.19464575, 49.5807239423812, 128.616779002222, 103.903923034668, 2009603, 6, 96
2021.19464575, 49.5806401636338, 128.616767203113, 103.900634765625, 2009603, 6, 96
2021.19464575, 49.5805370908541, 128.616752527846, 103.848541259766, 2009603, 6, 96
2021.19464575, 49.5804533902438, 128.616740563178, 103.843467712402, 2009603, 6, 82
2021.19464575, 49.5803697568347, 128.616728473408, 103.848388671875, 2009603, 6, 82
2021.19464575, 49.5802797452198, 128.616715624422, 103.811592102051, 2009603, 6, 82
2021.19464576, 49.5606614798835, 128.613812568637, 109.903694152832, 167395, 6, 59
2021.19464576, 49.5605470368318, 128.61379557095, 110.058662414551, 167395, 6, 59
2021.19464576, 49.5604264322244, 128.613777546525, 110.16934967041, 167395, 6, 69
2021.19464576, 49.5602996717679, 128.613758598168, 110.176338195801, 167395, 6, 69
2021.19464576, 49.5601920461835, 128.613742730021, 110.212547302246, 167395, 6, 78
2021.19464576, 49.560084577199, 128.613726589458, 110.174591064453, 167395, 6, 78
2021.19464576, 49.5599771982206, 128.613710616309, 110.146545410156, 167395, 6, 87
2021.19464576, 49.5598699061821, 128.613694666473, 110.186584472656, 167395, 6, 87
2021.19464576, 49.5597627003122, 128.613678649661, 110.153015136719, 167395, 6, 87
2021.19464576, 49.5596743931383, 128.613665531591, 110.143463134766, 167395, 6, 88
2021.19464576, 49.559586224284, 128.613652455876, 110.156715393066, 167395, 6, 88
2021.19464576, 49.5595043684898, 128.613640254769, 110.193115234375, 167395, 6, 88
2021.19464576, 49.5593910242279, 128.61362336152, 110.053466796875, 167395, 6, 89
2021.19464576, 49.5592902491314, 128.613608321369, 109.948707580566, 167395, 6, 89
2021.19464576, 49.5592020225148, 128.613595252529, 109.858139038086, 167395, 6, 90
2021.19464576, 49.559101127657, 128.613580343768, 109.856315612793, 167395, 6, 90
2021.19464576, 49.5589812054804, 128.61356268827, 109.832618713379, 167395, 6, 90
2021.19464576, 49.5588674597806, 128.613546016899, 109.83219909668, 167395, 6, 90
2021.19464576, 49.5587409096796, 128.613527503954, 109.829093933105, 167395, 6, 92
2021.19464576, 49.5586205052457, 128.613509932422, 109.872947692871, 167395, 6, 92
2021.19464576, 49.5584935548869, 128.613491544264, 109.883094787598, 167395, 6, 93
2021.19464576, 49.55837915946, 128.613475119107, 109.890266418457, 167395, 6, 93
2021.19464576, 49.5582579984194, 128.613457657005, 109.920501708984, 167395, 6, 93
2021.19464576, 49.5581302616278, 128.613439488325, 109.910995483398, 167395, 6, 92
2021.19464576, 49.5580279779322, 128.613424796806, 109.924179077148, 167395, 6, 92
2021.19464576, 49.5579255995104, 128.613410249667, 109.840866088867, 167395, 6, 91
2021.19464576, 49.5578103481636, 128.61339387259, 109.841117858887, 167395, 6, 91
2021.19464576, 49.5576886468099, 128.613376504636, 109.794723510742, 167395, 6, 91
2021.19464576, 49.5575540945645, 128.613357336311, 109.827377319336, 167395, 6, 91
2021.19464576, 49.5574195562279, 128.613338093685, 109.83056640625, 167395, 6, 91
2021.19464576, 49.557317080874, 128.613323365112, 109.839332580566, 167395, 6, 91
2021.19464576, 49.5571890461434, 128.613304951793, 109.826042175293, 167395, 6, 89
2021.19464576, 49.5570802894294, 128.613289182384, 109.872383117676, 167395, 6, 89
2021.19464576, 49.5569333488193, 128.613267894606, 109.85262298584, 167395, 6, 89
2021.19464576, 49.5568057284055, 128.61324917801, 109.854484558105, 167395, 6, 90
2021.19464576, 49.5566845943759, 128.613231531919, 109.881301879883, 167395, 6, 87
2021.19464576, 49.55656998218, 128.613214574484, 109.919006347656, 167395, 6, 87
2021.19464576, 49.5564618306868, 128.613198613753, 109.890693664551, 167395, 6, 73
2021.19464576, 49.5563347500071, 128.613179625217, 109.930450439453, 167395, 6, 73
2021.19464576, 49.5562014416553, 128.613159811766, 109.929695129395, 167395, 6, 63
2021.19464576, 49.5560746411141, 128.613140617746, 109.910118103027, 167395, 6, 63
2021.19464576, 49.5559605975627, 128.61312350881, 109.883140563965, 167395, 6, 64
2021.19464576, 49.5558529252459, 128.613107115585, 109.844375610352, 167395, 6, 64
2021.19464584, 49.3888082615926, 128.588495966106, 130.436172485352, 2009603, 6, 61
2021.19464584, 49.388732095238, 128.588484860438, 130.506149291992, 2009603, 6, 69
2021.19464584, 49.3886559585292, 128.588473753794, 130.515563964844, 2009603, 6, 69
2021.19464584, 49.3885798786866, 128.588462396463, 130.460968017578, 2009603, 6, 69
2021.19464584, 49.3885164821896, 128.588453033178, 130.39958190918, 2009603, 6, 69
2021.19464757, 45.9227412155133, 128.09784432727, 105.049743652344, 2009603, 6, 60
2021.19464757, 45.9226391634502, 128.097828600768, 105.063369750977, 2009603, 6, 60
2021.19464757, 45.922530819143, 128.097811658544, 105.086250305176, 2009603, 6, 60
2021.19464757, 45.9224225251906, 128.097794830855, 105.047546386719, 2009603, 6, 77
2021.19464757, 45.9223270211458, 128.097779990163, 105.074188232422, 2009603, 6, 77
2021.19464757, 45.9222315799918, 128.097765040488, 105.070434570312, 2009603, 6, 84
2021.19464757, 45.9221171041215, 128.097747136762, 105.053588867188, 2009603, 6, 87
2021.19464757, 45.9220217182664, 128.097732240613, 105.097534179688, 2009603, 6, 87
2021.19464757, 45.9219264626026, 128.097717289771, 105.061729431152, 2009603, 6, 86
2021.19464757, 45.921831235928, 128.097702369037, 105.072853088379, 2009603, 6, 86
2021.19464757, 45.921723350047, 128.097685440851, 105.109367370605, 2009603, 6, 86
2021.19464757, 45.9216281645746, 128.097670603571, 105.096382141113, 2009603, 6, 86
2021.19464757, 45.9215266386645, 128.097654870276, 105.094749450684, 2009603, 6, 86
2021.19464757, 45.9214251293524, 128.09763904417, 105.099456787109, 2009603, 6, 83
2021.19464757, 45.9213299453492, 128.097624392974, 105.077568054199, 2009603, 6, 83
2021.19464757, 45.9212411094032, 128.097610651728, 105.107040405273, 2009603, 6, 74
2021.19464757, 45.9211459181134, 128.097595950922, 105.237731933594, 2009603, 6, 74
2021.19464757, 45.9210570440362, 128.09758235292, 105.199478149414, 2009603, 6, 74
2021.19464758, 45.9124419081911, 128.096276291119, 105.180229187012, 2009603, 6, 58
2021.19464758, 45.912327854012, 128.096259585175, 105.087852478027, 2009603, 6, 58
2021.19464758, 45.9122073199452, 128.096242067136, 105.113906860352, 2009603, 6, 70
2021.19464758, 45.9120993661753, 128.096226266888, 105.051689147949, 2009603, 6, 70
2021.19464758, 45.9119913010524, 128.096210324505, 105.02906036377, 2009603, 6, 80
2021.19464758, 45.9118834778499, 128.096194391687, 105.058219909668, 2009603, 6, 80
2021.19464758, 45.9117811719677, 128.096179010623, 105.046562194824, 2009603, 6, 80
2021.19464758, 45.9116787731974, 128.096163661882, 105.040657043457, 2009603, 6, 86
2021.19464758, 45.9115763393489, 128.096148046667, 105.051483154297, 2009603, 6, 86
2021.19464758, 45.9114738768479, 128.0961323777, 105.051475524902, 2009603, 6, 86
2021.19464758, 45.9113713972109, 128.096116781798, 105.042251586914, 2009603, 6, 86
2021.19464758, 45.9112689756565, 128.096100898711, 105.037139892578, 2009603, 6, 86
2021.19464758, 45.9111601912772, 128.096084122316, 105.016395568848, 2009603, 6, 86
2021.19464758, 45.9110578948235, 128.096068241116, 105.055847167969, 2009603, 6, 86
2021.19464758, 45.9109492981414, 128.096051444192, 105.071731567383, 2009603, 6, 87
2021.19464758, 45.9108344849372, 128.096033429405, 105.070770263672, 2009603, 6, 87
2021.19464758, 45.9107325459081, 128.096017571185, 105.03515625, 2009603, 6, 88
2021.19464758, 45.9106371066429, 128.096002705465, 105.07152557373, 2009603, 6, 88
2021.19464758, 45.9105353396882, 128.095986823779, 105.044204711914, 2009603, 6, 90
2021.19464758, 45.9104279545546, 128.095969906236, 105.047561645508, 2009603, 6, 90
2021.19464758, 45.9103269703174, 128.095954154811, 105.052146911621, 2009603, 6, 90
2021.19464758, 45.9102260553246, 128.095938481392, 105.073974609375, 2009603, 6, 91
2021.19464758, 45.9101314808647, 128.09592385624, 105.058387756348, 2009603, 6, 91
2021.19464758, 45.9100306163268, 128.095908258838, 105.03303527832, 2009603, 6, 91
2021.19464758, 45.9099045022251, 128.095888871727, 105.040161132812, 2009603, 6, 89
2021.19464758, 45.9097909217102, 128.095871560119, 105.058563232422, 2009603, 6, 89
2021.19464758, 45.9096709127116, 128.095853365898, 105.026870727539, 2009603, 6, 91
2021.19464758, 45.9095444051461, 128.09583441568, 105.079765319824, 2009603, 6, 91
2021.19464758, 45.9094366939052, 128.095818502104, 105.087089538574, 2009603, 6, 90
2021.19464758, 45.9093291602516, 128.095802472608, 105.105049133301, 2009603, 6, 90
2021.19464758, 45.9092334277867, 128.095788652922, 105.061904907227, 2009603, 6, 90
2021.19464758, 45.9091247919281, 128.095772927454, 105.033500671387, 2009603, 6, 90
2021.19464758, 45.9090352041796, 128.095760137721, 105.040588378906, 2009603, 6, 90
2021.19464758, 45.9089583590147, 128.095749120977, 105.035850524902, 2009603, 6, 90
2021.19464758, 45.908855827389, 128.095734431774, 105.050666809082, 2009603, 6, 90
2021.19464758, 45.9087596248438, 128.095720816168, 105.046318054199, 2009603, 6, 90
2021.19464758, 45.908650586364, 128.095705130646, 105.049514770508, 2009603, 6, 91
2021.19464758, 45.9085607443939, 128.0956924429, 105.013031005859, 2009603, 6, 91
2021.19464758, 45.9084709336163, 128.095679514136, 105.015045166016, 2009603, 6, 90
2021.19464758, 45.9082721092861, 128.095651105382, 105.029167175293, 2009603, 6, 90
2021.19464758, 45.9081823805325, 128.095638208753, 105.039268493652, 2009603, 6, 93
2021.19464758, 45.9080927194187, 128.095625166158, 105.028259277344, 2009603, 6, 93
2021.19464758, 45.9079902393872, 128.095610267397, 105.068435668945, 2009603, 6, 93
2021.19464758, 45.9078755144753, 128.095593456145, 105.049865722656, 2009603, 6, 93
2021.19464758, 45.907779980287, 128.095579358222, 105.038940429688, 2009603, 6, 93
2021.19464758, 45.9076717732926, 128.095563216024, 105.080749511719, 2009603, 6, 92
2021.19464758, 45.9075699664156, 128.095548001806, 105.053352355957, 2009603, 6, 92
2021.19464758, 45.9074681945656, 128.095532593479, 105.020706176758, 2009603, 6, 90
2021.19464758, 45.9073727701774, 128.095518274985, 105.069343566895, 2009603, 6, 90
2021.19464758, 45.9072709849531, 128.095502863694, 105.044921875, 2009603, 6, 90
2021.19464758, 45.9071564593139, 128.0954854084, 105.017227172852, 2009603, 6, 87
2021.19464758, 45.9070482539554, 128.095468871808, 105.03409576416, 2009603, 6, 87
2021.19464758, 45.906946366236, 128.09545328746, 105.072486877441, 2009603, 6, 77
2021.19464758, 45.906863533489, 128.09544066765, 105.047821044922, 2009603, 6, 77
2021.19464758, 45.9067745295932, 128.09542719786, 104.998756408691, 2009603, 6, 77
2021.19464758, 45.9066849922649, 128.09541322323, 105.048461914062, 2009603, 6, 65
2021.19464758, 45.9066017906058, 128.095400455519, 105.029441833496, 2009603, 6, 65
2021.19464758, 45.9065185685742, 128.095387671176, 105.056930541992, 2009603, 6, 65
2021.19464758, 45.9064289280286, 128.095373885485, 105.045227050781, 2009603, 6, 55
2021.19464758, 45.9063392647986, 128.095360271731, 105.075080871582, 2009603, 6, 55
