2019.70585983, 49.1873083069981, 120.31897233159, 627.753967285156, 2009588, 1, 84
2019.70585983, 49.1875243870839, 120.318935336908, 627.769592285156, 2009588, 1, 61
2019.70585983, 49.1877341587334, 120.318899360214, 627.760314941406, 2009588, 1, 61
2019.70586036, 50.2616865868877, 120.157587258221, 566.136596679688, 2009588, 1, 81
2019.70585984, 49.1880500687233, 120.319755979268, 627.810424804688, 2009588, 2, 52
2019.70585984, 49.1880883517377, 120.319749828619, 627.785705566406, 2009588, 2, 85
2019.70585984, 49.1881329964021, 120.319742404965, 627.832763671875, 2009588, 2, 85
2019.70585984, 49.1881649114478, 120.319737278941, 627.824157714844, 2009588, 2, 85
2019.70585984, 49.1882031944668, 120.319730955906, 627.86962890625, 2009588, 2, 85
2019.70585984, 49.1882478492387, 120.319723463684, 627.851745605469, 2009588, 2, 85
2019.70585984, 49.1882861518745, 120.319717220943, 627.876586914062, 2009588, 2, 85
2019.70585984, 49.1883244402733, 120.319710820362, 627.84912109375, 2009588, 2, 85
2019.70585984, 49.18836911589, 120.31970338209, 627.882995605469, 2009588, 2, 85
2019.70585984, 49.1884137888722, 120.319695890335, 627.914489746094, 2009588, 2, 85
2019.70585984, 49.1884648641828, 120.319687506915, 627.916076660156, 2009588, 2, 85
2019.70586037, 50.2632866896468, 120.159119211051, 566.216796875, 2009588, 2, 61
2019.70586037, 50.2633377179695, 120.15911266328, 566.188354492188, 2009588, 2, 61
2019.70586037, 50.2633759880482, 120.159107750259, 566.1416015625, 2009588, 2, 61
2019.70586037, 50.2634206132544, 120.1591018353, 566.212524414062, 2009588, 2, 61
2019.70586037, 50.26345888986, 120.159097015729, 566.184020996094, 2009588, 2, 61
2019.70585984, 49.2160166297095, 120.358722725397, 629.851013183594, 2009588, 3, 70
2019.70586038, 50.3004534964114, 120.197811954478, 571.719543457031, 2009588, 3, 61
2019.70586038, 50.3007272200189, 120.197774225293, 571.738952636719, 2009588, 3, 61
2019.70586038, 50.3010007861583, 120.197736556033, 571.748168945312, 2009588, 3, 68
2019.70586038, 50.3012359719047, 120.197704211845, 571.699645996094, 2009588, 3, 68
2019.70586038, 50.3013947169218, 120.197682253662, 571.698974609375, 2009588, 3, 72
2019.70586038, 50.3015534497887, 120.197660381981, 571.729675292969, 2009588, 3, 57
2019.70586099, 51.5190185474356, 120.010254284912, 458.131439208984, 2009603, 3, 68
2019.70586099, 51.5191644447236, 120.010228481541, 458.12744140625, 2009603, 3, 79
2019.70586099, 51.5193104226952, 120.01020278283, 458.122375488281, 2009603, 3, 83
2019.70586099, 51.5194565071569, 120.010176994251, 458.105010986328, 2009603, 3, 83
2019.70586099, 51.5195965443273, 120.01015227179, 458.141082763672, 2009603, 3, 89
2019.70586099, 51.5197366430011, 120.010127588706, 458.110473632812, 2009603, 3, 89
2019.70586099, 51.5198895179602, 120.01010072266, 458.091003417969, 2009603, 3, 89
2019.70586099, 51.5200169301972, 120.010078277376, 458.091827392578, 2009603, 3, 92
2019.70586099, 51.5201570647514, 120.010053733064, 458.074676513672, 2009603, 3, 92
2019.70586099, 51.5202971650382, 120.010029176204, 458.075714111328, 2009603, 3, 90
2019.70586099, 51.5204372102138, 120.010004696301, 458.070190429688, 2009603, 3, 90
2019.70586099, 51.52060261518, 120.009975891137, 458.088897705078, 2009603, 3, 92
2019.70586099, 51.5207995880402, 120.009941642653, 458.107238769531, 2009603, 3, 92
2019.70586099, 51.5209582039646, 120.009914061954, 458.059783935547, 2009603, 3, 92
2019.70586099, 51.5211040487019, 120.009888795776, 458.036315917969, 2009603, 3, 85
2019.70586099, 51.5212434929118, 120.009864693812, 458.049041748047, 2009603, 3, 85
2019.70585985, 49.2165537141299, 120.360032718561, 629.936706542969, 2009588, 4, 74
2019.70585985, 49.2167384397347, 120.360009569687, 629.93212890625, 2009588, 4, 74
2019.70586039, 50.3022743724026, 120.198791216326, 571.734069824219, 2009588, 4, 66
2019.70586039, 50.302331123408, 120.19878220107, 571.76416015625, 2009588, 4, 66
2019.70586039, 50.3023944369765, 120.198771808447, 571.71044921875, 2009588, 4, 66
2019.70586039, 50.3024451215177, 120.198763615565, 571.746398925781, 2009588, 4, 66
2019.70586039, 50.3025021705702, 120.198754430243, 571.746459960938, 2009588, 4, 82
2019.70586039, 50.3025592256489, 120.198745119635, 571.748596191406, 2009588, 4, 82
2019.70586039, 50.3026226279671, 120.19873463835, 571.780883789062, 2009588, 4, 82
2019.70586039, 50.3026924068555, 120.198723184379, 571.762390136719, 2009588, 4, 82
2019.70586039, 50.302755869028, 120.198712776908, 571.759155273438, 2009588, 4, 78
2019.70586039, 50.3028193315213, 120.19870220616, 571.782531738281, 2009588, 4, 78
2019.70586039, 50.3028701272636, 120.198693853896, 571.7509765625, 2009588, 4, 78
2019.70586039, 50.3029272662771, 120.198684280388, 571.771911621094, 2009588, 4, 78
2019.70586039, 50.3029780709684, 120.198675793225, 571.733825683594, 2009588, 4, 78
2019.70586039, 50.3030352393732, 120.198666262913, 571.758911132812, 2009588, 4, 57
2019.70586039, 50.3030860559415, 120.198657740616, 571.762512207031, 2009588, 4, 57
2019.70586039, 50.3031305507202, 120.198650455064, 571.768188476562, 2009588, 4, 57
2019.70586039, 50.303181367118, 120.198641803459, 571.747009277344, 2009588, 4, 57
2019.70586039, 50.303225853361, 120.198634376902, 571.75, 2009588, 4, 57
2019.705861, 51.5203091643347, 120.011319092338, 458.053283691406, 2009603, 4, 61
2019.705861, 51.5203664311833, 120.011310800034, 458.004791259766, 2009603, 4, 61
2019.705861, 51.5204237238266, 120.011302559162, 458.02587890625, 2009603, 4, 61
2019.705861, 51.5204810294161, 120.011294228954, 458.018585205078, 2009603, 4, 61
2019.705861, 51.5205256217891, 120.011287800151, 458.000274658203, 2009603, 4, 61
2019.705861, 51.5205638935283, 120.011282273706, 458.006683349609, 2009603, 4, 61
2019.705861, 51.5206021127699, 120.011276763989, 458.009948730469, 2009603, 4, 61
2019.705861, 51.5206403513694, 120.01127135648, 458.014526367188, 2009603, 4, 61
2019.705861, 51.5206722334749, 120.01126691246, 457.999359130859, 2009603, 4, 61
2019.705861, 51.5207104896804, 120.011261501083, 458.016540527344, 2009603, 4, 61
2019.705861, 51.5207487430967, 120.011255994124, 458.003845214844, 2009603, 4, 61
2019.705861, 51.5207870174179, 120.011250585631, 457.978942871094, 2009603, 4, 88
2019.705861, 51.5208189184543, 120.011246076842, 458.000640869141, 2009603, 4, 92
2019.705861, 51.5208572068994, 120.011240681234, 458.01123046875, 2009603, 4, 92
2019.705861, 51.520889124759, 120.011236197996, 457.973602294922, 2009603, 4, 92
2019.705861, 51.520921045338, 120.011231702888, 458.010101318359, 2009603, 4, 92
2019.705861, 51.5209529804339, 120.011227268409, 457.972839355469, 2009603, 4, 92
2019.705861, 51.5209913034579, 120.011221910074, 458.043792724609, 2009603, 4, 92
2019.705861, 51.5210296287873, 120.011216502229, 458.045562744141, 2009603, 4, 91
2019.705861, 51.5210679554004, 120.011211065414, 458.053985595703, 2009603, 4, 91
2019.705861, 51.5211062932294, 120.011205641395, 458.013946533203, 2009603, 4, 91
2019.705861, 51.5211446420109, 120.01120025798, 458.014556884766, 2009603, 4, 91
2019.705861, 51.5211830098956, 120.011194966114, 458.037811279297, 2009603, 4, 91
2019.705861, 51.5212213768029, 120.011189616057, 458.028137207031, 2009603, 4, 91
2019.705861, 51.5212597414824, 120.011184203519, 458.018188476562, 2009603, 4, 91
2019.705861, 51.5213108962273, 120.011176941669, 458.050994873047, 2009603, 4, 91
2019.705861, 51.5213556831718, 120.011170730814, 458.039337158203, 2009603, 4, 91
2019.705861, 51.5214004581485, 120.011164363728, 457.971405029297, 2009603, 4, 91
2019.705861, 51.5214388633264, 120.011159078258, 457.990051269531, 2009603, 4, 91
2019.705861, 51.5214772475705, 120.011153601543, 457.965118408203, 2009603, 4, 91
2019.705861, 51.5215156571379, 120.011148307668, 457.99951171875, 2009603, 4, 90
2019.705861, 51.5215604613026, 120.011142019522, 457.968688964844, 2009603, 4, 90
2019.705861, 51.5215988533783, 120.011136512967, 457.978607177734, 2009603, 4, 90
2019.705861, 51.5216436666653, 120.011130250082, 457.978942871094, 2009603, 4, 90
2019.705861, 51.5216820789496, 120.011124865318, 457.974975585938, 2009603, 4, 90
2019.705861, 51.5217204857855, 120.011119444042, 457.981079101562, 2009603, 4, 90
2019.705861, 51.5217589121462, 120.011114149745, 457.976287841797, 2009603, 4, 89
2019.705861, 51.5218037253989, 120.011107834671, 457.974853515625, 2009603, 4, 89
2019.705861, 51.5218548818597, 120.011100646921, 457.969635009766, 2009603, 4, 89
2019.705861, 51.521893338403, 120.011095279171, 457.975677490234, 2009603, 4, 89
2019.705861, 51.5219381918133, 120.011088954317, 457.983123779297, 2009603, 4, 89
2019.705861, 51.5219830329597, 120.011082532757, 457.976898193359, 2009603, 4, 89
2019.705861, 51.5220278692282, 120.011076110847, 457.960479736328, 2009603, 4, 62
2019.705861, 51.5220727254848, 120.011069891415, 457.961395263672, 2009603, 4, 62
2019.705861, 51.5221175590624, 120.011063540665, 457.946075439453, 2009603, 4, 62
2019.705861, 51.5221559813952, 120.011058117589, 457.946411132812, 2009603, 4, 62
2019.705861, 51.5221943939548, 120.011052645255, 457.953063964844, 2009603, 4, 62
2019.705861, 51.5222328065454, 120.011047233648, 457.914276123047, 2009603, 4, 62
2019.70586039, 50.3275211450691, 120.239133393027, 574.537109375, 2009588, 5, 58
2019.70586039, 50.3288482275061, 120.238912280807, 574.470886230469, 2009588, 5, 71
2019.70586039, 50.3292045407785, 120.238852803191, 574.508911132812, 2009588, 5, 51
2019.70586103, 51.6066037087499, 120.04424463072, 452.472076416016, 2009603, 5, 63
2019.70586103, 51.6067307520964, 120.044221743985, 452.472229003906, 2009603, 5, 63
2019.70586103, 51.6068577711881, 120.044198962415, 452.437622070312, 2009603, 5, 71
2019.70586103, 51.6069911062523, 120.044175186379, 452.465850830078, 2009603, 5, 71
2019.70586103, 51.6071688177213, 120.044143645422, 452.433135986328, 2009603, 5, 71
2019.70586103, 51.6074032463751, 120.04410265843, 452.413024902344, 2009603, 5, 80
2019.70586103, 51.6075804569766, 120.04407195211, 452.380950927734, 2009603, 5, 84
2019.70586103, 51.6077577150626, 120.044041312661, 452.3916015625, 2009603, 5, 88
2019.70586103, 51.6079541115867, 120.044007241289, 452.358306884766, 2009603, 5, 88
2019.70586103, 51.6080872794504, 120.043984014067, 452.349853515625, 2009603, 5, 92
2019.70586103, 51.6082269236801, 120.043959504025, 452.3681640625, 2009603, 5, 92
2019.70586103, 51.6083985005391, 120.043929215859, 452.353729248047, 2009603, 5, 92
2019.70586103, 51.6085384669637, 120.043904293151, 452.347839355469, 2009603, 5, 92
2019.70586103, 51.6087044478682, 120.04387408794, 452.333709716797, 2009603, 5, 92
2019.70586103, 51.6088641609044, 120.043844860179, 452.341278076172, 2009603, 5, 90
2019.70586103, 51.6089983598028, 120.043820252325, 452.271850585938, 2009603, 5, 90
2019.70586103, 51.6091133991499, 120.043799064779, 452.265991210938, 2009603, 5, 89
2019.70586103, 51.6092411867878, 120.043775564978, 452.262725830078, 2009603, 5, 89
2019.70586103, 51.6093689250047, 120.043752087095, 452.280822753906, 2009603, 5, 84
2019.70586103, 51.6115613703112, 120.043356663831, 452.119964599609, 2009603, 5, 51
2019.70586103, 51.6116759329906, 120.043335645618, 452.128784179688, 2009603, 5, 51
2019.70586103, 51.6117904374437, 120.043314618705, 452.117523193359, 2009603, 5, 75
2019.70586103, 51.6119048779676, 120.043293549667, 452.136627197266, 2009603, 5, 75
2019.70586103, 51.6120192393917, 120.043272441318, 452.122283935547, 2009603, 5, 86
2019.70586103, 51.6122606097707, 120.043227806909, 452.097747802734, 2009603, 5, 68
2019.70586103, 51.6123807145817, 120.043205752659, 452.113311767578, 2009603, 5, 68
2019.70586103, 51.6124944222714, 120.04318480203, 452.094024658203, 2009603, 5, 68
2019.70586103, 51.6126143820904, 120.043162747373, 452.095336914062, 2009603, 5, 82
2019.70586103, 51.6127343183969, 120.043140621095, 452.107696533203, 2009603, 5, 82
2019.70586103, 51.6128605579091, 120.043117351035, 452.076477050781, 2009603, 5, 86
2019.70586103, 51.6129742057399, 120.043096337521, 452.075012207031, 2009603, 5, 86
2019.70586103, 51.6130942143394, 120.04307415283, 452.0791015625, 2009603, 5, 88
2019.70586103, 51.6132079847146, 120.043053046217, 452.068572998047, 2009603, 5, 88
2019.70586103, 51.6133218375042, 120.043031916448, 452.054138183594, 2009603, 5, 85
2019.70586103, 51.6134357994405, 120.043010697141, 452.057556152344, 2009603, 5, 85
2019.70586103, 51.6135497196206, 120.042989557597, 452.041839599609, 2009603, 5, 84
2019.70586103, 51.6136641359578, 120.042968097451, 452.007141113281, 2009603, 5, 84
2019.70586103, 51.6137913802477, 120.042944268268, 452.017150878906, 2009603, 5, 84
2019.70586103, 51.6139060006934, 120.042922740534, 452.023345947266, 2009603, 5, 84
2019.70586103, 51.614014318542, 120.042902428465, 452.011291503906, 2009603, 5, 84
2019.70586103, 51.6141354328208, 120.042879730093, 451.990234375, 2009603, 5, 84
2019.70586103, 51.6142565848588, 120.042857058563, 451.991668701172, 2009603, 5, 83
2019.70586103, 51.614390503968, 120.042832027329, 451.952972412109, 2009603, 5, 83
2019.70586103, 51.614511652997, 120.042809474848, 451.940490722656, 2009603, 5, 83
2019.70586103, 51.6146263934216, 120.042788152423, 451.958862304688, 2009603, 5, 83
2019.70586103, 51.614734715137, 120.042768103978, 451.950042724609, 2009603, 5, 83
2019.70586103, 51.6148493807292, 120.042746904515, 451.94287109375, 2009603, 5, 76
2019.70586103, 51.6149638602749, 120.042725924306, 451.945953369141, 2009603, 5, 76
2019.70586103, 51.6150782572373, 120.042705034973, 451.962951660156, 2009603, 5, 78
2019.70586103, 51.6151925810796, 120.042684180719, 451.967956542969, 2009603, 5, 78
2019.70586103, 51.615306824448, 120.042663386752, 451.974029541016, 2009603, 5, 87
2019.70586103, 51.6154209961054, 120.042642608567, 451.979400634766, 2009603, 5, 87
2019.70586103, 51.61552876043, 120.042622997584, 451.959991455078, 2009603, 5, 90
2019.70586103, 51.6156428003527, 120.042602248093, 451.960083007812, 2009603, 5, 90
2019.70586103, 51.6157821071321, 120.042576910882, 451.948760986328, 2009603, 5, 90
2019.70586103, 51.6159593229061, 120.042544529581, 451.998596191406, 2009603, 5, 90
2019.70585986, 49.2386120420847, 120.401539899872, 632.669860839844, 2009588, 6, 88
2019.7058604, 50.326633239275, 120.240095401034, 574.468444824219, 2009588, 6, 60
2019.7058604, 50.3266841334795, 120.240086822401, 574.484985351562, 2009588, 6, 60
2019.7058604, 50.3268430700625, 120.240060051519, 574.512390136719, 2009588, 6, 59
2019.7058604, 50.3269383545257, 120.240044094747, 574.516967773438, 2009588, 6, 59
2019.7058604, 50.3269955035793, 120.240034635193, 574.527587890625, 2009588, 6, 59
2019.7058604, 50.3272617740218, 120.239990530074, 574.491943359375, 2009588, 6, 59
2019.7058604, 50.3272934197336, 120.239985249702, 574.479736328125, 2009588, 6, 59
2019.7058604, 50.3273187397186, 120.239981104412, 574.499389648438, 2009588, 6, 59
2019.7058604, 50.3273566945354, 120.239974798546, 574.526672363281, 2009588, 6, 59
2019.7058604, 50.3273946375047, 120.239968519825, 574.49658203125, 2009588, 6, 59
2019.7058604, 50.3274262473483, 120.239963301528, 574.472961425781, 2009588, 6, 59
2019.7058604, 50.3274578420932, 120.239958068599, 574.467102050781, 2009588, 6, 59
2019.7058604, 50.3274894304436, 120.239952846433, 574.498718261719, 2009588, 6, 59
2019.7058604, 50.3275273199739, 120.239946566001, 574.5185546875, 2009588, 6, 54
2019.7058604, 50.3275715113607, 120.239939265234, 574.513061523438, 2009588, 6, 54
2019.7058604, 50.3276030631282, 120.23993404127, 574.483215332031, 2009588, 6, 54
2019.7058604, 50.3276346053222, 120.239928812772, 574.4794921875, 2009588, 6, 54
2019.7058604, 50.3276850507679, 120.239920444329, 574.503540039062, 2009588, 6, 54
2019.7058604, 50.3287285720501, 120.239743217055, 574.531433105469, 2009588, 6, 52
2019.7058604, 50.3288045283949, 120.239730223332, 574.522155761719, 2009588, 6, 55
2019.7058604, 50.3289817531818, 120.239699807916, 574.559204101562, 2009588, 6, 55
2019.7058604, 50.3291354585527, 120.23967378582, 574.547424316406, 2009588, 6, 58
2019.7058604, 50.3292445644656, 120.239655320874, 574.560424804688, 2009588, 6, 58
2019.70586104, 51.6072646563394, 120.044791379866, 452.416961669922, 2009603, 6, 61
2019.70586104, 51.6072962696081, 120.044785551828, 452.431701660156, 2009603, 6, 61
2019.70586104, 51.607327880496, 120.044779745353, 452.435150146484, 2009603, 6, 61
2019.70586104, 51.6073531774421, 120.044775158062, 452.438018798828, 2009603, 6, 61
2019.70586104, 51.6073847835308, 120.044769331976, 452.410980224609, 2009603, 6, 61
2019.70586104, 51.6074163934392, 120.044763545432, 452.425659179688, 2009603, 6, 61
2019.70586104, 51.6074480025717, 120.044757757219, 452.396850585938, 2009603, 6, 61
2019.70586104, 51.6074796128358, 120.044751983822, 452.400085449219, 2009603, 6, 61
2019.70586104, 51.6075112124769, 120.044746136271, 452.394073486328, 2009603, 6, 85
2019.70586104, 51.6075365063384, 120.044741553399, 452.385009765625, 2009603, 6, 85
2019.70586104, 51.6075681157304, 120.044735771435, 452.390350341797, 2009603, 6, 85
2019.70586104, 51.6076060443668, 120.044728796738, 452.395812988281, 2009603, 6, 85
2019.70586104, 51.6076376614068, 120.044723032122, 452.410491943359, 2009603, 6, 85
2019.70586104, 51.6076692870912, 120.044717304695, 452.414642333984, 2009603, 6, 85
2019.70586104, 51.6077072260547, 120.044710324564, 452.373718261719, 2009603, 6, 85
2019.70586104, 51.6077451797016, 120.044703409614, 452.427551269531, 2009603, 6, 85
2019.70586104, 51.6077831331213, 120.044696464566, 452.384918212891, 2009603, 6, 85
2019.70586104, 51.6078147810111, 120.044690761292, 452.429138183594, 2009603, 6, 85
2019.70586104, 51.6078464259312, 120.044685003203, 452.409637451172, 2009603, 6, 85
2019.70586104, 51.6078844058057, 120.044678085799, 452.439514160156, 2009603, 6, 85
2019.70586104, 51.6079223947488, 120.044671165903, 452.421203613281, 2009603, 6, 85
2019.70586104, 51.6079603890487, 120.044664224071, 452.424682617188, 2009603, 6, 85
2019.70586104, 51.6079983875487, 120.0446572513, 452.382293701172, 2009603, 6, 85
2019.70586104, 51.6080300801049, 120.044651553753, 452.408325195312, 2009603, 6, 86
2019.70586104, 51.6080680988446, 120.044644568831, 452.407470703125, 2009603, 6, 86
2019.70586104, 51.6081061368419, 120.044637627565, 452.365112304688, 2009603, 6, 86
2019.70586104, 51.6081378568007, 120.044631932122, 452.367401123047, 2009603, 6, 86
2019.70586104, 51.6081695736192, 120.044626157378, 452.384094238281, 2009603, 6, 86
2019.70586104, 51.6082076348432, 120.044619172785, 452.35888671875, 2009603, 6, 86
2019.70586104, 51.6082393775253, 120.044613433404, 452.365905761719, 2009603, 6, 86
2019.70586104, 51.6082774659485, 120.044606457101, 452.361694335938, 2009603, 6, 83
2019.70586104, 51.6083092215843, 120.044600671975, 452.351623535156, 2009603, 6, 83
2019.70586104, 51.6083407773345, 120.044595146156, 452.353820800781, 2009603, 6, 83
2019.70586104, 51.6083662648051, 120.044590492585, 452.348266601562, 2009603, 6, 83
2019.70586104, 51.6083981182507, 120.044584588505, 452.310638427734, 2009603, 6, 83
2019.70586104, 51.6084299788277, 120.044578690019, 452.355163574219, 2009603, 6, 83
2019.70586104, 51.6084618511383, 120.044572788595, 452.341247558594, 2009603, 6, 83
2019.70586104, 51.608487359162, 120.044568110207, 452.330871582031, 2009603, 6, 83
2019.70586104, 51.6085192499895, 120.044562248468, 452.352630615234, 2009603, 6, 85
2019.70586104, 51.6085511357503, 120.044556308006, 452.344635009766, 2009603, 6, 85
2019.70586104, 51.6085766647175, 120.04455166516, 452.354187011719, 2009603, 6, 85
2019.70586104, 51.6086085604094, 120.044545719178, 452.325073242188, 2009603, 6, 85
2019.70586104, 51.608634091873, 120.044541056789, 452.326904296875, 2009603, 6, 85
2019.70586104, 51.6086660086672, 120.044535192462, 452.324737548828, 2009603, 6, 85
2019.70586104, 51.608697921109, 120.044529270962, 452.330688476562, 2009603, 6, 85
2019.70586104, 51.608723464456, 120.044524606701, 452.312622070312, 2009603, 6, 85
2019.70586104, 51.6087553847485, 120.04451870172, 452.320159912109, 2009603, 6, 89
2019.70586104, 51.6087809339456, 120.044514053318, 452.325927734375, 2009603, 6, 89
2019.70586104, 51.608812863837, 120.044508182786, 452.314453125, 2009603, 6, 89
2019.70586104, 51.6088447874353, 120.044502273941, 452.301055908203, 2009603, 6, 89
2019.70586104, 51.6088703417126, 120.044497642216, 452.314605712891, 2009603, 6, 92
2019.70586104, 51.608902273188, 120.044491762836, 452.305419921875, 2009603, 6, 92
2019.70586104, 51.6089278274942, 120.044487131329, 452.327484130859, 2009603, 6, 92
2019.70586104, 51.6089597620882, 120.044481283044, 452.301727294922, 2009603, 6, 92
2019.70586104, 51.6089916929549, 120.044475418672, 452.303344726562, 2009603, 6, 92
2019.70586104, 51.6090172483435, 120.044470808018, 452.317718505859, 2009603, 6, 92
2019.70586104, 51.6090491757495, 120.044464949629, 452.314086914062, 2009603, 6, 92
2019.70586104, 51.6090747256833, 120.044460347254, 452.305480957031, 2009603, 6, 92
2019.70586104, 51.6091066485486, 120.044454486589, 452.294372558594, 2009603, 6, 92
2019.70586104, 51.6091321971416, 120.044449894047, 452.311279296875, 2009603, 6, 92
2019.70586104, 51.6091641186035, 120.044444080108, 452.318572998047, 2009603, 6, 92
2019.70586104, 51.6091960386952, 120.044438292476, 452.280181884766, 2009603, 6, 92
2019.70586104, 51.6092215790926, 120.044433714015, 452.287322998047, 2009603, 6, 92
2019.70586104, 51.6092534884478, 120.044427920445, 452.269958496094, 2009603, 6, 93
2019.70586104, 51.6092790188432, 120.044423348468, 452.271942138672, 2009603, 6, 93
2019.70586104, 51.6093109254647, 120.044417613331, 452.291412353516, 2009603, 6, 93
2019.70586104, 51.6093428212219, 120.044411848234, 452.299072265625, 2009603, 6, 93
2019.70586104, 51.6093747106693, 120.044406090209, 452.287628173828, 2009603, 6, 93
2019.70586104, 51.6094002283583, 120.044401561706, 452.296264648438, 2009603, 6, 93
2019.70586104, 51.6094321094124, 120.044395848245, 452.302154541016, 2009603, 6, 93
2019.70586104, 51.6094639780013, 120.044390097937, 452.288787841797, 2009603, 6, 93
2019.70586104, 51.6094894782209, 120.044385593856, 452.28515625, 2009603, 6, 93
2019.70586104, 51.6095213388798, 120.044379899445, 452.314880371094, 2009603, 6, 92
2019.70586104, 51.6095531930534, 120.044374226273, 452.291809082031, 2009603, 6, 92
2019.70586104, 51.6095850325614, 120.044368518122, 452.2880859375, 2009603, 6, 92
2019.70586104, 51.6096169924727, 120.04436245567, 452.274627685547, 2009603, 6, 92
2019.70586104, 51.6096424291315, 120.044358109838, 452.29052734375, 2009603, 6, 92
2019.70586104, 51.6096741992596, 120.044352560961, 452.256683349609, 2009603, 6, 92
2019.70586104, 51.6097059639381, 120.044347056286, 452.283325195312, 2009603, 6, 92
2019.70586104, 51.6097313777545, 120.044342702049, 452.270660400391, 2009603, 6, 92
2019.70586104, 51.6097631242684, 120.044337172025, 452.279418945312, 2009603, 6, 92
2019.70586104, 51.6097885273461, 120.044332833288, 452.283325195312, 2009603, 6, 92
2019.70586104, 51.6098202627085, 120.044327332326, 452.251403808594, 2009603, 6, 92
2019.70586104, 51.6098519853619, 120.044321812956, 452.265838623047, 2009603, 6, 92
2019.70586104, 51.6098773685781, 120.044317462583, 452.266693115234, 2009603, 6, 92
2019.70586104, 51.6099090771854, 120.044311943278, 452.229461669922, 2009603, 6, 92
2019.70586104, 51.6099407784768, 120.044306439049, 452.251373291016, 2009603, 6, 92
2019.70586104, 51.6099724801678, 120.044300969625, 452.262969970703, 2009603, 6, 92
2019.70586104, 51.6099978403031, 120.044296623112, 452.263519287109, 2009603, 6, 92
2019.70586104, 51.6100295286655, 120.044291147065, 452.248992919922, 2009603, 6, 91
2019.70586104, 51.6100612054169, 120.044285638881, 452.224395751953, 2009603, 6, 91
2019.70586104, 51.6100928716822, 120.044280097131, 452.259155273438, 2009603, 6, 91
2019.70586104, 51.6101182110279, 120.044275736138, 452.249816894531, 2009603, 6, 91
2019.70586104, 51.6101498676694, 120.044270210876, 452.227783203125, 2009603, 6, 91
2019.70586104, 51.6101815186341, 120.044264664532, 452.251525878906, 2009603, 6, 91
2019.70586104, 51.6102068443616, 120.044260285433, 452.233917236328, 2009603, 6, 91
2019.70586104, 51.6102384840305, 120.044254712342, 452.215270996094, 2009603, 6, 91
2019.70586104, 51.6102637974605, 120.044250289217, 452.186553955078, 2009603, 6, 90
2019.70586104, 51.6102954324792, 120.044244734826, 452.207794189453, 2009603, 6, 90
2019.70586104, 51.6103270553245, 120.044239115767, 452.199920654297, 2009603, 6, 90
2019.70586104, 51.6103586805652, 120.044233546927, 452.218078613281, 2009603, 6, 90
2019.70586104, 51.610383982422, 120.044229100938, 452.193572998047, 2009603, 6, 90
2019.70586104, 51.6104155926093, 120.044223443653, 452.184326171875, 2009603, 6, 90
2019.70586104, 51.6104408901888, 120.044218988884, 452.217834472656, 2009603, 6, 90
2019.70586104, 51.6104724973718, 120.044213324729, 452.198394775391, 2009603, 6, 90
2019.70586104, 51.6105041029786, 120.044207658279, 452.204986572266, 2009603, 6, 90
2019.70586104, 51.6105293950583, 120.044203172601, 452.220794677734, 2009603, 6, 90
2019.70586104, 51.6105673077155, 120.044196298936, 452.207427978516, 2009603, 6, 90
2019.70586104, 51.6105925965507, 120.044191797058, 452.215423583984, 2009603, 6, 90
2019.70586104, 51.6106241960471, 120.044186084766, 452.206756591797, 2009603, 6, 90
2019.70586104, 51.6106557934569, 120.044180355315, 452.210784912109, 2009603, 6, 90
2019.70586104, 51.6106873789754, 120.044174530765, 452.209503173828, 2009603, 6, 90
2019.70586104, 51.6107189763191, 120.044168784249, 452.183563232422, 2009603, 6, 90
2019.70586104, 51.6107442582988, 120.044164196598, 452.188507080078, 2009603, 6, 90
2019.70586104, 51.6107758505649, 120.044158387533, 452.190551757812, 2009603, 6, 91
2019.70586104, 51.6108074352915, 120.044152524001, 452.185699462891, 2009603, 6, 91
2019.70586104, 51.6108390277747, 120.044146677066, 452.174285888672, 2009603, 6, 91
2019.70586104, 51.6108643087297, 120.044142033825, 452.190246582031, 2009603, 6, 91
2019.70586104, 51.6108958884598, 120.044136526463, 452.174835205078, 2009603, 6, 91
2019.70586104, 51.6109211714479, 120.044131705935, 452.161041259766, 2009603, 6, 91
2019.70586104, 51.6109527734333, 120.044125642321, 452.169219970703, 2009603, 6, 91
2019.70586104, 51.6109843714946, 120.044119530516, 452.156311035156, 2009603, 6, 91
2019.70586104, 51.6110159653756, 120.044113378024, 452.18359375, 2009603, 6, 92
2019.70586104, 51.6110412579442, 120.044108540424, 452.180236816406, 2009603, 6, 92
2019.70586104, 51.6110728546739, 120.044102346702, 452.168518066406, 2009603, 6, 92
2019.70586104, 51.6110981476975, 120.044097471091, 452.175354003906, 2009603, 6, 92
2019.70586104, 51.6111297516353, 120.044091277234, 452.159545898438, 2009603, 6, 92
2019.70586104, 51.6111550468827, 120.044086384078, 452.137664794922, 2009603, 6, 92
2019.70586104, 51.6111866555509, 120.044080169763, 452.158142089844, 2009603, 6, 92
2019.70586104, 51.6112119531682, 120.044075265814, 452.169006347656, 2009603, 6, 92
2019.70586104, 51.6112435680053, 120.044069046965, 452.158782958984, 2009603, 6, 92
2019.70586104, 51.6112688726359, 120.044064134955, 452.16015625, 2009603, 6, 92
2019.70586104, 51.6113004936127, 120.044057908355, 452.15185546875, 2009603, 6, 92
2019.70586104, 51.6113258019704, 120.044052979187, 452.158599853516, 2009603, 6, 92
2019.70586104, 51.6113574296425, 120.044046752355, 452.148773193359, 2009603, 6, 92
2019.70586104, 51.6113827444792, 120.044041827784, 452.168182373047, 2009603, 6, 92
2019.70586104, 51.6114143800734, 120.044035603339, 452.154846191406, 2009603, 6, 92
2019.70586104, 51.6114396966816, 120.044030673132, 452.159057617188, 2009603, 6, 92
2019.70586104, 51.6114713414454, 120.044024460625, 452.143829345703, 2009603, 6, 92
2019.70586104, 51.6114966685902, 120.04401955155, 452.165679931641, 2009603, 6, 92
2019.70586104, 51.6115283168491, 120.044013317853, 452.156707763672, 2009603, 6, 92
2019.70586104, 51.6115536503572, 120.044008416334, 452.157928466797, 2009603, 6, 92
2019.70586104, 51.6115853125529, 120.044002235768, 452.138549804688, 2009603, 6, 92
2019.70586104, 51.6116169800045, 120.043996061368, 452.152160644531, 2009603, 6, 92
2019.70586104, 51.6116423216531, 120.043991175964, 452.140075683594, 2009603, 6, 92
2019.70586104, 51.6116676622916, 120.043986257001, 452.146606445312, 2009603, 6, 92
2019.70586104, 51.611699338682, 120.043980089298, 452.132934570312, 2009603, 6, 92
2019.70586104, 51.6117310254967, 120.043973974161, 452.147186279297, 2009603, 6, 92
2019.70586104, 51.6117563852367, 120.043969133642, 452.128784179688, 2009603, 6, 91
2019.70586104, 51.6117880732806, 120.043962992243, 452.143127441406, 2009603, 6, 91
2019.70586104, 51.6118134387097, 120.043958163664, 452.136169433594, 2009603, 6, 91
2019.70586104, 51.611845137896, 120.043952064952, 452.134613037109, 2009603, 6, 91
2019.70586104, 51.6118705114169, 120.043947282408, 452.152282714844, 2009603, 6, 91
2019.70586104, 51.6118958817775, 120.043942449285, 452.134490966797, 2009603, 6, 91
2019.70586104, 51.6119275939128, 120.043936395971, 452.130798339844, 2009603, 6, 91
2019.70586104, 51.6119529723133, 120.043931602266, 452.146514892578, 2009603, 6, 91
2019.70586104, 51.6119846944435, 120.043925588475, 452.109558105469, 2009603, 6, 91
2019.70586104, 51.612016424849, 120.043919621, 452.111206054688, 2009603, 6, 92
2019.70586104, 51.6120418204165, 120.043914911388, 452.123138427734, 2009603, 6, 92
2019.70586104, 51.612073549439, 120.043908928233, 452.115051269531, 2009603, 6, 92
2019.70586104, 51.6120989517298, 120.043904252096, 452.118469238281, 2009603, 6, 92
2019.70586104, 51.6121306919778, 120.043898311499, 452.115875244141, 2009603, 6, 92
2019.70586104, 51.6121560312889, 120.043893260905, 452.110809326172, 2009603, 6, 92
2019.70586104, 51.6121878082672, 120.043887528982, 452.102203369141, 2009603, 6, 92
2019.70586104, 51.6122132420068, 120.043883023771, 452.123107910156, 2009603, 6, 92
2019.70586104, 51.6122450243511, 120.043877318391, 452.110137939453, 2009603, 6, 92
2019.70586104, 51.6122704664755, 120.043872863219, 452.143035888672, 2009603, 6, 92
2019.70586104, 51.612302251814, 120.043867188046, 452.138488769531, 2009603, 6, 92
2019.70586104, 51.6123276961392, 120.043862741303, 452.121795654297, 2009603, 6, 92
2019.70586104, 51.6123594947556, 120.04385714026, 452.1279296875, 2009603, 6, 92
2019.70586104, 51.612391292232, 120.043851532053, 452.1298828125, 2009603, 6, 92
2019.70586104, 51.6124167419274, 120.04384711892, 452.116302490234, 2009603, 6, 92
2019.70586104, 51.6124485443728, 120.043841550667, 452.110534667969, 2009603, 6, 92
2019.70586104, 51.6124739957994, 120.043837152863, 452.113342285156, 2009603, 6, 92
2019.70586104, 51.6125057988118, 120.043831605055, 452.108581542969, 2009603, 6, 93
2019.70586104, 51.6125312514704, 120.043827229246, 452.111968994141, 2009603, 6, 93
2019.70586104, 51.612563059354, 120.043821707904, 452.098052978516, 2009603, 6, 93
2019.70586104, 51.6125885145343, 120.043817358333, 452.103179931641, 2009603, 6, 93
2019.70586104, 51.6126203234158, 120.043811856931, 452.090545654297, 2009603, 6, 93
2019.70586104, 51.612645778805, 120.043807520145, 452.092742919922, 2009603, 6, 93
2019.70586104, 51.6126775879444, 120.043802033421, 452.092864990234, 2009603, 6, 93
2019.70586104, 51.6127030425273, 120.043797705751, 452.097717285156, 2009603, 6, 93
2019.70586104, 51.612734848593, 120.04379223692, 452.100921630859, 2009603, 6, 93
2019.70586104, 51.6127603065119, 120.043787944467, 452.097625732422, 2009603, 6, 93
2019.70586104, 51.6127921103382, 120.043782469156, 452.087860107422, 2009603, 6, 93
2019.70586104, 51.6128175615088, 120.043778152558, 452.064147949219, 2009603, 6, 93
2019.70586104, 51.612849366065, 120.043772702641, 452.105590820312, 2009603, 6, 93
2019.70586104, 51.6128748161977, 120.043768399415, 452.096099853516, 2009603, 6, 93
2019.70586104, 51.6129066176677, 120.043762954715, 452.111480712891, 2009603, 6, 93
2019.70586104, 51.612932065889, 120.043758656893, 452.100555419922, 2009603, 6, 93
2019.70586104, 51.6129638605434, 120.043753213789, 452.095001220703, 2009603, 6, 93
2019.70586104, 51.6129893064275, 120.043748919875, 452.081939697266, 2009603, 6, 92
2019.70586104, 51.6130210979802, 120.043743468612, 452.092041015625, 2009603, 6, 93
2019.70586104, 51.6130465409978, 120.043739182697, 452.094055175781, 2009603, 6, 93
2019.70586104, 51.613078324375, 120.043733707721, 452.075042724609, 2009603, 6, 93
2019.70586104, 51.6131037613968, 120.043729409823, 452.069091796875, 2009603, 6, 93
2019.70586104, 51.6131355417925, 120.043723943178, 452.046936035156, 2009603, 6, 93
2019.70586104, 51.6131609714821, 120.043719634796, 452.024353027344, 2009603, 6, 93
2019.70586104, 51.6131927479165, 120.043714170237, 452.043243408203, 2009603, 6, 93
2019.70586104, 51.6132181707853, 120.043709829301, 452.030334472656, 2009603, 6, 93
2019.70586104, 51.6132435936733, 120.043705500131, 452.033935546875, 2009603, 6, 93
2019.70586104, 51.613275357899, 120.043700004944, 452.043548583984, 2009603, 6, 93
2019.70586104, 51.613300774015, 120.043695656796, 452.028503417969, 2009603, 6, 93
2019.70586104, 51.6133325331565, 120.043690160443, 452.026672363281, 2009603, 6, 93
2019.70586104, 51.6133579467035, 120.043685820853, 452.044616699219, 2009603, 6, 93
2019.70586104, 51.613389693068, 120.043680287908, 452.023712158203, 2009603, 6, 93
2019.70586104, 51.6134151863578, 120.043676135418, 452.041564941406, 2009603, 6, 93
2019.70586104, 51.6134405609434, 120.043671672253, 452.037139892578, 2009603, 6, 93
2019.70586104, 51.6134722756711, 120.043666081401, 452.038848876953, 2009603, 6, 93
2019.70586104, 51.6135039820965, 120.043660454747, 452.04052734375, 2009603, 6, 93
2019.70586104, 51.6135293506981, 120.043655987921, 452.039215087891, 2009603, 6, 93
2019.70586104, 51.6135610488526, 120.043650329862, 452.041839599609, 2009603, 6, 93
2019.70586104, 51.6135927447971, 120.04364468686, 452.022521972656, 2009603, 6, 93
2019.70586104, 51.6136181040982, 120.04364018561, 452.024871826172, 2009603, 6, 93
2019.70586104, 51.6136434615798, 120.043635682946, 452.018096923828, 2009603, 6, 93
2019.70586104, 51.6136751473333, 120.043629989376, 452.032836914062, 2009603, 6, 93
2019.70586104, 51.6137005030976, 120.043625483603, 452.005920410156, 2009603, 6, 93
2019.70586104, 51.6137321822581, 120.04361976231, 452.032684326172, 2009603, 6, 93
2019.70586104, 51.6137575277141, 120.043615202875, 452.014770507812, 2009603, 6, 94
2019.70586104, 51.6137892070726, 120.04360949646, 452.025512695312, 2009603, 6, 94
2019.70586104, 51.6138145517164, 120.043604956812, 452.010772705078, 2009603, 6, 94
2019.70586104, 51.6138462226415, 120.043599200257, 452.025665283203, 2009603, 6, 94
2019.70586104, 51.613871568611, 120.043594662573, 452.024993896484, 2009603, 6, 94
2019.70586104, 51.6139032322077, 120.04358886234, 452.021240234375, 2009603, 6, 94
2019.70586104, 51.6139285722421, 120.043584284879, 452.001373291016, 2009603, 6, 94
2019.70586104, 51.6139602337396, 120.043578479594, 451.987274169922, 2009603, 6, 94
2019.70586104, 51.6139855754922, 120.043573910537, 451.980621337891, 2009603, 6, 94
2019.70586104, 51.6140172363239, 120.043568095957, 451.972961425781, 2009603, 6, 94
2019.70586104, 51.6140425703676, 120.043563492109, 451.971221923828, 2009603, 6, 94
2019.70586104, 51.6140742306107, 120.043557664733, 451.96337890625, 2009603, 6, 94
2019.70586104, 51.6140995667484, 120.043553056367, 451.963500976562, 2009603, 6, 94
2019.70586104, 51.6141312255354, 120.043547211036, 451.979614257812, 2009603, 6, 94
2019.70586104, 51.6141565638194, 120.043542608714, 451.97314453125, 2009603, 6, 94
2019.70586104, 51.6141882251746, 120.043536765271, 451.983184814453, 2009603, 6, 94
2019.70586104, 51.6142198836536, 120.04353090425, 451.976989746094, 2009603, 6, 94
2019.70586104, 51.6142452145108, 120.043526243514, 451.969085693359, 2009603, 6, 94
2019.70586104, 51.6142705522833, 120.043521610183, 451.990997314453, 2009603, 6, 94
2019.70586104, 51.6143022102467, 120.043515717036, 451.962005615234, 2009603, 6, 94
2019.70586104, 51.6143275480702, 120.043511071495, 451.972747802734, 2009603, 6, 94
2019.70586104, 51.6143592106115, 120.043505184549, 451.9755859375, 2009603, 6, 94
2019.70586104, 51.6143845478329, 120.043500516996, 451.971313476562, 2009603, 6, 94
2019.70586104, 51.6144162148524, 120.04349463618, 451.990264892578, 2009603, 6, 90
2019.70586104, 51.6144415579959, 120.043489984493, 451.968780517578, 2009603, 6, 90
2019.70586104, 51.6144668935214, 120.043485289061, 451.986877441406, 2009603, 6, 90
2019.70586104, 51.614498563576, 120.043479389971, 451.951293945312, 2009603, 6, 90
2019.70586104, 51.6145239078912, 120.043474717692, 451.960968017578, 2009603, 6, 89
2019.70586104, 51.6145555809755, 120.043468809594, 451.957061767578, 2009603, 6, 89
2019.70586104, 51.6145809325469, 120.043464161644, 451.945159912109, 2009603, 6, 89
2019.70586104, 51.6146126090299, 120.043458244765, 451.944152832031, 2009603, 6, 89
2019.70586104, 51.6146379646255, 120.043453594996, 451.955017089844, 2009603, 6, 89
2019.70586104, 51.6146696448936, 120.043447690758, 451.959289550781, 2009603, 6, 89
2019.70586104, 51.6147013183436, 120.043441887745, 451.974822998047, 2009603, 6, 89
2019.70586104, 51.6147266841722, 120.043437203899, 451.951568603516, 2009603, 6, 89
2019.70586104, 51.6147583851955, 120.043431289512, 451.966979980469, 2009603, 6, 89
2019.70586104, 51.6147837584965, 120.043426624917, 451.946075439453, 2009603, 6, 89
2019.70586104, 51.6148154630268, 120.043420700541, 451.947265625, 2009603, 6, 89
2019.70586104, 51.6148408364409, 120.043416010707, 451.935119628906, 2009603, 6, 89
2019.70586104, 51.6148662125785, 120.043411330799, 451.935882568359, 2009603, 6, 89
2019.70586104, 51.6148979263122, 120.043405434141, 451.935394287109, 2009603, 6, 89
2019.70586104, 51.6149233122487, 120.043400787933, 451.942810058594, 2009603, 6, 89
2019.70586104, 51.6149550377291, 120.04339492904, 451.935729980469, 2009603, 6, 89
2019.70586104, 51.6149867614791, 120.043389031806, 451.939666748047, 2009603, 6, 89
2019.70586104, 51.6150121541838, 120.043384400097, 451.924285888672, 2009603, 6, 90
2019.70586104, 51.615043885827, 120.043378533791, 451.931365966797, 2009603, 6, 90
2019.70586104, 51.6150692835748, 120.043373910215, 451.93310546875, 2009603, 6, 90
2019.70586104, 51.615101020101, 120.043368062506, 451.920257568359, 2009603, 6, 90
2019.70586104, 51.615126422946, 120.043363455359, 451.921478271484, 2009603, 6, 90
2019.70586105, 51.6151581672151, 120.043357617599, 451.916351318359, 2009603, 6, 90
2019.70586105, 51.6151835743654, 120.043353019929, 451.920135498047, 2009603, 6, 90
2019.70586105, 51.615215327088, 120.043347212766, 451.917083740234, 2009603, 6, 90
2019.70586105, 51.6152407413213, 120.043342644843, 451.916351318359, 2009603, 6, 90
2019.70586105, 51.6152724982264, 120.043336848034, 451.924835205078, 2009603, 6, 90
2019.70586105, 51.6152979113252, 120.043332256796, 451.929840087891, 2009603, 6, 90
2019.70586105, 51.6153296776915, 120.043326520534, 451.932739257812, 2009603, 6, 90
2019.70586105, 51.6153551013189, 120.043321982587, 451.923675537109, 2009603, 6, 90
2019.70586105, 51.615386871108, 120.04331624063, 451.925537109375, 2009603, 6, 90
2019.70586105, 51.6154123007085, 120.043311730819, 451.91162109375, 2009603, 6, 90
2019.70586105, 51.6154440773562, 120.04330602128, 451.936431884766, 2009603, 6, 90
2019.70586105, 51.6154695033137, 120.043301480721, 451.919464111328, 2009603, 6, 90
2019.70586105, 51.6154949371355, 120.043296982607, 451.913452148438, 2009603, 6, 90
2019.70586105, 51.6155267206984, 120.043291304219, 451.907684326172, 2009603, 6, 92
2019.70586105, 51.6155521585006, 120.043286845691, 451.917541503906, 2009603, 6, 92
2019.70586105, 51.6155839469335, 120.0432811903, 451.900665283203, 2009603, 6, 92
2019.70586105, 51.6156093902509, 120.043276751369, 451.930297851562, 2009603, 6, 92
2019.70586105, 51.6156411904728, 120.043271170842, 451.931945800781, 2009603, 6, 92
2019.70586105, 51.6156729875486, 120.043265571613, 451.921661376953, 2009603, 6, 92
2019.70586105, 51.6156984352342, 120.043261152877, 451.913482666016, 2009603, 6, 92
2019.70586105, 51.6157302364264, 120.043255584956, 451.909332275391, 2009603, 6, 92
2019.70586105, 51.615755684848, 120.043251189387, 451.936187744141, 2009603, 6, 93
2019.70586105, 51.6157874904797, 120.043245648062, 451.920684814453, 2009603, 6, 93
2019.70586105, 51.6158129436094, 120.043241278095, 451.916717529297, 2009603, 6, 93
2019.70586105, 51.6158447525287, 120.043235765031, 451.929962158203, 2009603, 6, 93
2019.70586105, 51.615870203837, 120.043231388632, 451.926391601562, 2009603, 6, 93
2019.70586105, 51.6158956629405, 120.043227068224, 451.948150634766, 2009603, 6, 93
2019.70586105, 51.6159274791241, 120.043221617784, 451.924377441406, 2009603, 6, 93
2019.70586105, 51.6159592224625, 120.04321591342, 451.9453125, 2009603, 6, 93
2019.70586105, 51.615984700694, 120.043211684667, 451.970153808594, 2009603, 6, 93
2019.70586105, 51.6160165410087, 120.04320633308, 451.970642089844, 2009603, 6, 93
2019.70586105, 51.6160483863904, 120.043201034565, 451.985015869141, 2009603, 6, 93
2019.70586105, 51.6160802351962, 120.043195760705, 451.981170654297, 2009603, 6, 93
2019.70586105, 51.6161120804413, 120.043190481841, 452.012268066406, 2009603, 6, 93
2019.70586105, 51.6161566717439, 120.04318316616, 452.049011230469, 2009603, 6, 93
2019.70586105, 51.6163413552741, 120.043152868971, 452.008392333984, 2009603, 6, 92
2019.70586105, 51.6164304879818, 120.043138314284, 451.987457275391, 2009603, 6, 92
2019.70586105, 51.6164686813938, 120.04313208924, 451.986724853516, 2009603, 6, 92
