2019.62656841, 51.1251150862977, 119.765794232858, 475.944366455078, 2009603, 1, 70
2019.62656841, 51.1255885317624, 119.765728340111, 475.925750732422, 2009603, 1, 89
2019.62656841, 51.1262575555329, 119.765633964715, 475.865173339844, 2009603, 1, 88
2019.62656841, 51.1268551517746, 119.765551488517, 475.908538818359, 2009603, 1, 87
2019.62656841, 51.1272304085178, 119.765501657559, 475.910827636719, 2009603, 1, 73
2019.62656843, 51.1660855724506, 119.759905061547, 474.962463378906, 2009603, 1, 71
2019.62656843, 51.1664542863062, 119.759843076286, 474.702697753906, 2009603, 1, 86
2019.62656843, 51.1671497559927, 119.75972902064, 474.726806640625, 2009603, 1, 76
2019.62656845, 51.211465595864, 119.752264544055, 472.825897216797, 2009603, 1, 59
2019.62656845, 51.2120071988771, 119.752178393778, 472.704315185547, 2009603, 1, 81
2019.62656844, 51.1594477675399, 119.762065298016, 475.396820068359, 2009603, 2, 84
2019.62656844, 51.1655337498954, 119.761025054491, 475.057342529297, 2009603, 2, 54
2019.62656844, 51.1667794170108, 119.760811018018, 474.7724609375, 2009603, 2, 93
2019.62656846, 51.2098291077397, 119.753802258275, 472.837524414062, 2009603, 2, 67
2019.62656846, 51.2105796901932, 119.753691536209, 472.799530029297, 2009603, 2, 84
2019.62656846, 51.2111895041325, 119.753602567892, 472.745056152344, 2009603, 2, 93
2019.62656845, 51.2170478784273, 119.797640724376, 471.637756347656, 2009603, 3, 65
2019.62656845, 51.217155496807, 119.797624296656, 471.661987304688, 2009603, 3, 65
2019.62656845, 51.2173135566819, 119.797600259006, 471.627990722656, 2009603, 3, 93
2019.62656845, 51.2176408976392, 119.797549769832, 471.640075683594, 2009603, 3, 64
2019.62656846, 51.2371441071083, 119.794576604307, 470.43505859375, 2009603, 3, 62
2019.62656846, 51.2374105703308, 119.794536359253, 470.495910644531, 2009603, 3, 62
2019.62656846, 51.2383031016818, 119.794410202245, 470.332702636719, 2009603, 3, 64
2019.62656846, 51.2384564415985, 119.794389286075, 470.291687011719, 2009603, 3, 64
2019.62656846, 51.2385650411999, 119.794374612016, 470.265838623047, 2009603, 3, 74
2019.62656846, 51.2386033724056, 119.794369316389, 470.237457275391, 2009603, 3, 74
2019.62656846, 51.2386416885082, 119.794364215242, 470.193206787109, 2009603, 3, 74
2019.62656846, 51.2386736245868, 119.794359773816, 470.185699462891, 2009603, 3, 74
2019.62656846, 51.2387055523386, 119.794355457483, 470.211975097656, 2009603, 3, 74
2019.62656846, 51.2387374804619, 119.794351093541, 470.243469238281, 2009603, 3, 74
2019.62656846, 51.2387694007368, 119.794346780954, 470.229370117188, 2009603, 3, 85
2019.62656846, 51.2388076970089, 119.794341668486, 470.225891113281, 2009603, 3, 85
2019.62656846, 51.2388461003849, 119.794336672818, 470.214294433594, 2009603, 3, 85
2019.62656846, 51.2388779783227, 119.794332153336, 470.225646972656, 2009603, 3, 85
2019.62656846, 51.2389225827232, 119.794326078861, 470.259429931641, 2009603, 3, 85
2019.62656846, 51.2389608226232, 119.794320672078, 470.241485595703, 2009603, 3, 85
2019.62656847, 51.2390054213547, 119.794314462403, 470.233428955078, 2009603, 3, 93
2019.62656847, 51.2390436414307, 119.794309153508, 470.231964111328, 2009603, 3, 93
2019.62656847, 51.2390818537862, 119.79430388447, 470.220458984375, 2009603, 3, 93
2019.62656847, 51.2391264232011, 119.794297757102, 470.248138427734, 2009603, 3, 93
2019.62656847, 51.2391646313734, 119.794292355911, 470.239013671875, 2009603, 3, 93
2019.62656847, 51.2392091962054, 119.794286124755, 470.223541259766, 2009603, 3, 93
2019.62656847, 51.2392537454668, 119.794280018702, 470.241241455078, 2009603, 3, 93
2019.62656847, 51.2392919382598, 119.794274589546, 470.204772949219, 2009603, 3, 93
2019.62656847, 51.2393301161957, 119.794269288268, 470.205383300781, 2009603, 3, 93
2019.62656847, 51.2393746530748, 119.79426312579, 470.207672119141, 2009603, 3, 93
2019.62656847, 51.2394191834517, 119.794256954741, 470.217163085938, 2009603, 3, 93
2019.62656847, 51.2394637150312, 119.79425070829, 470.255004882812, 2009603, 3, 93
2019.62656847, 51.2395336748083, 119.794241018966, 470.227874755859, 2009603, 3, 92
2019.62656847, 51.2395972678902, 119.794232151839, 470.242370605469, 2009603, 3, 92
2019.62656847, 51.2396672151208, 119.794222397787, 470.227294921875, 2009603, 3, 92
2019.62656847, 51.2397752977541, 119.794207357595, 470.217956542969, 2009603, 3, 94
2019.62656847, 51.240093150427, 119.794163329018, 470.237243652344, 2009603, 3, 92
2019.62656847, 51.2403411524796, 119.79412946395, 470.216094970703, 2009603, 3, 67
2019.62656847, 51.2404747427458, 119.794111304226, 470.234191894531, 2009603, 3, 67
2019.62656847, 51.2492650756739, 119.792888334926, 469.949676513672, 2009603, 3, 79
2019.62656847, 51.2497279353967, 119.792817321425, 469.936889648438, 2009603, 3, 90
2019.62656922, 52.7607677688757, 119.554913761267, 462.334289550781, 2009603, 3, 68
2019.62656922, 52.7612245894943, 119.554835778691, 462.339813232422, 2009603, 3, 51
2019.62656944, 53.1927400851483, 119.485005999597, 368.262390136719, 2009603, 3, 94
2019.62656846, 51.2131164101206, 119.79958880163, 471.699523925781, 2009603, 4, 51
2019.62656846, 51.2164996602301, 119.799100573861, 471.576354980469, 2009603, 4, 93
2019.62656847, 51.2364488598766, 119.796332611771, 470.404846191406, 2009603, 4, 85
2019.62656848, 51.2392267896529, 119.795948154222, 470.2236328125, 2009603, 4, 62
2019.62656848, 51.2396399380779, 119.795890270246, 470.219635009766, 2009603, 4, 92
2019.62656848, 51.2398623028431, 119.795859312339, 470.235717773438, 2009603, 4, 55
2019.62656849, 51.2923005675458, 119.832955653891, 468.091491699219, 2009603, 5, 88
2019.62656849, 51.2923328833599, 119.83295073781, 468.067291259766, 2009603, 5, 88
2019.62656849, 51.292370901064, 119.832944703954, 468.109893798828, 2009603, 5, 88
2019.62656849, 51.2924025844932, 119.83293956022, 468.127716064453, 2009603, 5, 88
2019.62656849, 51.2924405792597, 119.832933502034, 468.107116699219, 2009603, 5, 88
2019.62656849, 51.2924785702303, 119.832927381439, 468.104034423828, 2009603, 5, 88
2019.62656849, 51.2925165529448, 119.832921248513, 468.073120117188, 2009603, 5, 88
2019.62656849, 51.2925481960357, 119.832916150551, 468.093597412109, 2009603, 5, 88
2019.62656849, 51.2925798421585, 119.832910997695, 468.098785400391, 2009603, 5, 88
2019.62656849, 51.2926114795687, 119.832905873474, 468.08935546875, 2009603, 5, 88
2019.62656849, 51.292655760886, 119.832898732616, 468.124359130859, 2009603, 5, 88
2019.62656849, 51.292700051039, 119.832891510703, 468.130523681641, 2009603, 5, 88
2019.62656849, 51.2927380131722, 119.832885325883, 468.098754882812, 2009603, 5, 88
2019.62656849, 51.2927696364097, 119.832880257637, 468.068298339844, 2009603, 5, 90
2019.62656849, 51.2928012766981, 119.83287508379, 468.083709716797, 2009603, 5, 90
2019.62656849, 51.2928265917745, 119.832870934346, 468.096893310547, 2009603, 5, 90
2019.62656849, 51.2928582321519, 119.832865781723, 468.077941894531, 2009603, 5, 90
2019.62656849, 51.2928898811334, 119.832860615361, 468.078552246094, 2009603, 5, 90
2019.62656849, 51.2929215341422, 119.832855453483, 468.077758789062, 2009603, 5, 90
2019.62656849, 51.2929595274175, 119.832849251966, 468.131072998047, 2009603, 5, 90
2019.62656849, 51.2929975232483, 119.832843104591, 468.078887939453, 2009603, 5, 90
2019.62656849, 51.2930355472571, 119.832836836693, 468.107177734375, 2009603, 5, 92
2019.62656849, 51.2930799025989, 119.832829667871, 468.105987548828, 2009603, 5, 92
2019.62656849, 51.293117948534, 119.832823458123, 468.087707519531, 2009603, 5, 92
2019.62656849, 51.2931496746119, 119.832818217898, 468.098297119141, 2009603, 5, 92
2019.62656849, 51.2931877453034, 119.832812038438, 468.085754394531, 2009603, 5, 92
2019.62656849, 51.2932258454284, 119.832805778425, 468.115051269531, 2009603, 5, 92
2019.62656849, 51.2932639559167, 119.832799560413, 468.125030517578, 2009603, 5, 94
2019.62656849, 51.2933084390181, 119.832792347601, 468.099243164062, 2009603, 5, 94
2019.62656849, 51.2933465962601, 119.832786115585, 468.109008789062, 2009603, 5, 94
2019.62656849, 51.2933847766924, 119.832779870849, 468.123626708984, 2009603, 5, 94
2019.62656849, 51.2934484483334, 119.832769533472, 468.115661621094, 2009603, 5, 94
2019.62656849, 51.2935121835292, 119.832759164734, 468.128845214844, 2009603, 5, 93
2019.62656849, 51.2935823734473, 119.832747717656, 468.124633789062, 2009603, 5, 93
2019.62656849, 51.2936459300906, 119.832737372997, 468.10986328125, 2009603, 5, 93
2019.62656849, 51.293703783484, 119.832728086618, 468.143798828125, 2009603, 5, 93
2019.62656849, 51.2937488145736, 119.832720842099, 468.121398925781, 2009603, 5, 93
2019.62656849, 51.2937938657012, 119.832713604867, 468.090881347656, 2009603, 5, 56
2019.62656849, 51.293838923627, 119.83270645769, 468.091339111328, 2009603, 5, 56
2019.62656849, 51.2938711319042, 119.832701249866, 468.103118896484, 2009603, 5, 56
2019.62656849, 51.2939097721995, 119.83269512555, 468.077362060547, 2009603, 5, 56
2019.62656849, 51.2939419806498, 119.832689989691, 468.083160400391, 2009603, 5, 56
2019.62656849, 51.2939806384823, 119.83268382659, 468.101501464844, 2009603, 5, 56
2019.6265685, 51.2928170568407, 119.833879749184, 468.151397705078, 2009603, 6, 68
2019.6265685, 51.2930337828794, 119.833842376794, 468.140472412109, 2009603, 6, 94
2019.6265685, 51.2932183991058, 119.833810745178, 468.135620117188, 2009603, 6, 94
2019.6265685, 51.2934281611319, 119.833775145796, 468.139617919922, 2009603, 6, 94
2019.6265685, 51.2936691385787, 119.833734681662, 468.152221679688, 2009603, 6, 93
2019.6265685, 51.2938651010191, 119.833702414063, 468.123931884766, 2009603, 6, 93
