2022.19530649, 53.1399433306765, 140.782206114991, 1.18704497814178, 4007613, 1, 91
2022.19530649, 53.1398480069168, 140.782190893488, 1.10499167442322, 4007613, 1, 91
2022.19530649, 53.1397461777145, 140.782174607733, 0.928830087184906, 4007613, 1, 95
2022.19530649, 53.1396515990348, 140.782159372622, 0.81795996427536, 4007613, 1, 95
2022.19530649, 53.139544584514, 140.782141987978, 0.931055963039398, 4007613, 1, 95
2022.19530649, 53.1394502553607, 140.782126618182, 1.10263669490814, 4007613, 1, 95
2022.19530649, 53.1393685430999, 140.782113313414, 1.06316244602203, 4007613, 1, 95
2022.19530649, 53.1392805621362, 140.782098988223, 0.937509953975677, 4007613, 1, 95
2022.19530649, 53.1391863224997, 140.782083557604, 0.868336796760559, 4007613, 1, 95
2022.19530649, 53.1390857831385, 140.782067052971, 0.833956182003021, 4007613, 1, 95
2022.19530649, 53.1389914767725, 140.782051546496, 0.832036674022675, 4007613, 1, 97
2022.19530649, 53.1389033902082, 140.782037057349, 0.827824532985687, 4007613, 1, 97
2022.19530649, 53.1388089183632, 140.782021503683, 0.823382496833801, 4007613, 1, 97
2022.19530649, 53.1387080291638, 140.782004863496, 0.798193693161011, 4007613, 1, 96
2022.19530649, 53.138606996457, 140.781988171887, 0.849394917488098, 4007613, 1, 97
2022.19530649, 53.1385125578945, 140.781972576004, 0.839887976646423, 4007613, 1, 97
2022.19530649, 53.1384234673614, 140.781957873621, 0.859191060066223, 4007613, 1, 97
2022.19530649, 53.1383278859416, 140.781942077321, 0.886080920696259, 4007613, 1, 97
2022.19530649, 53.1382321784059, 140.781926263522, 0.940440237522125, 4007613, 1, 97
2022.19530649, 53.1381299821076, 140.781909370715, 0.961295306682587, 4007613, 1, 97
2022.19530649, 53.1380276866697, 140.781892500675, 0.920855164527893, 4007613, 1, 97
2022.19530649, 53.1379317203029, 140.781876694708, 0.945449948310852, 4007613, 1, 97
2022.19530649, 53.1378293224712, 140.781859833124, 0.893245220184326, 4007613, 1, 97
2022.19530649, 53.1377333048236, 140.781844047856, 0.908297836780548, 4007613, 1, 96
2022.19530649, 53.1376436939242, 140.781829341674, 0.936368882656097, 4007613, 1, 96
2022.19530649, 53.1375477095702, 140.781813590293, 0.91316145658493, 4007613, 1, 96
2022.19530649, 53.1374453749269, 140.781796815574, 0.928556621074677, 4007613, 1, 96
2022.19530649, 53.1373558718731, 140.78178219698, 0.929166257381439, 4007613, 1, 96
2022.19530649, 53.1372536712659, 140.781765489184, 0.909937143325806, 4007613, 1, 96
2022.19530649, 53.1371515173248, 140.781748781248, 0.937411904335022, 4007613, 1, 97
2022.19530649, 53.1370625804882, 140.781734357858, 0.92534726858139, 4007613, 1, 97
2022.19530649, 53.136986391074, 140.781722019929, 0.908329367637634, 4007613, 1, 97
2022.19530649, 53.1368912061463, 140.781706580862, 0.901192426681519, 4007613, 1, 97
2022.19530649, 53.1368024106352, 140.781692146939, 0.892177104949951, 4007613, 1, 97
2022.19530649, 53.1367199608827, 140.781678784791, 0.888979911804199, 4007613, 1, 97
2022.19530649, 53.1366121782062, 140.781661221174, 0.906661629676819, 4007613, 1, 97
2022.19530649, 53.1365233910328, 140.781646793513, 0.925303339958191, 4007613, 1, 97
2022.19530649, 53.1364282576833, 140.781631258964, 0.892435908317566, 4007613, 1, 97
2022.19530649, 53.1363394417418, 140.781616725985, 0.932984352111816, 4007613, 1, 97
2022.19530649, 53.1362378950059, 140.781600055771, 0.925800263881683, 4007613, 1, 97
2022.19530649, 53.1361299331236, 140.781582299843, 0.880160927772522, 4007613, 1, 97
2022.19530649, 53.136047311488, 140.78156870511, 0.912638783454895, 4007613, 1, 97
2022.19530649, 53.1359521936148, 140.781553079965, 0.892115473747253, 4007613, 1, 97
2022.19530649, 53.1358628242315, 140.781538142987, 0.867612481117249, 4007613, 1, 97
2022.19530649, 53.1357670162508, 140.781522104736, 0.892772912979126, 4007613, 1, 97
2022.19530649, 53.1356775511284, 140.781507114436, 0.947244346141815, 4007613, 1, 97
2022.19530649, 53.1355880575826, 140.781492110249, 0.927618563175201, 4007613, 1, 97
2022.19530649, 53.1354793724342, 140.781473885173, 0.916965067386627, 4007613, 1, 97
2022.19530649, 53.1353898743984, 140.781458850464, 0.877158761024475, 4007613, 1, 97
2022.19530649, 53.1352876081833, 140.78144169757, 0.900094747543335, 4007613, 1, 97
2022.19530649, 53.1351981530486, 140.781426714626, 0.940816104412079, 4007613, 1, 97
2022.19530649, 53.1351087360546, 140.781411774058, 0.910913109779358, 4007613, 1, 97
2022.19530649, 53.1350193663205, 140.781396872165, 0.979321599006653, 4007613, 1, 97
2022.19530649, 53.13491730711, 140.781379886547, 0.931559383869171, 4007613, 1, 97
2022.19530649, 53.1348280743579, 140.781365097141, 0.952467262744904, 4007613, 1, 97
2022.19530649, 53.13473890556, 140.781350386932, 0.995605528354645, 4007613, 1, 98
2022.19530649, 53.1346433634514, 140.781334552938, 1.03878104686737, 4007613, 1, 98
2022.19530649, 53.1345419011302, 140.781318001402, 1.02664351463318, 4007613, 1, 98
2022.19530649, 53.1344531855226, 140.781303619424, 1.03840959072113, 4007613, 1, 98
2022.19530649, 53.1343645399231, 140.781289253889, 1.08732557296753, 4007613, 1, 98
2022.19530649, 53.1342696164061, 140.781273932217, 0.995054841041565, 4007613, 1, 98
2022.19530649, 53.1341810662915, 140.781259659098, 0.935935378074646, 4007613, 1, 97
2022.19530649, 53.1340988548111, 140.7812464729, 0.945902287960052, 4007613, 1, 97
2022.19530649, 53.133997719308, 140.781230204879, 0.969883918762207, 4007613, 1, 97
2022.19530649, 53.1339092365357, 140.781215976359, 0.982715249061584, 4007613, 1, 97
2022.19530649, 53.1338144257948, 140.781200756223, 0.995111346244812, 4007613, 1, 97
2022.19530649, 53.1337195934212, 140.781185549777, 0.963729500770569, 4007613, 1, 98
2022.19530649, 53.1336247398504, 140.781170319585, 0.973707914352417, 4007613, 1, 98
2022.19530649, 53.1335424937244, 140.781157127228, 1.00552654266357, 4007613, 1, 98
2022.19530649, 53.1334475524506, 140.781141872913, 0.977316558361053, 4007613, 1, 97
2022.19530649, 53.1333525850248, 140.781126579995, 1.0777792930603, 4007613, 1, 97
2022.19530649, 53.1332638038911, 140.78111218745, 1.09151780605316, 4007613, 1, 97
2022.19530649, 53.1331749605617, 140.781097784474, 1.09009778499603, 4007613, 1, 97
2022.19530649, 53.1330924082062, 140.781084386828, 1.05179631710052, 4007613, 1, 97
2022.19530649, 53.1329907448566, 140.781067848297, 0.974942147731781, 4007613, 1, 97
2022.19530649, 53.1328953465495, 140.781052357917, 0.94277024269104, 4007613, 1, 97
2022.19530649, 53.1328062522988, 140.781037871927, 0.906069934368134, 4007613, 1, 97
2022.19530649, 53.1327107539272, 140.781022275332, 0.916290819644928, 4007613, 1, 98
2022.19530649, 53.1326215520756, 140.781007743771, 0.931652963161469, 4007613, 1, 98
2022.19530649, 53.1325386684096, 140.780994271797, 0.921647250652313, 4007613, 1, 98
2022.19530649, 53.1324430039036, 140.780978666064, 0.969907701015472, 4007613, 1, 97
2022.19530649, 53.1323536815586, 140.780964094276, 0.902513206005096, 4007613, 1, 97
2022.19530649, 53.132264308092, 140.780949568336, 0.966153740882874, 4007613, 1, 97
2022.19530649, 53.1321621623761, 140.780932894948, 1.03919363021851, 4007613, 1, 98
2022.19530649, 53.1320663824015, 140.780917306378, 0.884860932826996, 4007613, 1, 98
2022.19530649, 53.1319704734499, 140.780901782235, 0.866669535636902, 4007613, 1, 98
2022.19530649, 53.1318745897339, 140.780886227332, 0.830090165138245, 4007613, 1, 98
2022.19530649, 53.131785112096, 140.780871723689, 0.858712077140808, 4007613, 1, 98
2022.19530649, 53.1317020399214, 140.780858302235, 0.788749754428864, 4007613, 1, 97
2022.19530649, 53.1316126253694, 140.780843820497, 0.849489986896515, 4007613, 1, 97
2022.19530649, 53.1315104940105, 140.78082728394, 0.845452070236206, 4007613, 1, 97
2022.19530649, 53.1314148167096, 140.780811790082, 0.863244473934174, 4007613, 1, 96
2022.19530649, 53.1313192146796, 140.780796297316, 0.8878054022789, 4007613, 1, 96
2022.19530649, 53.1312300630979, 140.780781840699, 0.940829396247864, 4007613, 1, 97
2022.19530649, 53.1311409782308, 140.780767412694, 0.874701023101807, 4007613, 1, 97
2022.19530649, 53.1310456201307, 140.780751959097, 0.854764580726624, 4007613, 1, 97
2022.19530649, 53.1309503450862, 140.780736531331, 0.860502243041992, 4007613, 1, 98
2022.19530649, 53.1308487148085, 140.780720041625, 0.828007221221924, 4007613, 1, 98
2022.19530649, 53.1307538084043, 140.78070458853, 0.814944624900818, 4007613, 1, 98
2022.19530649, 53.1306589788083, 140.78068914488, 0.865110337734222, 4007613, 1, 97
2022.19530649, 53.1305642154034, 140.780673705653, 0.791824042797089, 4007613, 1, 97
2022.19530649, 53.1303924106347, 140.780645698314, 0.622083723545074, 4007613, 1, 98
2022.19530649, 53.1302044540581, 140.780615021408, 0.775635659694672, 3000015, 1, 98
2022.19530649, 53.1301098101837, 140.780599541098, 0.780630230903625, 3000015, 1, 98
2022.19530649, 53.1300088258147, 140.780583058544, 0.854079902172089, 3000015, 1, 98
2022.19530649, 53.129901495778, 140.780565506941, 0.884381294250488, 3000015, 1, 98
2022.19530649, 53.1298130572309, 140.780551055904, 0.959960997104645, 3000015, 1, 98
2022.19530649, 53.1297119205837, 140.780534550108, 0.921146094799042, 3000015, 1, 98
2022.19530649, 53.1296108476032, 140.780517917159, 0.870074927806854, 3000015, 1, 98
2022.19530649, 53.1295220952817, 140.780503509043, 0.909417390823364, 3000015, 1, 98
2022.19530649, 53.1294269417549, 140.780488009899, 0.871556460857391, 3000015, 1, 99
2022.19530649, 53.1293380499985, 140.780473570365, 0.917601406574249, 3000015, 1, 99
2022.19530649, 53.1292427657058, 140.780457986547, 0.943278968334198, 3000015, 1, 99
2022.19530649, 53.1291601135465, 140.78044451341, 0.988848209381104, 3000015, 1, 99
2022.19530649, 53.1290583284777, 140.780427865018, 0.930300295352936, 3000015, 1, 99
2022.19530649, 53.1289628447432, 140.780412216178, 0.937479972839355, 3000015, 1, 99
2022.19530649, 53.1288736843405, 140.780397563717, 0.975773930549622, 3000015, 1, 99
2022.19530649, 53.1287781034526, 140.780381836484, 0.920500457286835, 3000015, 1, 99
2022.19530649, 53.1286952428082, 140.780368155394, 0.904418289661407, 3000015, 1, 99
2022.19530649, 53.1285932244485, 140.780351272729, 0.890219569206238, 3000015, 1, 99
2022.19530649, 53.1285039290232, 140.780336484983, 0.91604095697403, 3000015, 1, 99
2022.19530649, 53.1284018710233, 140.78031949178, 0.907282590866089, 3000015, 1, 100
2022.19530649, 53.1282997704522, 140.780302569608, 0.907939672470093, 3000015, 1, 100
2022.19530649, 53.1282104870041, 140.78028752522, 0.896038591861725, 3000015, 1, 100
2022.19530649, 53.1281148326074, 140.780271368818, 0.889113187789917, 3000015, 1, 100
2022.19530649, 53.1280191884129, 140.780255193865, 0.875850856304169, 3000015, 1, 100
2022.19530649, 53.1279299155427, 140.780240131284, 0.886796712875366, 3000015, 1, 99
2022.19530649, 53.1278406573132, 140.780225080986, 0.827466607093811, 3000015, 1, 99
2022.19530649, 53.1277450312327, 140.780208988588, 0.78397011756897, 3000015, 1, 99
2022.19530649, 53.1276430601264, 140.78019184075, 0.812896490097046, 3000015, 1, 99
2022.19530649, 53.1275474723502, 140.780175840789, 0.828464031219482, 3000015, 1, 99
2022.19530649, 53.127464641774, 140.78016203394, 0.807659864425659, 3000015, 1, 98
2022.19530649, 53.1273818449279, 140.780148234364, 0.863010883331299, 3000015, 1, 98
2022.19530649, 53.1272926900425, 140.78013345388, 0.963787317276001, 3000015, 1, 98
2022.19530649, 53.1272035537528, 140.780118754735, 0.948858022689819, 3000015, 1, 98
2022.19530649, 53.1271017309863, 140.78010196702, 0.967364311218262, 3000015, 1, 98
2022.19530649, 53.1269999277196, 140.780085237566, 0.930057168006897, 3000015, 1, 98
2022.19530649, 53.1268981469347, 140.780068931894, 0.930056512355804, 3000015, 1, 98
2022.19530649, 53.1267964132196, 140.780052650693, 1.01050877571106, 3000015, 1, 98
2022.19530649, 53.1267010597383, 140.780037443194, 0.930467128753662, 3000015, 1, 99
2022.19530649, 53.1266120846548, 140.780023282336, 0.916677951812744, 3000015, 1, 99
2022.19530649, 53.1265104399796, 140.780007076422, 0.906813621520996, 3000015, 1, 99
2022.19530649, 53.1264151798245, 140.779991855983, 0.940461575984955, 3000015, 1, 98
2022.19530649, 53.1263199458932, 140.779976623905, 0.987653195858002, 3000015, 1, 98
2022.19530649, 53.12621839214, 140.779960327847, 0.958723306655884, 3000015, 1, 98
2022.19530649, 53.1261168701732, 140.779943972323, 0.978569507598877, 3000015, 1, 98
2022.19530649, 53.1260343978212, 140.779930647138, 0.968153119087219, 3000015, 1, 98
2022.19530649, 53.1259392646125, 140.779915196557, 0.936241924762726, 3000015, 1, 98
2022.19530649, 53.1258378225759, 140.779898594583, 0.955981194972992, 3000015, 1, 98
2022.19530649, 53.1257490855096, 140.779884173124, 0.985770761966705, 3000015, 1, 98
2022.19530649, 53.1256539919755, 140.779868186468, 0.975841879844666, 3000015, 1, 98
2022.19530649, 53.1255588997877, 140.779852179401, 0.92500114440918, 3000015, 1, 98
2022.19530649, 53.125470168861, 140.779837185457, 0.974687576293945, 3000015, 1, 99
2022.19530649, 53.125381457015, 140.779822140755, 1.04213535785675, 3000015, 1, 99
2022.19530649, 53.1252990902293, 140.779808171223, 1.0607088804245, 3000015, 1, 99
2022.19530649, 53.1252103829909, 140.779793161722, 0.984130561351776, 3000015, 1, 98
2022.19530649, 53.1251153801136, 140.779777001314, 1.01762783527374, 3000015, 1, 98
2022.19530649, 53.1250393704071, 140.779764140099, 1.03772222995758, 3000015, 1, 98
2022.19530649, 53.1249507112491, 140.779749112899, 1.06594693660736, 3000015, 1, 97
2022.19530649, 53.1248557249066, 140.779733063503, 1.07975006103516, 3000015, 1, 97
2022.19530649, 53.1247607315293, 140.7797170921, 1.16789031028748, 3000015, 1, 97
2022.19530649, 53.1246657184717, 140.779701249487, 1.0312864780426, 3000015, 1, 98
2022.19530649, 53.1245643893844, 140.779684351972, 0.926449716091156, 3000015, 1, 98
2022.19530649, 53.124462998588, 140.779667516643, 0.894813239574432, 3000015, 1, 99
2022.19530649, 53.1243744044215, 140.779653159439, 0.916330397129059, 3000015, 1, 99
2022.19530649, 53.1242668156542, 140.779635741765, 0.911735713481903, 3000015, 1, 99
2022.19530649, 53.1241655033778, 140.779619463628, 0.943405866622925, 3000015, 1, 99
2022.19530649, 53.1240767897305, 140.779605328258, 0.923413991928101, 3000015, 1, 99
2022.19530649, 53.1239817068825, 140.779590173901, 0.893974959850311, 3000015, 1, 97
2022.19530649, 53.1238992365011, 140.779577112527, 0.944905936717987, 3000015, 1, 97
2022.19530649, 53.123810370117, 140.779563062986, 0.884503543376923, 3000015, 1, 97
2022.19530649, 53.1237087344799, 140.779547008913, 0.962190508842468, 3000015, 1, 99
2022.19530649, 53.1236133611762, 140.779532016973, 0.961170136928558, 3000015, 1, 99
2022.19530649, 53.1235115278004, 140.77951607452, 0.915627956390381, 3000015, 1, 99
2022.19530649, 53.1234159949715, 140.779501077144, 0.958414256572723, 3000015, 1, 98
2022.19530649, 53.1233267632373, 140.779487076377, 0.918573915958405, 3000015, 1, 99
2022.19530649, 53.1232376551962, 140.779473165717, 0.948838233947754, 3000015, 1, 98
2022.19530649, 53.1231544778542, 140.779460030454, 0.957613408565521, 3000015, 1, 98
2022.19530649, 53.1230584667599, 140.77944482357, 0.895861566066742, 3000015, 1, 98
2022.19530649, 53.1229624266445, 140.779429596239, 0.86595094203949, 3000015, 1, 98
2022.19530649, 53.1228791853549, 140.779416365363, 0.854596495628357, 3000015, 1, 98
2022.19530649, 53.1228023422475, 140.779404169063, 0.854244470596313, 3000015, 1, 98
2022.19530649, 53.1227127198139, 140.779389900945, 0.982857227325439, 3000015, 1, 99
2022.19530649, 53.1226231081166, 140.779375679494, 1.06399393081665, 3000015, 1, 99
2022.19530649, 53.1225207790726, 140.779359346217, 1.03638994693756, 3000015, 1, 99
2022.19530649, 53.1224185060986, 140.779343064438, 1.01574718952179, 3000015, 1, 98
2022.19530649, 53.1223227329551, 140.779327741161, 1.02071332931519, 3000015, 1, 98
2022.19530649, 53.1222334280372, 140.779313438028, 1.03738403320312, 3000015, 1, 98
2022.19530649, 53.122144198047, 140.779299187932, 1.01346039772034, 3000015, 1, 98
2022.19530649, 53.122042374927, 140.779282800582, 1.09417819976807, 3000015, 1, 98
2022.19530649, 53.1219341833706, 140.77926535449, 1.01254558563232, 3000015, 1, 98
2022.19530649, 53.121839203389, 140.779250225368, 0.968047380447388, 3000015, 1, 98
2022.19530649, 53.1217443308802, 140.779235064199, 0.935837149620056, 3000015, 1, 97
2022.1953065, 53.1216621812183, 140.779221912467, 0.904132902622223, 3000015, 1, 97
2022.1953065, 53.1215611670098, 140.779205634708, 0.912655830383301, 3000015, 1, 97
2022.1953065, 53.1214665336827, 140.779190324649, 0.954670071601868, 3000015, 1, 98
2022.1953065, 53.1213782441332, 140.779175998735, 0.966899871826172, 3000015, 1, 98
2022.1953065, 53.1212899793637, 140.77916162186, 0.936794877052307, 3000015, 1, 98
2022.1953065, 53.1211891212235, 140.77914511872, 0.872263550758362, 3000015, 1, 99
2022.1953065, 53.1210945699674, 140.779129544302, 0.868250846862793, 3000015, 1, 99
2022.1953065, 53.1210063123563, 140.779114927623, 0.886984348297119, 3000015, 1, 99
2022.1953065, 53.1209054221157, 140.779098100451, 0.875268280506134, 3000015, 1, 98
2022.1953065, 53.1208044679323, 140.779081226015, 0.936299800872803, 3000015, 1, 98
2022.1953065, 53.120709929534, 140.779065539637, 1.02992463111877, 3000015, 1, 98
2022.1953065, 53.120614990691, 140.77904929173, 1.09582710266113, 3000015, 1, 98
2022.1953065, 53.1205199899531, 140.779032955334, 1.07446324825287, 3000015, 1, 98
2022.1953065, 53.1204122236383, 140.77901445571, 1.01795935630798, 3000015, 1, 98
2022.1953065, 53.1203107266672, 140.778996997275, 0.967305541038513, 3000015, 1, 98
2022.1953065, 53.1202218692733, 140.778981692643, 0.923577725887299, 3000015, 1, 98
2022.1953065, 53.1201266016803, 140.778965343713, 0.924397647380829, 3000015, 1, 98
2022.1953065, 53.1200249320383, 140.778947914502, 1.00478410720825, 3000015, 1, 98
2022.1953065, 53.1199295577902, 140.778931670344, 0.939004898071289, 3000015, 1, 98
2022.1953065, 53.1198341487939, 140.778915467512, 0.916335225105286, 3000015, 1, 98
2022.1953065, 53.1197259765371, 140.778897204651, 0.934840857982635, 3000015, 1, 98
2022.1953065, 53.1196304807049, 140.778881238435, 0.855508089065552, 3000015, 1, 98
2022.1953065, 53.1195349778077, 140.778865322192, 0.912649154663086, 3000015, 1, 98
2022.1953065, 53.1194393349273, 140.778849274469, 0.929011166095734, 3000015, 1, 98
2022.1953065, 53.1193502701536, 140.778834915502, 0.95366907119751, 3000015, 1, 98
2022.1953065, 53.1192548308916, 140.778819612669, 0.881784975528717, 3000015, 1, 98
2022.1953065, 53.1191529982203, 140.77880341872, 0.860397636890411, 3000015, 1, 98
2022.1953065, 53.1190447766138, 140.778786305591, 0.996002078056335, 3000015, 1, 98
2022.1953065, 53.1189492723048, 140.7787712293, 1.17402064800262, 3000015, 1, 98
2022.1953065, 53.1188537384005, 140.778756218926, 1.05916261672974, 3000015, 1, 98
2022.1953065, 53.1187518175986, 140.778740197345, 1.05892848968506, 3000015, 1, 98
2022.1953065, 53.1186498590133, 140.77872421627, 1.06348419189453, 3000015, 1, 98
2022.1953065, 53.1185606255076, 140.778710207717, 1.20288813114166, 3000015, 1, 98
2022.1953065, 53.11847137837, 140.778696161386, 1.14535248279572, 3000015, 1, 98
2022.1953065, 53.1183693577217, 140.778680058265, 1.15610754489899, 3000015, 1, 98
2022.1953065, 53.1182673082043, 140.778663929799, 1.15365207195282, 3000015, 1, 98
2022.1953065, 53.118171771102, 140.778648912242, 1.22897398471832, 3000015, 1, 98
2022.1953065, 53.1180695503931, 140.778632375161, 1.19085729122162, 3000015, 1, 98
2022.1953065, 53.1179737158156, 140.778616795517, 1.24483394622803, 3000015, 1, 98
2022.1953065, 53.1178842677716, 140.778602236181, 1.23348915576935, 3000015, 1, 98
2022.1953065, 53.1177884774554, 140.77858650658, 1.26885271072388, 3000015, 1, 98
2022.1953065, 53.1176990910161, 140.778571808909, 1.2313483953476, 3000015, 1, 98
2022.1953065, 53.1176033591402, 140.778556031369, 1.16216886043549, 3000015, 1, 98
2022.1953065, 53.1175076843722, 140.778540198284, 1.13564550876617, 3000015, 1, 98
2022.1953065, 53.1174184408822, 140.778525409731, 1.15729546546936, 3000015, 1, 99
2022.1953065, 53.1173229005179, 140.778509503474, 1.19171941280365, 3000015, 1, 99
2022.1953065, 53.1172337918031, 140.778494668453, 1.19814622402191, 3000015, 1, 98
2022.1953065, 53.1171447513608, 140.778479842683, 1.17380583286285, 3000015, 1, 98
2022.1953065, 53.1170430811773, 140.778462890978, 1.13454461097717, 3000015, 1, 98
2022.1953065, 53.11694784307, 140.778447055023, 1.20344221591949, 3000015, 1, 98
2022.1953065, 53.1168589555311, 140.778432175801, 1.27065801620483, 3000015, 1, 98
2022.1953065, 53.1167577321057, 140.778415380623, 1.23813593387604, 3000015, 1, 98
2022.1953065, 53.1166628943566, 140.778399702615, 1.26980519294739, 3000015, 1, 98
2022.1953065, 53.1165681411152, 140.778383981788, 1.3122330904007, 3000015, 1, 98
2022.1953065, 53.1164797137384, 140.778369431929, 1.2727313041687, 3000015, 1, 99
2022.1953065, 53.1163724021592, 140.778351716251, 1.19429981708527, 3000015, 1, 99
2022.1953065, 53.1162903433642, 140.778338247726, 1.14967465400696, 3000015, 1, 99
2022.1953065, 53.1162082940478, 140.778324781807, 1.18044137954712, 3000015, 1, 99
2022.1953065, 53.1161136267339, 140.778309242735, 1.29770600795746, 3000015, 1, 99
2022.1953065, 53.1160252437239, 140.778294796413, 1.30074393749237, 3000015, 1, 99
2022.1953065, 53.1159368289875, 140.778280399231, 1.27772796154022, 3000015, 1, 98
2022.1953065, 53.1158546969525, 140.778267050243, 1.2753347158432, 3000015, 1, 98
2022.1953065, 53.1157662037944, 140.778252697183, 1.25368285179138, 3000015, 1, 98
2022.1953065, 53.1156650261006, 140.778236267365, 1.16977250576019, 3000015, 1, 98
2022.1953065, 53.1155637823178, 140.778219905486, 1.14801561832428, 3000015, 1, 98
2022.1953065, 53.1154686815892, 140.778204550956, 1.29179346561432, 3000015, 1, 98
2022.1953065, 53.1153734898871, 140.778189268339, 1.22369837760925, 3000015, 1, 98
2022.1953065, 53.1152782482334, 140.778173943587, 1.21943330764771, 3000015, 1, 98
2022.1953065, 53.1151829405183, 140.77815861526, 1.20510625839233, 3000015, 1, 99
2022.1953065, 53.1150939227077, 140.778144335985, 1.18247103691101, 3000015, 1, 99
2022.1953065, 53.1149984963183, 140.77812902162, 1.14447593688965, 3000015, 1, 98
2022.1953065, 53.1148902766291, 140.778111667855, 1.20951235294342, 3000015, 1, 98
2022.1953065, 53.1147883811625, 140.778095288917, 1.20548629760742, 3000015, 1, 98
2022.1953065, 53.1147055521555, 140.778081978021, 1.17846024036407, 3000015, 1, 98
2022.1953065, 53.1146226908564, 140.778068685066, 1.21662056446075, 3000015, 1, 98
2022.1953065, 53.1145143042088, 140.778051266755, 1.1874532699585, 3000015, 1, 98
2022.1953065, 53.1144122726131, 140.778034844931, 1.16855156421661, 3000015, 1, 97
2022.1953065, 53.1143038626129, 140.778017341355, 1.15087604522705, 3000015, 1, 97
2022.1953065, 53.1142145467325, 140.77800293266, 1.21199607849121, 3000015, 1, 98
2022.1953065, 53.1141188475042, 140.777987479393, 1.18920850753784, 3000015, 1, 98
2022.1953065, 53.1140295525362, 140.777972986833, 1.16427791118622, 3000015, 1, 98
2022.1953065, 53.113933902126, 140.77795741664, 1.18671107292175, 3000015, 1, 98
2022.1953065, 53.1138446379899, 140.777942885104, 1.15646409988403, 3000015, 1, 98
2022.1953065, 53.1137554046981, 140.777928310365, 1.10348880290985, 3000015, 1, 98
2022.1953065, 53.1136661991311, 140.777913707253, 1.23932504653931, 3000015, 1, 98
2022.1953065, 53.1135706793812, 140.777897968029, 1.2960456609726, 3000015, 1, 98
2022.1953065, 53.113494262832, 140.777885436156, 1.25786197185516, 3000015, 1, 97
2022.1953065, 53.1134051654659, 140.777870727148, 1.1637589931488, 3000015, 1, 97
2022.1953065, 53.1133097556171, 140.777854912278, 1.11506021022797, 3000015, 1, 97
2022.1953065, 53.1132080214587, 140.777838038812, 1.15831696987152, 3000015, 1, 98
2022.1953065, 53.1131127091241, 140.777822137164, 1.21378207206726, 3000015, 1, 98
2022.1953065, 53.1130174040839, 140.777806241039, 1.22578430175781, 3000015, 1, 98
2022.1953065, 53.1129286016636, 140.777791332126, 1.2613285779953, 3000015, 1, 98
2022.1953065, 53.1128461686796, 140.777777451939, 1.26634693145752, 3000015, 1, 98
2022.1953065, 53.1127637460818, 140.777763579838, 1.1612913608551, 3000015, 1, 98
2022.1953065, 53.1126750032848, 140.777748610362, 1.13477528095245, 3000015, 1, 99
2022.1953065, 53.1125862632205, 140.777733634389, 1.14972651004791, 3000015, 1, 99
2022.1953065, 53.1124911889824, 140.777717569899, 1.1560617685318, 3000015, 1, 99
2022.1953065, 53.1124087664296, 140.777703689723, 1.15673339366913, 3000015, 1, 99
2022.1953065, 53.1123326803159, 140.777690858291, 1.1595653295517, 3000015, 1, 99
2022.1953065, 53.1122375452378, 140.777674847281, 1.252192735672, 3000015, 1, 99
2022.1953065, 53.1121423729109, 140.777658857055, 1.26924538612366, 3000015, 1, 99
2022.1953065, 53.1120344417193, 140.77764083422, 1.11143851280212, 3000015, 1, 99
2022.1953065, 53.1119264757606, 140.777622763743, 1.1214827299118, 3000015, 1, 97
2022.1953065, 53.1118248635875, 140.777605667786, 1.20386123657227, 3000015, 1, 97
2022.1953065, 53.1117294207297, 140.777589935143, 1.18162393569946, 3000015, 1, 96
2022.1953065, 53.1116339203701, 140.777574246351, 1.15154933929443, 3000015, 1, 96
2022.1953065, 53.1115383796964, 140.777558545059, 1.20039844512939, 3000015, 1, 96
2022.1953065, 53.1114364142954, 140.777541839161, 1.20822215080261, 3000015, 1, 95
2022.1953065, 53.111334381999, 140.777525185187, 1.23531293869019, 3000015, 1, 95
2022.1953065, 53.1112387108331, 140.777509527159, 1.19361972808838, 3000015, 1, 95
2022.1953065, 53.1111493706076, 140.777494960313, 1.21043956279755, 3000015, 1, 94
2022.1953065, 53.111072770369, 140.777482498382, 1.20187532901764, 3000015, 1, 94
2022.1953065, 53.1109834164569, 140.777467880533, 1.28124046325684, 3000015, 1, 94
2022.1953065, 53.110881248583, 140.777451269587, 1.22941923141479, 3000015, 1, 94
2022.1953065, 53.1107790936568, 140.77743461025, 1.21333277225494, 3000015, 1, 94
2022.1953065, 53.1106897027819, 140.777420050382, 1.17824721336365, 3000015, 1, 93
2022.1953065, 53.1106067264495, 140.777406478268, 1.14935374259949, 3000015, 1, 93
2022.1953065, 53.1105110583015, 140.777391014903, 1.15712738037109, 3000015, 1, 93
2022.1953065, 53.1104152216358, 140.777375190364, 1.18246686458588, 3000015, 1, 94
2022.1953065, 53.1103194434434, 140.777359335333, 1.20827805995941, 3000015, 1, 94
2022.1953065, 53.1102236913971, 140.777343573666, 1.25257122516632, 3000015, 1, 94
2022.1953065, 53.1101280292651, 140.777327787339, 1.25003254413605, 3000015, 1, 94
2022.1953065, 53.1100324257618, 140.777312087673, 1.16802895069122, 3000015, 1, 94
2022.1953065, 53.1099496316039, 140.77729854406, 1.16247177124023, 3000015, 1, 95
2022.1953065, 53.1098478434988, 140.777281872652, 1.22853374481201, 3000015, 1, 95
2022.1953065, 53.1097398094898, 140.777264257225, 1.17427337169647, 3000015, 1, 93
2022.1953065, 53.109644573022, 140.777248827978, 1.17524337768555, 3000015, 1, 92
2022.1953065, 53.1095494244638, 140.777233499338, 1.20633816719055, 3000015, 1, 92
2022.1953065, 53.1094543871496, 140.777218205506, 1.23623096942902, 3000015, 1, 92
2022.1953065, 53.109365747469, 140.77720403993, 1.1348180770874, 3000015, 1, 92
2022.1953065, 53.1092705194463, 140.777188591164, 1.16669034957886, 3000015, 1, 92
2022.1953065, 53.1091760687228, 140.777173825838, 1.22730529308319, 3000015, 1, 93
2022.1953065, 53.1090879527108, 140.777160110188, 1.2382994890213, 3000015, 1, 93
2022.1953065, 53.1089935609366, 140.777145438873, 1.27680277824402, 3000015, 1, 92
2022.1953065, 53.1089054440589, 140.777131786843, 1.28595149517059, 3000015, 1, 92
2022.1953065, 53.108823600532, 140.777119085023, 1.28711545467377, 3000015, 1, 92
2022.1953065, 53.1087228121599, 140.777103401753, 1.23143839836121, 3000015, 1, 93
2022.1953065, 53.108615624338, 140.777086656437, 1.23141252994537, 3000015, 1, 93
2022.1953065, 53.1085146143595, 140.777070797099, 1.25002956390381, 3000015, 1, 93
2022.1953065, 53.1084197873171, 140.777055823296, 1.34064936637878, 3000015, 1, 93
2022.1953065, 53.1083248084195, 140.777040750148, 1.33798050880432, 3000015, 1, 93
2022.1953065, 53.1082296681174, 140.777025566453, 1.22544932365417, 3000015, 1, 93
2022.1953065, 53.1081407238798, 140.777011262846, 1.24675786495209, 3000015, 1, 93
2022.1953065, 53.1080452771216, 140.7769957635, 1.26126849651337, 3000015, 1, 93
2022.1953065, 53.1079562310802, 140.77698139808, 1.22727370262146, 3000015, 1, 92
2022.1953065, 53.1078471685482, 140.77696306298, 1.22534489631653, 3000015, 1, 92
2022.1953065, 53.1077507874587, 140.776946815198, 1.26040053367615, 3000015, 1, 92
2022.1953065, 53.1076478913117, 140.776929337453, 1.24701702594757, 3000015, 1, 93
2022.1953065, 53.1075384883065, 140.776910709725, 1.30305480957031, 3000015, 1, 93
2022.1953065, 53.1074354932828, 140.776893137134, 1.30927538871765, 3000015, 1, 92
2022.1953065, 53.107332520936, 140.776875541127, 1.32785987854004, 3000015, 1, 92
2022.1953065, 53.107223160568, 140.776856900994, 1.30110168457031, 3000015, 1, 95
2022.1953065, 53.1071203434025, 140.776839367837, 1.24984765052795, 3000015, 1, 95
2022.1953065, 53.1070368874775, 140.77682519679, 1.26297199726105, 3000015, 1, 95
2022.1953065, 53.1069471247237, 140.776810005332, 1.17982423305511, 3000015, 1, 95
2022.1953065, 53.1068511031381, 140.776793794273, 1.219162940979, 3000015, 1, 95
2022.1953065, 53.1067552461573, 140.77677771654, 1.25547826290131, 3000015, 1, 95
2022.1953065, 53.1066658161028, 140.776762656985, 1.28297781944275, 3000015, 1, 95
2022.1953065, 53.1065580101897, 140.776745024384, 1.27895975112915, 3000015, 1, 97
2022.1953065, 53.1064630518898, 140.77672965154, 1.29867959022522, 3000015, 1, 97
2022.1953065, 53.1063682683098, 140.776714316215, 1.40595507621765, 3000015, 1, 97
2022.1953065, 53.1062736206546, 140.776699083075, 1.42858493328094, 3000015, 1, 97
2022.1953065, 53.1061727938784, 140.776682909343, 1.55074024200439, 3000015, 1, 97
2022.1953065, 53.1060595266024, 140.776664697596, 1.4833071231842, 3000015, 1, 97
2022.1953065, 53.1059526137176, 140.776647638615, 1.30626237392426, 3000015, 1, 96
2022.1953065, 53.1058583646134, 140.77663250486, 1.28840589523315, 3000015, 1, 96
2022.1953065, 53.1057641185815, 140.776617428386, 1.41061699390411, 3000015, 1, 96
2022.1953065, 53.1056635940909, 140.776601325648, 1.42439246177673, 3000015, 1, 97
2022.1953065, 53.105563052534, 140.776585161192, 1.35914051532745, 3000015, 1, 97
2022.1953065, 53.105462573745, 140.776569119301, 1.34412825107574, 3000015, 1, 98
2022.1953065, 53.1401998788346, 140.78097126134, 1.17294454574585, 4007613, 2, 95
2022.1953065, 53.1398181294015, 140.78090741539, 0.918812155723572, 4007613, 2, 94
2022.1953065, 53.1394487911287, 140.780845599442, 0.899719059467316, 4007613, 2, 96
2022.1953065, 53.1391176875062, 140.780790768197, 0.893129646778107, 4007613, 2, 95
2022.1953065, 53.1387740059015, 140.780734614156, 0.824881196022034, 4007613, 2, 97
2022.1953065, 53.1384498525289, 140.780682872325, 0.851876258850098, 4007613, 2, 97
2022.1953065, 53.1380942062556, 140.780626725911, 0.905434370040894, 4007613, 2, 97
2022.1953065, 53.1377006844996, 140.780564700903, 0.944146931171417, 4007613, 2, 97
2022.1953065, 53.1373453338243, 140.780508314619, 0.91905277967453, 4007613, 2, 97
2022.1953065, 53.1370089484664, 140.780454271647, 0.928080856800079, 4007613, 2, 97
2022.1953065, 53.1366535513445, 140.780396239862, 0.890969634056091, 4007613, 2, 97
2022.1953065, 53.1362981484518, 140.780337280155, 0.887882232666016, 4007613, 2, 97
2022.1953065, 53.1359554720628, 140.780279432116, 0.977229595184326, 4007613, 2, 96
2022.1953065, 53.1355619156771, 140.780213003084, 0.924444794654846, 4007613, 2, 98
2022.1953065, 53.1351743758324, 140.780149469296, 0.917862057685852, 4007613, 2, 97
2022.1953065, 53.1348309663409, 140.780095291323, 0.942363500595093, 4007613, 2, 97
2022.1953065, 53.1344807942962, 140.780042905102, 0.944180130958557, 4007613, 2, 97
2022.1953065, 53.1341433239533, 140.779991762089, 0.896084189414978, 4007613, 2, 98
2022.1953065, 53.1338059798298, 140.779938523419, 0.926050126552582, 4007613, 2, 98
2022.1953065, 53.1334689331882, 140.779881729926, 0.98772269487381, 4007613, 2, 98
2022.1953065, 53.1330877638168, 140.77981360082, 0.951204717159271, 4007613, 2, 97
2022.1953065, 53.1327194815208, 140.779747815904, 0.902680933475494, 4007613, 2, 98
2022.1953065, 53.1323829699283, 140.779689200426, 0.815562903881073, 4007613, 2, 97
2022.1953065, 53.1320273427702, 140.779632143198, 0.871388137340546, 4007613, 2, 97
2022.1953065, 53.1316524291548, 140.779574160078, 0.877928912639618, 4007613, 2, 97
2022.1953065, 53.1312708643346, 140.779515759161, 0.832137763500214, 4007613, 2, 97
2022.1953065, 53.1309080752291, 140.779459132808, 0.789740324020386, 4007613, 2, 98
2022.1953065, 53.1305005904579, 140.779393177374, 0.708327174186707, 4007613, 2, 98
2022.1953065, 53.1302882237298, 140.779357976118, 0.336165130138397, 4007613, 2, 97
2022.1953065, 53.1300934581781, 140.779325172922, 0.781109035015106, 3000015, 2, 98
2022.1953065, 53.1297440399022, 140.77926553486, 0.891989767551422, 3000015, 2, 98
2022.1953065, 53.1294078892489, 140.779207376776, 0.897036612033844, 3000015, 2, 98
2022.1953065, 53.1290464593625, 140.779145641545, 0.857382595539093, 3000015, 2, 98
2022.1953065, 53.1286784552116, 140.779084431093, 0.812834084033966, 3000015, 2, 99
2022.1953065, 53.1283417324807, 140.779030716404, 0.81105375289917, 3000015, 2, 100
2022.1953065, 53.1280108840349, 140.778979526509, 0.834012985229492, 3000015, 2, 99
2022.1953065, 53.127673262047, 140.778927231393, 0.858146965503693, 3000015, 2, 100
2022.1953065, 53.1272971572437, 140.778868085327, 0.909272015094757, 3000015, 2, 99
2022.1953065, 53.1268824152712, 140.778799261053, 0.920343339443207, 3000015, 2, 99
2022.1953065, 53.1265192345443, 140.778738255095, 0.921061098575592, 3000015, 2, 98
2022.1953065, 53.1262012997845, 140.778685020037, 1.03853046894073, 3000015, 2, 98
2022.1953065, 53.1258398664302, 140.778625814744, 0.979218900203705, 3000015, 2, 98
2022.1953065, 53.1254603052053, 140.778565295794, 0.877126336097717, 3000015, 2, 99
2022.1953065, 53.1250804653176, 140.778504927442, 0.936507403850555, 3000015, 2, 99
2022.1953065, 53.1247252287622, 140.778448106282, 0.937877655029297, 3000015, 2, 98
2022.1953065, 53.1243939708362, 140.778393803716, 0.991340756416321, 3000015, 2, 98
2022.1953065, 53.12403674251, 140.778334712669, 0.940175235271454, 3000015, 2, 98
2022.1953065, 53.1236093766497, 140.778263725389, 0.888019561767578, 3000015, 2, 98
2022.19530651, 53.1232083694751, 140.778197397438, 0.966844320297241, 3000015, 2, 97
2022.19530651, 53.1228400984085, 140.778136973916, 0.83644711971283, 3000015, 2, 98
2022.19530651, 53.1224217736725, 140.778068841852, 0.918596148490906, 3000015, 2, 98
2022.19530651, 53.1220292161365, 140.778005339611, 0.94029700756073, 3000015, 2, 98
2022.19530651, 53.1216936843249, 140.777951217333, 0.929591298103333, 3000015, 2, 98
2022.19530651, 53.1213261952024, 140.777891196702, 0.883681356906891, 3000015, 2, 98
2022.19530651, 53.1209073775905, 140.777821677297, 0.891529858112335, 3000015, 2, 98
2022.19530651, 53.1204876211059, 140.777750106994, 0.871134459972382, 3000015, 2, 98
2022.19530651, 53.1200736888085, 140.777680157011, 0.925308585166931, 3000015, 2, 99
2022.19530651, 53.1197232360712, 140.777622232439, 0.917675137519836, 3000015, 2, 98
2022.19530651, 53.1193919555505, 140.777569372917, 0.990102827548981, 3000015, 2, 98
2022.19530651, 53.1190353513199, 140.777513760597, 0.958922266960144, 3000015, 2, 98
2022.19530651, 53.1186916593435, 140.777460201178, 1.05758023262024, 3000015, 2, 98
2022.19530651, 53.1183672525643, 140.777408988983, 1.0601270198822, 3000015, 2, 98
2022.19530651, 53.1179731378913, 140.777345012072, 1.09481263160706, 3000015, 2, 98
2022.19530651, 53.1176237130924, 140.777286706786, 1.13899838924408, 3000015, 2, 98
2022.19530651, 53.1172553748769, 140.777223888922, 1.17650234699249, 3000015, 2, 98
2022.19530651, 53.1169188583049, 140.777165559698, 1.12756168842316, 3000015, 2, 98
2022.19530651, 53.1165569730378, 140.777102702933, 1.15261101722717, 3000015, 2, 99
2022.19530651, 53.1162014764267, 140.777042311068, 1.16266965866089, 3000015, 2, 99
2022.19530651, 53.1158650199423, 140.776986825914, 1.14418494701385, 3000015, 2, 98
2022.19530651, 53.1155032196994, 140.776930511543, 1.21872961521149, 3000015, 2, 98
2022.19530651, 53.1151730269794, 140.776880071423, 1.14720714092255, 3000015, 2, 98
2022.19530651, 53.1147600404316, 140.776816882147, 1.17519617080688, 3000015, 2, 97
2022.19530651, 53.1144230507686, 140.776764013619, 1.19066178798676, 3000015, 2, 98
2022.19530651, 53.1140540511769, 140.776704131932, 1.16784071922302, 3000015, 2, 98
2022.19530651, 53.1137104522753, 140.776647394074, 1.29709410667419, 3000015, 2, 99
2022.19530651, 53.1133923853941, 140.776594516502, 1.22208678722382, 3000015, 2, 98
2022.19530651, 53.1130363072226, 140.776535407768, 1.1311469078064, 3000015, 2, 99
2022.19530651, 53.1126296770548, 140.776468163781, 1.24395644664764, 3000015, 2, 99
2022.19530651, 53.1123122712414, 140.776415814411, 1.16717088222504, 3000015, 2, 99
2022.19530651, 53.1119063090087, 140.776348993159, 1.2079176902771, 3000015, 2, 98
2022.19530651, 53.1115576375651, 140.776291673685, 1.10105848312378, 3000015, 2, 98
2022.19530651, 53.1111897119246, 140.776230589216, 1.11158120632172, 3000015, 2, 97
2022.19530651, 53.1108467761034, 140.776173109761, 1.17943334579468, 3000015, 2, 95
2022.19530651, 53.1104587132406, 140.776107073926, 1.15953993797302, 3000015, 2, 92
2022.19530651, 53.110102016281, 140.776046581773, 1.19127035140991, 3000015, 2, 92
2022.19530651, 53.1097388034192, 140.775986325635, 1.17482507228851, 3000015, 2, 91
2022.19530651, 53.1093947882343, 140.775931106572, 1.17608487606049, 3000015, 2, 90
2022.19530651, 53.1090382698212, 140.775876218425, 1.14820981025696, 3000015, 2, 92
2022.19530651, 53.1086439167442, 140.775815805436, 1.17730164527893, 3000015, 2, 93
2022.19530651, 53.1082435083524, 140.775753569403, 1.14123046398163, 3000015, 2, 93
2022.19530651, 53.1078626718848, 140.775691399937, 1.20210099220276, 3000015, 2, 92
2022.19530651, 53.107449874023, 140.775622470298, 1.18193817138672, 3000015, 2, 96
2022.19530651, 53.1070556325278, 140.775556045985, 1.23226714134216, 3000015, 2, 97
2022.19530651, 53.1066861121426, 140.775494369971, 1.22234296798706, 3000015, 2, 97
2022.19530651, 53.1063163568497, 140.775433240709, 1.20072948932648, 3000015, 2, 97
2022.19530651, 53.1059471006735, 140.775372462698, 1.18430137634277, 3000015, 2, 98
2022.19530651, 53.1055787303254, 140.775311844918, 1.21611559391022, 3000015, 2, 98
2022.19530651, 53.1051799464641, 140.775245930453, 1.29997622966766, 3000015, 2, 99
2022.19530651, 53.1048385089736, 140.775190314719, 1.3223203420639, 3000015, 2, 98
2022.19530651, 53.1044590936367, 140.77512931741, 1.41934502124786, 3000015, 2, 97
2022.19530651, 53.1040789310065, 140.775070568818, 1.45232784748077, 3000015, 2, 97
2022.19530651, 53.1036917119925, 140.775010313869, 1.31290066242218, 3000015, 2, 99
2022.19530652, 53.1033483540085, 140.774955603278, 0.920696914196014, 3000015, 2, 99
2022.19530652, 53.1030109189196, 140.774899861711, 1.00303876399994, 3000015, 2, 99
2022.19530652, 53.1026540733972, 140.774838497194, 1.00778079032898, 3000015, 2, 99
2022.19530649, 53.1335382110205, 140.73272990189, 2.75376319885254, 4007613, 3, 88
2022.19530649, 53.1333538264382, 140.732701073923, 0.790485620498657, 4007613, 3, 97
2022.19530649, 53.1332332101274, 140.732682006332, 0.892447829246521, 4007613, 3, 97
2022.19530649, 53.1331190335589, 140.732663748768, 0.874265670776367, 4007613, 3, 97
2022.19530649, 53.1329859440612, 140.732642190386, 0.872947096824646, 4007613, 3, 97
2022.19530649, 53.13286562337, 140.732622426563, 0.834484696388245, 4007613, 3, 97
2022.19530649, 53.132739074149, 140.732601359583, 0.791617631912231, 4007613, 3, 94
2022.19530649, 53.1325999172381, 140.732577951182, 0.821372091770172, 4007613, 3, 94
2022.19530649, 53.1321896794174, 140.732505822333, 0.864924013614655, 4007613, 3, 94
2022.19530649, 53.1320823559011, 140.732486745853, 0.732583820819855, 4007613, 3, 94
2022.19530649, 53.1319749721072, 140.732467637746, 0.729138672351837, 4007613, 3, 97
2022.19530649, 53.1318422432622, 140.732444064371, 0.719663381576538, 4007613, 3, 97
2022.19530649, 53.131709397835, 140.732420573411, 0.734483063220978, 4007613, 3, 97
2022.19530649, 53.1315700761428, 140.732396110934, 0.727030634880066, 4007613, 3, 97
2022.19530649, 53.1314559721241, 140.732376254327, 0.755649745464325, 4007613, 3, 98
2022.19530649, 53.1313354762578, 140.732355427779, 0.764065027236938, 4007613, 3, 98
2022.19530649, 53.1311890605846, 140.732330754242, 0.792442202568054, 4007613, 3, 98
2022.19530649, 53.131061633967, 140.732309537672, 0.773217856884003, 4007613, 3, 98
2022.19530649, 53.1309341616733, 140.732288555894, 0.736091732978821, 4007613, 3, 98
2022.19530649, 53.1308066543541, 140.732267783816, 0.790452539920807, 4007613, 3, 98
2022.19530649, 53.130685531871, 140.732248237292, 0.771942138671875, 4007613, 3, 97
2022.19530649, 53.1305517064713, 140.732226829254, 0.729562401771545, 4007613, 3, 97
2022.19530649, 53.1304370446166, 140.732208608344, 0.747946619987488, 4007613, 3, 97
2022.19530649, 53.1303097260743, 140.732188488076, 0.770250678062439, 4007613, 3, 97
2022.19530649, 53.1301952282146, 140.732170465719, 0.79526150226593, 4007613, 3, 98
2022.19530649, 53.1300933889242, 140.73215435339, 0.800481557846069, 4007613, 3, 98
2022.19530649, 53.1299919584791, 140.732138615958, 0.742745161056519, 4007613, 3, 99
2022.19530649, 53.1299032615513, 140.732124848653, 0.657958626747131, 4007613, 3, 99
2022.19530649, 53.1298082649094, 140.732110068445, 0.693006336688995, 4007613, 3, 99
2022.19530649, 53.1296689902195, 140.732088305372, 0.655827343463898, 4007613, 3, 98
2022.19530649, 53.1295297471086, 140.732066389983, 0.647184312343597, 4007613, 3, 98
2022.19530649, 53.1293904892339, 140.732044273322, 0.675728142261505, 4007613, 3, 98
2022.19530649, 53.1291202282894, 140.73200071923, 0.622181594371796, 4007613, 3, 99
2022.19530649, 53.1290040163697, 140.731981736344, 0.720593810081482, 2009603, 3, 99
2022.19530649, 53.1289088457155, 140.731966084314, 0.739849269390106, 2009603, 3, 98
2022.19530649, 53.1288199752556, 140.731951746436, 0.723224580287933, 2009603, 3, 98
2022.19530649, 53.1287309634079, 140.731936399327, 0.738949716091156, 2009603, 3, 99
2022.19530649, 53.1286355162295, 140.731919921098, 0.765212178230286, 2009603, 3, 99
2022.19530649, 53.1285399882589, 140.73190344764, 0.804625809192657, 2009603, 3, 99
2022.19530649, 53.1284443756024, 140.731887021174, 0.777535974979401, 2009603, 3, 99
2022.19530649, 53.1283359206357, 140.73186851552, 0.729252219200134, 2009603, 3, 99
2022.19530649, 53.1282465257837, 140.731853398205, 0.722431719303131, 2009603, 3, 99
2022.19530649, 53.1281570740951, 140.731838427628, 0.78962916135788, 2009603, 3, 99
2022.19530649, 53.1280547815365, 140.731821533135, 0.844692945480347, 2009603, 3, 99
2022.19530649, 53.1279588142573, 140.731805913582, 0.859204053878784, 2009603, 3, 99
2022.19530649, 53.1278500079121, 140.731788512719, 0.88204950094223, 2009603, 3, 99
2022.19530649, 53.1277667547893, 140.731775413146, 0.881331980228424, 2009603, 3, 99
2022.19530649, 53.1276770802242, 140.731761525431, 0.828999698162079, 2009603, 3, 99
2022.19530649, 53.1275811522348, 140.731745957873, 0.850123345851898, 2009603, 3, 98
2022.19530649, 53.1274848889486, 140.73173252187, 0.893799841403961, 2009603, 3, 99
2022.19530649, 53.1273886365347, 140.731719281796, 0.898113250732422, 2009603, 3, 99
2022.19530649, 53.1272860063954, 140.731705305761, 1.0443080663681, 2009603, 3, 99
2022.19530649, 53.1272026461018, 140.731693997285, 1.03514242172241, 2009603, 3, 99
2022.19530649, 53.1271065429314, 140.731680965427, 0.98877215385437, 2009603, 3, 99
2022.19530649, 53.1270105084654, 140.731667864193, 1.02546918392181, 2009603, 3, 99
2022.19530649, 53.1269145780036, 140.731654648791, 0.90185022354126, 2009603, 3, 99
2022.19530649, 53.1268059988309, 140.731639458196, 0.925538301467896, 2009603, 3, 99
2022.19530649, 53.1267103138183, 140.731625798696, 0.947418808937073, 2009603, 3, 99
2022.19530649, 53.1266211237856, 140.731612793127, 0.933252930641174, 2009603, 3, 99
2022.19530649, 53.1265256933711, 140.731598550977, 0.952855885028839, 2009603, 3, 99
2022.19530649, 53.1264176939436, 140.731581977281, 0.942970812320709, 2009603, 3, 99
2022.19530649, 53.1263162018537, 140.731565937245, 0.945798695087433, 2009603, 3, 99
2022.19530649, 53.1262148479556, 140.731549520833, 1.01166498661041, 2009603, 3, 99
2022.19530649, 53.1261202814503, 140.73153265385, 0.927138388156891, 2009603, 3, 99
2022.19530649, 53.1260321018914, 140.731516640419, 0.893127620220184, 2009603, 3, 99
2022.19530649, 53.1259376765713, 140.731499241445, 0.881964206695557, 2009603, 3, 99
2022.19530649, 53.1258306947845, 140.731479293377, 0.940078020095825, 2009603, 3, 99
2022.19530649, 53.1257426040394, 140.731462749984, 0.928600013256073, 2009603, 3, 99
2022.19530649, 53.1256481979042, 140.731444965276, 0.875036120414734, 2009603, 3, 99
2022.19530649, 53.1255600527839, 140.73142836596, 0.938849449157715, 2009603, 3, 99
2022.19530649, 53.1254781434797, 140.731412984734, 0.902705669403076, 2009603, 3, 99
2022.19530649, 53.1253898682913, 140.731396505191, 0.908116817474365, 2009603, 3, 99
2022.19530649, 53.1253015111509, 140.73138015514, 0.872113406658173, 2009603, 3, 99
2022.19530649, 53.1252256972054, 140.731366265889, 0.928153514862061, 2009603, 3, 99
2022.19530649, 53.1251371555796, 140.731350241646, 1.00202929973602, 2009603, 3, 99
2022.19530649, 53.1250361502468, 140.731331337591, 1.17701101303101, 2009603, 3, 99
2022.19530649, 53.1249624060481, 140.731319176865, 1.16621792316437, 2009603, 3, 99
2022.1953065, 53.1339416313282, 140.731434669837, 0.884120583534241, 4007613, 4, 95
2022.1953065, 53.1336099101373, 140.731381061055, 0.912701368331909, 4007613, 4, 96
2022.1953065, 53.1332782508556, 140.731326866358, 0.867892026901245, 4007613, 4, 97
2022.1953065, 53.1328961094709, 140.731263881883, 0.855068862438202, 4007613, 4, 97
2022.1953065, 53.1319770167486, 140.731111578177, 0.809448599815369, 4007613, 4, 97
2022.1953065, 53.1315967368383, 140.731049853117, 0.770695686340332, 4007613, 4, 98
2022.1953065, 53.1312410641183, 140.730993472826, 0.891101598739624, 4007613, 4, 97
2022.1953065, 53.1308786909519, 140.730935966393, 0.869031369686127, 4007613, 4, 97
2022.1953065, 53.1304779447921, 140.730871547817, 0.857556760311127, 4007613, 4, 97
2022.1953065, 53.1301153523455, 140.73081180469, 0.922822594642639, 4007613, 4, 91
2022.1953065, 53.1297085244798, 140.730743592189, 0.792379438877106, 4007613, 4, 98
2022.1953065, 53.1293342552546, 140.73068074739, 0.250714242458344, 4007613, 4, 99
2022.1953065, 53.128972500945, 140.730620545341, 0.700734794139862, 2009603, 4, 98
2022.1953065, 53.1286558260532, 140.730568717385, 0.74888551235199, 2009603, 4, 99
2022.1953065, 53.1283451348312, 140.730518792807, 0.83579295873642, 2009603, 4, 99
2022.1953065, 53.1279956569635, 140.730463690133, 0.88468325138092, 2009603, 4, 99
2022.1953065, 53.1277216526551, 140.730421190105, 0.954747080802917, 2009603, 4, 99
2022.1953065, 53.1274404207758, 140.730378107055, 0.97805780172348, 2009603, 4, 98
2022.1953065, 53.1271655888967, 140.730335712106, 0.866418659687042, 2009603, 4, 98
2022.1953065, 53.1268656009012, 140.73028865761, 0.883385181427002, 2009603, 4, 98
2022.1953065, 53.1265725001416, 140.730241774593, 0.886014759540558, 2009603, 4, 98
2022.1953065, 53.1262558260804, 140.730188895101, 0.918770730495453, 2009603, 4, 98
2022.1953065, 53.1259901323855, 140.730143910806, 0.994141161441803, 2009603, 4, 99
2022.1953065, 53.1257053548343, 140.73009555635, 1.05505812168121, 2009603, 4, 99
2022.1953065, 53.1254074404699, 140.730045287223, 1.03183889389038, 2009603, 4, 99
2022.19530651, 53.1251275885282, 140.729998912112, 1.01275730133057, 2009603, 4, 99
2022.19530651, 53.1248276726843, 140.729950246213, 0.929147481918335, 2009603, 4, 99
2022.19530651, 53.1245531933802, 140.729906169631, 0.955976545810699, 2009603, 4, 100
2022.19530651, 53.1242980825383, 140.729865416055, 0.992656826972961, 2009603, 4, 100
2022.19530651, 53.124054581933, 140.729826562884, 1.06535112857819, 2009603, 4, 100
2022.19530649, 53.1371827306674, 140.684878907852, 1.04932153224945, 4007613, 5, 82
2022.19530649, 53.137099733012, 140.684865704805, 1.05840265750885, 4007613, 5, 82
2022.19530649, 53.1370103807248, 140.684851394463, 1.14580059051514, 4007613, 5, 82
2022.19530649, 53.1369082837746, 140.684835200981, 1.21413040161133, 4007613, 5, 95
2022.19530649, 53.1368255123403, 140.684821600059, 1.21073436737061, 4007613, 5, 95
2022.19530649, 53.1367300450917, 140.684805848634, 1.21429419517517, 4007613, 5, 96
2022.19530649, 53.1366346273404, 140.684790155973, 1.16603112220764, 4007613, 5, 96
2022.19530649, 53.1365455925676, 140.684775446728, 1.11314511299133, 4007613, 5, 96
2022.19530649, 53.13645023461, 140.684759738209, 1.12557351589203, 4007613, 5, 97
2022.19530649, 53.1363485424944, 140.684743011702, 1.10932314395905, 4007613, 5, 96
2022.19530649, 53.1362405368467, 140.68472538643, 1.06353533267975, 4007613, 5, 97
2022.19530649, 53.1361325395439, 140.684707807578, 1.06681966781616, 4007613, 5, 97
2022.19530649, 53.1360372583326, 140.68469236383, 1.05339419841766, 4007613, 5, 97
2022.19530649, 53.1359483394486, 140.684678067125, 1.02425587177277, 4007613, 5, 97
2022.19530649, 53.1358594267046, 140.684663866209, 0.984928607940674, 4007613, 5, 97
2022.19530649, 53.1357705094756, 140.684649724368, 1.02206516265869, 4007613, 5, 97
2022.19530649, 53.1356753375907, 140.684634259827, 1.03345119953156, 4007613, 5, 96
2022.19530649, 53.135573578549, 140.684618803242, 1.00735628604889, 4007613, 5, 96
2022.19530649, 53.1354781808628, 140.684604364136, 0.986806273460388, 4007613, 5, 97
2022.19530649, 53.1353827946154, 140.684589959451, 1.00184464454651, 4007613, 5, 97
2022.19530649, 53.1352937721508, 140.684576480026, 0.998084306716919, 4007613, 5, 97
2022.19530649, 53.1352047628156, 140.684562933854, 1.00272274017334, 4007613, 5, 97
2022.19530649, 53.1350967144184, 140.684546458329, 1.02670514583588, 4007613, 5, 97
2022.19530649, 53.1349886932282, 140.684529785835, 1.01630306243896, 4007613, 5, 97
2022.19530649, 53.1348934098661, 140.68451491144, 1.03232491016388, 4007613, 5, 97
2022.19530649, 53.1348108638045, 140.684501904389, 1.01592326164246, 4007613, 5, 97
2022.19530649, 53.1347219974374, 140.684487751183, 0.971307814121246, 4007613, 5, 97
2022.19530649, 53.1346268240092, 140.684472408744, 0.990483343601227, 4007613, 5, 97
2022.19530649, 53.1345443718636, 140.684458929161, 1.05045926570892, 4007613, 5, 97
2022.19530649, 53.1344556118433, 140.684444257437, 1.01220309734344, 4007613, 5, 97
2022.19530649, 53.134379498086, 140.684431785245, 0.945188760757446, 4007613, 5, 97
2022.19530649, 53.1342972274711, 140.684417351246, 0.995423913002014, 4007613, 5, 97
2022.19530649, 53.1342023160285, 140.684400461553, 1.00842142105103, 4007613, 5, 96
2022.19530649, 53.1341074409456, 140.684383507618, 1.0071804523468, 4007613, 5, 96
2022.19530649, 53.1339999231258, 140.684364142448, 1.0036633014679, 4007613, 5, 92
2022.19530649, 53.1339050569915, 140.684346968106, 0.989967107772827, 4007613, 5, 92
2022.19530649, 53.1338165131965, 140.684330949159, 0.981685280799866, 4007613, 5, 92
2022.19530649, 53.1337279675355, 140.684314995758, 1.01387274265289, 4007613, 5, 83
2022.19530649, 53.1336393975703, 140.684299074454, 1.0419328212738, 4007613, 5, 83
2022.19530649, 53.1335444885608, 140.684282173774, 1.07778549194336, 4007613, 5, 83
2022.19530649, 53.1334558556524, 140.684266422266, 1.05366480350494, 4007613, 5, 81
2022.19530649, 53.1333545273632, 140.684248653118, 1.08838093280792, 4007613, 5, 89
2022.19530649, 53.1332468140787, 140.684230047831, 1.07097887992859, 4007613, 5, 88
2022.19530649, 53.1331517576957, 140.684213365552, 1.1270934343338, 4007613, 5, 88
2022.19530649, 53.1330565427222, 140.684197872544, 1.11301493644714, 4007613, 5, 88
2022.19530649, 53.1329612604696, 140.684182570155, 1.13056111335754, 4007613, 5, 84
2022.19530649, 53.1328659219907, 140.684167476195, 1.13945186138153, 4007613, 5, 84
2022.19530649, 53.1327768915195, 140.684153596612, 1.14571058750153, 4007613, 5, 84
2022.19530649, 53.1326941720662, 140.684140806222, 1.14745330810547, 4007613, 5, 80
2022.19530649, 53.1326177732819, 140.684129080536, 1.20830166339874, 4007613, 5, 80
2022.19530649, 53.1325222228827, 140.684114506539, 1.21836721897125, 4007613, 5, 80
2022.19530649, 53.1324266278474, 140.684100055508, 1.21461403369904, 4007613, 5, 84
2022.19530649, 53.1323437323967, 140.684087551242, 1.2090972661972, 4007613, 5, 84
2022.19530649, 53.1322480396801, 140.684073142334, 1.18171060085297, 4007613, 5, 85
2022.19530649, 53.1321459286695, 140.684057831809, 1.18460369110107, 4007613, 5, 85
2022.19530649, 53.1320629251011, 140.684045323939, 1.19816863536835, 4007613, 5, 85
2022.19530649, 53.1319735180609, 140.684031887136, 1.1471301317215, 4007613, 5, 86
2022.19530649, 53.13187769089, 140.684017664311, 1.13564336299896, 4007613, 5, 86
2022.19530649, 53.1317818510979, 140.684002857459, 1.16184425354004, 4007613, 5, 86
2022.19530649, 53.1316987662114, 140.683989912823, 1.19581604003906, 4007613, 5, 89
2022.19530649, 53.1316029017419, 140.683974981901, 1.20549476146698, 4007613, 5, 89
2022.19530649, 53.1315070228719, 140.683959935766, 1.16768515110016, 4007613, 5, 89
2022.19530649, 53.1314239239878, 140.683946820801, 1.19356119632721, 4007613, 5, 89
2022.19530649, 53.1313408310331, 140.683933664366, 1.20469677448273, 4007613, 5, 89
2022.19530649, 53.1312449675379, 140.683918477808, 1.23810374736786, 4007613, 5, 87
2022.19530649, 53.1311427359129, 140.68390224642, 1.23716163635254, 4007613, 5, 87
2022.19530649, 53.1310469041724, 140.683886948143, 1.2537659406662, 4007613, 5, 87
2022.19530649, 53.1309447045145, 140.683870559957, 1.30337488651276, 4007613, 5, 87
2022.19530649, 53.130842550982, 140.683854237026, 1.30325925350189, 4007613, 5, 87
2022.19530649, 53.1307531937866, 140.683839916389, 1.33284664154053, 4007613, 5, 87
2022.19530649, 53.1306702378173, 140.683826578616, 1.32423031330109, 4007613, 5, 87
2022.19530649, 53.1305873242447, 140.683813186292, 1.34914183616638, 4007613, 5, 87
2022.19530649, 53.1304789268095, 140.683795945454, 1.36009645462036, 4007613, 5, 86
2022.19530649, 53.1303896851783, 140.683781684026, 1.32766854763031, 4007613, 5, 86
2022.19530649, 53.1303004900695, 140.683767470103, 1.38327789306641, 4007613, 5, 86
2022.19530649, 53.1302176974225, 140.683754273676, 1.32803964614868, 4007613, 5, 80
2022.19530649, 53.1301222195147, 140.683739096373, 1.30157101154327, 4007613, 5, 87
2022.19530649, 53.1300331442657, 140.683724927485, 1.38470411300659, 4007613, 5, 87
2022.19530649, 53.1299441113195, 140.683710782566, 1.35381519794464, 4007613, 5, 88
2022.19530649, 53.1298487628528, 140.683695630657, 1.34058451652527, 4007613, 5, 88
2022.19530649, 53.1297598116981, 140.683681521061, 1.34984350204468, 4007613, 5, 88
2022.19530649, 53.1296581933731, 140.683665363559, 1.37702035903931, 4007613, 5, 90
2022.19530649, 53.1295566279996, 140.683649274893, 1.36072647571564, 4007613, 5, 90
2022.19530649, 53.1294614451175, 140.683634171485, 1.32597613334656, 4007613, 5, 88
2022.19530649, 53.1293536141708, 140.683617094978, 1.32783246040344, 4007613, 5, 88
2022.19530649, 53.1292521377153, 140.683600972203, 1.37683546543121, 4007613, 5, 88
2022.19530649, 53.1291508357881, 140.683584966475, 1.3535213470459, 4007613, 5, 83
2022.19530649, 53.1290495448575, 140.683568937756, 1.32659375667572, 4007613, 5, 83
2022.19530649, 53.1289545784488, 140.683553885749, 1.33463966846466, 4007613, 5, 78
2022.19530649, 53.128865934542, 140.683539815651, 1.35527813434601, 4007613, 5, 78
2022.19530649, 53.1287836104791, 140.683526731744, 1.39706802368164, 4007613, 5, 78
2022.19530649, 53.128694930233, 140.683512610356, 1.41780376434326, 4007613, 5, 74
2022.19530649, 53.1286062265532, 140.683498472036, 1.41904783248901, 4007613, 5, 72
2022.19530649, 53.1285174779369, 140.683484221257, 1.49516201019287, 4007613, 5, 72
2022.19530649, 53.1284287114374, 140.683470019563, 1.48533380031586, 4007613, 5, 63
2022.19530649, 53.1283335658605, 140.68345478133, 1.43284201622009, 4007613, 5, 63
2022.19530649, 53.1282447100178, 140.683440436269, 1.43952310085297, 4007613, 5, 63
2022.19530649, 53.1281558350718, 140.6834261336, 1.48648810386658, 4007613, 5, 63
2022.19530649, 53.1280735874333, 140.68341296355, 1.49085247516632, 4007613, 5, 63
2022.19530649, 53.1267451333024, 140.683196898689, 1.28970587253571, 4007613, 5, 63
2022.19530649, 53.126657222342, 140.683182873411, 1.21484446525574, 4007613, 5, 63
2022.19530649, 53.1265693608519, 140.683168906432, 1.21048748493195, 4007613, 5, 63
2022.19530649, 53.1264689867907, 140.683153027341, 1.14611268043518, 4007613, 5, 75
2022.19530649, 53.1263811462175, 140.683139138135, 1.14072358608246, 4007613, 5, 75
2022.19530649, 53.1262870044588, 140.683124323022, 1.12634873390198, 4007613, 5, 75
2022.19530649, 53.1261990702263, 140.683110477462, 1.13667702674866, 4007613, 5, 74
2022.19530649, 53.1260984779649, 140.683094681078, 1.09501338005066, 4007613, 5, 74
2022.19530649, 53.1260040531475, 140.683079901481, 1.16213059425354, 4007613, 5, 74
2022.19530649, 53.1259094768363, 140.683065082766, 1.1426637172699, 4007613, 5, 79
2022.19530649, 53.1258210594717, 140.683051216807, 1.20876348018646, 4007613, 5, 79
2022.19530649, 53.1257198162324, 140.683035316865, 1.16685950756073, 4007613, 5, 81
2022.19530649, 53.125624709014, 140.683020356863, 1.16180062294006, 4007613, 5, 81
2022.19530649, 53.1255299720199, 140.683005285496, 1.15740489959717, 4007613, 5, 81
2022.19530649, 53.1254402749469, 140.682991228976, 1.16461431980133, 4007613, 5, 77
2022.19530649, 53.125350423907, 140.682977060847, 1.11392557621002, 4007613, 5, 77
2022.1953065, 53.1252476051909, 140.682960823237, 1.13502752780914, 4007613, 5, 86
2022.1953065, 53.1251446726819, 140.682944425381, 1.13019621372223, 4007613, 5, 86
2022.1953065, 53.1250545622234, 140.682930010145, 1.12837529182434, 4007613, 5, 86
2022.1953065, 53.1249708850733, 140.682916579341, 1.14094984531403, 4007613, 5, 84
2022.1953065, 53.1248807795853, 140.68290200108, 1.15928733348846, 4007613, 5, 84
2022.1953065, 53.1247907118055, 140.682887274513, 1.13678085803986, 4007613, 5, 84
2022.1953065, 53.1246942957483, 140.682871434651, 1.13216161727905, 4007613, 5, 96
2022.1953065, 53.1246108261457, 140.682857615198, 1.12569117546082, 4007613, 5, 96
2022.1953065, 53.1245146493805, 140.682841594463, 1.15889585018158, 4007613, 5, 96
2022.1953065, 53.1244122386101, 140.682824418465, 1.16858911514282, 4007613, 5, 97
2022.1953065, 53.1243227993381, 140.682809306243, 1.19230723381042, 4007613, 5, 97
2022.1953065, 53.1242267140489, 140.68279316401, 1.13493156433105, 4007613, 5, 97
2022.1953065, 53.1241381914143, 140.682777717428, 1.12728476524353, 4007613, 5, 97
2022.1953065, 53.1240498183063, 140.682762220763, 1.16503131389618, 4007613, 5, 97
2022.1953065, 53.1239552793109, 140.682745600071, 1.13691163063049, 4007613, 5, 97
2022.1953065, 53.123879748429, 140.682732392168, 1.16891777515411, 4007613, 5, 97
2022.1953065, 53.123779119675, 140.682714730119, 1.19852125644684, 4007613, 5, 97
2022.1953065, 53.1236848482812, 140.682698242695, 1.20924544334412, 4007613, 5, 97
2022.1953065, 53.1235968776152, 140.682682873165, 1.21122229099274, 4007613, 5, 97
2022.1953065, 53.1235089167709, 140.682667642478, 1.2229562997818, 4007613, 5, 97
2022.1953065, 53.1233957703867, 140.682648157672, 1.21512198448181, 4007613, 5, 97
2022.1953065, 53.1232825387796, 140.682628889612, 1.19923305511475, 4007613, 5, 97
2022.1953065, 53.1231880744866, 140.682612988375, 1.17573440074921, 4007613, 5, 97
2022.1953065, 53.1230934921111, 140.682597220805, 1.1964693069458, 4007613, 5, 97
2022.1953065, 53.1230050939797, 140.682582660935, 1.22046864032745, 4007613, 5, 97
2022.1953065, 53.1229166618887, 140.682568230221, 1.21482312679291, 4007613, 5, 97
2022.1953065, 53.1228339505997, 140.682555198342, 1.24889671802521, 4007613, 5, 97
2022.1953065, 53.1227320102176, 140.682539268235, 1.20968794822693, 4007613, 5, 97
2022.1953065, 53.1226299435237, 140.682523472604, 1.21631729602814, 4007613, 5, 97
2022.1953065, 53.1225341674753, 140.682508817671, 1.21928381919861, 4007613, 5, 97
2022.1953065, 53.1224446987759, 140.682495120392, 1.21842575073242, 4007613, 5, 97
2022.1953065, 53.1223487982436, 140.68248056293, 1.19938957691193, 4007613, 5, 97
2022.1953065, 53.1222592697908, 140.6824670236, 1.21689021587372, 4007613, 5, 97
2022.1953065, 53.1221569483363, 140.682451615459, 1.20194923877716, 4007613, 5, 98
2022.1953065, 53.1220610189072, 140.682437058839, 1.12058997154236, 4007613, 5, 98
2022.1953065, 53.1219587487164, 140.682421588062, 1.07337176799774, 4007613, 5, 98
2022.1953065, 53.1218692940205, 140.682407926879, 0.978902876377106, 4007613, 5, 98
2022.1953065, 53.121773536622, 140.682393336731, 0.959325432777405, 4007613, 5, 98
2022.1953065, 53.1216777001731, 140.682378704767, 0.941525459289551, 4007613, 5, 98
2022.1953065, 53.1215887159097, 140.682364746939, 0.885675609111786, 4007613, 5, 98
2022.1953065, 53.1214934732898, 140.682349792709, 0.927264094352722, 4007613, 5, 98
2022.1953065, 53.1214109889874, 140.682336699822, 0.907800674438477, 4007613, 5, 98
2022.1953065, 53.121334906568, 140.682324566921, 1.02364146709442, 4007613, 5, 98
2022.1953065, 53.1212335283059, 140.682308282067, 1.03381586074829, 4007613, 5, 98
2022.1953065, 53.1211322246609, 140.682291895428, 0.923896193504333, 4007613, 5, 98
2022.1953065, 53.1210373112084, 140.682276479533, 0.949958622455597, 4007613, 5, 98
2022.1953065, 53.1209424303822, 140.682260917134, 1.01644313335419, 4007613, 5, 98
2022.1953065, 53.1208538980621, 140.682246305609, 1.02524721622467, 4007613, 5, 98
2022.1953065, 53.1207717108396, 140.682232716936, 0.995198011398315, 4007613, 5, 98
2022.1953065, 53.1206768869305, 140.682216962367, 1.0106213092804, 4007613, 5, 98
2022.1953065, 53.1205757296208, 140.682200055682, 1.02071583271027, 4007613, 5, 98
2022.1953065, 53.1204682358531, 140.682182033945, 1.06384527683258, 4007613, 5, 98
2022.1953065, 53.1203607200341, 140.682164005562, 1.02090418338776, 4007613, 5, 98
2022.1953065, 53.1202593889054, 140.682146998273, 1.02180552482605, 4007613, 5, 98
2022.1953065, 53.1201706802669, 140.682132060955, 0.984543263912201, 4007613, 5, 98
2022.1953065, 53.1200692742521, 140.682115077904, 1.06241154670715, 4007613, 5, 98
2022.1953065, 53.119961460594, 140.682096961273, 1.05495798587799, 4007613, 5, 98
2022.1953065, 53.1198599499808, 140.682080008064, 1.02941477298737, 4007613, 5, 98
2022.1953065, 53.1197710766315, 140.682065165295, 1.05596828460693, 4007613, 5, 98
2022.1953065, 53.1196694600432, 140.682048259408, 0.978007137775421, 4007613, 5, 98
2022.1953065, 53.1195677944475, 140.682031455033, 0.992296457290649, 4007613, 5, 98
2022.1953065, 53.1194660821491, 140.682014752986, 1.03192722797394, 4007613, 5, 98
2022.1953065, 53.1193706821988, 140.681999202067, 1.04194247722626, 4007613, 5, 97
2022.1953065, 53.1192815932639, 140.681984703356, 1.01239824295044, 4007613, 5, 97
2022.1953065, 53.1191797197359, 140.681968352324, 0.997218489646912, 4007613, 5, 98
2022.1953065, 53.119090582568, 140.681954000962, 1.00363564491272, 4007613, 5, 98
2022.1953065, 53.1190077844922, 140.681940761156, 1.00260126590729, 4007613, 5, 98
2022.1953065, 53.1189058527438, 140.681924649217, 1.02758586406708, 4007613, 5, 98
2022.1953065, 53.1188038608249, 140.681908542831, 1.01808536052704, 4007613, 5, 98
2022.1953065, 53.11869547602, 140.681891709604, 0.994784772396088, 4007613, 5, 97
2022.1953065, 53.1185934223467, 140.68187593118, 0.986721813678741, 4007613, 5, 97
2022.1953065, 53.1184913417459, 140.681860308585, 0.999067842960358, 4007613, 5, 97
2022.1953065, 53.1184019959233, 140.681846705029, 1.02225410938263, 4007613, 5, 97
2022.1953065, 53.1183126329037, 140.681833204997, 0.936766266822815, 4007613, 5, 97
2022.1953065, 53.1182168830736, 140.681818895539, 1.04016530513763, 4007613, 5, 97
2022.1953065, 53.1181147270964, 140.681803656413, 1.06058967113495, 4007613, 5, 97
2022.1953065, 53.1180317102916, 140.68179129914, 1.07126498222351, 4007613, 5, 97
2022.1953065, 53.1179486963759, 140.681779004981, 1.01552259922028, 4007613, 5, 97
2022.1953065, 53.1178656952425, 140.681766526505, 0.946776509284973, 4007613, 5, 97
2022.1953065, 53.1177762778731, 140.681753715196, 0.963345229625702, 4007613, 5, 97
2022.1953065, 53.1176740708808, 140.681738937151, 0.95117598772049, 4007613, 5, 97
2022.1953065, 53.1175782797569, 140.681725113986, 0.904964089393616, 4007613, 5, 97
2022.1953065, 53.1174888823924, 140.681712077134, 0.912348091602325, 4007613, 5, 97
2022.1953065, 53.1173995001031, 140.681698926363, 1.00722169876099, 4007613, 5, 97
2022.1953065, 53.1173101456276, 140.681685670519, 1.00191581249237, 4007613, 5, 97
2022.1953065, 53.1172144271045, 140.681671254102, 1.02332389354706, 4007613, 5, 97
2022.1953065, 53.117118756823, 140.681656723376, 0.990443110466003, 4007613, 5, 97
2022.1953065, 53.1170231114835, 140.681641929089, 0.99666553735733, 4007613, 5, 97
2022.1953065, 53.1169338696281, 140.681627864477, 0.971824645996094, 4007613, 5, 97
2022.1953065, 53.1168383060128, 140.681612633914, 0.925042033195496, 4007613, 5, 97
2022.1953065, 53.1167363940338, 140.681595996963, 0.882932543754578, 4007613, 5, 98
2022.1953065, 53.1166345120962, 140.681579739005, 0.878521502017975, 4007613, 5, 98
2022.1953065, 53.1165518266863, 140.681565401746, 0.856130123138428, 4007613, 5, 98
2022.1953065, 53.1164691646638, 140.681550841832, 0.878139317035675, 4007613, 5, 98
2022.1953065, 53.1163674780552, 140.681532818185, 0.892488241195679, 4007613, 5, 98
2022.1953065, 53.11627217632, 140.681515721523, 0.886104464530945, 4007613, 5, 98
2022.1953065, 53.1161769057397, 140.681498537922, 0.943714737892151, 4007613, 5, 98
2022.1953065, 53.1160753064124, 140.681480094071, 0.923705220222473, 4007613, 5, 98
2022.1953065, 53.1159673828742, 140.681460451155, 0.926063001155853, 4007613, 5, 97
2022.1953065, 53.115859499376, 140.681440956913, 0.982828557491302, 4007613, 5, 97
2022.1953065, 53.115757965447, 140.681422609842, 0.936326742172241, 4007613, 5, 97
2022.1953065, 53.1156500907417, 140.681403233067, 0.936500489711761, 4007613, 5, 97
2022.1953065, 53.1155232001466, 140.68138075614, 0.929279923439026, 4007613, 5, 97
2022.1953065, 53.1154026534334, 140.681359704843, 0.961972117424011, 4007613, 5, 97
2022.1953065, 53.1153074671391, 140.681343080872, 0.949464082717896, 4007613, 5, 97
2022.1953065, 53.1152059400471, 140.681326259883, 0.959742963314056, 4007613, 5, 98
2022.1953065, 53.1150853672037, 140.681306652682, 1.00840485095978, 4007613, 5, 98
2022.1953065, 53.114977465062, 140.681289352625, 1.08862435817719, 4007613, 5, 98
2022.1953065, 53.1148758894946, 140.681273284243, 1.07065534591675, 4007613, 5, 98
2022.1953065, 53.1147615928886, 140.681255398307, 1.00971305370331, 4007613, 5, 98
2022.1953065, 53.1146472755248, 140.681237760027, 1.07212233543396, 4007613, 5, 97
2022.1953065, 53.1145456355853, 140.681222182634, 1.01583576202393, 4007613, 5, 97
2022.1953065, 53.1144566825924, 140.681208632776, 1.00466012954712, 4007613, 5, 98
2022.1953065, 53.1143677082341, 140.681195097857, 0.992901802062988, 4007613, 5, 98
2022.1953065, 53.1142723742591, 140.681180689831, 0.919800758361816, 4007613, 5, 98
2022.1953065, 53.1141833737779, 140.681167218929, 0.96940541267395, 4007613, 5, 98
2022.1953065, 53.1140945022062, 140.681154028589, 0.997626781463623, 4007613, 5, 98
2022.1953065, 53.1140053805249, 140.681140397034, 0.939866423606873, 4007613, 5, 98
2022.1953065, 53.1139226147929, 140.681127663686, 0.935525178909302, 4007613, 5, 98
2022.1953065, 53.1138271324261, 140.681113032587, 0.947808921337128, 4007613, 5, 98
2022.1953065, 53.113738012051, 140.681099252909, 0.970231115818024, 4007613, 5, 98
2022.1953065, 53.1136425548282, 140.681084498592, 0.976765394210815, 4007613, 5, 98
2022.1953065, 53.1135407702623, 140.681068775797, 0.958435297012329, 4007613, 5, 98
2022.1953065, 53.1134453764319, 140.681053942827, 0.958794772624969, 4007613, 5, 99
2022.1953065, 53.1133436639139, 140.681038088854, 0.910547912120819, 4007613, 5, 99
2022.1953065, 53.1132547083502, 140.68102419727, 0.921422719955444, 4007613, 5, 99
2022.1953065, 53.1131530880684, 140.681008266541, 0.946575105190277, 4007613, 5, 99
2022.1953065, 53.1130642042169, 140.680994235232, 0.924077153205872, 4007613, 5, 99
2022.1953065, 53.1129753637995, 140.680980219721, 0.91080117225647, 4007613, 5, 99
2022.1953065, 53.1128865640176, 140.680966193507, 0.90406745672226, 4007613, 5, 99
2022.1953065, 53.1127849139499, 140.680950014108, 0.912903189659119, 4007613, 5, 99
2022.1953065, 53.1127027781528, 140.680937009494, 0.951244354248047, 4007613, 5, 98
2022.1953065, 53.1126143347884, 140.680922965351, 0.887671291828156, 4007613, 5, 98
2022.1953065, 53.112525882851, 140.680908869231, 0.869573533535004, 4007613, 5, 98
2022.1953065, 53.1124374145996, 140.680894751774, 0.888678789138794, 4007613, 5, 99
2022.1953065, 53.1123425800317, 140.680879557018, 0.918831706047058, 4007613, 5, 99
2022.1953065, 53.1122413645764, 140.68086334156, 0.956948816776276, 4007613, 5, 98
2022.1953065, 53.1121653872242, 140.680851080428, 0.968774974346161, 4007613, 5, 98
2022.1953065, 53.112076687799, 140.680836815168, 0.946063935756683, 4007613, 5, 98
2022.1953065, 53.1119815384213, 140.680821361676, 0.955567717552185, 4007613, 5, 99
2022.1953065, 53.1118862965524, 140.68080595952, 0.937699198722839, 4007613, 5, 99
2022.1953065, 53.1117909287131, 140.680790426012, 0.956299662590027, 4007613, 5, 99
2022.1953065, 53.1117018086389, 140.680775872333, 0.89935177564621, 4007613, 5, 99
2022.1953065, 53.1115998441847, 140.680759253957, 0.889042973518372, 4007613, 5, 99
2022.1953065, 53.1115108116431, 140.680744636529, 0.867318511009216, 4007613, 5, 99
2022.1953065, 53.1114144813994, 140.680728831391, 0.855509340763092, 4007613, 5, 98
2022.1953065, 53.111311663124, 140.680711978711, 0.864623785018921, 4007613, 5, 98
2022.1953065, 53.1112216505991, 140.680697129414, 0.879108548164368, 4007613, 5, 98
2022.1953065, 53.111131650902, 140.680682330659, 0.864230096340179, 4007613, 5, 98
2022.1953065, 53.1110545091173, 140.680669535799, 0.924184739589691, 4007613, 5, 98
2022.1953065, 53.1109645771836, 140.680654721022, 0.882260262966156, 4007613, 5, 96
2022.1953065, 53.1108747034639, 140.68063979649, 0.880482316017151, 4007613, 5, 96
2022.1953065, 53.1107785270469, 140.680623878453, 1.0357494354248, 4007613, 5, 96
2022.1953065, 53.1106824778804, 140.680607914962, 1.04850113391876, 4007613, 5, 97
2022.1953065, 53.1105865726117, 140.680591910098, 1.0838428735733, 4007613, 5, 97
2022.1953065, 53.1372475106607, 140.683532757351, 1.08625984191895, 4007613, 6, 68
2022.1953065, 53.1369234829397, 140.683479570172, 1.05370724201202, 4007613, 6, 96
2022.1953065, 53.1366376938859, 140.68343271563, 1.07892000675201, 4007613, 6, 96
2022.1953065, 53.1363646436083, 140.683388225117, 1.06893920898438, 4007613, 6, 97
2022.1953065, 53.1360280619686, 140.683333952411, 1.05490529537201, 4007613, 6, 97
2022.1953065, 53.1356595296285, 140.683275584803, 1.02595889568329, 4007613, 6, 97
2022.1953065, 53.1352844683883, 140.683216674908, 1.03942632675171, 4007613, 6, 97
2022.1953065, 53.1349220685926, 140.683159296663, 1.02968728542328, 4007613, 6, 98
2022.1953065, 53.1345724005058, 140.683103018844, 1.04517436027527, 4007613, 6, 98
2022.1953065, 53.1342609750755, 140.683051802215, 0.98720395565033, 4007613, 6, 98
2022.1953065, 53.1339177336724, 140.682994937981, 1.02791678905487, 4007613, 6, 93
2022.1953065, 53.1336125579134, 140.68294446291, 1.05687320232391, 4007613, 6, 91
2022.1953065, 53.1332691274904, 140.68288810035, 1.10964298248291, 4007613, 6, 88
2022.1953065, 53.132951016299, 140.682836622976, 1.14609336853027, 4007613, 6, 87
2022.1953065, 53.132582240164, 140.682777736064, 1.1981086730957, 4007613, 6, 89
2022.1953065, 53.1322201941877, 140.682720525152, 1.18846714496613, 4007613, 6, 87
2022.1953065, 53.1318903957528, 140.68266895509, 1.17369282245636, 4007613, 6, 82
2022.1953065, 53.1315417239479, 140.682614489659, 1.18757963180542, 4007613, 6, 83
2022.1953065, 53.1311545861503, 140.682553436274, 1.2675656080246, 4007613, 6, 81
2022.1953065, 53.1307921318644, 140.682495397907, 1.26221811771393, 4007613, 6, 81
2022.1953065, 53.1304669029026, 140.682442311979, 1.35582172870636, 4007613, 6, 78
2022.1953065, 53.1301543177479, 140.682391014663, 1.34521877765656, 4007613, 6, 79
2022.1953065, 53.1298164485222, 140.68233556681, 1.35317575931549, 4007613, 6, 72
2022.1953065, 53.1294791652916, 140.682280557517, 1.39012658596039, 4007613, 6, 74
2022.1953065, 53.1283939456698, 140.68210609534, 1.4423508644104, 4007613, 6, 60
2022.19530651, 53.1265301564426, 140.681801660964, 1.19731533527374, 4007613, 6, 64
2022.19530651, 53.1261177456761, 140.681734261306, 1.13881981372833, 4007613, 6, 66
2022.19530651, 53.1257944112542, 140.681682127963, 1.18786752223969, 4007613, 6, 65
2022.19530651, 53.1254651543, 140.681630375436, 1.18217611312866, 4007613, 6, 67
2022.19530651, 53.1251293102099, 140.681577877788, 1.1506689786911, 4007613, 6, 67
2022.19530651, 53.1247484467457, 140.681518029071, 1.16099643707275, 4007613, 6, 89
2022.19530651, 53.1243856828546, 140.681460220375, 1.14412879943848, 4007613, 6, 74
2022.19530651, 53.1240602658783, 140.681407222343, 1.06714034080505, 4007613, 6, 74
2022.19530651, 53.1237156804883, 140.681350675469, 1.03737711906433, 4007613, 6, 97
2022.19530651, 53.1233523950365, 140.681290980906, 1.05602562427521, 4007613, 6, 97
2022.19530651, 53.1229774613103, 140.68122976101, 1.06841719150543, 4007613, 6, 97
2022.19530651, 53.1225716857964, 140.681164058156, 1.14674603939056, 4007613, 6, 97
2022.19530651, 53.1221787107245, 140.681100834468, 1.194291472435, 4007613, 6, 98
2022.19530651, 53.1217979559557, 140.681039864881, 1.04720091819763, 4007613, 6, 98
2022.19530651, 53.1214483246399, 140.680983936437, 0.91482138633728, 4007613, 6, 98
2022.19530651, 53.1210856800411, 140.68092592888, 1.09743618965149, 4007613, 6, 98
2022.19530651, 53.1207229469861, 140.680867711498, 1.02173900604248, 4007613, 6, 98
2022.19530651, 53.1203666815948, 140.680810229533, 0.994382500648499, 4007613, 6, 98
2022.19530651, 53.1199661189837, 140.680745554804, 0.957311570644379, 4007613, 6, 98
2022.19530651, 53.1196229960193, 140.680690295029, 0.909397482872009, 4007613, 6, 97
2022.19530651, 53.1192610294327, 140.680632315966, 1.03834271430969, 4007613, 6, 98
2022.19530651, 53.1189182432985, 140.680577615213, 1.03489661216736, 4007613, 6, 98
2022.19530651, 53.1185624779462, 140.680520711506, 0.929718792438507, 4007613, 6, 98
2022.19530651, 53.1182126249625, 140.680464562547, 0.926734447479248, 4007613, 6, 97
2022.19530651, 53.1178621107172, 140.680407900065, 1.02058517932892, 4007613, 6, 97
2022.19530651, 53.1175114380973, 140.68035092348, 1.02351343631744, 4007613, 6, 97
2022.19530651, 53.11718656429, 140.680298192966, 0.969703435897827, 4007613, 6, 97
2022.19530651, 53.1168622051541, 140.680245634245, 0.971507430076599, 4007613, 6, 97
2022.19530651, 53.1164944578848, 140.680186409738, 0.902798473834991, 4007613, 6, 97
2022.19530651, 53.1161462442333, 140.680130482492, 0.957170486450195, 4007613, 6, 98
2022.19530651, 53.1158234909765, 140.680078831405, 0.909482181072235, 4007613, 6, 98
2022.19530651, 53.1153675309245, 140.68000591498, 1.03208768367767, 4007613, 6, 98
2022.19530651, 53.1149552660171, 140.679939845539, 0.934924125671387, 4007613, 6, 97
2022.19530651, 53.1145551045359, 140.679875449967, 0.944881021976471, 4007613, 6, 97
2022.19530651, 53.1141735010143, 140.679813665114, 0.944818139076233, 4007613, 6, 98
2022.19530651, 53.1137660639097, 140.679747289577, 0.936828792095184, 4007613, 6, 98
2022.19530651, 53.1133840029019, 140.679684696333, 0.961431264877319, 4007613, 6, 98
2022.19530651, 53.113033810771, 140.679627190581, 0.890311717987061, 4007613, 6, 98
2022.19530651, 53.1126457612881, 140.679563174881, 0.882865846157074, 4007613, 6, 98
2022.19530651, 53.1123021396744, 140.679506924679, 0.945631802082062, 4007613, 6, 98
2022.19530651, 53.1119519351117, 140.679450290339, 0.995282590389252, 4007613, 6, 98
2022.19530651, 53.1115950010613, 140.679393508134, 0.964829683303833, 4007613, 6, 98
2022.19530651, 53.111212377067, 140.67933339446, 0.966928005218506, 4007613, 6, 98
2022.19530651, 53.1108619442839, 140.679278349062, 0.955303847789764, 4007613, 6, 98
2022.19530651, 53.1105247425249, 140.679225050931, 0.980448186397552, 4007613, 6, 97
