2020.42657526, 51.5335615409686, 115.87389929559, 513.871826171875, 2009603, 1, 86
2020.42657526, 51.5337451682469, 115.87387335552, 513.841796875, 2009603, 1, 86
2020.42657526, 51.533954680951, 115.873840852298, 513.894348144531, 2009603, 1, 92
2020.42657526, 51.5341770773803, 115.873805413965, 513.888000488281, 2009603, 1, 92
2020.42657526, 51.5343360273432, 115.873779822333, 513.843139648438, 2009603, 1, 92
2020.42657526, 51.5344695961458, 115.873758154695, 513.867370605469, 2009603, 1, 92
2020.42657526, 51.5346032058159, 115.873736362869, 513.866455078125, 2009603, 1, 92
2020.42657526, 51.5347813846779, 115.873707634075, 513.868713378906, 2009603, 1, 53
2020.42657534, 51.7055481706285, 115.846974823113, 499.336181640625, 2009603, 1, 68
2020.42657534, 51.7056055748444, 115.846965508425, 499.323486328125, 2009603, 1, 68
2020.42657534, 51.7056629981905, 115.846956266128, 499.326446533203, 2009603, 1, 68
2020.42657534, 51.7057204318375, 115.846947159288, 499.342346191406, 2009603, 1, 68
2020.42657534, 51.7057715053833, 115.846938892667, 499.33935546875, 2009603, 1, 92
2020.42657534, 51.7058289666957, 115.846929728579, 499.323669433594, 2009603, 1, 92
2020.42657534, 51.7058736740955, 115.846922481597, 499.340911865234, 2009603, 1, 92
2020.42657534, 51.7059311582178, 115.846913273409, 499.325256347656, 2009603, 1, 92
2020.42657534, 51.7059822661422, 115.846904956877, 499.315124511719, 2009603, 1, 92
2020.42657534, 51.7060397604963, 115.846895711943, 499.323822021484, 2009603, 1, 94
2020.42657534, 51.7060972586773, 115.846886505257, 499.311828613281, 2009603, 1, 94
2020.42657534, 51.7061483762862, 115.846878153228, 499.340362548828, 2009603, 1, 94
2020.42657535, 51.7062186566359, 115.846866745398, 499.341827392578, 2009603, 1, 94
2020.42657535, 51.7062825420919, 115.846856368285, 499.316009521484, 2009603, 1, 93
2020.42657535, 51.7063464195366, 115.846846021541, 499.318725585938, 2009603, 1, 93
2020.42657535, 51.7064102990672, 115.846835423619, 499.319244384766, 2009603, 1, 93
2020.42657535, 51.7064933119624, 115.846821829682, 499.317016601562, 2009603, 1, 93
2020.42657535, 51.7065826877316, 115.846807082651, 499.324859619141, 2009603, 1, 93
2020.42657535, 51.7066656533029, 115.846793249329, 499.305267333984, 2009603, 1, 93
2020.42657535, 51.7067485925647, 115.846779547189, 499.322784423828, 2009603, 1, 93
2020.42657535, 51.7068250851438, 115.8467666012, 499.304931640625, 2009603, 1, 92
2020.42657535, 51.706901547639, 115.846753542165, 499.308197021484, 2009603, 1, 92
2020.42657535, 51.7069652449817, 115.846742608964, 499.331604003906, 2009603, 1, 93
2020.42657535, 51.7070352830331, 115.846730594915, 499.312957763672, 2009603, 1, 89
2020.42657535, 51.7070989324236, 115.846719617333, 499.307189941406, 2009603, 1, 89
2020.42657535, 51.7071625526841, 115.846708699206, 499.295318603516, 2009603, 1, 89
2020.42657535, 51.7072134319781, 115.846700019699, 499.248321533203, 2009603, 1, 89
2020.42657535, 51.7072643017267, 115.846691210075, 499.294952392578, 2009603, 1, 89
2020.42657535, 51.7073215068042, 115.84668142344, 499.266479492188, 2009603, 1, 89
2020.42657535, 51.7073850552894, 115.846670407393, 499.266754150391, 2009603, 1, 89
2020.42657535, 51.7075120826846, 115.846648613563, 499.289489746094, 2009603, 1, 77
2020.42657536, 51.7061080063596, 115.848056575763, 499.270141601562, 2009603, 2, 86
2020.42657536, 51.7063611716694, 115.84801873906, 499.236877441406, 2009603, 2, 94
2020.42657536, 51.7066523133498, 115.847974521239, 499.1884765625, 2009603, 2, 94
2020.42657536, 51.707012547934, 115.8479156313, 499.218780517578, 2009603, 2, 92
2020.42657536, 51.7073481804618, 115.84785901661, 499.20703125, 2009603, 2, 92
2020.42657536, 51.7076085452514, 115.847814567662, 499.170501708984, 2009603, 2, 78
2020.42657536, 51.7078696222522, 115.847769873858, 499.181427001953, 2009603, 2, 64
2020.42657525, 51.5207849780841, 115.922353760845, 515.155700683594, 2009603, 3, 75
2020.42657525, 51.5208298207589, 115.922347190951, 515.179382324219, 2009603, 3, 75
2020.42657525, 51.5208810467191, 115.922339596093, 515.193420410156, 2009603, 3, 75
2020.42657525, 51.5209386229571, 115.922331149123, 515.190612792969, 2009603, 3, 75
2020.42657525, 51.5209961644262, 115.922322591269, 515.198547363281, 2009603, 3, 75
2020.42657525, 51.5210600412683, 115.922313075659, 515.171447753906, 2009603, 3, 91
2020.42657525, 51.521118006778, 115.922304705966, 515.18212890625, 2009603, 3, 91
2020.42657525, 51.5211814037758, 115.922294964316, 515.167907714844, 2009603, 3, 91
2020.42657525, 51.5212320903183, 115.922287068329, 515.211669921875, 2009603, 3, 91
2020.42657525, 51.5212890677907, 115.922278197181, 515.178833007812, 2009603, 3, 91
2020.42657525, 51.5213460087276, 115.922269277921, 515.164672851562, 2009603, 3, 91
2020.42657525, 51.5214029165632, 115.922260372076, 515.182373046875, 2009603, 3, 91
2020.42657525, 51.5214661190681, 115.922250445841, 515.207702636719, 2009603, 3, 91
2020.42657525, 51.5215229802894, 115.922241482322, 515.18359375, 2009603, 3, 91
2020.42657525, 51.5215735209294, 115.922233454458, 515.144470214844, 2009603, 3, 91
2020.42657525, 51.5216303727948, 115.922224417684, 515.130126953125, 2009603, 3, 91
2020.42657525, 51.5216935265615, 115.922214469841, 515.158386230469, 2009603, 3, 91
2020.42657526, 51.5203786981299, 115.923875641058, 515.188598632812, 2009603, 4, 81
2020.42657526, 51.5205499923588, 115.923849102179, 515.185913085938, 2009603, 4, 81
2020.42657526, 51.520810002008, 115.923808833174, 515.1943359375, 2009603, 4, 92
2020.42657526, 51.5211270443557, 115.923760104623, 515.205810546875, 2009603, 4, 93
2020.42657516, 51.3415422508671, 115.99686727397, 533.213073730469, 2009603, 5, 89
2020.42657516, 51.3415929905251, 115.996860139482, 533.230224609375, 2009603, 5, 89
2020.42657516, 51.3416564408453, 115.996851175461, 533.259033203125, 2009603, 5, 89
2020.42657516, 51.3417198970454, 115.99684220066, 533.210388183594, 2009603, 5, 89
2020.42657516, 51.341770692376, 115.996834973638, 533.241027832031, 2009603, 5, 90
2020.42657516, 51.3418214893969, 115.996827744634, 533.193481445312, 2009603, 5, 90
2020.42657516, 51.341859492852, 115.996822517899, 533.16943359375, 2009603, 5, 90
2020.42657516, 51.3418913042425, 115.996817879088, 533.180603027344, 2009603, 5, 90
2020.42657516, 51.3419231284745, 115.996813224967, 533.185485839844, 2009603, 5, 90
2020.42657516, 51.3419485963282, 115.99680948887, 533.188171386719, 2009603, 5, 90
2020.42657516, 51.3419804200641, 115.996804839619, 533.178466796875, 2009603, 5, 90
2020.42657523, 51.4848082729461, 115.974540175411, 521.515014648438, 2009603, 5, 73
2020.42657523, 51.4848595158764, 115.974531907368, 521.490905761719, 2009603, 5, 73
2020.42657523, 51.4849363318869, 115.974519523344, 521.522888183594, 2009603, 5, 73
2020.42657523, 51.4849939252641, 115.974510209115, 521.494934082031, 2009603, 5, 73
2020.42657523, 51.4850386948839, 115.974502976046, 521.498352050781, 2009603, 5, 93
2020.42657523, 51.4850834360942, 115.974495758931, 521.499633789062, 2009603, 5, 92
2020.42657523, 51.485128170912, 115.974488517591, 521.484985351562, 2009603, 5, 92
2020.42657523, 51.4851728673335, 115.974481307837, 521.493591308594, 2009603, 5, 92
2020.42657523, 51.4852111687701, 115.974475113033, 521.485168457031, 2009603, 5, 92
2020.42657523, 51.4852558240363, 115.974467903872, 521.518859863281, 2009603, 5, 93
2020.42657523, 51.4853131949609, 115.974458654329, 521.510070800781, 2009603, 5, 93
2020.42657523, 51.4853705166083, 115.974449423119, 521.525634765625, 2009603, 5, 93
2020.42657523, 51.4854150746886, 115.974442239983, 521.51708984375, 2009603, 5, 93
2020.42657523, 51.4854723040488, 115.974433050263, 521.507629394531, 2009603, 5, 93
2020.42657523, 51.4855167943548, 115.974425895071, 521.511169433594, 2009603, 5, 92
2020.42657523, 51.4855614741285, 115.974418612215, 521.467163085938, 2009603, 5, 92
2020.42657523, 51.4856057323617, 115.974411615694, 521.496765136719, 2009603, 5, 92
2020.42657523, 51.4856436644442, 115.974405599221, 521.497497558594, 2009603, 5, 92
2020.42657523, 51.4856941835872, 115.97439763322, 521.507385253906, 2009603, 5, 92
2020.42657523, 51.4857383704921, 115.974390659074, 521.50390625, 2009603, 5, 92
2020.42657524, 51.5030351019913, 115.971689482615, 520.187561035156, 2009603, 5, 72
2020.42657524, 51.5031236259673, 115.971675292721, 520.176940917969, 2009603, 5, 72
2020.42657524, 51.5031931749037, 115.97166410108, 520.186157226562, 2009603, 5, 72
2020.42657524, 51.5032437591666, 115.971655929638, 520.144409179688, 2009603, 5, 72
2020.42657524, 51.5032943296671, 115.971647770052, 520.140075683594, 2009603, 5, 72
2020.42657524, 51.5033386983781, 115.971640543375, 520.134948730469, 2009603, 5, 72
2020.42657524, 51.503376580387, 115.971634432543, 520.122497558594, 2009603, 5, 72
2020.42657524, 51.5034144617564, 115.971628321125, 520.103881835938, 2009603, 5, 72
2020.42657524, 51.5034460340883, 115.971623216298, 520.108520507812, 2009603, 5, 72
2020.42657524, 51.5034776053513, 115.971618119071, 520.121154785156, 2009603, 5, 72
2020.42657524, 51.5035091830361, 115.971613013545, 520.122375488281, 2009603, 5, 93
2020.42657524, 51.5035407653112, 115.971607904012, 520.14697265625, 2009603, 5, 93
2020.42657524, 51.5035786644868, 115.971601777134, 520.157287597656, 2009603, 5, 93
2020.42657524, 51.5036165776598, 115.971595636877, 520.124633789062, 2009603, 5, 93
2020.42657524, 51.5036544997503, 115.971589488111, 520.131103515625, 2009603, 5, 93
2020.42657524, 51.5036924267603, 115.971583348198, 520.127014160156, 2009603, 5, 93
2020.42657524, 51.5037303537044, 115.971577223067, 520.119262695312, 2009603, 5, 93
2020.42657524, 51.5037683017535, 115.971571078525, 520.133850097656, 2009603, 5, 94
2020.42657524, 51.5038062562046, 115.971564941036, 520.107543945312, 2009603, 5, 94
2020.42657524, 51.5038442289581, 115.971558790586, 520.125305175781, 2009603, 5, 94
2020.42657524, 51.5038822118687, 115.971552641087, 520.133239746094, 2009603, 5, 94
2020.42657524, 51.503920197044, 115.97154651477, 520.129089355469, 2009603, 5, 94
2020.42657524, 51.5039582055406, 115.971540372552, 520.117431640625, 2009603, 5, 94
2020.42657524, 51.5039962241778, 115.971534238222, 520.090942382812, 2009603, 5, 94
2020.42657524, 51.5040279289108, 115.971529107962, 520.120178222656, 2009603, 5, 93
2020.42657524, 51.5040659642662, 115.971522989827, 520.120910644531, 2009603, 5, 93
2020.42657524, 51.5041040319599, 115.971516849267, 520.11962890625, 2009603, 5, 93
2020.42657524, 51.5041357664576, 115.971511733283, 520.097351074219, 2009603, 5, 93
2020.42657524, 51.5041675063078, 115.971506630248, 520.104736328125, 2009603, 5, 93
2020.42657524, 51.5042056030289, 115.971500519203, 520.130920410156, 2009603, 5, 93
2020.42657524, 51.504237376974, 115.971495404772, 520.097961425781, 2009603, 5, 94
2020.42657524, 51.5042691482144, 115.971490315174, 520.1005859375, 2009603, 5, 93
2020.42657524, 51.5043009325551, 115.97148522383, 520.123107910156, 2009603, 5, 93
2020.42657524, 51.5043327405945, 115.971480117052, 520.121520996094, 2009603, 5, 93
2020.42657524, 51.5043709070088, 115.971474022292, 520.147644042969, 2009603, 5, 93
2020.42657524, 51.5044027336061, 115.971468932878, 520.100769042969, 2009603, 5, 93
2020.42657524, 51.5044345647159, 115.971463858078, 520.102233886719, 2009603, 5, 93
2020.42657524, 51.5044600465975, 115.971459785327, 520.082946777344, 2009603, 5, 93
2020.42657524, 51.5044918973393, 115.971454715707, 520.053894042969, 2009603, 5, 93
2020.42657526, 51.5365145265938, 115.966544426722, 517.871826171875, 2009603, 5, 85
2020.42657526, 51.5365847620402, 115.966534188405, 517.892150878906, 2009603, 5, 85
2020.42657526, 51.5366486498868, 115.966524915418, 517.859313964844, 2009603, 5, 85
2020.42657526, 51.5366934016825, 115.966518420171, 517.839965820312, 2009603, 5, 85
2020.42657526, 51.5367381613043, 115.966511940755, 517.842834472656, 2009603, 5, 85
2020.42657526, 51.5367829285727, 115.966505481361, 517.852294921875, 2009603, 5, 94
2020.42657526, 51.5368213236825, 115.96649992454, 517.859375, 2009603, 5, 94
2020.42657526, 51.5368661152428, 115.966493462791, 517.836669921875, 2009603, 5, 94
2020.42657526, 51.5369109228828, 115.966486990177, 517.837036132812, 2009603, 5, 94
2020.42657526, 51.5369493265669, 115.966481450817, 517.829650878906, 2009603, 5, 94
2020.42657526, 51.5369941392861, 115.966474984622, 517.842590332031, 2009603, 5, 94
2020.42657526, 51.5370389552066, 115.966468513097, 517.850708007812, 2009603, 5, 94
2020.42657526, 51.5370837680441, 115.966462045518, 517.834350585938, 2009603, 5, 94
2020.42657526, 51.5371285954787, 115.96645554595, 517.851501464844, 2009603, 5, 94
2020.42657526, 51.5371798116078, 115.966448125258, 517.857788085938, 2009603, 5, 94
2020.42657526, 51.5372374194994, 115.966439774545, 517.819396972656, 2009603, 5, 94
2020.42657526, 51.537282225225, 115.966433257345, 517.828063964844, 2009603, 5, 93
2020.42657526, 51.5373270324074, 115.966426713732, 517.842956542969, 2009603, 5, 93
2020.42657526, 51.537378215232, 115.966419240685, 517.830139160156, 2009603, 5, 93
2020.42657526, 51.5374230009742, 115.966412670506, 517.847778320312, 2009603, 5, 93
2020.42657526, 51.5374805603934, 115.966404214128, 517.837890625, 2009603, 5, 93
2020.42657526, 51.5375317148195, 115.96639666376, 517.833435058594, 2009603, 5, 85
2020.42657526, 51.5375892406172, 115.96638814451, 517.854431152344, 2009603, 5, 85
2020.42657526, 51.5376467392218, 115.966379609652, 517.830322265625, 2009603, 5, 85
2020.42657526, 51.5377043824934, 115.966371170295, 517.854064941406, 2009603, 5, 85
2020.42657538, 51.7889935926338, 115.92749886666, 494.001251220703, 2009603, 5, 57
2020.42657538, 51.7890950757806, 115.927483825631, 493.958435058594, 2009603, 5, 93
2020.42657538, 51.7891457632393, 115.927476337855, 493.920684814453, 2009603, 5, 93
2020.42657538, 51.7891774394915, 115.927471640618, 493.908782958984, 2009603, 5, 93
2020.42657538, 51.789209103592, 115.927466954119, 493.92236328125, 2009603, 5, 93
2020.42657538, 51.7892470863107, 115.927461335063, 493.951446533203, 2009603, 5, 93
2020.42657538, 51.789297714029, 115.927453842847, 493.985565185547, 2009603, 5, 90
2020.42657538, 51.7893546255449, 115.927445452375, 493.990936279297, 2009603, 5, 90
2020.42657538, 51.7893862422191, 115.927440772617, 493.965393066406, 2009603, 5, 90
2020.42657538, 51.7894178424428, 115.927436114388, 493.967376708984, 2009603, 5, 90
2020.42657538, 51.7894434236149, 115.927432106334, 493.971527099609, 2009603, 5, 90
2020.42657538, 51.7894686213511, 115.927428445103, 493.966979980469, 2009603, 5, 90
2020.42657538, 51.7895001101397, 115.927423876696, 493.987365722656, 2009603, 5, 85
2020.42657538, 51.7895253049406, 115.927420210192, 493.983703613281, 2009603, 5, 85
2020.42657538, 51.7895567839782, 115.927415645292, 493.992553710938, 2009603, 5, 85
2020.42657538, 51.78958826381, 115.927411073455, 494.001251220703, 2009603, 5, 85
2020.42657538, 51.7896134485095, 115.927407407079, 493.991790771484, 2009603, 5, 85
2020.42657538, 51.7896449236291, 115.927402835738, 494.015167236328, 2009603, 5, 85
2020.42657538, 51.7896763983486, 115.927398262475, 494.024505615234, 2009603, 5, 85
2020.42657538, 51.7897141610093, 115.927392784362, 494.022644042969, 2009603, 5, 85
2020.42657538, 51.7897456453864, 115.927388191601, 494.026550292969, 2009603, 5, 85
2020.42657538, 51.7897834092881, 115.927382712313, 494.025543212891, 2009603, 5, 74
2020.42657538, 51.7898274790996, 115.927376299394, 494.030364990234, 2009603, 5, 74
2020.42657538, 51.7898652768921, 115.92737077214, 494.023284912109, 2009603, 5, 74
2020.42657538, 51.789921961411, 115.927362515015, 494.032165527344, 2009603, 5, 74
2020.42657538, 51.7899849829324, 115.927353299458, 494.021026611328, 2009603, 5, 74
2020.42657538, 51.7900480450005, 115.927344046887, 494.002746582031, 2009603, 5, 66
2020.42657538, 51.7900985191246, 115.927336636494, 493.973327636719, 2009603, 5, 66
2020.42657538, 51.7901427024599, 115.927330145829, 493.981323242188, 2009603, 5, 66
2020.42657538, 51.7901742864297, 115.927325482394, 493.985565185547, 2009603, 5, 66
2020.42657538, 51.790205880545, 115.927320816906, 493.955688476562, 2009603, 5, 66
2020.42657538, 51.7902374873869, 115.927316141467, 493.933654785156, 2009603, 5, 66
2020.42657538, 51.7902691029315, 115.927311469239, 493.935668945312, 2009603, 5, 66
2020.42657538, 51.7903007362081, 115.927306781468, 493.964050292969, 2009603, 5, 66
2020.42657538, 51.7903260677377, 115.927303002456, 493.947113037109, 2009603, 5, 66
2020.42657538, 51.7903577261535, 115.927298303587, 493.953979492188, 2009603, 5, 66
2020.42657538, 51.7903830785742, 115.927294513872, 493.944885253906, 2009603, 5, 66
2020.42657538, 51.7904147686912, 115.927289793252, 493.929443359375, 2009603, 5, 66
2020.42657538, 51.7904464794069, 115.927285051905, 493.941223144531, 2009603, 5, 66
2020.42657538, 51.7904718682345, 115.927281241683, 493.942626953125, 2009603, 5, 66
2020.42657538, 51.7905036110025, 115.927276484651, 493.923461914062, 2009603, 5, 74
2020.42657538, 51.7905353720601, 115.927271714616, 493.897552490234, 2009603, 5, 74
2020.42657538, 51.7905608015325, 115.927267879216, 493.931060791016, 2009603, 5, 74
2020.42657538, 51.7905925968831, 115.927263088409, 493.933227539062, 2009603, 5, 74
2020.42657538, 51.7906244055345, 115.927258295202, 493.930053710938, 2009603, 5, 74
2020.42657538, 51.79064987633, 115.92725443512, 493.934448242188, 2009603, 5, 74
2020.42657538, 51.7906817175696, 115.927249619304, 493.919464111328, 2009603, 5, 74
2020.42657538, 51.790706758639, 115.927246098355, 493.924377441406, 2009603, 5, 74
2020.42657538, 51.7907387796262, 115.927241152654, 493.931274414062, 2009603, 5, 74
2020.42657538, 51.7907644201317, 115.927237170946, 493.925476074219, 2009603, 5, 81
2020.42657538, 51.7907964720738, 115.927232207701, 493.921173095703, 2009603, 5, 81
2020.42657538, 51.7908221373728, 115.927228212126, 493.914611816406, 2009603, 5, 81
2020.42657538, 51.7908542195882, 115.927223232975, 493.933319091797, 2009603, 5, 81
2020.42657538, 51.7908863205404, 115.927218235603, 493.918640136719, 2009603, 5, 81
2020.42657538, 51.7909120208309, 115.927214221887, 493.928558349609, 2009603, 5, 81
2020.42657538, 51.7909377164712, 115.927210223209, 493.943878173828, 2009603, 5, 81
2020.42657538, 51.7909698549191, 115.927205208714, 493.901550292969, 2009603, 5, 81
2020.42657538, 51.7910019978013, 115.927200201136, 493.935577392578, 2009603, 5, 92
2020.42657538, 51.7910277281844, 115.927196176466, 493.901580810547, 2009603, 5, 92
2020.42657538, 51.7910598871825, 115.927191165575, 493.909698486328, 2009603, 5, 92
2020.42657538, 51.7910856338955, 115.927187132728, 493.904968261719, 2009603, 5, 92
2020.42657538, 51.7911178051964, 115.927182117435, 493.893005371094, 2009603, 5, 92
2020.42657538, 51.7911499868937, 115.92717709928, 493.910491943359, 2009603, 5, 92
2020.42657538, 51.7911757471649, 115.927173066522, 493.893127441406, 2009603, 5, 92
2020.42657538, 51.7912079307429, 115.927168061172, 493.916534423828, 2009603, 5, 92
2020.42657538, 51.7912336970895, 115.927164029897, 493.893310546875, 2009603, 5, 92
2020.42657538, 51.791265889035, 115.927159022054, 493.894195556641, 2009603, 5, 93
2020.42657538, 51.7912980864556, 115.927154012419, 493.886077880859, 2009603, 5, 93
2020.42657538, 51.7913238522482, 115.927149992309, 493.878845214844, 2009603, 5, 93
2020.42657538, 51.7913560450509, 115.92714499872, 493.897277832031, 2009603, 5, 93
2020.42657538, 51.791381808204, 115.927140989974, 493.884399414062, 2009603, 5, 93
2020.42657538, 51.7914075650312, 115.927136995037, 493.889373779297, 2009603, 5, 93
2020.42657538, 51.7914397553522, 115.927132012534, 493.899505615234, 2009603, 5, 93
2020.42657538, 51.7914655058721, 115.927128028819, 493.867584228516, 2009603, 5, 93
2020.42657538, 51.7914912576399, 115.927124046209, 493.891784667969, 2009603, 5, 93
2020.42657538, 51.7915234319649, 115.927119090133, 493.884796142578, 2009603, 5, 93
2020.42657538, 51.7915491775825, 115.92711511254, 493.890869140625, 2009603, 5, 93
2020.42657538, 51.7915813389451, 115.927110177242, 493.892242431641, 2009603, 5, 93
2020.42657538, 51.7916070685249, 115.927106224968, 493.867034912109, 2009603, 5, 93
2020.42657538, 51.7916327957827, 115.927102276103, 493.890075683594, 2009603, 5, 93
2020.42657538, 51.7916649426297, 115.927097357182, 493.889831542969, 2009603, 5, 93
2020.42657538, 51.7916906493092, 115.927093435587, 493.888000488281, 2009603, 5, 93
2020.42657538, 51.7917227735507, 115.927088547716, 493.883880615234, 2009603, 5, 93
2020.42657538, 51.7917484671405, 115.927084637702, 493.905120849609, 2009603, 5, 93
2020.42657538, 51.7917805704093, 115.927079773262, 493.895446777344, 2009603, 5, 93
2020.42657538, 51.7918126612532, 115.927074922987, 493.911376953125, 2009603, 5, 93
2020.42657538, 51.7918383308752, 115.927071041362, 493.886260986328, 2009603, 5, 93
2020.42657538, 51.7918639894726, 115.927067174828, 493.893829345703, 2009603, 5, 93
2020.42657538, 51.7918960438105, 115.927062366149, 493.885620117188, 2009603, 5, 93
2020.42657538, 51.7919216849471, 115.927058517147, 493.895263671875, 2009603, 5, 93
2020.42657538, 51.7919537119327, 115.927053737532, 493.885131835938, 2009603, 5, 93
2020.42657538, 51.7919793310947, 115.927049909612, 493.891357421875, 2009603, 5, 93
2020.42657538, 51.7920053413791, 115.927045827754, 493.898071289062, 2009603, 5, 89
2020.42657538, 51.7920371836874, 115.927041187018, 493.886627197266, 2009603, 5, 89
2020.42657538, 51.7920626531687, 115.927037473514, 493.869598388672, 2009603, 5, 89
2020.42657538, 51.7920881103004, 115.927033776356, 493.897674560547, 2009603, 5, 89
2020.42657538, 51.7921199119722, 115.927029180328, 493.871337890625, 2009603, 5, 89
2020.42657538, 51.7921453557173, 115.927025493652, 493.896942138672, 2009603, 5, 89
2020.42657538, 51.7921771322139, 115.927020925644, 493.886413574219, 2009603, 5, 89
2020.42657538, 51.7922089078455, 115.927016347812, 493.915557861328, 2009603, 5, 89
2020.42657588, 52.7948081154232, 115.769256516285, 551.560424804688, 2009603, 5, 78
2020.42657588, 52.7948846424828, 115.76924436182, 551.564208984375, 2009603, 5, 91
2020.42657588, 52.7949356455233, 115.76923632455, 551.551696777344, 2009603, 5, 91
2020.42657588, 52.7949802617601, 115.769229343954, 551.568664550781, 2009603, 5, 91
2020.42657588, 52.7950121314315, 115.7692243724, 551.515197753906, 2009603, 5, 92
2020.42657588, 52.7950439922532, 115.769219430643, 551.53125, 2009603, 5, 92
2020.42657588, 52.7950758396857, 115.769214524217, 551.527099609375, 2009603, 5, 92
2020.42657588, 52.7951013269102, 115.769210594682, 551.544555664062, 2009603, 5, 92
2020.42657588, 52.7951268045853, 115.769206687822, 551.52197265625, 2009603, 5, 92
2020.42657588, 52.7951586388446, 115.769201835917, 551.501892089844, 2009603, 5, 92
2020.42657588, 52.795184111606, 115.769197957944, 551.533142089844, 2009603, 5, 92
2020.42657588, 52.7952160387828, 115.76919256012, 551.510009765625, 2009603, 5, 92
2020.42657588, 52.7952478190283, 115.76918801437, 551.519836425781, 2009603, 5, 92
2020.42657588, 52.7952732481708, 115.769184376094, 551.519348144531, 2009603, 5, 91
2020.42657588, 52.7953050225432, 115.769179858523, 551.515441894531, 2009603, 5, 91
2020.42657588, 52.7953304430167, 115.769176249781, 551.531188964844, 2009603, 5, 91
2020.42657588, 52.7953622036273, 115.76917176582, 551.521545410156, 2009603, 5, 91
2020.42657588, 52.7953876172272, 115.769168179053, 551.538635253906, 2009603, 5, 91
2020.42657588, 52.7954130259306, 115.769164603731, 551.5458984375, 2009603, 5, 91
2020.42657588, 52.7954384306176, 115.769161036496, 551.518737792969, 2009603, 5, 91
2020.42657588, 52.7954638348936, 115.769157475055, 551.528503417969, 2009603, 5, 91
2020.42657588, 52.7954892335472, 115.769153921498, 551.5185546875, 2009603, 5, 91
2020.42657588, 52.7955209769932, 115.769149490335, 551.521057128906, 2009603, 5, 89
2020.42657588, 52.7955463772779, 115.76914593701, 551.514282226562, 2009603, 5, 89
2020.42657588, 52.7955781117632, 115.76914151563, 551.514892578125, 2009603, 5, 89
2020.42657588, 52.79560350689, 115.769137968475, 551.522399902344, 2009603, 5, 89
2020.42657588, 52.7956288960405, 115.769134428794, 551.525695800781, 2009603, 5, 89
2020.42657588, 52.7956606251802, 115.769130010625, 551.512573242188, 2009603, 5, 89
2020.42657588, 52.7956860172838, 115.769126460962, 551.525573730469, 2009603, 5, 89
2020.42657588, 52.7957113992352, 115.76912292058, 551.513916015625, 2009603, 5, 89
2020.42657588, 52.7957367824566, 115.769119375036, 551.541687011719, 2009603, 5, 89
2020.42657588, 52.7957685078485, 115.769114941378, 551.545349121094, 2009603, 5, 89
2020.42657588, 52.7957938878722, 115.769111384254, 551.534606933594, 2009603, 5, 89
2020.42657588, 52.795819267719, 115.769107825017, 551.536376953125, 2009603, 5, 89
2020.42657588, 52.7958446530291, 115.769104250182, 551.524291992188, 2009603, 5, 89
2020.42657588, 52.7958700323276, 115.769100677287, 551.528503417969, 2009603, 5, 89
2020.42657588, 52.7958954135833, 115.769097093288, 551.530700683594, 2009603, 5, 89
2020.42657588, 52.7959271343279, 115.769092609161, 551.515075683594, 2009603, 5, 89
2020.42657588, 52.7959525151267, 115.769089007443, 551.537902832031, 2009603, 5, 89
2020.42657588, 52.7959778940515, 115.769085396445, 551.533996582031, 2009603, 5, 89
2020.42657588, 52.796003276368, 115.769081768822, 551.531677246094, 2009603, 5, 93
2020.42657588, 52.7960286545393, 115.769078138746, 551.544921875, 2009603, 5, 93
2020.42657588, 52.7960476920288, 115.769075405478, 551.573364257812, 2009603, 5, 93
2020.42657588, 52.7960730702523, 115.769071756371, 551.571960449219, 2009603, 5, 93
2020.42657588, 52.796092107027, 115.769069008348, 551.575622558594, 2009603, 5, 93
2020.42657588, 52.7961111454397, 115.769066251195, 551.567565917969, 2009603, 5, 93
2020.42657588, 52.7961301839405, 115.769063487302, 551.554138183594, 2009603, 5, 93
2020.42657588, 52.7961492246448, 115.769060711879, 551.557312011719, 2009603, 5, 93
2020.42657588, 52.7961682648299, 115.769057933155, 551.563903808594, 2009603, 5, 93
2020.42657588, 52.7961936482791, 115.769054219719, 551.586547851562, 2009603, 5, 93
2020.42657588, 52.7962126923399, 115.769051417275, 551.585388183594, 2009603, 5, 93
2020.42657588, 52.7962317330566, 115.769048610288, 551.594360351562, 2009603, 5, 93
2020.42657588, 52.7962507739981, 115.769045798467, 551.609985351562, 2009603, 5, 92
2020.42657588, 52.7962698155215, 115.769042978494, 551.603454589844, 2009603, 5, 92
2020.42657588, 52.7962825395932, 115.76904104788, 550.711791992188, 2009603, 5, 92
2020.42657588, 52.7963015558816, 115.769038253995, 551.602722167969, 2009603, 5, 92
2020.42657588, 52.7963206015732, 115.769035407937, 551.607055664062, 2009603, 5, 92
2020.42657588, 52.796339649461, 115.769032551039, 551.602172851562, 2009603, 5, 92
2020.42657588, 52.7963586978572, 115.769029685939, 551.591064453125, 2009603, 5, 92
2020.42657588, 52.7963777473532, 115.769026810349, 551.570922851562, 2009603, 5, 92
2020.42657588, 52.7964031480797, 115.769022965634, 551.571472167969, 2009603, 5, 92
2020.42657588, 52.7964222033498, 115.769020063669, 551.571350097656, 2009603, 5, 92
2020.42657588, 52.7964476051715, 115.769016190193, 551.564636230469, 2009603, 5, 92
2020.42657588, 52.7964729255597, 115.769013194788, 551.548522949219, 2009603, 5, 92
2020.42657588, 52.7964983584986, 115.769009027821, 551.541748046875, 2009603, 5, 92
2020.42657588, 52.7965301516993, 115.769003801505, 551.535461425781, 2009603, 5, 91
2020.42657588, 52.7965555901894, 115.76899959901, 551.518859863281, 2009603, 5, 91
2020.42657588, 52.7965810361218, 115.768995375689, 551.525939941406, 2009603, 5, 91
2020.42657588, 52.7966128363938, 115.768990094476, 551.516479492188, 2009603, 5, 91
2020.42657588, 52.7966382859811, 115.768985844016, 551.521484375, 2009603, 5, 91
2020.42657588, 52.7966700928705, 115.768980527499, 551.525634765625, 2009603, 5, 91
2020.42657588, 52.796701908322, 115.768975190413, 551.51953125, 2009603, 5, 91
2020.42657588, 52.7967400894044, 115.768968770313, 551.547241210938, 2009603, 5, 91
2020.42657589, 52.8160196112043, 115.765956591325, 553.647155761719, 2009603, 5, 80
2020.42657589, 52.8160639851069, 115.765949831814, 553.6396484375, 2009603, 5, 80
2020.42657589, 52.8161146897402, 115.765942122283, 553.656799316406, 2009603, 5, 80
2020.42657589, 52.8161653787911, 115.765934436912, 553.65380859375, 2009603, 5, 80
2020.42657589, 52.8162223837486, 115.765925816347, 553.680480957031, 2009603, 5, 80
2020.42657589, 52.8162920565385, 115.76591527789, 553.649719238281, 2009603, 5, 91
2020.42657589, 52.8163490550116, 115.765906661484, 553.628112792969, 2009603, 5, 91
2020.42657589, 52.8163933780701, 115.765899966227, 553.65380859375, 2009603, 5, 91
2020.42657589, 52.8164377043028, 115.765893257783, 553.62353515625, 2009603, 5, 91
2020.42657589, 52.8164946752119, 115.765884659791, 553.656616210938, 2009603, 5, 91
2020.42657589, 52.8165643064639, 115.765874133675, 553.658630371094, 2009603, 5, 91
2020.42657589, 52.8166845712315, 115.765855914672, 553.689331054688, 2009603, 5, 91
2020.42657589, 52.8168049516051, 115.765837680835, 553.664978027344, 2009603, 5, 88
2020.42657589, 52.8169313804091, 115.765818306301, 553.673400878906, 2009603, 5, 88
2020.42657589, 52.8170515180681, 115.765799797106, 553.672912597656, 2009603, 5, 89
2020.42657589, 52.8171653863026, 115.765782151176, 553.68310546875, 2009603, 5, 89
2020.42657589, 52.8172540073742, 115.765768330043, 553.678039550781, 2009603, 5, 82
2020.42657589, 52.8173426672247, 115.765754449087, 553.654968261719, 2009603, 5, 82
2020.42657589, 52.8174377345441, 115.765739478082, 553.668823242188, 2009603, 5, 82
2020.42657591, 52.8460096766071, 115.761124817587, 556.823425292969, 2009603, 5, 60
2020.42657591, 52.8460351051857, 115.761120691835, 556.830200195312, 2009603, 5, 60
2020.42657591, 52.8460604098903, 115.761116613582, 556.83935546875, 2009603, 5, 60
2020.42657591, 52.8460922463809, 115.761111445003, 556.82275390625, 2009603, 5, 60
2020.42657591, 52.8461177288124, 115.76110729553, 556.828918457031, 2009603, 5, 60
2020.42657591, 52.8461495754562, 115.761102126337, 556.809692382812, 2009603, 5, 60
2020.42657591, 52.8461750601891, 115.76109798537, 556.832458496094, 2009603, 5, 60
2020.42657591, 52.8462005529409, 115.761093835752, 556.841918945312, 2009603, 5, 60
2020.42657591, 52.8462324109869, 115.761088669987, 556.821411132812, 2009603, 5, 60
2020.42657591, 52.8462579090681, 115.761084524793, 556.824462890625, 2009603, 5, 87
2020.42657591, 52.8462897727132, 115.761079360307, 556.830749511719, 2009603, 5, 87
2020.42657591, 52.8463152774473, 115.76107521558, 556.824279785156, 2009603, 5, 87
2020.42657591, 52.8463471508418, 115.761070052972, 556.836791992188, 2009603, 5, 87
2020.42657591, 52.8463726641438, 115.761065906536, 556.820922851562, 2009603, 5, 87
2020.42657591, 52.8464045367732, 115.761060754788, 556.834594726562, 2009603, 5, 87
2020.42657591, 52.8464300561455, 115.761056608345, 556.818786621094, 2009603, 5, 87
2020.42657591, 52.8464619391649, 115.761051453407, 556.826904296875, 2009603, 5, 87
2020.42657591, 52.8464938293644, 115.761046290495, 556.840209960938, 2009603, 5, 87
2020.42657591, 52.8465193520021, 115.761042151098, 556.821411132812, 2009603, 5, 88
2020.42657591, 52.846551241917, 115.761037002735, 556.812255859375, 2009603, 5, 88
2020.42657591, 52.8465767678217, 115.761032865905, 556.830505371094, 2009603, 5, 88
2020.42657591, 52.8466086620392, 115.761027719902, 556.829467773438, 2009603, 5, 88
2020.42657591, 52.8466341905963, 115.761023585972, 556.825500488281, 2009603, 5, 88
2020.42657591, 52.8466660864445, 115.761018444042, 556.839721679688, 2009603, 5, 88
2020.42657591, 52.8466916176364, 115.761014313263, 556.844604492188, 2009603, 5, 88
2020.42657591, 52.8467235106024, 115.761009178837, 556.83935546875, 2009603, 5, 88
2020.42657591, 52.8467490410971, 115.761005054215, 556.838562011719, 2009603, 5, 88
2020.42657591, 52.8467809415268, 115.76099991812, 556.842224121094, 2009603, 5, 70
2020.42657591, 52.8468064700383, 115.760995799645, 556.860046386719, 2009603, 5, 70
2020.42657591, 52.8468383725308, 115.760990666471, 556.839660644531, 2009603, 5, 70
2020.42657591, 52.8468639029875, 115.760986549713, 556.847595214844, 2009603, 5, 70
2020.42657591, 52.846895799024, 115.76098142759, 556.846374511719, 2009603, 5, 70
2020.42657591, 52.8469276999297, 115.760976299528, 556.866455078125, 2009603, 5, 70
2020.42657591, 52.8469532228892, 115.760972196632, 556.842834472656, 2009603, 5, 70
2020.42657591, 52.8469851243176, 115.760967071177, 556.847351074219, 2009603, 5, 70
2020.42657591, 52.8522572806593, 115.7601135587, 557.905578613281, 2009603, 5, 83
2020.42657591, 52.8522825598147, 115.760109496359, 557.906433105469, 2009603, 5, 83
2020.42657591, 52.8523078323593, 115.760105426295, 557.915466308594, 2009603, 5, 83
2020.42657591, 52.8523330969224, 115.760101354652, 557.923217773438, 2009603, 5, 83
2020.42657591, 52.8523583593009, 115.760097271296, 557.9228515625, 2009603, 5, 83
2020.42657591, 52.8523836093626, 115.760093189129, 557.925415039062, 2009603, 5, 83
2020.42657591, 52.8524153801951, 115.760088437738, 557.949645996094, 2009603, 5, 83
2020.42657591, 52.8524405544787, 115.760084247799, 557.923156738281, 2009603, 5, 83
2020.42657591, 52.8524657220936, 115.760080052406, 557.931091308594, 2009603, 5, 83
2020.42657591, 52.8524908859794, 115.760075847816, 557.930297851562, 2009603, 5, 83
2020.42657591, 52.8525160418199, 115.760071639177, 557.930725097656, 2009603, 5, 88
2020.42657591, 52.8525474716423, 115.760066385108, 557.97265625, 2009603, 5, 88
2020.42657591, 52.8525726207541, 115.760062162424, 557.967651367188, 2009603, 5, 88
2020.42657591, 52.8525977593218, 115.760057943665, 557.967712402344, 2009603, 5, 88
2020.42657591, 52.8526291693691, 115.760052673862, 557.967102050781, 2009603, 5, 88
2020.42657591, 52.8526542988147, 115.760048449122, 557.964294433594, 2009603, 5, 88
2020.42657591, 52.8526794270763, 115.760044217055, 557.979675292969, 2009603, 5, 88
2020.42657591, 52.8527045514029, 115.760039984017, 557.958679199219, 2009603, 5, 88
2020.42657591, 52.8527359409292, 115.760034704018, 557.951538085938, 2009603, 5, 88
2020.42657591, 52.8527610628236, 115.760030464128, 557.971984863281, 2009603, 5, 90
2020.42657591, 52.8527924494082, 115.760025180625, 557.953063964844, 2009603, 5, 90
2020.42657591, 52.8528175692563, 115.760020936959, 557.955871582031, 2009603, 5, 90
2020.42657591, 52.8528489544477, 115.760015650253, 557.963745117188, 2009603, 5, 90
2020.42657591, 52.8528740671424, 115.760011414512, 557.950927734375, 2009603, 5, 90
2020.42657591, 52.8529054546738, 115.760006126452, 557.95458984375, 2009603, 5, 90
2020.42657591, 52.8529305659747, 115.760001893542, 557.945617675781, 2009603, 5, 90
2020.42657591, 52.8547714061755, 115.759708729287, 558.05029296875, 2009603, 5, 70
2020.42657591, 52.8548035453473, 115.75970366608, 558.053039550781, 2009603, 5, 70
2020.42657591, 52.8548292618507, 115.75969960324, 558.06689453125, 2009603, 5, 70
2020.42657591, 52.854861404147, 115.759694519417, 558.050842285156, 2009603, 5, 70
2020.42657591, 52.8548871339416, 115.759690424366, 558.079650878906, 2009603, 5, 70
2020.42657591, 52.854919280951, 115.759685320448, 558.080200195312, 2009603, 5, 70
2020.42657591, 52.8549450175211, 115.75968119814, 558.079284667969, 2009603, 5, 70
2020.42657591, 52.8549769384464, 115.759676278618, 558.079345703125, 2009603, 5, 70
2020.42657591, 52.8550092013292, 115.7596710231, 558.063598632812, 2009603, 5, 90
2020.42657591, 52.8550350194814, 115.759666795109, 558.087829589844, 2009603, 5, 90
2020.42657591, 52.8550672833133, 115.759661507173, 558.076049804688, 2009603, 5, 90
2020.42657591, 52.8550995429786, 115.759656205491, 558.09130859375, 2009603, 5, 90
2020.42657591, 52.8551382426066, 115.759649838266, 558.123779296875, 2009603, 5, 90
2020.42657591, 52.8551769401661, 115.759643442015, 558.12939453125, 2009603, 5, 90
2020.42657591, 52.8552220766743, 115.759635950829, 558.099853515625, 2009603, 5, 90
2020.42657591, 52.8552671976856, 115.759628433677, 558.147888183594, 2009603, 5, 91
2020.42657591, 52.855325178567, 115.75961873423, 558.119445800781, 2009603, 5, 91
2020.42657591, 52.8553831041986, 115.75960902387, 558.159912109375, 2009603, 5, 91
2020.42657591, 52.8554538467163, 115.759597098996, 558.135559082031, 2009603, 5, 91
2020.42657591, 52.8555309210264, 115.759584050705, 558.137451171875, 2009603, 5, 56
2020.42657591, 52.8556206948115, 115.759568793152, 558.142395019531, 2009603, 5, 56
2020.42657591, 52.8556975036692, 115.759555693394, 558.1396484375, 2009603, 5, 56
2020.42657593, 52.8872720928633, 115.754452782678, 560.488037109375, 2009603, 5, 70
2020.42657593, 52.8873040933909, 115.754447332695, 560.470703125, 2009603, 5, 70
2020.42657593, 52.8873296976149, 115.754442967314, 560.493591308594, 2009603, 5, 70
2020.42657593, 52.8873616872628, 115.754437531555, 560.481018066406, 2009603, 5, 70
2020.42657593, 52.8873872804006, 115.754433177598, 560.48388671875, 2009603, 5, 70
2020.42657593, 52.8874128593657, 115.754428841545, 560.494995117188, 2009603, 5, 70
2020.42657593, 52.8874448231161, 115.754423435559, 560.478698730469, 2009603, 5, 70
2020.42657593, 52.8874703938861, 115.754419104932, 560.506896972656, 2009603, 5, 70
2020.42657593, 52.8875023353547, 115.75441371854, 560.485534667969, 2009603, 5, 84
2020.42657593, 52.8875278854451, 115.754409413087, 560.477172851562, 2009603, 5, 84
2020.42657593, 52.8875534294105, 115.754405113153, 560.479797363281, 2009603, 5, 84
2020.42657593, 52.8875853416252, 115.754399760053, 560.470825195312, 2009603, 5, 84
2020.42657593, 52.8876108692899, 115.754395475848, 560.487426757812, 2009603, 5, 84
2020.42657593, 52.887642753686, 115.754390152322, 560.484924316406, 2009603, 5, 84
2020.42657593, 52.8876682543899, 115.75438590109, 560.4755859375, 2009603, 5, 84
2020.42657593, 52.8876937527957, 115.754381645811, 560.477233886719, 2009603, 5, 84
2020.42657593, 52.8877255974234, 115.754376363038, 560.454467773438, 2009603, 5, 84
2020.42657593, 52.8877510737528, 115.754372132033, 560.523193359375, 2009603, 5, 78
2020.42657593, 52.8877828989347, 115.754366866087, 560.509155273438, 2009603, 5, 78
2020.42657593, 52.8878146964832, 115.754361636195, 560.511352539062, 2009603, 5, 78
2020.42657593, 52.8878464888372, 115.754356405704, 560.516845703125, 2009603, 5, 78
2020.42657593, 52.887878265873, 115.754351190158, 560.509216308594, 2009603, 5, 78
2020.42657593, 52.8879100307722, 115.754345983179, 560.516662597656, 2009603, 5, 78
2020.42657593, 52.8879481137411, 115.754339776289, 560.537536621094, 2009603, 5, 78
2020.42657593, 52.8879861713686, 115.754333598327, 560.503051757812, 2009603, 5, 78
2020.42657595, 52.9312521057284, 115.747216776158, 563.896362304688, 2009603, 5, 56
2020.42657595, 52.9312649929892, 115.747214574966, 563.006896972656, 2009603, 5, 56
2020.42657595, 52.9312842621643, 115.747211372249, 563.936706542969, 2009603, 5, 56
2020.42657595, 52.9312971324099, 115.74720920296, 563.947937011719, 2009603, 5, 56
2020.42657595, 52.9313164370765, 115.747205951791, 563.968566894531, 2009603, 5, 56
2020.42657595, 52.9313357466091, 115.747202700535, 563.950378417969, 2009603, 5, 56
2020.42657595, 52.931348627111, 115.747200522461, 563.925659179688, 2009603, 5, 56
2020.42657595, 52.9313679447588, 115.74719726703, 563.95751953125, 2009603, 5, 56
2020.42657595, 52.9313808271799, 115.747195090345, 563.945434570312, 2009603, 5, 56
2020.42657595, 52.9314001784593, 115.747191786604, 563.020263671875, 2009603, 5, 56
2020.42657595, 52.9314194789651, 115.747188566318, 563.953857421875, 2009603, 5, 56
2020.42657595, 52.9314323704134, 115.747186382399, 563.9521484375, 2009603, 5, 56
2020.42657595, 52.931451702066, 115.747183117316, 563.958618164062, 2009603, 5, 56
2020.42657595, 52.9314645955717, 115.747180932732, 563.925170898438, 2009603, 5, 56
2020.42657595, 52.931496828697, 115.747175475635, 563.920471191406, 2009603, 5, 56
2020.42657595, 52.9315290892027, 115.747169974566, 562.990417480469, 2009603, 5, 70
2020.42657595, 52.9315484308487, 115.74716670029, 562.994262695312, 2009603, 5, 70
2020.42657595, 52.931561301871, 115.747164554524, 563.909973144531, 2009603, 5, 70
2020.42657595, 52.9315806484853, 115.747161272354, 563.894836425781, 2009603, 5, 70
2020.42657595, 52.9315935496723, 115.747159078511, 563.903564453125, 2009603, 5, 70
2020.42657595, 52.9316128954518, 115.747155795149, 563.902709960938, 2009603, 5, 70
2020.42657595, 52.931632242439, 115.747152510009, 563.887634277344, 2009603, 5, 70
2020.42657595, 52.9316515884104, 115.747149224852, 563.898864746094, 2009603, 5, 70
2020.42657595, 52.9316773795612, 115.747144846934, 563.879333496094, 2009603, 5, 70
2020.42657595, 52.9316967287491, 115.747141551379, 563.873901367188, 2009603, 5, 70
2020.42657595, 52.9317289623964, 115.747136075881, 563.866149902344, 2009603, 5, 70
2020.42657595, 52.931754744676, 115.747131691648, 563.863647460938, 2009603, 5, 85
2020.42657595, 52.9317805327948, 115.747127295028, 563.830200195312, 2009603, 5, 85
2020.42657595, 52.9318063093643, 115.747122908562, 563.861389160156, 2009603, 5, 85
2020.42657595, 52.9318320809648, 115.747118520988, 563.864013671875, 2009603, 5, 85
2020.42657595, 52.9318578414616, 115.747114141158, 563.890686035156, 2009603, 5, 85
2020.42657595, 52.9318771604861, 115.747110850134, 563.916381835938, 2009603, 5, 85
2020.42657595, 52.9318964762062, 115.747107559447, 563.912353515625, 2009603, 5, 85
2020.42657595, 52.9319157883635, 115.747104267656, 563.859985351562, 2009603, 5, 85
2020.42657595, 52.9319350978675, 115.747100973078, 563.85693359375, 2009603, 5, 85
2020.42657595, 52.9319672585687, 115.747095496142, 563.81201171875, 2009603, 5, 85
2020.42657595, 52.9319929812414, 115.747091111578, 563.800415039062, 2009603, 5, 85
2020.42657595, 52.9320186947752, 115.747086726853, 563.822326660156, 2009603, 5, 89
2020.42657595, 52.9320508171183, 115.747081255309, 563.812133789062, 2009603, 5, 89
2020.42657595, 52.9320765027268, 115.747076879491, 563.842590332031, 2009603, 5, 89
2020.42657595, 52.9321021780432, 115.747072501787, 563.835754394531, 2009603, 5, 89
2020.42657595, 52.9321278393309, 115.747068130292, 563.829162597656, 2009603, 5, 89
2020.42657595, 52.9321534920256, 115.747063754507, 563.841552734375, 2009603, 5, 89
2020.42657595, 52.9321791276697, 115.747059387266, 563.874633789062, 2009603, 5, 89
2020.42657595, 52.9322047473326, 115.747055022346, 563.883239746094, 2009603, 5, 89
2020.42657595, 52.93223035361, 115.747050663252, 563.901794433594, 2009603, 5, 89
2020.42657595, 52.9322559426562, 115.747046311678, 563.898376464844, 2009603, 5, 87
2020.42657595, 52.9322751292144, 115.747043042956, 563.888854980469, 2009603, 5, 87
2020.42657595, 52.9322943046556, 115.747039780283, 563.905090332031, 2009603, 5, 87
2020.42657595, 52.9323134747815, 115.747036514346, 563.901550292969, 2009603, 5, 87
2020.42657595, 52.9323390139452, 115.74703217324, 563.883239746094, 2009603, 5, 87
2020.42657595, 52.9323645387084, 115.747027834973, 563.917358398438, 2009603, 5, 87
2020.42657595, 52.9323836747738, 115.747024579032, 563.905151367188, 2009603, 5, 87
2020.42657595, 52.9324027980521, 115.747021328426, 563.901794433594, 2009603, 5, 87
2020.42657595, 52.9324219158847, 115.747018075582, 563.878112792969, 2009603, 5, 87
2020.42657595, 52.9324410235785, 115.747014829003, 563.888793945312, 2009603, 5, 87
2020.42657595, 52.9324601192773, 115.747011586302, 563.894897460938, 2009603, 5, 87
2020.42657595, 52.9324855636095, 115.747007271345, 563.86962890625, 2009603, 5, 87
2020.42657595, 52.9325116065272, 115.747002738335, 563.886535644531, 2009603, 5, 86
2020.42657595, 52.9325368496275, 115.746998487857, 563.87548828125, 2009603, 5, 84
2020.42657595, 52.9325557725706, 115.746995299034, 563.868774414062, 2009603, 5, 84
2020.42657595, 52.9325809832985, 115.746991063056, 563.884399414062, 2009603, 5, 84
2020.42657595, 52.9326061799456, 115.746986826103, 563.871520996094, 2009603, 5, 84
2020.42657595, 52.9326313597614, 115.746982594421, 563.870849609375, 2009603, 5, 84
2020.42657595, 52.9326565261209, 115.746978367557, 563.8876953125, 2009603, 5, 84
2020.42657595, 52.9326816802222, 115.746974140468, 563.848083496094, 2009603, 5, 84
2020.42657595, 52.9327068190469, 115.746969921418, 563.869323730469, 2009603, 5, 84
2020.42657595, 52.9327382216246, 115.746964657528, 563.85498046875, 2009603, 5, 84
2020.42657595, 52.9327633315687, 115.746960448091, 563.842529296875, 2009603, 5, 84
2020.42657595, 52.9327884312028, 115.746956240497, 563.868591308594, 2009603, 5, 84
2020.42657595, 52.9328135188351, 115.746952036796, 563.853576660156, 2009603, 5, 84
2020.42657595, 52.9328385960683, 115.746947835491, 563.846557617188, 2009603, 5, 84
2020.42657595, 52.9328636697731, 115.746943630619, 563.844543457031, 2009603, 5, 84
2020.42657595, 52.9328887320088, 115.746939433035, 563.828247070312, 2009603, 5, 84
2020.42657595, 52.9329137830707, 115.746935241907, 563.836730957031, 2009603, 5, 84
2020.42657595, 52.9329450830233, 115.746930014135, 563.865356445312, 2009603, 5, 84
2020.42657595, 52.9329701221561, 115.746925824559, 563.848022460938, 2009603, 5, 84
2020.42657595, 52.9329951549194, 115.746921638175, 563.845825195312, 2009603, 5, 84
2020.42657595, 52.933020183881, 115.746917452004, 563.848571777344, 2009603, 5, 83
2020.42657595, 52.9330452096164, 115.746913262145, 563.826904296875, 2009603, 5, 83
2020.42657595, 52.9330764777027, 115.746908046703, 563.844116210938, 2009603, 5, 83
2020.42657595, 52.9331014966562, 115.74690386416, 563.836730957031, 2009603, 5, 83
2020.42657595, 52.9331265168085, 115.746899676681, 563.850891113281, 2009603, 5, 83
2020.42657595, 52.9331515317014, 115.746895499494, 563.876892089844, 2009603, 5, 83
2020.42657595, 52.9331827967646, 115.74689028085, 563.860412597656, 2009603, 5, 83
2020.42657595, 52.9332078112124, 115.746886104591, 563.8837890625, 2009603, 5, 83
2020.42657595, 52.9332328325056, 115.746881919734, 563.882385253906, 2009603, 5, 83
2020.42657595, 52.9332640992239, 115.746876704864, 563.882873535156, 2009603, 5, 83
2020.42657595, 52.9332891210798, 115.746872527398, 563.890441894531, 2009603, 5, 83
2020.42657595, 52.933314148002, 115.746868347134, 563.86865234375, 2009603, 5, 83
2020.42657595, 52.9333391829461, 115.746864160014, 563.864929199219, 2009603, 5, 83
2020.42657595, 52.9333704709695, 115.746858944696, 563.898559570312, 2009603, 5, 83
2020.42657595, 52.9333955123641, 115.746854762454, 563.888977050781, 2009603, 5, 83
2020.42657595, 52.9334205635603, 115.746850574611, 563.886047363281, 2009603, 5, 83
2020.42657595, 52.9334456174442, 115.746846391868, 563.881713867188, 2009603, 5, 83
2020.42657595, 52.9334769392144, 115.746841166774, 563.879211425781, 2009603, 5, 83
2020.42657595, 52.9335020117715, 115.746836979649, 563.887634277344, 2009603, 5, 79
2020.42657595, 52.9335270932817, 115.746832787292, 563.880493164062, 2009603, 5, 79
2020.42657595, 52.9335521811925, 115.746828598483, 563.884033203125, 2009603, 5, 79
2020.42657595, 52.9335835523736, 115.746823362948, 563.898559570312, 2009603, 5, 79
2020.42657595, 52.9336023863641, 115.746820212695, 563.896484375, 2009603, 5, 79
2020.42657595, 52.9336275055097, 115.746816016581, 563.912780761719, 2009603, 5, 79
2020.42657595, 52.9336526324426, 115.746811820246, 563.898071289062, 2009603, 5, 79
2020.42657595, 52.9336777675811, 115.746807624986, 563.90869140625, 2009603, 5, 79
2020.42657595, 52.9336966290278, 115.746804473479, 563.925231933594, 2009603, 5, 79
2020.42657595, 52.9337154984577, 115.746801321068, 563.938659667969, 2009603, 5, 79
2020.42657595, 52.9337281089786, 115.746799173482, 563.040405273438, 2009603, 5, 79
2020.42657595, 52.9337469635993, 115.746796058726, 563.92626953125, 2009603, 5, 79
2020.42657595, 52.9337653284574, 115.746793092833, 563.926574707031, 2009603, 5, 51
2020.42657595, 52.9337843299058, 115.746789897904, 563.940673828125, 2009603, 5, 51
2020.42657595, 52.9338033399764, 115.746786699163, 563.922424316406, 2009603, 5, 51
2020.42657595, 52.9338223555275, 115.74678350014, 563.931396484375, 2009603, 5, 51
2020.42657595, 52.9338413809123, 115.746780297839, 563.915405273438, 2009603, 5, 51
2020.42657595, 52.933860411897, 115.746777093596, 563.942443847656, 2009603, 5, 51
2020.42657595, 52.9338794498662, 115.746773888893, 563.946533203125, 2009603, 5, 51
2020.42657595, 52.9338985157618, 115.746770646538, 563.052612304688, 2009603, 5, 51
2020.42657595, 52.9339175621823, 115.746767445429, 563.054443359375, 2009603, 5, 51
2020.42657595, 52.9339365936624, 115.746764279582, 563.945373535156, 2009603, 5, 51
2020.42657595, 52.9339556538265, 115.746761074437, 563.933410644531, 2009603, 5, 51
2020.42657595, 52.9339747234954, 115.746757865549, 563.940979003906, 2009603, 5, 51
2020.42657595, 52.9339937951828, 115.746754659243, 563.952880859375, 2009603, 5, 51
2020.42657595, 52.934006517645, 115.746752514543, 563.946594238281, 2009603, 5, 51
2020.42657595, 52.9340255976696, 115.746749310094, 563.950500488281, 2009603, 5, 51
2020.42657595, 52.9340383505166, 115.746747126371, 563.05859375, 2009603, 5, 51
2020.42657595, 52.9340574393773, 115.746743921153, 563.068786621094, 2009603, 5, 51
2020.42657595, 52.9340701737492, 115.746741775222, 563.059143066406, 2009603, 5, 51
2020.42657595, 52.9340892483788, 115.74673860389, 563.955871582031, 2009603, 5, 51
2020.42657595, 52.93410837376, 115.746735358245, 563.068969726562, 2009603, 5, 51
2020.42657595, 52.9341210910933, 115.746733252378, 563.956848144531, 2009603, 5, 51
2020.42657595, 52.9341402243336, 115.746730008818, 563.068115234375, 2009603, 5, 51
2020.42657595, 52.9341529465179, 115.746727902981, 563.969055175781, 2009603, 5, 51
2020.42657595, 52.9341720896574, 115.746724655032, 563.051879882812, 2009603, 5, 51
2020.42657595, 52.9341911877975, 115.746721483466, 563.959899902344, 2009603, 5, 51
2020.42657595, 52.9342039666502, 115.746719300817, 563.046203613281, 2009603, 5, 51
2020.42657595, 52.934223068579, 115.746716133705, 563.939392089844, 2009603, 5, 51
2020.42657595, 52.9342422024625, 115.7467129232, 563.931762695312, 2009603, 5, 51
2020.42657596, 52.9455245485981, 115.744843749258, 564.684753417969, 2009603, 5, 81
2020.42657596, 52.9456251817139, 115.744827116398, 564.677795410156, 2009603, 5, 81
2020.42657596, 52.9457885979931, 115.744799805138, 564.689514160156, 2009603, 5, 84
2020.42657596, 52.9459835147328, 115.744766710507, 564.647888183594, 2009603, 5, 84
2020.42657596, 52.9460905388587, 115.744748309511, 564.645080566406, 2009603, 5, 87
2020.42657596, 52.946204025994, 115.744728625651, 564.679992675781, 2009603, 5, 87
2020.42657596, 52.9464000119925, 115.744694252412, 564.700134277344, 2009603, 5, 82
2020.42657596, 52.9465969888677, 115.744659214371, 564.691223144531, 2009603, 5, 57
2020.42657597, 52.9747691130696, 115.739964028058, 567.215087890625, 2009603, 5, 66
2020.42657597, 52.9748512703036, 115.739950405079, 567.201965332031, 2009603, 5, 66
2020.42657597, 52.974946069733, 115.739934637836, 567.213012695312, 2009603, 5, 66
2020.42657597, 52.9750535317788, 115.739916725712, 567.223815917969, 2009603, 5, 84
2020.42657599, 53.0200185330437, 115.732898696419, 571.387878417969, 2009603, 5, 67
2020.42657599, 53.0200500962159, 115.73289388963, 571.411926269531, 2009603, 5, 67
2020.42657599, 53.0200816771007, 115.732889057338, 571.404663085938, 2009603, 5, 67
2020.42657599, 53.020119568235, 115.732883265519, 571.417419433594, 2009603, 5, 67
2020.42657599, 53.0201574797934, 115.732877442767, 571.370849609375, 2009603, 5, 67
2020.42657599, 53.0201890906315, 115.732872564421, 571.40625, 2009603, 5, 67
2020.42657599, 53.0202331313312, 115.73286593231, 571.413940429688, 2009603, 5, 67
2020.42657599, 53.0202711678553, 115.732859978048, 571.413635253906, 2009603, 5, 85
2020.42657599, 53.0203092260717, 115.732853997598, 571.419616699219, 2009603, 5, 85
2020.42657599, 53.0203472820437, 115.73284802523, 571.429077148438, 2009603, 5, 85
2020.42657599, 53.0203790159578, 115.732843018317, 571.394165039062, 2009603, 5, 85
2020.42657599, 53.0204170983912, 115.732837013784, 571.4169921875, 2009603, 5, 85
2020.42657599, 53.0204488520554, 115.732831985582, 571.394104003906, 2009603, 5, 85
2020.42657599, 53.0204869544761, 115.732825956526, 571.449340820312, 2009603, 5, 85
2020.42657599, 53.0205314195754, 115.732818916285, 571.461242675781, 2009603, 5, 85
2020.42657599, 53.0205759068171, 115.732811850677, 571.431823730469, 2009603, 5, 85
2020.42657599, 53.0206140517066, 115.732805780473, 571.444091796875, 2009603, 5, 85
2020.426576, 53.0206585503711, 115.7327987156, 571.446655273438, 2009603, 5, 85
2020.426576, 53.0206967157091, 115.732792627207, 571.445922851562, 2009603, 5, 85
2020.426576, 53.0207412339919, 115.732785551648, 571.431457519531, 2009603, 5, 85
2020.426576, 53.0207794111147, 115.732779466461, 571.444946289062, 2009603, 5, 87
2020.426576, 53.0208112321376, 115.732774391277, 571.388916015625, 2009603, 5, 87
2020.426576, 53.0208494098348, 115.732768320806, 571.396606445312, 2009603, 5, 87
2020.426576, 53.0208812331663, 115.732763253828, 571.38623046875, 2009603, 5, 87
2020.426576, 53.0209130602429, 115.732758185771, 571.403259277344, 2009603, 5, 87
2020.426576, 53.0209385310496, 115.732754123397, 571.413208007812, 2009603, 5, 87
2020.426576, 53.0209703611182, 115.732749062948, 571.394897460938, 2009603, 5, 76
2020.42657517, 51.3420954928585, 115.998354571845, 533.172180175781, 2009603, 6, 90
2020.42657517, 51.349350391816, 115.997297257808, 532.944396972656, 2009603, 6, 88
2020.42657517, 51.3494644464289, 115.997280802539, 532.927307128906, 2009603, 6, 88
2020.42657517, 51.3495916612357, 115.997262074772, 532.9140625, 2009603, 6, 92
2020.42657517, 51.3497189815831, 115.997243272953, 532.930358886719, 2009603, 6, 92
2020.42657517, 51.3498527482891, 115.997223440574, 532.937866210938, 2009603, 6, 92
2020.42657517, 51.3499802135513, 115.997204514753, 532.916748046875, 2009603, 6, 92
2020.42657517, 51.3501013289145, 115.997186494198, 532.925354003906, 2009603, 6, 86
2020.42657517, 51.3502224627907, 115.997168473655, 532.907104492188, 2009603, 6, 86
2020.42657517, 51.3503435814359, 115.997150447644, 532.914672851562, 2009603, 6, 85
2020.42657518, 51.3504583068067, 115.997133390264, 532.9169921875, 2009603, 6, 85
2020.42657518, 51.3505729935024, 115.997116361516, 532.917724609375, 2009603, 6, 84
2020.42657518, 51.3506877934157, 115.997099242848, 532.907592773438, 2009603, 6, 84
2020.42657518, 51.3507958288005, 115.99708336004, 532.917907714844, 2009603, 6, 87
2020.42657518, 51.3509038224412, 115.997067505091, 532.906494140625, 2009603, 6, 87
2020.42657518, 51.3510117730844, 115.997051669659, 532.911193847656, 2009603, 6, 81
2020.42657518, 51.3511197009844, 115.997035852522, 532.938842773438, 2009603, 6, 81
2020.42657518, 51.3512656938184, 115.997014469506, 533.004150390625, 2009603, 6, 81
2020.42657524, 51.4848012287496, 115.97582567721, 521.550354003906, 2009603, 6, 88
2020.42657524, 51.4849797012217, 115.975799029297, 521.54443359375, 2009603, 6, 88
2020.42657524, 51.4852218735331, 115.975762635372, 521.544006347656, 2009603, 6, 92
2020.42657524, 51.4854958411728, 115.975721038352, 521.549194335938, 2009603, 6, 91
2020.42657524, 51.485705516489, 115.975688774637, 521.542663574219, 2009603, 6, 52
2020.42657525, 51.5038167448151, 115.972894954474, 520.039123535156, 2009603, 6, 90
2020.42657525, 51.503943700703, 115.972876289318, 520.001892089844, 2009603, 6, 90
2020.42657525, 51.5040706746121, 115.972857603015, 520.000366210938, 2009603, 6, 94
2020.42657525, 51.5041976830921, 115.972838889493, 520.005676269531, 2009603, 6, 94
2020.42657525, 51.5043374451814, 115.972818223512, 519.979614257812, 2009603, 6, 93
2020.42657525, 51.5044709199988, 115.972798398884, 520.007385253906, 2009603, 6, 93
2020.42657525, 51.5046171821522, 115.972776560266, 520.018432617188, 2009603, 6, 93
2020.42657525, 51.5048210134806, 115.972745561359, 520.017883300781, 2009603, 6, 84
2020.42657525, 51.5049739753383, 115.972722173553, 519.967651367188, 2009603, 6, 84
2020.42657527, 51.5365497424704, 115.967973826604, 517.941345214844, 2009603, 6, 92
2020.42657527, 51.5366639470979, 115.9679560969, 517.94287109375, 2009603, 6, 92
2020.42657527, 51.536784509882, 115.967937372371, 517.92626953125, 2009603, 6, 93
2020.42657527, 51.5369114413305, 115.967917657887, 517.932006835938, 2009603, 6, 93
2020.42657527, 51.537063794065, 115.967894009517, 517.916015625, 2009603, 6, 93
2020.42657527, 51.5372225543969, 115.967869427313, 517.932922363281, 2009603, 6, 93
2020.42657527, 51.5373496130398, 115.967849812817, 517.883483886719, 2009603, 6, 93
2020.42657527, 51.5374830741064, 115.967829284064, 517.890869140625, 2009603, 6, 93
2020.42657539, 51.7907754867862, 115.928722484311, 493.829071044922, 2009603, 6, 91
2020.42657539, 51.7910683638983, 115.928679032403, 493.836517333984, 2009603, 6, 93
2020.42657539, 51.7912084922883, 115.928658220783, 493.798553466797, 2009603, 6, 93
2020.42657539, 51.7913358996403, 115.928639264643, 493.838623046875, 2009603, 6, 87
2020.42657539, 51.7914888052302, 115.928616469453, 493.825927734375, 2009603, 6, 87
2020.42657539, 51.7916289641915, 115.928595512964, 493.765258789062, 2009603, 6, 90
2020.42657539, 51.7917436390595, 115.928578326826, 493.796325683594, 2009603, 6, 90
2020.42657539, 51.7918519284231, 115.928562055719, 493.793853759766, 2009603, 6, 94
2020.42657539, 51.7919602514867, 115.92854583022, 493.791473388672, 2009603, 6, 94
2020.42657539, 51.7920684592703, 115.928529377814, 493.738464355469, 2009603, 6, 94
2020.42657539, 51.7921766617399, 115.928512909696, 493.712188720703, 2009603, 6, 94
2020.42657539, 51.7922848551512, 115.928496431277, 493.709045410156, 2009603, 6, 91
2020.42657539, 51.7923930505191, 115.928479960252, 493.700531005859, 2009603, 6, 91
2020.42657589, 52.7950636355182, 115.77067789542, 551.382934570312, 2009603, 6, 82
2020.42657589, 52.7951911366377, 115.770658415442, 551.389770507812, 2009603, 6, 82
2020.42657589, 52.7953632763061, 115.770632645477, 551.43896484375, 2009603, 6, 82
2020.42657589, 52.795860664725, 115.770558259442, 551.438598632812, 2009603, 6, 90
2020.42657589, 52.7963515368284, 115.770482887908, 551.45166015625, 2009603, 6, 89
2020.42657592, 52.8437719881434, 115.762816423514, 556.846618652344, 2009603, 6, 80
2020.42657592, 52.8438797586036, 115.762798997797, 556.87548828125, 2009603, 6, 80
2020.42657592, 52.8439811706143, 115.762782644854, 556.8994140625, 2009603, 6, 80
2020.42657592, 52.8440508904491, 115.7627714377, 556.95068359375, 2009603, 6, 89
2020.42657592, 52.8441015933872, 115.762763299859, 556.908752441406, 2009603, 6, 89
2020.42657592, 52.8441586353293, 115.762754167164, 556.9091796875, 2009603, 6, 89
2020.42657592, 52.8442156776216, 115.762745049393, 556.896728515625, 2009603, 6, 89
2020.42657592, 52.8442790631648, 115.762734942814, 556.881408691406, 2009603, 6, 89
2020.42657592, 52.8443487882969, 115.762723850812, 556.883117675781, 2009603, 6, 89
2020.42657592, 52.8444185260763, 115.762712792998, 556.874389648438, 2009603, 6, 89
2020.42657592, 52.8445136350779, 115.762697752693, 556.849426269531, 2009603, 6, 91
2020.42657592, 52.8446087656521, 115.762682770764, 556.848876953125, 2009603, 6, 91
2020.42657592, 52.8447102274931, 115.762666738434, 556.846740722656, 2009603, 6, 91
2020.42657592, 52.8448181529935, 115.762650005067, 556.814636230469, 2009603, 6, 91
2020.42657592, 52.8449197623892, 115.762634295567, 556.83203125, 2009603, 6, 91
2020.42657592, 52.8450277515101, 115.762617631203, 556.835571289062, 2009603, 6, 90
2020.42657592, 52.8451230667, 115.762602944416, 556.835266113281, 2009603, 6, 90
2020.42657592, 52.8452247567089, 115.762587272287, 556.834350585938, 2009603, 6, 90
2020.42657592, 52.8453264726241, 115.762571591654, 556.838317871094, 2009603, 6, 77
2020.42657592, 52.8454345625434, 115.762554894962, 556.818542480469, 2009603, 6, 77
2020.42657592, 52.85253504121, 115.761406052787, 558.079223632812, 2009603, 6, 56
2020.42657592, 52.8526173912584, 115.761392806231, 558.085083007812, 2009603, 6, 56
2020.42657592, 52.8526997434444, 115.761379594279, 558.085876464844, 2009603, 6, 56
2020.42657592, 52.852775763987, 115.761367430885, 558.090148925781, 2009603, 6, 69
2020.42657592, 52.8528581298532, 115.761354282612, 558.069519042969, 2009603, 6, 69
2020.42657592, 52.8529595215171, 115.761338142492, 558.019653320312, 2009603, 6, 69
2020.42657592, 52.853118009035, 115.761313016212, 557.988708496094, 2009603, 6, 72
2020.42657592, 52.8532258304921, 115.761295985585, 558.020629882812, 2009603, 6, 72
2020.42657592, 52.8533336964347, 115.761278983063, 558.066284179688, 2009603, 6, 86
2020.42657592, 52.8534352637713, 115.761263011959, 558.101257324219, 2009603, 6, 86
2020.42657592, 52.8535368776595, 115.761247055569, 558.080871582031, 2009603, 6, 89
2020.42657592, 52.8536448201546, 115.761230117598, 558.097045898438, 2009603, 6, 89
2020.42657592, 52.8537466750491, 115.761214177366, 558.093811035156, 2009603, 6, 89
2020.42657592, 52.8538485595907, 115.761198237439, 558.079650878906, 2009603, 6, 89
2020.42657592, 52.8539568407904, 115.761181299059, 558.093872070312, 2009603, 6, 89
2020.42657592, 52.8540651307463, 115.761164344757, 558.085266113281, 2009603, 6, 89
2020.42657592, 52.8541734246704, 115.761147374477, 558.080383300781, 2009603, 6, 89
2020.42657592, 52.8542817069517, 115.761130382747, 558.050354003906, 2009603, 6, 90
2020.42657592, 52.8543899711805, 115.761113365015, 558.049621582031, 2009603, 6, 90
2020.42657592, 52.8544982007932, 115.761096311323, 558.051391601562, 2009603, 6, 90
2020.42657592, 52.8546063953053, 115.761079223601, 558.063659667969, 2009603, 6, 90
2020.42657592, 52.8547145417076, 115.761062093962, 558.075317382812, 2009603, 6, 90
2020.42657592, 52.854822642666, 115.761044922572, 558.089660644531, 2009603, 6, 76
2020.42657592, 52.8549307470719, 115.761027707998, 558.0859375, 2009603, 6, 76
2020.42657594, 52.8882686482625, 115.755596978209, 560.504516601562, 2009603, 6, 66
2020.42657594, 52.8883836187305, 115.755577719366, 560.506774902344, 2009603, 6, 66
2020.42657594, 52.8884986595278, 115.755558429414, 560.509399414062, 2009603, 6, 66
2020.42657594, 52.8886073496407, 115.755540190374, 560.511474609375, 2009603, 6, 86
2020.42657594, 52.8887160679429, 115.755521945967, 560.517211914062, 2009603, 6, 86
2020.42657594, 52.8888311810799, 115.755502619421, 560.509338378906, 2009603, 6, 88
2020.42657594, 52.8889398859055, 115.755484376214, 560.504272460938, 2009603, 6, 68
2020.42657596, 52.9296870774304, 115.748709923052, 563.442626953125, 2009603, 6, 92
2020.42657596, 52.93001721422, 115.74865373477, 563.475646972656, 2009603, 6, 91
2020.42657596, 52.9302654852671, 115.748612105992, 563.481140136719, 2009603, 6, 89
2020.42657596, 52.9305075377855, 115.74857175767, 563.585144042969, 2009603, 6, 81
2020.42657596, 52.9307432336371, 115.74853262107, 563.62890625, 2009603, 6, 81
2020.42657596, 52.9308897037949, 115.748508342698, 563.611206054688, 2009603, 6, 81
2020.42657596, 52.9310106673006, 115.748488315382, 563.648132324219, 2009603, 6, 93
2020.42657596, 52.9311188542334, 115.74847040754, 563.681213378906, 2009603, 6, 93
2020.42657596, 52.9312270131809, 115.748452513328, 563.83203125, 2009603, 6, 93
2020.42657596, 52.931328626455, 115.748435562813, 563.892456054688, 2009603, 6, 94
2020.42657596, 52.9314048188523, 115.748422858003, 563.9326171875, 2009603, 6, 94
2020.42657596, 52.9314619537517, 115.748413332208, 563.936401367188, 2009603, 6, 94
2020.42657596, 52.9315127365084, 115.748404871798, 563.959838867188, 2009603, 6, 94
2020.42657596, 52.9315635121628, 115.748396415863, 563.977722167969, 2009603, 6, 94
2020.42657596, 52.9316142863339, 115.74838796379, 563.98583984375, 2009603, 6, 94
2020.42657596, 52.9317729450854, 115.748361583769, 564.005554199219, 2009603, 6, 89
2020.42657596, 52.9318300633306, 115.748352100078, 564.01708984375, 2009603, 6, 89
2020.42657596, 52.9318935289088, 115.748341570169, 563.982543945312, 2009603, 6, 89
2020.42657596, 52.9319443063092, 115.7483331548, 563.954650878906, 2009603, 6, 89
2020.42657596, 52.9319950864616, 115.748324747372, 563.96826171875, 2009603, 6, 89
2020.42657596, 52.9320522198272, 115.748315294529, 563.981018066406, 2009603, 6, 79
2020.42657596, 52.932109361648, 115.748305850255, 563.994750976562, 2009603, 6, 79
2020.42657596, 52.9321665083557, 115.748296413375, 563.995300292969, 2009603, 6, 79
2020.42657596, 52.9322236678495, 115.748286985115, 564.008605957031, 2009603, 6, 79
2020.42657597, 52.9476523208603, 115.745718149406, 564.698547363281, 2009603, 6, 90
2020.42657597, 52.9483365827393, 115.745600961188, 564.850830078125, 2009603, 6, 79
2020.42657597, 52.9491315321929, 115.745465607878, 565.138671875, 2009603, 6, 72
2020.42657597, 52.9493999332081, 115.745421921676, 565.203979492188, 2009603, 6, 80
2020.42657597, 52.9495213798612, 115.74540233466, 565.1884765625, 2009603, 6, 85
2020.42657597, 52.9496236383347, 115.745385915002, 565.195495605469, 2009603, 6, 85
2020.42657597, 52.9497322565088, 115.745368518622, 565.205017089844, 2009603, 6, 85
2020.42657597, 52.9498472089056, 115.745350142669, 565.210754394531, 2009603, 6, 82
2020.42657597, 52.9499557163509, 115.745332820675, 565.213928222656, 2009603, 6, 82
2020.42657597, 52.9500641445508, 115.745315504807, 565.238708496094, 2009603, 6, 72
2020.42657597, 52.9501724973487, 115.745298195183, 565.244934082031, 2009603, 6, 72
2020.42657597, 52.9502744612146, 115.74528193917, 565.249389648438, 2009603, 6, 55
2020.42657597, 52.9503887366251, 115.745263410719, 565.244018554688, 2009603, 6, 55
2020.42657598, 52.9745675097631, 115.741389944531, 567.226135253906, 2009603, 6, 74
2020.42657598, 52.9748347701331, 115.741347564273, 567.221557617188, 2009603, 6, 73
2020.42657601, 53.0208946365794, 115.734372369906, 571.454162597656, 2009603, 6, 81
2020.42657601, 53.0211654818236, 115.734331425823, 571.430541992188, 2009603, 6, 87
2020.42657601, 53.0213547594241, 115.734302814044, 571.4326171875, 2009603, 6, 85
2020.42657601, 53.0214810567088, 115.734283781791, 571.457824707031, 2009603, 6, 85
