2020.59546163, 53.176471675878, 139.065001078969, 3.04700684547424, 164408, 1, 71
2020.59546163, 53.1765726329966, 139.064985174396, 3.04000735282898, 164408, 1, 75
2020.59546163, 53.1766231169006, 139.064977202211, 3.04130911827087, 164408, 1, 75
2020.59546163, 53.1766862151316, 139.06496724399, 3.02203702926636, 164408, 1, 75
2020.59546163, 53.1767430201017, 139.064958237443, 3.01932215690613, 164408, 1, 75
2020.59546163, 53.1767872007077, 139.064951235471, 3.0002772808075, 164408, 1, 81
2020.59546163, 53.1768313817596, 139.064944232089, 3.02051138877869, 164408, 1, 81
2020.59546163, 53.1768692623943, 139.064938194548, 2.994952917099, 164408, 1, 81
2020.59546163, 53.176907148654, 139.064932150073, 3.01588487625122, 164408, 1, 81
2020.59546163, 53.1769576659177, 139.064924087135, 3.03000593185425, 164408, 1, 81
2020.59546163, 53.1770145156721, 139.064914972773, 3.00957417488098, 164408, 1, 87
2020.59546163, 53.1771409093496, 139.064894585017, 3.03826022148132, 164408, 1, 87
2020.59546129, 52.47031815956, 139.180830031601, 79.2172317504883, 2009601, 2, 84
2020.5954613, 52.4871050566398, 139.225872479443, 75.0442199707031, 2009601, 4, 60
