2020.36793198, 53.5563404708941, 123.52386807219, 261.529235839844, 2009603, 1, 94
2020.36793198, 53.5561491152156, 123.523838633085, 261.537078857422, 2009603, 1, 94
2020.36793198, 53.55598998259, 123.523813536065, 261.537384033203, 2009603, 1, 95
2020.36793198, 53.5557803040179, 123.523780122991, 261.527435302734, 2009603, 1, 95
2020.36793198, 53.5548634525646, 123.523632385414, 261.484771728516, 2009603, 1, 94
2020.36793204, 53.4310719647592, 123.503250211903, 281.399475097656, 2009603, 1, 74
2020.36793204, 53.4309514212336, 123.503231843329, 281.422668457031, 2009603, 1, 93
2020.36793204, 53.4307165681338, 123.503195623904, 281.402954101562, 2009603, 1, 81
2020.36793204, 53.430551402256, 123.503169866755, 281.430572509766, 2009603, 1, 81
2020.36793402, 49.4592792279991, 122.881208169636, 507.299987792969, 2009593, 1, 59
2020.36793402, 49.4591589146029, 122.881190522999, 507.296356201172, 2009593, 1, 64
2020.36793402, 49.4591208935102, 122.881184941132, 507.310485839844, 2009593, 1, 64
2020.36793402, 49.4590892028936, 122.881180262573, 507.308807373047, 2009593, 1, 64
2020.36793402, 49.4590638318011, 122.881176593705, 507.307708740234, 2009593, 1, 64
2020.36793402, 49.4590321259079, 122.881171873812, 507.309478759766, 2009593, 1, 64
2020.36793402, 49.4589940761102, 122.881166153078, 507.311828613281, 2009593, 1, 64
2020.36793402, 49.4589623369486, 122.881161501589, 507.337341308594, 2009593, 1, 64
2020.36793402, 49.4589242606955, 122.881155739028, 507.301483154297, 2009593, 1, 64
2020.36793402, 49.4588924984342, 122.881151060418, 507.33056640625, 2009593, 1, 64
2020.36793402, 49.4588543834851, 122.881145341417, 507.34130859375, 2009593, 1, 64
2020.36793534, 46.8039518554955, 122.497312146092, 241.443283081055, 2006419, 1, 55
2020.36793534, 46.8038942919022, 122.497304068028, 241.435028076172, 2006419, 1, 55
2020.36793534, 46.8037855418049, 122.497288950648, 241.457885742188, 2006419, 1, 55
2020.36793199, 53.5563733406087, 123.522697153101, 261.479125976562, 2009603, 2, 94
2020.36793199, 53.5556576842087, 123.522585046571, 261.454254150391, 2009603, 2, 95
2020.367932, 53.5057085932339, 123.466876147194, 265.08837890625, 2009603, 3, 55
2020.36793201, 53.5052260689421, 123.466793740715, 264.556030273438, 2009603, 3, 71
2020.36793201, 53.5051309946702, 123.46677735974, 264.481781005859, 2009603, 3, 71
2020.36793201, 53.5050866339901, 123.466769745834, 264.371429443359, 2009603, 3, 71
2020.36793201, 53.5050486313335, 123.466763142083, 264.379760742188, 2009603, 3, 71
2020.36793201, 53.5050232919617, 123.466758785279, 264.340698242188, 2009603, 3, 71
2020.36793201, 53.5049979562018, 123.466754411997, 264.345733642578, 2009603, 3, 79
2020.36793201, 53.5049726167201, 123.466750068053, 264.340942382812, 2009603, 3, 79
2020.36793201, 53.5049409633905, 123.466744552377, 264.362854003906, 2009603, 3, 90
2020.36793201, 53.5049156281917, 123.466740209699, 264.355712890625, 2009603, 3, 90
2020.36793201, 53.5048839762808, 123.466734709219, 264.356567382812, 2009603, 3, 90
2020.36793201, 53.5048586553274, 123.466730315784, 264.350891113281, 2009603, 3, 90
2020.36793201, 53.5048333249695, 123.466725977407, 264.328948974609, 2009603, 3, 90
2020.36793201, 53.504801682587, 123.466720477357, 264.342987060547, 2009603, 3, 90
2020.36793201, 53.5047763598018, 123.466716117918, 264.339996337891, 2009603, 3, 90
2020.36793201, 53.5047510426001, 123.466711736935, 264.338195800781, 2009603, 3, 90
2020.36793201, 53.5047194033557, 123.466706238354, 264.353302001953, 2009603, 3, 92
2020.36793201, 53.5046940840313, 123.46670188132, 264.328674316406, 2009603, 3, 92
2020.36793201, 53.5046624470787, 123.466696376313, 264.358612060547, 2009603, 3, 92
2020.36793201, 53.5046371294719, 123.466692026084, 264.34326171875, 2009603, 3, 92
2020.36793201, 53.5046055086379, 123.466686352238, 264.365509033203, 2009603, 3, 92
2020.36793201, 53.5045738666856, 123.466680937148, 264.375579833984, 2009603, 3, 92
2020.36793201, 53.5045485480153, 123.466676629837, 264.347991943359, 2009603, 3, 92
2020.36793201, 53.5045169051859, 123.466671220896, 264.361175537109, 2009603, 3, 92
2020.36793201, 53.504485265841, 123.466665796434, 264.364166259766, 2009603, 3, 92
2020.36793201, 53.5044536241166, 123.466660389365, 264.353424072266, 2009603, 3, 92
2020.36793201, 53.5044219887086, 123.46665494549, 264.358673095703, 2009603, 3, 92
2020.36793201, 53.5043903423733, 123.466649563821, 264.394317626953, 2009603, 3, 92
2020.36793201, 53.5043587022819, 123.466644138936, 264.356170654297, 2009603, 3, 92
2020.36793201, 53.504327061353, 123.46663871925, 264.356414794922, 2009603, 3, 92
2020.36793201, 53.5042954194189, 123.466633294795, 264.358337402344, 2009603, 3, 92
2020.36793201, 53.504263781776, 123.46662784298, 264.354400634766, 2009603, 3, 92
2020.36793201, 53.5042321372648, 123.466622422876, 264.367156982422, 2009603, 3, 92
2020.36793201, 53.5042068152793, 123.466618109235, 264.366424560547, 2009603, 3, 92
2020.36793201, 53.5041751702712, 123.466612681675, 264.347473144531, 2009603, 3, 92
2020.36793201, 53.504143527749, 123.466607222233, 264.353363037109, 2009603, 3, 92
2020.36793201, 53.504118201026, 123.466602915187, 264.340179443359, 2009603, 3, 92
2020.36793201, 53.5040865577639, 123.466597439516, 264.360870361328, 2009603, 3, 92
2020.36793201, 53.5040549051231, 123.466591997934, 264.348236083984, 2009603, 3, 92
2020.36793201, 53.5040232509348, 123.466586556137, 264.341979980469, 2009603, 3, 92
2020.36793201, 53.5039915909996, 123.46658111931, 264.343658447266, 2009603, 3, 94
2020.36793201, 53.5039599328208, 123.466575678482, 264.341186523438, 2009603, 3, 94
2020.36793201, 53.5039346007148, 123.466571335653, 264.356567382812, 2009603, 3, 94
2020.36793201, 53.5039029411483, 123.466565854005, 264.347839355469, 2009603, 3, 94
2020.36793201, 53.5038776000375, 123.466561532206, 264.340423583984, 2009603, 3, 94
2020.36793201, 53.5038459342979, 123.466556055774, 264.348388671875, 2009603, 3, 94
2020.36793201, 53.5038142713075, 123.46655055316, 264.346710205078, 2009603, 3, 94
2020.36793201, 53.5037889204737, 123.466546230363, 264.338195800781, 2009603, 3, 94
2020.36793201, 53.5037572545689, 123.466540708649, 264.339416503906, 2009603, 3, 94
2020.36793201, 53.5037319059177, 123.466536362733, 264.348388671875, 2009603, 3, 95
2020.36793201, 53.5037002293401, 123.466530854589, 264.327392578125, 2009603, 3, 95
2020.36793201, 53.5036748797596, 123.466526479772, 264.341552734375, 2009603, 3, 95
2020.36793201, 53.5036431955617, 123.466520968739, 264.336273193359, 2009603, 3, 95
2020.36793201, 53.5036178376435, 123.466516606598, 264.333435058594, 2009603, 3, 95
2020.36793201, 53.5035861525344, 123.466511067999, 264.343872070312, 2009603, 3, 95
2020.36793201, 53.5035607927218, 123.466506680533, 264.328887939453, 2009603, 3, 95
2020.36793201, 53.5035354345988, 123.466502285814, 264.347564697266, 2009603, 3, 95
2020.36793201, 53.5035037399966, 123.466496744814, 264.335754394531, 2009603, 3, 95
2020.36793201, 53.5034783701298, 123.46649235826, 264.322814941406, 2009603, 3, 96
2020.36793201, 53.5034530030639, 123.466487949374, 264.325378417969, 2009603, 3, 96
2020.36793201, 53.5034212996383, 123.466482397401, 264.334442138672, 2009603, 3, 96
2020.36793201, 53.5033959246439, 123.466477997, 264.331085205078, 2009603, 3, 96
2020.36793201, 53.5033705527512, 123.466473567923, 264.337249755859, 2009603, 3, 96
2020.36793201, 53.5033388640842, 123.466468200358, 264.314880371094, 2009603, 3, 96
2020.36793201, 53.5033134763382, 123.466463743832, 264.339660644531, 2009603, 3, 96
2020.36793201, 53.5032880873105, 123.466459266141, 264.307800292969, 2009603, 3, 96
2020.36793201, 53.503256360054, 123.466453622189, 264.325378417969, 2009603, 3, 96
2020.36793201, 53.5032309688849, 123.466449131631, 264.325988769531, 2009603, 3, 96
2020.36793201, 53.5032055688677, 123.466444667969, 264.309173583984, 2009603, 3, 96
2020.36793201, 53.5031738337067, 123.466439014871, 264.330932617188, 2009603, 3, 96
2020.36793201, 53.5031484291009, 123.466434548454, 264.319152832031, 2009603, 3, 96
2020.36793201, 53.5031230284044, 123.466430057622, 264.326110839844, 2009603, 3, 96
2020.36793201, 53.503097631244, 123.466425548893, 264.326812744141, 2009603, 3, 96
2020.36793201, 53.5030722280769, 123.466421050763, 264.324554443359, 2009603, 3, 96
2020.36793201, 53.5030468220004, 123.466416562924, 264.336364746094, 2009603, 3, 96
2020.36793201, 53.5030150706935, 123.466410908885, 264.338439941406, 2009603, 3, 96
2020.36793201, 53.5029896629381, 123.466406405859, 264.330535888672, 2009603, 3, 93
2020.36793201, 53.5029642513703, 123.466401918894, 264.314605712891, 2009603, 3, 93
2020.36793201, 53.5029388411139, 123.466397408956, 264.322662353516, 2009603, 3, 93
2020.36793201, 53.502913417858, 123.466392961826, 264.313323974609, 2009603, 3, 93
2020.36793201, 53.5028880060881, 123.466388461599, 264.323669433594, 2009603, 3, 93
2020.36793201, 53.5028562411594, 123.466382827653, 264.336120605469, 2009603, 3, 93
2020.36793201, 53.5028308168187, 123.466378363415, 264.322174072266, 2009603, 3, 93
2020.36793201, 53.5027990479955, 123.466372730708, 264.330841064453, 2009603, 3, 93
2020.36793201, 53.5027736248952, 123.466368256436, 264.320007324219, 2009603, 3, 93
2020.36793201, 53.5027481993619, 123.466363791056, 264.329772949219, 2009603, 3, 94
2020.36793201, 53.5027227707812, 123.466359332878, 264.328948974609, 2009603, 3, 94
2020.36793201, 53.5026909997186, 123.466353700668, 264.314025878906, 2009603, 3, 94
2020.36793201, 53.5026655685639, 123.466349265952, 264.329803466797, 2009603, 3, 94
2020.36793201, 53.5026337896146, 123.466343658955, 264.338104248047, 2009603, 3, 94
2020.36793201, 53.5026083609123, 123.46633920483, 264.337219238281, 2009603, 3, 94
2020.36793201, 53.5025829257581, 123.466334778183, 264.329895019531, 2009603, 3, 94
2020.36793201, 53.5025511425525, 123.466329191896, 264.326019287109, 2009603, 3, 94
2020.36793201, 53.5025257021745, 123.466324787407, 264.330444335938, 2009603, 3, 94
2020.36793201, 53.5025002715722, 123.466320346015, 264.334655761719, 2009603, 3, 94
2020.36793201, 53.5024684869019, 123.466314777252, 264.320739746094, 2009603, 3, 95
2020.36793201, 53.5024366970451, 123.466309242423, 264.327270507812, 2009603, 3, 95
2020.36793201, 53.5024112590902, 123.466304840287, 264.30908203125, 2009603, 3, 95
2020.36793201, 53.5023858185002, 123.466300459296, 264.333953857422, 2009603, 3, 95
2020.36793201, 53.5023540292825, 123.466294919623, 264.321533203125, 2009603, 3, 95
2020.36793201, 53.5023285873303, 123.466290553783, 264.332489013672, 2009603, 3, 95
2020.36793201, 53.502296795946, 123.46628504134, 264.322509765625, 2009603, 3, 95
2020.36793201, 53.5022713590895, 123.466280655301, 264.313751220703, 2009603, 3, 95
2020.36793201, 53.5022459185451, 123.466276306935, 264.32470703125, 2009603, 3, 93
2020.36793201, 53.5022141262721, 123.466270819139, 264.313018798828, 2009603, 3, 93
2020.36793201, 53.5021886833772, 123.466266480415, 264.330200195312, 2009603, 3, 93
2020.36793201, 53.5021568915512, 123.466261011417, 264.329711914062, 2009603, 3, 93
2020.36793201, 53.5021314482048, 123.46625668359, 264.319549560547, 2009603, 3, 93
2020.36793201, 53.5021060058631, 123.466252366901, 264.318572998047, 2009603, 3, 93
2020.36793201, 53.5020742231882, 123.466246751437, 264.310424804688, 2009603, 3, 93
2020.36793201, 53.5020424192893, 123.46624141298, 264.322814941406, 2009603, 3, 93
2020.36793201, 53.5020169744363, 123.466237173326, 264.304718017578, 2009603, 3, 93
2020.36793201, 53.5019851744554, 123.466231834975, 264.300567626953, 2009603, 3, 94
2020.36793201, 53.5019533801746, 123.466226479183, 264.316497802734, 2009603, 3, 94
2020.36793201, 53.5019279334465, 123.466222258749, 264.303924560547, 2009603, 3, 94
2020.36793201, 53.5018961389085, 123.466216928452, 264.302154541016, 2009603, 3, 94
2020.36793201, 53.501870692019, 123.466212724467, 264.308807373047, 2009603, 3, 94
2020.36793201, 53.5018388965476, 123.46620741366, 264.299255371094, 2009603, 3, 94
2020.36793201, 53.5018134559273, 123.46620320353, 264.335906982422, 2009603, 3, 94
2020.36793201, 53.5017816633348, 123.466197897263, 264.325561523438, 2009603, 3, 94
2020.36793201, 53.5017562174725, 123.466193723207, 264.323150634766, 2009603, 3, 94
2020.36793201, 53.5017244282463, 123.466188417992, 264.335876464844, 2009603, 3, 93
2020.36793201, 53.5016926302533, 123.466183166477, 264.330169677734, 2009603, 3, 93
2020.36793201, 53.5016608278522, 123.466177951163, 264.327819824219, 2009603, 3, 93
2020.36793201, 53.5016290336411, 123.466172699167, 264.330261230469, 2009603, 3, 93
2020.36793201, 53.5016035921649, 123.466168543963, 264.315551757812, 2009603, 3, 93
2020.36793201, 53.5015718021713, 123.466163286125, 264.316497802734, 2009603, 3, 93
2020.36793201, 53.5015463589881, 123.466159145778, 264.330139160156, 2009603, 3, 93
2020.36793201, 53.5015145697353, 123.466153897935, 264.327484130859, 2009603, 3, 93
2020.36793201, 53.5014827747473, 123.46614868556, 264.313079833984, 2009603, 3, 92
2020.36793201, 53.5014573342859, 123.466144542533, 264.335205078125, 2009603, 3, 92
2020.36793201, 53.5014255392496, 123.466139341415, 264.334045410156, 2009603, 3, 92
2020.36793201, 53.5013937491876, 123.466134135436, 264.310577392578, 2009603, 3, 92
2020.36793201, 53.5013619539031, 123.466128945189, 264.314697265625, 2009603, 3, 92
2020.36793201, 53.5013301665665, 123.466123719704, 264.299682617188, 2009603, 3, 92
2020.36793201, 53.501304728351, 123.466119588219, 264.314239501953, 2009603, 3, 92
2020.36793201, 53.5012729351299, 123.466114397587, 264.300140380859, 2009603, 3, 92
2020.36793201, 53.5012411511067, 123.466109163216, 264.339813232422, 2009603, 3, 91
2020.36793201, 53.501215712022, 123.466105035849, 264.305572509766, 2009603, 3, 91
2020.36793201, 53.5011839265704, 123.466099815023, 264.321868896484, 2009603, 3, 91
2020.36793201, 53.5011584894801, 123.466095688009, 264.305969238281, 2009603, 3, 91
2020.36793201, 53.5011267072306, 123.466090446124, 264.320373535156, 2009603, 3, 91
2020.36793201, 53.5011012651975, 123.466086332507, 264.320007324219, 2009603, 3, 91
2020.36793201, 53.5010694741439, 123.466081131345, 264.322998046875, 2009603, 3, 91
2020.36793201, 53.5010313255857, 123.466074887433, 264.343597412109, 2009603, 3, 91
2020.36793201, 53.5009931726379, 123.46606865461, 264.308074951172, 2009603, 3, 91
2020.36793201, 53.5009486761681, 123.466061312795, 264.336822509766, 2009603, 3, 91
2020.36793201, 53.5009041686769, 123.466053999408, 264.345916748047, 2009603, 3, 91
2020.36793201, 53.5008660092912, 123.466047769953, 264.308654785156, 2009603, 3, 91
2020.36793201, 53.500802312034, 123.466037266657, 264.362548828125, 2009603, 3, 91
2020.36793201, 53.5006879811221, 123.46601837764, 264.378448486328, 2009603, 3, 86
2020.36793204, 53.4342416829674, 123.455054182529, 283.258392333984, 2009603, 3, 86
2020.36793204, 53.4341846703648, 123.45504545268, 283.254943847656, 2009603, 3, 86
2020.36793204, 53.4341149572853, 123.455034829053, 283.262481689453, 2009603, 3, 86
2020.36793204, 53.4340388792548, 123.455023224099, 283.26123046875, 2009603, 3, 86
2020.36793204, 53.4338294755251, 123.454991302062, 283.296569824219, 2009603, 3, 90
2020.36793532, 46.8297203484899, 122.458800927229, 245.942733764648, 2006419, 3, 68
2020.36793532, 46.8296822814436, 122.45879523516, 245.965179443359, 2006419, 3, 68
2020.36793532, 46.8296061846847, 122.458783747922, 245.952072143555, 2006419, 3, 68
2020.36793532, 46.8294857223619, 122.458765572169, 246.05436706543, 2006419, 3, 73
2020.36793532, 46.8294350104061, 122.458757914695, 246.00390625, 2006419, 3, 73
2020.36793532, 46.8293969776999, 122.45875219164, 245.980041503906, 2006419, 3, 73
2020.36793532, 46.829346264923, 122.458744566898, 245.993988037109, 2006419, 3, 73
2020.36793532, 46.829282912606, 122.458735020801, 245.990280151367, 2006419, 3, 73
2020.36793532, 46.8292131547123, 122.458724531524, 245.983093261719, 2006419, 3, 58
2020.36793532, 46.8291560691517, 122.458716015858, 245.978378295898, 2006419, 3, 58
2020.36793532, 46.8290799759016, 122.458704546501, 246.016204833984, 2006419, 3, 58
2020.36793532, 46.8290038514382, 122.458693221314, 245.953582763672, 2006419, 3, 58
2020.36793201, 53.5081754599822, 123.465842422368, 264.704437255859, 2009603, 4, 84
2020.36793201, 53.5079848936308, 123.465810571044, 264.663970947266, 2009603, 4, 91
2020.36793201, 53.5078386844864, 123.465786173962, 264.606597900391, 2009603, 4, 91
2020.36793201, 53.5077242002437, 123.465766996719, 264.577026367188, 2009603, 4, 91
2020.36793201, 53.507609673394, 123.465747774078, 264.582794189453, 2009603, 4, 91
2020.36793201, 53.5074887459385, 123.465727375621, 264.577941894531, 2009603, 4, 93
2020.36793201, 53.5073741479448, 123.465708078665, 264.548522949219, 2009603, 4, 93
2020.36793201, 53.5072468198784, 123.465686119049, 264.547424316406, 2009603, 4, 92
2020.36793202, 53.5071131192469, 123.465662985276, 264.522583007812, 2009603, 4, 92
2020.36793202, 53.5069921429221, 123.465641917126, 264.511474609375, 2009603, 4, 91
2020.36793202, 53.5068648151368, 123.465619731772, 264.489532470703, 2009603, 4, 91
2020.36793202, 53.5067311437148, 123.465596429255, 264.482635498047, 2009603, 4, 92
2020.36793202, 53.5066165818662, 123.465576389707, 264.478912353516, 2009603, 4, 92
2020.36793202, 53.5065020496653, 123.465556376353, 264.489349365234, 2009603, 4, 92
2020.36793202, 53.5063875552104, 123.465536473936, 264.456573486328, 2009603, 4, 92
2020.36793202, 53.5062730873403, 123.465516538404, 264.461395263672, 2009603, 4, 92
2020.36793202, 53.5061395977458, 123.465493249075, 264.432678222656, 2009603, 4, 93
2020.36793202, 53.5059680253513, 123.465463827391, 264.461303710938, 2009603, 4, 94
2020.36793202, 53.5057774949117, 123.46543130297, 264.460083007812, 2009603, 4, 94
2020.36793202, 53.5056187962734, 123.465404251499, 264.464996337891, 2009603, 4, 93
2020.36793202, 53.505428459189, 123.465371956069, 264.445953369141, 2009603, 4, 94
2020.36793202, 53.5052382084795, 123.465339757059, 264.43359375, 2009603, 4, 93
2020.36793202, 53.5050353400878, 123.465305394382, 264.434356689453, 2009603, 4, 93
2020.36793202, 53.504857787415, 123.465275254002, 264.449645996094, 2009603, 4, 94
2020.36793202, 53.5047058026394, 123.465249446092, 264.405395507812, 2009603, 4, 94
2020.36793202, 53.5045727943706, 123.465226823834, 264.402435302734, 2009603, 4, 94
2020.36793202, 53.504446074315, 123.465205153778, 264.395538330078, 2009603, 4, 93
2020.36793202, 53.5043256434248, 123.465184520947, 264.388519287109, 2009603, 4, 93
2020.36793202, 53.5042051501801, 123.465163820495, 264.405090332031, 2009603, 4, 93
2020.36793202, 53.504090937048, 123.465144150695, 264.402099609375, 2009603, 4, 93
2020.36793202, 53.5039766500358, 123.465124383133, 264.391479492188, 2009603, 4, 94
2020.36793202, 53.5038622962108, 123.46510458091, 264.397399902344, 2009603, 4, 94
2020.36793202, 53.5037542279344, 123.465085832547, 264.398284912109, 2009603, 4, 94
2020.36793202, 53.5036333725877, 123.465064820381, 264.393615722656, 2009603, 4, 95
2020.36793202, 53.5035188436039, 123.465044917343, 264.389099121094, 2009603, 4, 95
2020.36793202, 53.5034103898294, 123.465025791056, 264.39892578125, 2009603, 4, 94
2020.36793202, 53.5032955341972, 123.465005589178, 264.411712646484, 2009603, 4, 94
2020.36793202, 53.5031870508774, 123.46498654023, 264.406158447266, 2009603, 4, 93
2020.36793202, 53.5030658263228, 123.464965344841, 264.396423339844, 2009603, 4, 93
2020.36793202, 53.5029510176888, 123.464945344388, 264.387908935547, 2009603, 4, 93
2020.36793202, 53.5028299007639, 123.464924399093, 264.391448974609, 2009603, 4, 93
2020.36793202, 53.5027088666832, 123.464903596699, 264.398223876953, 2009603, 4, 93
2020.36793202, 53.5025879364891, 123.464882957976, 264.392883300781, 2009603, 4, 93
2020.36793202, 53.5024734768581, 123.464863585684, 264.386352539062, 2009603, 4, 92
2020.36793202, 53.5023591261666, 123.464844351385, 264.399230957031, 2009603, 4, 92
2020.36793202, 53.5022448464969, 123.464825211425, 264.379852294922, 2009603, 4, 90
2020.36793202, 53.5021246589227, 123.464805701174, 264.388427734375, 2009603, 4, 90
2020.36793202, 53.50196032521, 123.464779144955, 264.413116455078, 2009603, 4, 78
2020.36793533, 46.8308641335398, 122.457678134505, 246.229873657227, 2006419, 4, 64
2020.36793533, 46.8306861569195, 122.457652430328, 246.236282348633, 2006419, 4, 64
2020.36793533, 46.8305079469175, 122.457627306449, 246.211013793945, 2006419, 4, 64
2020.36793533, 46.8303806244047, 122.457609426658, 246.190170288086, 2006419, 4, 55
2020.36793533, 46.8302660277866, 122.457593376364, 246.169662475586, 2006419, 4, 55
2020.36793172, 54.0853882330915, 123.513395835007, 361.281158447266, 2009603, 5, 73
2020.36793172, 54.0853121092467, 123.513382956264, 361.269897460938, 2009603, 5, 73
2020.36793172, 54.0852169152446, 123.513366821228, 361.295440673828, 2009603, 5, 85
2020.36793172, 54.0851089805503, 123.513348481473, 361.292053222656, 2009603, 5, 85
2020.36793172, 54.0850264000196, 123.513334429547, 361.265167236328, 2009603, 5, 85
2020.36793172, 54.0849438135183, 123.513320311319, 361.267761230469, 2009603, 5, 85
2020.36793172, 54.0848166820071, 123.513298563462, 361.248870849609, 2009603, 5, 85
2020.36793172, 54.0846895027535, 123.513276836039, 361.234008789062, 2009603, 5, 54
2020.36793172, 54.0846386298038, 123.513267992556, 361.199310302734, 2009603, 5, 54
2020.36793172, 54.084600476814, 123.513261343101, 361.197814941406, 2009603, 5, 54
2020.36793172, 54.0845623248187, 123.513254686341, 361.179138183594, 2009603, 5, 54
2020.36793172, 54.0845305226799, 123.513249143436, 361.156433105469, 2009603, 5, 77
2020.36793199, 53.5367569811325, 123.423141738604, 265.985687255859, 2009603, 5, 75
2020.36793199, 53.5367252480097, 123.423136635939, 265.93359375, 2009603, 5, 93
2020.36793199, 53.5367062015698, 123.423133579773, 265.941253662109, 2009603, 5, 93
2020.36793199, 53.5366808127624, 123.42312948833, 265.993957519531, 2009603, 5, 93
2020.36793199, 53.5366617651077, 123.423126426321, 266.009063720703, 2009603, 5, 93
2020.36793199, 53.5366427190742, 123.423123363683, 266.012847900391, 2009603, 5, 93
2020.36793199, 53.5366236723036, 123.423120293765, 265.973083496094, 2009603, 5, 93
2020.36793199, 53.5366046190631, 123.423117232237, 265.954315185547, 2009603, 5, 93
2020.36793199, 53.5365855666356, 123.423114166509, 265.972595214844, 2009603, 5, 93
2020.36793199, 53.5365665105116, 123.423111104516, 265.963195800781, 2009603, 5, 93
2020.36793199, 53.5365474542255, 123.423108040281, 265.975921630859, 2009603, 5, 93
2020.36793199, 53.5365283963116, 123.423104978267, 265.976715087891, 2009603, 5, 93
2020.36793199, 53.5365156879785, 123.423102939763, 265.981597900391, 2009603, 5, 93
2020.36793199, 53.5364966284442, 123.423099875097, 265.966827392578, 2009603, 5, 95
2020.36793199, 53.5364775671644, 123.423096811438, 265.981140136719, 2009603, 5, 95
2020.36793199, 53.5364648556071, 123.423094774934, 265.994720458984, 2009603, 5, 95
2020.36793199, 53.5364457929295, 123.423091710524, 265.983856201172, 2009603, 5, 95
2020.36793199, 53.5364267306262, 123.423088649327, 265.997802734375, 2009603, 5, 95
2020.36793199, 53.5364140153768, 123.423086616301, 265.988525390625, 2009603, 5, 95
2020.36793199, 53.5363949478561, 123.423083556346, 265.997711181641, 2009603, 5, 95
2020.36793199, 53.5363758798895, 123.423080495904, 266.002044677734, 2009603, 5, 95
2020.36793199, 53.5363567891079, 123.423077473813, 265.110076904297, 2009603, 5, 95
2020.36793199, 53.536344096714, 123.423075398342, 265.992614746094, 2009603, 5, 95
2020.36793199, 53.536325025204, 123.423072341361, 265.999145507812, 2009603, 5, 95
2020.36793199, 53.5363059525327, 123.423069285647, 265.993560791016, 2009603, 5, 95
2020.36793199, 53.536280523745, 123.423065207955, 265.977630615234, 2009603, 5, 95
2020.36793199, 53.5362614516147, 123.423062151772, 265.975463867188, 2009603, 5, 95
2020.36793199, 53.5362487320849, 123.423060121309, 265.986389160156, 2009603, 5, 95
2020.36793199, 53.5362105838371, 123.423054017053, 265.968017578125, 2009603, 5, 95
2020.36793199, 53.5361915069474, 123.423050967075, 265.953491210938, 2009603, 5, 95
2020.36793199, 53.5361724287822, 123.423047919515, 265.976196289062, 2009603, 5, 95
2020.36793199, 53.5361533528246, 123.423044868479, 265.97216796875, 2009603, 5, 95
2020.36793199, 53.536134274339, 123.423041822288, 265.9677734375, 2009603, 5, 95
2020.36793199, 53.5361151971685, 123.42303877442, 265.966522216797, 2009603, 5, 95
2020.36793199, 53.5360961208348, 123.42303572583, 265.978759765625, 2009603, 5, 95
2020.36793199, 53.5360770438291, 123.423032680915, 265.963500976562, 2009603, 5, 95
2020.36793199, 53.5360579645604, 123.423029639219, 265.996734619141, 2009603, 5, 95
2020.36793199, 53.5360452418008, 123.423027615847, 266.001525878906, 2009603, 5, 95
2020.36793199, 53.5360261645851, 123.423024574269, 265.988891601562, 2009603, 5, 95
2020.36793199, 53.5360070870952, 123.423021536236, 265.987335205078, 2009603, 5, 95
2020.36793199, 53.5359880100174, 123.423018495302, 265.981414794922, 2009603, 5, 95
2020.36793199, 53.5359689313625, 123.4230154586, 265.981750488281, 2009603, 5, 95
2020.36793199, 53.5359498526167, 123.423012425455, 265.999176025391, 2009603, 5, 95
2020.36793199, 53.5359371310303, 123.423010407302, 265.999237060547, 2009603, 5, 95
2020.36793199, 53.5359180555096, 123.423007369699, 266.002960205078, 2009603, 5, 95
2020.36793199, 53.5359053331512, 123.423005354789, 266.001342773438, 2009603, 5, 95
2020.36793199, 53.535886258187, 123.423002319411, 265.991638183594, 2009603, 5, 95
2020.36793199, 53.5358735365177, 123.423000305648, 265.98486328125, 2009603, 5, 95
2020.36793199, 53.5358544624153, 123.422997274016, 265.975219726562, 2009603, 5, 95
2020.36793199, 53.5358353845016, 123.422994247586, 265.978149414062, 2009603, 5, 95
2020.36793199, 53.5358226626627, 123.422992238005, 265.988250732422, 2009603, 5, 95
2020.36793199, 53.5358035883536, 123.422989212751, 265.998321533203, 2009603, 5, 95
2020.36793199, 53.5357844903274, 123.422986232726, 265.085723876953, 2009603, 5, 95
2020.36793199, 53.5357717951065, 123.422984181367, 265.965545654297, 2009603, 5, 95
2020.36793199, 53.5357527201023, 123.422981162108, 265.991027832031, 2009603, 5, 95
2020.36793199, 53.5357336480867, 123.422978140278, 265.992431640625, 2009603, 5, 94
2020.36793199, 53.5357209299699, 123.422976134815, 265.996887207031, 2009603, 5, 94
2020.36793199, 53.5357018550546, 123.422973122479, 265.977020263672, 2009603, 5, 94
2020.36793199, 53.5356827858526, 123.422970103023, 265.982604980469, 2009603, 5, 94
2020.36793199, 53.5356636406461, 123.422967066532, 265.9716796875, 2009603, 5, 94
2020.36793199, 53.5356445821889, 123.422964063132, 265.974578857422, 2009603, 5, 94
2020.36793199, 53.5356255215968, 123.422961066361, 265.975006103516, 2009603, 5, 94
2020.36793199, 53.5356064639949, 123.422958067341, 265.975616455078, 2009603, 5, 94
2020.36793199, 53.5355874093413, 123.422955067916, 265.991577148438, 2009603, 5, 94
2020.36793199, 53.5355683553715, 123.422952071984, 265.986114501953, 2009603, 5, 94
2020.36793199, 53.5355493000683, 123.422949077525, 265.982299804688, 2009603, 5, 94
2020.36793199, 53.5355302455421, 123.422946084695, 265.973785400391, 2009603, 5, 94
2020.36793199, 53.5355048435268, 123.422942091673, 265.987945556641, 2009603, 5, 94
2020.36793199, 53.535485787253, 123.422939108384, 265.968536376953, 2009603, 5, 94
2020.36793199, 53.5354603884922, 123.42293512008, 265.983825683594, 2009603, 5, 94
2020.36793199, 53.5354413345698, 123.422932139042, 265.976684570312, 2009603, 5, 94
2020.36793199, 53.535415936682, 123.422928155713, 265.98046875, 2009603, 5, 94
2020.36793199, 53.5353778372648, 123.422922193734, 265.987670898438, 2009603, 5, 94
2020.36793199, 53.5353587908581, 123.42291921598, 265.994323730469, 2009603, 5, 94
2020.36793199, 53.5353460892341, 123.422917235629, 265.999664306641, 2009603, 5, 94
2020.36793199, 53.535327042475, 123.422914257249, 265.999603271484, 2009603, 5, 94
2020.36793199, 53.5353079950191, 123.422911282385, 265.976593017578, 2009603, 5, 94
2020.36793199, 53.5352889484493, 123.422908308231, 265.984924316406, 2009603, 5, 94
2020.36793199, 53.5352699015916, 123.422905338537, 265.975311279297, 2009603, 5, 94
2020.36793199, 53.5352508551238, 123.422902366705, 265.984375, 2009603, 5, 94
2020.36793199, 53.5352318082715, 123.422899401142, 265.969909667969, 2009603, 5, 93
2020.36793199, 53.5352127605456, 123.422896437263, 265.963562011719, 2009603, 5, 93
2020.36793199, 53.5351873694724, 123.422892478001, 265.953521728516, 2009603, 5, 93
2020.36793199, 53.5351619765639, 123.422888525198, 265.959777832031, 2009603, 5, 93
2020.36793199, 53.5351429303602, 123.422885570529, 265.951385498047, 2009603, 5, 93
2020.36793199, 53.5351175396306, 123.422881618982, 265.968841552734, 2009603, 5, 93
2020.36793199, 53.5350984922945, 123.422878664452, 265.988098144531, 2009603, 5, 93
2020.36793199, 53.5350794485468, 123.422875705074, 266.005737304688, 2009603, 5, 93
2020.36793199, 53.5350604069486, 123.422872743244, 266.003143310547, 2009603, 5, 93
2020.36793199, 53.5350477080681, 123.422870777104, 265.998474121094, 2009603, 5, 93
2020.36793199, 53.5350159671136, 123.422865854817, 266.005523681641, 2009603, 5, 93
2020.36793199, 53.5349969235356, 123.422862899804, 265.993682861328, 2009603, 5, 94
2020.36793199, 53.5349778816126, 123.422859942899, 265.995788574219, 2009603, 5, 94
2020.36793199, 53.5349588359508, 123.422856993201, 265.989440917969, 2009603, 5, 94
2020.36793199, 53.5349397910422, 123.422854042829, 265.998382568359, 2009603, 5, 94
2020.36793199, 53.5349207491321, 123.422851093143, 265.996307373047, 2009603, 5, 94
2020.36793199, 53.5349017034985, 123.422848144966, 265.989654541016, 2009603, 5, 94
2020.36793199, 53.5348826537863, 123.422845204155, 265.989807128906, 2009603, 5, 94
2020.36793199, 53.534857263663, 123.422841266927, 265.983795166016, 2009603, 5, 94
2020.36793199, 53.5348382152239, 123.422838324193, 265.994567871094, 2009603, 5, 94
2020.36793199, 53.5348191658505, 123.422835382876, 265.981628417969, 2009603, 5, 94
2020.36793199, 53.5347937716482, 123.422831452406, 265.991363525391, 2009603, 5, 94
2020.36793199, 53.5347747230736, 123.422828511019, 265.992401123047, 2009603, 5, 94
2020.36793199, 53.5347556750507, 123.422825564657, 266.009307861328, 2009603, 5, 94
2020.36793199, 53.534742974014, 123.422823607155, 266.026641845703, 2009603, 5, 93
2020.36793199, 53.5347239257797, 123.422820661928, 266.016845703125, 2009603, 5, 93
2020.36793199, 53.5347112243547, 123.422818706097, 265.998321533203, 2009603, 5, 93
2020.36793199, 53.5346921736022, 123.422815765669, 265.990478515625, 2009603, 5, 93
2020.36793199, 53.5346731203189, 123.422812825088, 265.993041992188, 2009603, 5, 93
2020.36793199, 53.5346540704678, 123.422809880918, 266.006561279297, 2009603, 5, 93
2020.36793199, 53.5346350190926, 123.42280693653, 265.987121582031, 2009603, 5, 93
2020.36793199, 53.5346159602588, 123.422804003729, 265.992156982422, 2009603, 5, 93
2020.36793199, 53.5345969040803, 123.422801064888, 265.992492675781, 2009603, 5, 93
2020.36793199, 53.5345778480484, 123.422798124228, 265.994323730469, 2009603, 5, 93
2020.36793199, 53.534558789766, 123.422795187564, 265.990173339844, 2009603, 5, 93
2020.36793199, 53.5345397081321, 123.422792285951, 265.111297607422, 2009603, 5, 93
2020.36793199, 53.5345206753295, 123.422789301448, 265.98583984375, 2009603, 5, 93
2020.36793199, 53.5345079668905, 123.422787347489, 265.997467041016, 2009603, 5, 93
2020.36793199, 53.5344698460742, 123.422781462954, 265.988739013672, 2009603, 5, 93
2020.36793199, 53.5344571320301, 123.422779509357, 265.986694335938, 2009603, 5, 93
2020.36793199, 53.5344380688329, 123.422776567757, 266.005676269531, 2009603, 5, 93
2020.36793199, 53.5344062891796, 123.422771667849, 266.008697509766, 2009603, 5, 93
2020.36793199, 53.5343871119108, 123.422768684546, 265.979034423828, 2009603, 5, 93
2020.36793199, 53.5343680640539, 123.422765752098, 265.972412109375, 2009603, 5, 93
2020.36793199, 53.5343426669452, 123.422761839213, 265.983001708984, 2009603, 5, 93
2020.36793199, 53.5343236113443, 123.422758911107, 265.993835449219, 2009603, 5, 93
2020.36793199, 53.534304557973, 123.422755979254, 265.992034912109, 2009603, 5, 93
2020.36793199, 53.5342855029377, 123.422753048281, 266.010192871094, 2009603, 5, 93
2020.36793199, 53.5342664486295, 123.422750108766, 266.009521484375, 2009603, 5, 93
2020.36793199, 53.5342473891911, 123.422747174093, 266.032196044922, 2009603, 5, 92
2020.36793199, 53.5342346792534, 123.422745221619, 266.031921386719, 2009603, 5, 92
2020.36793199, 53.5342155939814, 123.422742324523, 265.129455566406, 2009603, 5, 92
2020.36793199, 53.5342029090597, 123.422740325581, 266.027648925781, 2009603, 5, 92
2020.36793199, 53.5341901711822, 123.422738412687, 265.135833740234, 2009603, 5, 92
2020.36793199, 53.5341711304259, 123.422735429432, 266.024444580078, 2009603, 5, 92
2020.36793199, 53.5341584138009, 123.42273347612, 266.022125244141, 2009603, 5, 92
2020.36793199, 53.5341393443616, 123.422730532392, 266.042449951172, 2009603, 5, 92
2020.36793199, 53.5341266240745, 123.422728579694, 266.032104492188, 2009603, 5, 92
2020.36793199, 53.53410755186, 123.422725631819, 266.047607421875, 2009603, 5, 92
2020.36793199, 53.5340757552609, 123.422720728529, 266.019073486328, 2009603, 5, 92
2020.36793199, 53.5340566716479, 123.422717785479, 266.021942138672, 2009603, 5, 92
2020.36793199, 53.5340439455337, 123.422715826581, 266.026123046875, 2009603, 5, 92
2020.36793199, 53.5340248603961, 123.422712876221, 266.046447753906, 2009603, 5, 92
2020.36793199, 53.5340121313985, 123.422710915549, 266.038238525391, 2009603, 5, 92
2020.36793199, 53.5339803091084, 123.42270600127, 266.040771484375, 2009603, 5, 90
2020.36793199, 53.5339612143799, 123.422703046456, 266.019775390625, 2009603, 5, 90
2020.36793199, 53.5339421157648, 123.422700093564, 266.023254394531, 2009603, 5, 90
2020.36793199, 53.5339230130369, 123.422697139155, 266.026885986328, 2009603, 5, 90
2020.36793199, 53.5339102729836, 123.422695174336, 266.020080566406, 2009603, 5, 90
2020.36793199, 53.533891168461, 123.422692211723, 266.041015625, 2009603, 5, 90
2020.36793199, 53.5338784241852, 123.422690246488, 266.031280517578, 2009603, 5, 90
2020.36793199, 53.5338593170234, 123.422687280293, 266.046478271484, 2009603, 5, 90
2020.36793199, 53.5338465478894, 123.422685351985, 265.143310546875, 2009603, 5, 90
2020.36793199, 53.5338274550825, 123.422682343564, 266.068084716797, 2009603, 5, 90
2020.36793199, 53.5338147071396, 123.422680370483, 266.070281982422, 2009603, 5, 90
2020.36793199, 53.5337955855403, 123.422677401485, 266.071929931641, 2009603, 5, 90
2020.36793199, 53.5337828079401, 123.422675469747, 265.613525390625, 2009603, 5, 90
2020.36793199, 53.5337637065095, 123.422672455184, 265.622467041016, 2009603, 5, 90
2020.36793203, 53.4484851022168, 123.408560834742, 286.836608886719, 2009603, 5, 68
2020.36793203, 53.4484600173471, 123.40855684664, 286.850189208984, 2009603, 5, 68
2020.36793203, 53.4484411953862, 123.40855386218, 286.825042724609, 2009603, 5, 68
2020.36793203, 53.4484223737665, 123.408550871178, 286.834045410156, 2009603, 5, 68
2020.36793203, 53.4484035476143, 123.408547881594, 286.827880859375, 2009603, 5, 68
2020.36793203, 53.4483847185276, 123.408544890251, 286.812896728516, 2009603, 5, 68
2020.36793203, 53.448365887117, 123.408541895684, 286.857757568359, 2009603, 5, 68
2020.36793203, 53.4483470520165, 123.40853889984, 286.844543457031, 2009603, 5, 68
2020.36793203, 53.4483344906705, 123.40853690788, 286.841186523438, 2009603, 5, 68
2020.36793203, 53.4483156510775, 123.40853390956, 286.851654052734, 2009603, 5, 68
2020.36793203, 53.4482968016129, 123.408530916206, 286.820983886719, 2009603, 5, 68
2020.36793203, 53.448284231389, 123.408528922387, 286.832305908203, 2009603, 5, 68
2020.36793203, 53.4482653744603, 123.408525926649, 286.847137451172, 2009603, 5, 68
2020.36793203, 53.4482465139026, 123.408522927554, 286.826354980469, 2009603, 5, 86
2020.36793203, 53.448227647325, 123.408519928883, 286.833435058594, 2009603, 5, 86
2020.36793203, 53.4482150624591, 123.408517936395, 286.831085205078, 2009603, 5, 86
2020.36793203, 53.4481961895572, 123.408514933098, 286.844940185547, 2009603, 5, 86
2020.36793203, 53.4481773073663, 123.408511933261, 286.856658935547, 2009603, 5, 86
2020.36793203, 53.4481584181722, 123.408508934421, 286.84423828125, 2009603, 5, 86
2020.36793203, 53.4481458190046, 123.408506939738, 286.838439941406, 2009603, 5, 86
2020.36793203, 53.448126923679, 123.40850393241, 286.839202880859, 2009603, 5, 86
2020.36793203, 53.4481079947199, 123.408500976545, 285.909149169922, 2009603, 5, 86
2020.36793203, 53.4480954105545, 123.408498935245, 286.831817626953, 2009603, 5, 86
2020.36793203, 53.4480827743561, 123.408496978167, 285.909515380859, 2009603, 5, 86
2020.36793203, 53.4480638560774, 123.408493970226, 285.9208984375, 2009603, 5, 86
2020.36793203, 53.4480512349737, 123.408491973349, 285.91455078125, 2009603, 5, 86
2020.36793203, 53.4480323024145, 123.40848896903, 285.786560058594, 2009603, 5, 86
2020.36793203, 53.4480133881562, 123.408485922118, 286.682983398438, 2009603, 5, 86
2020.36793203, 53.44800073072, 123.408483963245, 285.777282714844, 2009603, 5, 86
2020.36793203, 53.4479881211768, 123.408481917809, 286.724700927734, 2009603, 5, 88
2020.36793203, 53.4479691644207, 123.408478913516, 286.715179443359, 2009603, 5, 88
2020.36793203, 53.4479507159356, 123.408475881291, 286.717681884766, 2009603, 5, 88
2020.36793203, 53.4479316060069, 123.408472924393, 285.792297363281, 2009603, 5, 88
2020.36793203, 53.4479189000908, 123.40847088582, 286.693878173828, 2009603, 5, 88
2020.36793203, 53.4478997817825, 123.408467922897, 285.782318115234, 2009603, 5, 88
2020.36793203, 53.4478870452616, 123.408465924252, 285.774139404297, 2009603, 5, 88
2020.36793203, 53.4478743288543, 123.408463883481, 286.680603027344, 2009603, 5, 88
2020.36793203, 53.4478551924033, 123.408460918383, 285.782989501953, 2009603, 5, 88
2020.36793203, 53.4478424674207, 123.408458878538, 286.688415527344, 2009603, 5, 88
2020.36793203, 53.4478233421854, 123.408455873764, 286.680969238281, 2009603, 5, 88
2020.36793203, 53.4478105879351, 123.40845387106, 286.672424316406, 2009603, 5, 88
2020.36793203, 53.447791426784, 123.408450908677, 285.778350830078, 2009603, 5, 88
2020.36793203, 53.447778664373, 123.408448907213, 285.78076171875, 2009603, 5, 88
2020.36793203, 53.4477659221899, 123.408446866122, 286.678375244141, 2009603, 5, 88
2020.36793203, 53.447746773125, 123.408443858957, 286.675811767578, 2009603, 5, 85
2020.36793203, 53.4477339995292, 123.408441858377, 286.679565429688, 2009603, 5, 85
2020.36793203, 53.4477148171652, 123.408438891338, 285.825714111328, 2009603, 5, 85
2020.36793203, 53.4477020380321, 123.408436890919, 285.821014404297, 2009603, 5, 85
2020.36793203, 53.4476828707383, 123.408433883456, 285.818939208984, 2009603, 5, 85
2020.36793203, 53.4476701096942, 123.408431841376, 286.725921630859, 2009603, 5, 85
2020.36793203, 53.4476509335691, 123.408428832111, 286.713134765625, 2009603, 5, 85
2020.36793203, 53.4476381181403, 123.408426872131, 285.815216064453, 2009603, 5, 85
2020.36793203, 53.4476189582684, 123.408423820685, 286.718933105469, 2009603, 5, 85
2020.36793203, 53.4476061382579, 123.408421861178, 285.820190429688, 2009603, 5, 85
2020.36793203, 53.4475869687517, 123.408418811434, 286.686248779297, 2009603, 5, 85
2020.36793203, 53.4475677725203, 123.408415800391, 286.725219726562, 2009603, 5, 85
2020.36793203, 53.4475485698637, 123.408412793475, 286.774566650391, 2009603, 5, 85
2020.36793203, 53.4475293649344, 123.408409785724, 286.763214111328, 2009603, 5, 85
2020.36793203, 53.4475101544766, 123.408406777774, 286.767364501953, 2009603, 5, 85
2020.36793203, 53.4474973452879, 123.408404776071, 286.776062011719, 2009603, 5, 79
2020.36793203, 53.4474781319748, 123.408401765506, 286.772521972656, 2009603, 5, 79
2020.36793203, 53.447458916057, 123.408398757965, 286.770660400391, 2009603, 5, 79
2020.36793203, 53.4474396963315, 123.408395748756, 286.754547119141, 2009603, 5, 79
2020.36793203, 53.447401253711, 123.408389725208, 286.765533447266, 2009603, 5, 79
2020.36793203, 53.4473820286329, 123.408386713778, 286.76318359375, 2009603, 5, 79
2020.36793203, 53.4473628006169, 123.408383704419, 286.747772216797, 2009603, 5, 79
2020.36793203, 53.4473435694441, 123.408380697923, 286.756896972656, 2009603, 5, 79
2020.36793203, 53.4473179311428, 123.408376680345, 286.740631103516, 2009603, 5, 79
2020.36793203, 53.4472986976126, 123.408373673498, 286.753387451172, 2009603, 5, 79
2020.36793203, 53.4472730596484, 123.408369652737, 286.765441894531, 2009603, 5, 79
2020.36793203, 53.4472538227761, 123.408366649456, 286.75341796875, 2009603, 5, 79
2020.36793203, 53.4472281809738, 123.408362635533, 286.727844238281, 2009603, 5, 74
2020.36793203, 53.4472025413803, 123.408358614803, 286.735778808594, 2009603, 5, 74
2020.36793203, 53.4471768962892, 123.408354606747, 286.723663330078, 2009603, 5, 74
2020.36793203, 53.4471512551806, 123.408350590572, 286.721771240234, 2009603, 5, 74
2020.36793203, 53.4471192119352, 123.408345565034, 286.719360351562, 2009603, 5, 74
2020.36793203, 53.4470935751096, 123.408341551826, 286.721343994141, 2009603, 5, 74
2020.36793203, 53.4470679381676, 123.408337543934, 286.723327636719, 2009603, 5, 74
2020.36793203, 53.4470423108202, 123.408333527512, 286.715057373047, 2009603, 5, 74
2020.36793203, 53.4470166875814, 123.40832951273, 286.718902587891, 2009603, 5, 74
2020.36793203, 53.4469846656931, 123.408324488413, 286.711853027344, 2009603, 5, 61
2020.36793204, 53.4469590476534, 123.408320479618, 286.726776123047, 2009603, 5, 61
2020.36793204, 53.4469334375953, 123.408316466572, 286.724182128906, 2009603, 5, 61
2020.36793204, 53.4469014387605, 123.408311442877, 286.714752197266, 2009603, 5, 61
2020.36793204, 53.4468758365835, 123.40830744018, 286.704010009766, 2009603, 5, 61
2020.36793204, 53.4468438518865, 123.408302422604, 286.723571777344, 2009603, 5, 61
2020.36793204, 53.4468118852597, 123.40829739901, 286.753082275391, 2009603, 5, 61
2020.36793204, 53.4467735306755, 123.408291382747, 286.748199462891, 2009603, 5, 61
2020.36793204, 53.4464931816276, 123.408247276821, 286.7666015625, 2009603, 5, 84
2020.36793204, 53.4464424540925, 123.408239239598, 286.749908447266, 2009603, 5, 84
2020.36793204, 53.4463980806295, 123.408232231329, 286.772613525391, 2009603, 5, 84
2020.36793204, 53.4463347418829, 123.408222210264, 286.743041992188, 2009603, 5, 84
2020.36793204, 53.4462714342407, 123.408212213588, 286.753143310547, 2009603, 5, 84
2020.36793204, 53.4462018333534, 123.408201242954, 286.76123046875, 2009603, 5, 85
2020.36793204, 53.4461196338624, 123.40818828967, 286.743041992188, 2009603, 5, 85
2020.36793204, 53.4460500980496, 123.408177376995, 286.778137207031, 2009603, 5, 85
2020.36793204, 53.4459742811224, 123.408165472017, 286.753784179688, 2009603, 5, 82
2020.36793204, 53.4458984708735, 123.408153615836, 286.754821777344, 2009603, 5, 82
2020.36793204, 53.4458226587928, 123.408141804396, 286.777038574219, 2009603, 5, 82
2020.36793204, 53.445746851684, 123.408130015818, 286.758880615234, 2009603, 5, 86
2020.36793204, 53.4456773479481, 123.408119240279, 286.763214111328, 2009603, 5, 86
2020.36793204, 53.4455951925788, 123.408106529874, 286.766265869141, 2009603, 5, 86
2020.36793204, 53.4455066699726, 123.408092903567, 286.75341796875, 2009603, 5, 86
2020.36793204, 53.4454055071189, 123.408077291566, 286.781677246094, 2009603, 5, 86
2020.36793204, 53.4452660371113, 123.408056206367, 286.783355712891, 2009603, 5, 86
2020.36793204, 53.4450564797656, 123.40802470034, 286.777038574219, 2009603, 5, 84
2020.36793204, 53.4448018347778, 123.407986606694, 286.780731201172, 2009603, 5, 85
2020.36793204, 53.444623157198, 123.407959924697, 286.797058105469, 2009603, 5, 89
2020.36793204, 53.4444057809169, 123.407927378609, 286.806274414062, 2009603, 5, 90
2020.36793204, 53.4442328835469, 123.407901378851, 286.849365234375, 2009603, 5, 90
2020.36793204, 53.4440598380333, 123.407875210495, 286.941741943359, 2009603, 5, 90
2020.36793204, 53.443944201749, 123.40785756708, 286.963745117188, 2009603, 5, 91
2020.36793204, 53.4438863891566, 123.407848696945, 286.981384277344, 2009603, 5, 91
2020.36793204, 53.4438414175491, 123.407841796813, 287.028686523438, 2009603, 5, 91
2020.36793204, 53.4437900294651, 123.407833896835, 286.998291015625, 2009603, 5, 91
2020.36793204, 53.4437322248422, 123.407824990743, 287.018829345703, 2009603, 5, 90
2020.36793204, 53.4436808545898, 123.407817059942, 287.005096435547, 2009603, 5, 90
2020.36793204, 53.4436294923108, 123.407809126514, 287.04248046875, 2009603, 5, 90
2020.36793204, 53.443565324226, 123.407799181166, 287.037628173828, 2009603, 5, 90
2020.36793204, 53.4435140170693, 123.407791197678, 287.066650390625, 2009603, 5, 90
2020.36793204, 53.4434755475869, 123.40778520945, 287.068145751953, 2009603, 5, 90
2020.36793204, 53.4434434896267, 123.407780233076, 287.030242919922, 2009603, 5, 90
2020.36793204, 53.443411455172, 123.407775229776, 287.035278320312, 2009603, 5, 90
2020.36793204, 53.4433794293832, 123.407770231624, 287.035369873047, 2009603, 5, 90
2020.36793204, 53.4433538065508, 123.407766243896, 287.034820556641, 2009603, 5, 90
2020.36793204, 53.4433218054268, 123.407761226957, 287.058654785156, 2009603, 5, 90
2020.36793204, 53.4432898080962, 123.407756222729, 287.036651611328, 2009603, 5, 90
2020.36793204, 53.4432642124095, 123.407752227538, 287.054748535156, 2009603, 5, 90
2020.36793204, 53.433229864653, 123.406200492203, 288.460113525391, 2009603, 5, 55
2020.36793204, 53.4332043956067, 123.406196338886, 288.486389160156, 2009603, 5, 55
2020.36793204, 53.4331725680044, 123.406191138786, 288.498657226562, 2009603, 5, 55
2020.36793204, 53.4331089173192, 123.406180762624, 288.539642333984, 2009603, 5, 55
2020.36793204, 53.432975235499, 123.406159159588, 288.531585693359, 2009603, 5, 93
2020.36793204, 53.4328160932236, 123.406133748034, 288.519775390625, 2009603, 5, 93
2020.36793204, 53.4327078734902, 123.406116678304, 288.532531738281, 2009603, 5, 90
2020.36793204, 53.4326251011807, 123.406103641864, 288.535552978516, 2009603, 5, 90
2020.36793204, 53.4325614603459, 123.406094015667, 288.497985839844, 2009603, 5, 90
2020.36793204, 53.4325232680062, 123.406088277822, 288.502655029297, 2009603, 5, 90
2020.36793204, 53.4324850867552, 123.406082537434, 288.462341308594, 2009603, 5, 74
2020.36793204, 53.4324532629955, 123.406077777585, 288.465576171875, 2009603, 5, 74
2020.36793204, 53.4324214414276, 123.406073025278, 288.446136474609, 2009603, 5, 74
2020.36793204, 53.432395971843, 123.406069248216, 288.461181640625, 2009603, 5, 74
2020.36793204, 53.4323641526492, 123.406064504832, 288.461944580078, 2009603, 5, 74
2020.36793204, 53.4323323273802, 123.406059777373, 288.464019775391, 2009603, 5, 74
2020.36793204, 53.432306864995, 123.406056003641, 288.453826904297, 2009603, 5, 74
2020.36793204, 53.4322813991778, 123.406052239336, 288.478363037109, 2009603, 5, 74
2020.36793204, 53.4322559354011, 123.406048474523, 288.478179931641, 2009603, 5, 74
2020.3679347, 48.0902485822444, 122.594042746688, 342.033233642578, 2009593, 5, 81
2020.3679347, 48.0902229331631, 122.594038819616, 342.058624267578, 2009593, 5, 81
2020.3679347, 48.0901972918203, 122.594034893284, 342.100952148438, 2009593, 5, 81
2020.3679347, 48.0901780601988, 122.594031963213, 342.082794189453, 2009593, 5, 81
2020.3679347, 48.0901522150674, 122.59402779476, 342.0869140625, 2009593, 5, 81
2020.3679347, 48.0901330425894, 122.59402492081, 342.097290039062, 2009593, 5, 81
2020.3679347, 48.0901074968304, 122.594021074601, 342.079345703125, 2009593, 5, 81
2020.3679347, 48.0900883387305, 122.59401820367, 342.074279785156, 2009593, 5, 81
2020.3679347, 48.0900628027703, 122.59401437015, 342.073211669922, 2009593, 5, 81
2020.3679347, 48.0900372743855, 122.594010540191, 342.066955566406, 2009593, 5, 81
2020.3679347, 48.0900117550892, 122.594006712571, 342.058074951172, 2009593, 5, 81
2020.36793532, 46.8314932418738, 122.41673914538, 250.195571899414, 2006419, 5, 60
2020.36793532, 46.831461473206, 122.416734353601, 250.196472167969, 2006419, 5, 60
2020.36793532, 46.8314360523677, 122.416730532865, 250.206008911133, 2006419, 5, 60
2020.36793532, 46.8314042830985, 122.416725743289, 250.209579467773, 2006419, 5, 60
2020.36793532, 46.8313788590026, 122.416721933254, 250.2109375, 2006419, 5, 60
2020.36793532, 46.8313470837947, 122.416717153458, 250.21354675293, 2006419, 5, 60
2020.36793532, 46.8313153079582, 122.416712376748, 250.219604492188, 2006419, 5, 60
2020.36793532, 46.8312771858902, 122.416706621139, 250.206573486328, 2006419, 5, 60
2020.367932, 53.5368863736571, 123.42190329549, 266.08203125, 2009603, 6, 82
2020.367932, 53.5368165384396, 123.421891897344, 266.111145019531, 2009603, 6, 82
2020.367932, 53.5367530297745, 123.421881513737, 266.155303955078, 2009603, 6, 82
2020.367932, 53.5367022059904, 123.421873184953, 266.147369384766, 2009603, 6, 93
2020.367932, 53.5366577239881, 123.421865881357, 266.154113769531, 2009603, 6, 93
2020.367932, 53.5366068793884, 123.421857519353, 266.140289306641, 2009603, 6, 93
2020.367932, 53.5365560166784, 123.421849130046, 266.136657714844, 2009603, 6, 93
2020.367932, 53.5365051447803, 123.421840724682, 266.153015136719, 2009603, 6, 93
2020.367932, 53.5364606213079, 123.42183335154, 266.148376464844, 2009603, 6, 94
2020.367932, 53.5364160922135, 123.421825962149, 266.082458496094, 2009603, 6, 94
2020.367932, 53.5363651903366, 123.421817499744, 266.070251464844, 2009603, 6, 94
2020.367932, 53.5363142754526, 123.421809007843, 266.070343017578, 2009603, 6, 94
2020.367932, 53.5362633546325, 123.421800499311, 266.075500488281, 2009603, 6, 94
2020.367932, 53.536212426854, 123.421791974529, 266.087493896484, 2009603, 6, 94
2020.367932, 53.5361678593627, 123.421784494982, 266.083679199219, 2009603, 6, 94
2020.367932, 53.5361169185593, 123.421775930002, 266.064544677734, 2009603, 6, 94
2020.367932, 53.5360659687865, 123.421767339875, 266.072357177734, 2009603, 6, 94
2020.367932, 53.536008647325, 123.421757658497, 266.069152832031, 2009603, 6, 94
2020.367932, 53.5359513245115, 123.421747959579, 266.071807861328, 2009603, 6, 95
2020.367932, 53.5358876286528, 123.421737315073, 266.106140136719, 2009603, 6, 95
2020.367932, 53.5358111770419, 123.42172416372, 266.117401123047, 2009603, 6, 95
2020.367932, 53.5357410988522, 123.42171208947, 266.135864257812, 2009603, 6, 94
2020.367932, 53.5356837615735, 123.421702200286, 266.143432617188, 2009603, 6, 94
2020.367932, 53.5356327932794, 123.421693399519, 266.138244628906, 2009603, 6, 94
2020.367932, 53.5355818297392, 123.421684603754, 266.145782470703, 2009603, 6, 94
2020.367932, 53.5355308716398, 123.421675808995, 266.149475097656, 2009603, 6, 94
2020.367932, 53.5354799151676, 123.421667017802, 266.13916015625, 2009603, 6, 94
2020.367932, 53.535428961108, 123.421658231141, 266.138641357422, 2009603, 6, 94
2020.367932, 53.5353716456119, 123.421648361836, 266.126129150391, 2009603, 6, 94
2020.367932, 53.5353143383626, 123.421638506539, 266.09716796875, 2009603, 6, 94
2020.367932, 53.535257036513, 123.421628666487, 266.108123779297, 2009603, 6, 94
2020.367932, 53.5351933810224, 123.421617766794, 266.087738037109, 2009603, 6, 94
2020.367932, 53.5351297350568, 123.421606891974, 266.0810546875, 2009603, 6, 94
2020.367932, 53.5350597398204, 123.421594976329, 266.102142333984, 2009603, 6, 94
2020.367932, 53.5350024801427, 123.42158525822, 266.087982177734, 2009603, 6, 94
2020.367932, 53.5349515915445, 123.421576646018, 266.101348876953, 2009603, 6, 93
2020.367932, 53.5348943549086, 123.421566993714, 266.105255126953, 2009603, 6, 93
2020.367932, 53.5348371271202, 123.421557379541, 266.098663330078, 2009603, 6, 93
2020.367932, 53.5347862646607, 123.421548859641, 266.105010986328, 2009603, 6, 93
2020.367932, 53.5347290572671, 123.421539315841, 266.059356689453, 2009603, 6, 93
2020.367932, 53.5346655058276, 123.421528755458, 266.057891845703, 2009603, 6, 93
2020.367932, 53.5346019022912, 123.421518046924, 266.052947998047, 2009603, 6, 93
2020.367932, 53.5345320858242, 123.421506738518, 266.066680908203, 2009603, 6, 93
2020.367932, 53.5344559377757, 123.421494458735, 266.052093505859, 2009603, 6, 93
2020.367932, 53.5343797959071, 123.421482227087, 266.045776367188, 2009603, 6, 93
2020.367932, 53.5342973197173, 123.421469029542, 266.047271728516, 2009603, 6, 93
2020.367932, 53.534208505134, 123.421454859276, 266.05078125, 2009603, 6, 91
2020.367932, 53.5341323775648, 123.421442739884, 266.077941894531, 2009603, 6, 91
2020.367932, 53.5340689347613, 123.421432650607, 266.071716308594, 2009603, 6, 91
2020.367932, 53.5340054889554, 123.421422561293, 266.089050292969, 2009603, 6, 91
2020.367932, 53.5339293445554, 123.421410452489, 266.083038330078, 2009603, 6, 75
2020.367932, 53.5338404964926, 123.421396311025, 266.046722412109, 2009603, 6, 75
2020.36793205, 53.4319966945874, 123.404847341417, 288.545318603516, 2009603, 6, 87
2020.36793205, 53.4317234254104, 123.404804421094, 288.50048828125, 2009603, 6, 87
2020.36793205, 53.4315963732695, 123.404784222047, 288.528686523438, 2009603, 6, 87
2020.36793205, 53.4314252860739, 123.404755957797, 288.538024902344, 2009603, 6, 57
2020.36793205, 53.4312859320498, 123.404732701028, 288.534118652344, 2009603, 6, 57
2020.36793471, 48.090441811866, 122.59277841288, 342.150939941406, 2009593, 6, 60
2020.36793471, 48.0903527584167, 122.592765260279, 342.161499023438, 2009593, 6, 60
2020.36793471, 48.0902505027471, 122.592751073571, 342.155548095703, 2009593, 6, 60
2020.36793471, 48.0901481811061, 122.592736978087, 342.147583007812, 2009593, 6, 70
2020.36793471, 48.0900458162056, 122.592722960099, 342.157104492188, 2009593, 6, 70
2020.36793534, 46.8192698200732, 122.413757164598, 251.969482421875, 2006419, 6, 74
2020.36793534, 46.8191487888121, 122.413740937785, 251.967742919922, 2006419, 6, 70
2020.36793534, 46.8189703713094, 122.413716918962, 251.958923339844, 2006419, 6, 66
2020.36793534, 46.8185495510187, 122.413659694163, 251.987640380859, 2006419, 6, 68
2020.36793534, 46.8183453520549, 122.413631537078, 252.02311706543, 2006419, 6, 75
2020.36793534, 46.818096353177, 122.413596866375, 252.142059326172, 2006419, 6, 86
2020.36793534, 46.8178857245862, 122.413567524745, 252.153900146484, 2006419, 6, 90
2020.36793534, 46.8176496938224, 122.413534738448, 252.060012817383, 2006419, 6, 82
2020.36793534, 46.8174138539588, 122.41350220481, 252.022506713867, 2006419, 6, 70
2020.36793534, 46.8172737293172, 122.413483031169, 252.02262878418, 2006419, 6, 83
2020.36793534, 46.8171654790754, 122.413468283554, 252.054321289062, 2006419, 6, 85
2020.36793534, 46.8170574245362, 122.413453752911, 252.073532104492, 2006419, 6, 85
2020.36793534, 46.8169557487846, 122.413440146865, 252.071105957031, 2006419, 6, 85
2020.36793534, 46.8168540928889, 122.41342660677, 252.061569213867, 2006419, 6, 85
2020.36793534, 46.8167397394451, 122.413411453718, 252.048919677734, 2006419, 6, 62
2020.36793534, 46.8165236741223, 122.41338285883, 253.129119873047, 2006419, 6, 62
