2020.31744185, 47.7181674729179, 124.231420386563, 154.801193237305, 2009593, 1, 69
2020.31744185, 47.7188809285942, 124.231316384569, 154.825012207031, 2009593, 1, 65
2020.31744186, 47.7263308526169, 124.230247909452, 154.893676757812, 2009593, 1, 71
2020.31744186, 47.7268397684042, 124.23017547875, 154.91227722168, 2009593, 1, 74
2020.31744186, 47.7274468749631, 124.230089288895, 154.903961181641, 2009593, 1, 74
2020.31744186, 47.7280285469088, 124.230006348063, 154.933044433594, 2009593, 1, 86
2020.31744186, 47.7287896344647, 124.229898147395, 154.935241699219, 2009593, 1, 89
2020.31744186, 47.7294030171823, 124.229811729483, 154.943069458008, 2009593, 1, 86
2020.31744186, 47.7301163845142, 124.229712398859, 154.977569580078, 2009593, 1, 81
2020.31744186, 47.7307172573492, 124.229627653162, 154.989898681641, 2009593, 1, 79
2020.31744186, 47.7313160350223, 124.229540731882, 154.974502563477, 2009593, 1, 76
2020.31744231, 48.6467865304472, 124.097026474856, 216.680191040039, 2009593, 1, 54
2020.31744231, 48.647270352675, 124.096957854491, 216.770919799805, 2009593, 1, 80
2020.31744399, 52.0183831492207, 123.583789050421, 517.3720703125, 2002009, 1, 78
2020.31744399, 52.0186764099419, 123.583741767396, 517.369567871094, 2002009, 1, 78
2020.31744402, 52.0795993569017, 123.574456699638, 500.335876464844, 2002009, 1, 62
2020.31744467, 53.385016706567, 123.363239026056, 295.040313720703, 2009603, 1, 86
2020.31744467, 53.3851949391332, 123.363210829496, 295.007019042969, 2009603, 1, 86
2020.31744467, 53.3853604167357, 123.363184709708, 295.015319824219, 2009603, 1, 93
2020.31744467, 53.3935323138936, 123.361849866364, 294.569000244141, 2009603, 1, 91
2020.31744467, 53.3939762939996, 123.361775645323, 294.550933837891, 2009603, 1, 91
2020.31744467, 53.3944202901537, 123.361702002775, 294.536773681641, 2009603, 1, 86
2020.31744468, 53.412003692536, 123.358806426277, 292.420593261719, 2009603, 1, 94
2020.31744468, 53.4125073975235, 123.35872223702, 292.345520019531, 2009603, 1, 67
2020.31744468, 53.4126793297422, 123.358693805407, 292.439056396484, 2009603, 1, 67
2020.31744475, 53.5460135851136, 123.336496980808, 270.022094726562, 2009603, 1, 93
2020.31744476, 53.559573739492, 123.334301255915, 270.094482421875, 2009603, 1, 89
2020.31744476, 53.5597011017131, 123.334280284226, 270.064422607422, 2009603, 1, 89
2020.31744476, 53.5599301847143, 123.334242411969, 270.085815429688, 2009603, 1, 88
2020.31744522, 54.4992358840037, 123.176614834855, 498.461273193359, 2009603, 1, 68
2020.31744523, 54.5070573873129, 123.17525931416, 500.000946044922, 2009603, 1, 54
2020.31744524, 54.5335248499338, 123.170668409648, 508.297454833984, 2009603, 1, 62
2020.31744524, 54.5339104118934, 123.170600238805, 508.328430175781, 2009603, 1, 84
2020.31744186, 47.7182871201331, 124.232629939575, 154.789794921875, 2009593, 2, 58
2020.31744186, 47.7184726005059, 124.232603426031, 154.778732299805, 2009593, 2, 58
2020.31744186, 47.7186261658697, 124.232581645016, 154.795516967773, 2009593, 2, 58
2020.31744186, 47.7187924742327, 124.232558128974, 154.785919189453, 2009593, 2, 68
2020.31744186, 47.7189267180796, 124.232539301693, 154.815582275391, 2009593, 2, 68
2020.31744186, 47.7190927341563, 124.232516017906, 154.818557739258, 2009593, 2, 68
2020.31744186, 47.7192585150101, 124.232492901457, 154.797714233398, 2009593, 2, 78
2020.31744186, 47.7194175085065, 124.23247078702, 154.782577514648, 2009593, 2, 78
2020.31744186, 47.7195883900666, 124.232447203141, 154.805328369141, 2009593, 2, 80
2020.31744186, 47.7197465448886, 124.232425299252, 154.795913696289, 2009593, 2, 80
2020.31744186, 47.7199364260817, 124.232398969175, 154.795272827148, 2009593, 2, 79
2020.31744186, 47.7201138824741, 124.232374220407, 154.790786743164, 2009593, 2, 73
2020.31744186, 47.7203043982153, 124.232347383781, 154.838790893555, 2009593, 2, 64
2020.31744186, 47.7205145544585, 124.232317491227, 154.798126220703, 2009593, 2, 52
2020.31744186, 47.7207192902441, 124.232287937242, 154.773727416992, 2009593, 2, 52
2020.31744187, 47.7241276819983, 124.231793813922, 154.855499267578, 2009593, 2, 54
2020.31744187, 47.724364023683, 124.231759540269, 154.879119873047, 2009593, 2, 68
2020.31744187, 47.7246327800365, 124.231722433536, 154.900527954102, 2009593, 2, 73
2020.31744187, 47.7248888215656, 124.231688148297, 154.841903686523, 2009593, 2, 76
2020.31744187, 47.7251061892974, 124.231659093104, 154.864562988281, 2009593, 2, 80
2020.31744187, 47.7253486562313, 124.23162638547, 154.843475341797, 2009593, 2, 83
2020.31744187, 47.7255587047284, 124.231597485813, 154.884292602539, 2009593, 2, 85
2020.31744187, 47.7257935293839, 124.231564285739, 154.865051269531, 2009593, 2, 87
2020.31744187, 47.726046291371, 124.231526621842, 154.859069824219, 2009593, 2, 87
2020.31744187, 47.7262419803464, 124.231497255324, 154.859939575195, 2009593, 2, 84
2020.31744187, 47.7264628824192, 124.231463952987, 154.833068847656, 2009593, 2, 86
2020.31744187, 47.7267155801382, 124.231426180116, 154.850006103516, 2009593, 2, 86
2020.31744187, 47.7269054106685, 124.231398181272, 154.879699707031, 2009593, 2, 76
2020.31744187, 47.7271020730629, 124.23136988551, 154.856628417969, 2009593, 2, 65
2020.31744187, 47.7272802095287, 124.23134503771, 154.873138427734, 2009593, 2, 55
2020.31744187, 47.7274458574495, 124.231322105173, 154.881500244141, 2009593, 2, 55
2020.31744187, 47.7297162638835, 124.230999675932, 154.902557373047, 2009593, 2, 57
2020.31744187, 47.7299764173903, 124.230961824541, 154.93766784668, 2009593, 2, 56
2020.31744187, 47.7301923149836, 124.230930447644, 154.940444946289, 2009593, 2, 59
2020.31744187, 47.7304276086793, 124.23089650697, 154.973754882812, 2009593, 2, 63
2020.31744187, 47.730695226246, 124.230858122308, 154.972442626953, 2009593, 2, 67
2020.31744187, 47.7309573249345, 124.230820760765, 154.954803466797, 2009593, 2, 74
2020.31744187, 47.7311752361662, 124.230789882689, 154.978530883789, 2009593, 2, 82
2020.31744187, 47.7313995449033, 124.23075811785, 154.998870849609, 2009593, 2, 90
2020.31744187, 47.7316172224806, 124.230727236976, 154.964385986328, 2009593, 2, 91
2020.31744187, 47.7318153288343, 124.230698893544, 154.936950683594, 2009593, 2, 92
2020.31744187, 47.7320130299282, 124.230670617844, 154.981658935547, 2009593, 2, 91
2020.31744187, 47.7321593003622, 124.230649538173, 155.005676269531, 2009593, 2, 91
2020.31744187, 47.7323177178893, 124.230626420181, 154.966934204102, 2009593, 2, 91
2020.31744187, 47.7324632814836, 124.230605278654, 154.988342285156, 2009593, 2, 91
2020.31744187, 47.7326213245681, 124.230582221618, 154.952224731445, 2009593, 2, 82
2020.31744187, 47.7327982347585, 124.230556555236, 154.970245361328, 2009593, 2, 82
2020.31744187, 47.7329245789595, 124.230538283852, 154.979110717773, 2009593, 2, 82
2020.31744187, 47.7330509359765, 124.230520006104, 155.001220703125, 2009593, 2, 77
2020.31744187, 47.7331836932408, 124.230501034162, 155.002197265625, 2009593, 2, 77
2020.31744187, 47.7333290918186, 124.230480107541, 155.031265258789, 2009593, 2, 73
2020.31744187, 47.7334876227828, 124.230457744631, 155.027313232422, 2009593, 2, 73
2020.31744189, 47.7652023735689, 124.225887958913, 155.660400390625, 2009593, 2, 85
2020.31744232, 48.6394079980166, 124.099360051395, 216.360885620117, 2009593, 2, 73
2020.31744232, 48.6463105028365, 124.098347337649, 216.672607421875, 2009593, 2, 61
2020.31744232, 48.6463871806932, 124.098336057241, 216.673675537109, 2009593, 2, 61
2020.31744232, 48.6464510984105, 124.098326698888, 216.676651000977, 2009593, 2, 61
2020.31744232, 48.6465022440613, 124.098319243591, 216.680725097656, 2009593, 2, 75
2020.31744232, 48.6465725620125, 124.098308942798, 216.685546875, 2009593, 2, 75
2020.31744232, 48.6466428878323, 124.098298694181, 216.692260742188, 2009593, 2, 75
2020.31744232, 48.646706807051, 124.098289337998, 216.694229125977, 2009593, 2, 75
2020.31744232, 48.6467707194379, 124.098280014501, 216.725402832031, 2009593, 2, 71
2020.31744232, 48.6468473979802, 124.098268823679, 216.701049804688, 2009593, 2, 71
2020.31744232, 48.6469240459313, 124.098257610412, 216.706649780273, 2009593, 2, 71
2020.31744232, 48.6469943847462, 124.098247210532, 216.646057128906, 2009593, 2, 71
2020.31744397, 51.9523670420061, 123.595712395715, 537.914367675781, 2002009, 2, 67
2020.31744397, 51.9525256829649, 123.595684869887, 537.4423828125, 2002009, 2, 67
2020.31744397, 51.9526080400092, 123.595670267638, 537.0068359375, 2002009, 2, 67
2020.31744397, 51.9527413438638, 123.595647867603, 536.792602539062, 2002009, 2, 67
2020.317444, 52.018497842121, 123.585287733678, 517.326477050781, 2002009, 2, 71
2020.317444, 52.0185614646611, 123.585278377232, 517.316101074219, 2002009, 2, 89
2020.317444, 52.0186314263697, 123.585267911297, 517.306701660156, 2002009, 2, 89
2020.317444, 52.0186950195668, 123.585258328615, 517.34130859375, 2002009, 2, 89
2020.31744403, 52.0852759702597, 123.574799243193, 498.564117431641, 2002009, 2, 78
2020.31744403, 52.085699217969, 123.574728537102, 499.600311279297, 2002009, 2, 80
2020.31744403, 52.0859352205184, 123.574688974294, 500.009887695312, 2002009, 2, 91
2020.31744403, 52.0861702613008, 123.574649680974, 500.194183349609, 2002009, 2, 82
2020.31744468, 53.3850121289544, 123.364637207975, 294.976928710938, 2009603, 2, 69
2020.31744468, 53.3850755462941, 123.36462681532, 294.979400634766, 2009603, 2, 69
2020.31744468, 53.3851642966795, 123.364612297292, 294.912109375, 2009603, 2, 69
2020.31744468, 53.3852213434121, 123.364603197941, 294.841247558594, 2009603, 2, 69
2020.31744468, 53.3852593589531, 123.364596921892, 294.822113037109, 2009603, 2, 90
2020.31744468, 53.3853036966194, 123.364589570741, 294.824188232422, 2009603, 2, 90
2020.31744468, 53.3853543667098, 123.36458121401, 294.838104248047, 2009603, 2, 90
2020.31744468, 53.38542399983, 123.364569597675, 294.83251953125, 2009603, 2, 90
2020.31744468, 53.3854873047897, 123.364559131821, 294.833343505859, 2009603, 2, 90
2020.31744468, 53.3855948983176, 123.364541350914, 294.821197509766, 2009603, 2, 91
2020.31744468, 53.3856834921752, 123.364526730536, 294.803283691406, 2009603, 2, 91
2020.31744468, 53.3857530894922, 123.364515224707, 294.839172363281, 2009603, 2, 86
2020.31744468, 53.3858416631484, 123.364500598425, 294.844909667969, 2009603, 2, 86
2020.31744468, 53.3927591653163, 123.363352968003, 294.603424072266, 2009603, 2, 83
2020.31744468, 53.3928486706598, 123.363338403903, 294.594879150391, 2009603, 2, 83
2020.31744468, 53.3929697099148, 123.363318741929, 294.607849121094, 2009603, 2, 83
2020.31744468, 53.3931287523603, 123.363292783459, 294.628082275391, 2009603, 2, 86
2020.31744468, 53.3932050359959, 123.363280458082, 294.597534179688, 2009603, 2, 86
2020.31744468, 53.393255858049, 123.363272211182, 294.544860839844, 2009603, 2, 70
2020.31744468, 53.3933193553754, 123.363261893448, 294.55322265625, 2009603, 2, 70
2020.31744468, 53.393401860695, 123.363248535903, 294.569366455078, 2009603, 2, 70
2020.31744469, 53.412629786279, 123.359997245472, 292.379852294922, 2009603, 2, 90
2020.31744469, 53.4127054625033, 123.359984686486, 292.355621337891, 2009603, 2, 90
2020.31744469, 53.4127748642151, 123.359973163859, 292.326477050781, 2009603, 2, 93
2020.31744469, 53.4128443093924, 123.359961675385, 292.339477539062, 2009603, 2, 93
2020.31744469, 53.4129074838367, 123.359951268284, 292.330139160156, 2009603, 2, 93
2020.31744469, 53.4129643578289, 123.359941789156, 292.306121826172, 2009603, 2, 93
2020.31744469, 53.413014954801, 123.359933451426, 292.321533203125, 2009603, 2, 93
2020.31744469, 53.4130655660288, 123.359925027234, 292.328735351562, 2009603, 2, 93
2020.31744469, 53.4131098812707, 123.359917688476, 292.330963134766, 2009603, 2, 93
2020.31744469, 53.413172927598, 123.359907289979, 292.365692138672, 2009603, 2, 93
2020.31744469, 53.4132620634996, 123.359892569932, 292.353363037109, 2009603, 2, 92
2020.31744469, 53.4133385288539, 123.359879953298, 292.336639404297, 2009603, 2, 92
2020.31744469, 53.4134086809922, 123.359868460727, 292.35107421875, 2009603, 2, 92
2020.31744469, 53.4134724729501, 123.359857941594, 292.330932617188, 2009603, 2, 92
2020.31744469, 53.4135362787782, 123.359847364107, 292.351135253906, 2009603, 2, 93
2020.31744469, 53.4136000983898, 123.359836789466, 292.345092773438, 2009603, 2, 93
2020.31744469, 53.4136766859341, 123.359824023864, 292.326721191406, 2009603, 2, 93
2020.31744469, 53.4137660427492, 123.35980913597, 292.349151611328, 2009603, 2, 85
2020.31744469, 53.4138298606771, 123.359798496973, 292.275726318359, 2009603, 2, 85
2020.31744469, 53.4138809024614, 123.359789940147, 292.269775390625, 2009603, 2, 85
2020.31744469, 53.4139766012487, 123.359774045542, 292.719451904297, 2009603, 2, 85
2020.31744476, 53.5438416807321, 123.338300347632, 270.002166748047, 2009603, 2, 92
2020.31744476, 53.5442538711992, 123.338231142398, 270.018188476562, 2009603, 2, 94
2020.31744476, 53.5453055876563, 123.338053212625, 270.043670654297, 2009603, 2, 97
2020.31744476, 53.546614373778, 123.337847105608, 269.976776123047, 2009603, 2, 87
2020.31744477, 53.5590553548784, 123.335792330176, 270.366424560547, 2009603, 2, 54
2020.31744477, 53.5591952850404, 123.335769747096, 270.156219482422, 2009603, 2, 54
2020.31744477, 53.5592972283934, 123.335753287721, 270.173797607422, 2009603, 2, 88
2020.31744477, 53.5593478650417, 123.335744898059, 270.087432861328, 2009603, 2, 88
2020.31744477, 53.5593795186808, 123.335739717052, 270.020843505859, 2009603, 2, 88
2020.31744477, 53.559411157983, 123.33573445504, 270.009338378906, 2009603, 2, 88
2020.31744477, 53.5594428023367, 123.335729233205, 270.014678955078, 2009603, 2, 88
2020.31744477, 53.559480768959, 123.33572293209, 270.009246826172, 2009603, 2, 88
2020.31744477, 53.5595187384372, 123.335716652392, 270.024139404297, 2009603, 2, 76
2020.31744477, 53.5595503899104, 123.335711488756, 270.015960693359, 2009603, 2, 76
2020.31744477, 53.5595883407158, 123.335705060494, 270.025268554688, 2009603, 2, 76
2020.31744477, 53.5596326587843, 123.335697807817, 270.088226318359, 2009603, 2, 76
2020.31744477, 53.559683280606, 123.33568927706, 270.081359863281, 2009603, 2, 76
2020.31744477, 53.5597149407736, 123.335684050865, 270.035614013672, 2009603, 2, 76
2020.31744477, 53.5597465959339, 123.335678760647, 270.0263671875, 2009603, 2, 76
2020.31744477, 53.5597782539177, 123.335673456608, 270.020050048828, 2009603, 2, 76
2020.31744477, 53.5598289094753, 123.335664875345, 270.052062988281, 2009603, 2, 76
2020.31744477, 53.5599049406095, 123.335652081601, 270.057495117188, 2009603, 2, 76
2020.31744524, 54.5034077730928, 123.177238040308, 499.069091796875, 2009603, 2, 63
2020.31744524, 54.5035545825671, 123.177211559118, 499.076782226562, 2009603, 2, 56
2020.31744524, 54.5036631777448, 123.177191965487, 499.087188720703, 2009603, 2, 56
2020.31744524, 54.5037334696338, 123.17717929999, 499.056213378906, 2009603, 2, 56
2020.31744524, 54.5037718119586, 123.177172387716, 498.993988037109, 2009603, 2, 58
2020.31744524, 54.5038101598891, 123.177165482841, 499.071807861328, 2009603, 2, 58
2020.31744524, 54.5038612789133, 123.177156209807, 499.064819335938, 2009603, 2, 58
2020.31744524, 54.5039571441337, 123.177138973272, 499.077545166016, 2009603, 2, 58
2020.31744524, 54.5041296729237, 123.177108291682, 499.064910888672, 2009603, 2, 67
2020.31744524, 54.5042382150677, 123.17708898348, 499.053100585938, 2009603, 2, 67
2020.31744524, 54.5042892728018, 123.177079962335, 499.035614013672, 2009603, 2, 76
2020.31744524, 54.50432119028, 123.177074430392, 499.005310058594, 2009603, 2, 76
2020.31744524, 54.5043530881826, 123.177068840836, 499.031127929688, 2009603, 2, 76
2020.31744524, 54.5044104704122, 123.177058722252, 499.066375732422, 2009603, 2, 76
2020.31744524, 54.5044997181117, 123.177043298626, 499.072692871094, 2009603, 2, 76
2020.31744524, 54.5046525236826, 123.177016938868, 499.132873535156, 2009603, 2, 75
2020.31744524, 54.5048050607965, 123.176991073231, 499.162994384766, 2009603, 2, 58
2020.31744524, 54.5048873598124, 123.176977406971, 499.1650390625, 2009603, 2, 58
2020.31744524, 54.5049443285071, 123.176968077691, 499.150604248047, 2009603, 2, 58
2020.31744525, 54.535785110988, 123.171681878627, 508.723480224609, 2009603, 2, 63
2020.31744525, 54.5360915533918, 123.171629213921, 508.848052978516, 2009603, 2, 82
2020.31744525, 54.5363789439621, 123.171580146785, 508.868927001953, 2009603, 2, 91
2020.31744525, 54.53662790102, 123.171538344388, 508.945190429688, 2009603, 2, 92
2020.31744189, 47.7977637702074, 124.26316135615, 156.735229492188, 2009593, 3, 71
2020.31744189, 47.7978972042648, 124.263142520027, 156.705032348633, 2009593, 3, 71
2020.31744189, 47.7980179382484, 124.263125356941, 156.745544433594, 2009593, 3, 87
2020.31744189, 47.7981450374538, 124.263107226607, 156.71940612793, 2009593, 3, 87
2020.31744189, 47.7982657956459, 124.26308992972, 156.734436035156, 2009593, 3, 92
2020.31744189, 47.7983929381439, 124.263071588204, 156.755844116211, 2009593, 3, 92
2020.31744189, 47.7985837634178, 124.263043687054, 156.770385742188, 2009593, 3, 92
2020.31744189, 47.7991120307993, 124.262966074241, 156.759140014648, 2009593, 3, 92
2020.31744189, 47.8034174105903, 124.26235511079, 156.820327758789, 2009593, 3, 58
2020.31744469, 53.4317953293787, 123.404245424776, 289.166778564453, 2009603, 3, 90
2020.31744474, 53.5346040656514, 123.387170186606, 268.504821777344, 2009603, 3, 91
2020.31744474, 53.536803039714, 123.386821253873, 268.412475585938, 2009603, 3, 83
2020.31744476, 53.5786261372395, 123.380089906559, 272.503540039062, 2009603, 3, 90
2020.31744477, 53.5828902772817, 123.379395544167, 272.581390380859, 2009603, 3, 63
2020.31744477, 53.5830301885649, 123.379372491748, 272.571655273438, 2009603, 3, 89
2020.31744477, 53.5831828582419, 123.37934728125, 272.594085693359, 2009603, 3, 89
2020.31744477, 53.5834691662665, 123.379299918108, 272.600036621094, 2009603, 3, 90
2020.31744477, 53.5837873157204, 123.379247084889, 272.7060546875, 2009603, 3, 82
2020.31744477, 53.5846775639757, 123.379098373757, 272.677673339844, 2009603, 3, 71
2020.31744477, 53.5849379807441, 123.379055103624, 272.609527587891, 2009603, 3, 67
2020.31744477, 53.585267845662, 123.379000716088, 272.595489501953, 2009603, 3, 56
2020.31744477, 53.589581871893, 123.378289540947, 273.613586425781, 2009603, 3, 52
2020.31744477, 53.5896835157412, 123.378273041146, 273.673645019531, 2009603, 3, 52
2020.31744478, 53.6106062203022, 123.37484061707, 277.718566894531, 2009603, 3, 69
2020.31744478, 53.6107207990292, 123.374822042432, 277.736114501953, 2009603, 3, 69
2020.31744478, 53.6108289398658, 123.37480449233, 277.737670898438, 2009603, 3, 76
2020.31744478, 53.6109370186696, 123.374786937075, 277.737548828125, 2009603, 3, 76
2020.31744478, 53.611051393857, 123.374768318441, 277.706604003906, 2009603, 3, 62
2020.31744478, 53.6112292125083, 123.374739295781, 277.693939208984, 2009603, 3, 62
2020.31744479, 53.6319016264927, 123.37136475159, 281.128692626953, 2009603, 3, 75
2020.31744479, 53.6320229607182, 123.371345133209, 281.078887939453, 2009603, 3, 81
2020.31744479, 53.6321313628772, 123.371327807307, 281.083374023438, 2009603, 3, 81
2020.31744479, 53.6322524530815, 123.371308499373, 281.091735839844, 2009603, 3, 81
2020.31744479, 53.632373471312, 123.371289190331, 281.08642578125, 2009603, 3, 81
2020.31744479, 53.6325007893624, 123.371268811882, 281.082977294922, 2009603, 3, 57
2020.31744479, 53.6326407379095, 123.371246418347, 281.085693359375, 2009603, 3, 57
2020.31744479, 53.6327424687233, 123.371230041737, 281.184631347656, 2009603, 3, 57
2020.31744481, 53.6751268247994, 123.364297181437, 287.685150146484, 2009603, 3, 77
2020.31744481, 53.6783074545567, 123.363765811578, 287.697479248047, 2009603, 3, 58
2020.31744481, 53.6784594360012, 123.363741364543, 287.71630859375, 2009603, 3, 88
2020.31744481, 53.6786874860394, 123.36370433151, 287.738342285156, 2009603, 3, 92
2020.31744481, 53.6789726704196, 123.363657388735, 287.761413574219, 2009603, 3, 90
2020.31744481, 53.679195180101, 123.363619208585, 287.794677734375, 2009603, 3, 87
2020.31744481, 53.6799520423777, 123.363487040055, 288.701843261719, 2009603, 3, 68
2020.31744482, 53.696540646181, 123.360663969755, 289.625335693359, 2009603, 3, 61
2020.31744482, 53.6966612489776, 123.360643081214, 289.550842285156, 2009603, 3, 61
2020.31744482, 53.6967755271043, 123.36062331257, 289.548095703125, 2009603, 3, 84
2020.31744482, 53.6968894761455, 123.360603372158, 289.558197021484, 2009603, 3, 84
2020.31744482, 53.6970097154045, 123.36058230169, 289.585174560547, 2009603, 3, 83
2020.31744482, 53.6971362542047, 123.360560189368, 289.58642578125, 2009603, 3, 83
2020.31744482, 53.6972627949686, 123.360538071312, 289.572692871094, 2009603, 3, 70
2020.31744482, 53.6973830282964, 123.360517100992, 289.572235107422, 2009603, 3, 70
2020.31744482, 53.6974969748418, 123.360497269682, 289.594390869141, 2009603, 3, 85
2020.31744482, 53.6976172998351, 123.360476427858, 289.616973876953, 2009603, 3, 82
2020.31744482, 53.6977440408402, 123.360454531196, 289.628082275391, 2009603, 3, 82
2020.31744482, 53.699322961155, 123.36018781419, 290.937683105469, 2009603, 3, 68
2020.31744482, 53.7000408065919, 123.360063141901, 289.919616699219, 2009603, 3, 78
2020.31744482, 53.700218287916, 123.360032506306, 289.933532714844, 2009603, 3, 78
2020.31744482, 53.7006678582429, 123.359955784779, 289.988037109375, 2009603, 3, 67
2020.31744493, 53.9111966684386, 123.32517754418, 321.838012695312, 2009603, 3, 86
2020.31744493, 53.9162748238058, 123.324345896724, 321.905426025391, 2009603, 3, 93
2020.31744493, 53.9164398874716, 123.324318778068, 321.847686767578, 2009603, 3, 93
2020.31744493, 53.916598721467, 123.324292686097, 322.192565917969, 2009603, 3, 94
2020.31744493, 53.9167832396852, 123.324263119698, 322.341552734375, 2009603, 3, 94
2020.31744493, 53.9169233510945, 123.324240766586, 322.408020019531, 2009603, 3, 93
2020.31744493, 53.9170508205523, 123.324220455034, 322.459930419922, 2009603, 3, 95
2020.31744493, 53.9173443132926, 123.324173527138, 322.512237548828, 2009603, 3, 82
2020.31744507, 54.1997393182062, 123.277032676639, 389.196899414062, 2009603, 3, 73
2020.31744507, 54.1999308019807, 123.277001001954, 388.972106933594, 2009603, 3, 80
2020.31744526, 54.5732781248285, 123.214014374005, 518.560485839844, 2009603, 3, 70
2020.31744526, 54.5733990620711, 123.213994240144, 518.53515625, 2009603, 3, 70
2020.31744527, 54.5871135421217, 123.211749900729, 523.226257324219, 2009603, 3, 64
2020.3174419, 47.7987694701581, 124.264244377634, 156.678848266602, 2009593, 4, 60
2020.3174419, 47.7988011740682, 124.264239752011, 156.679443359375, 2009593, 4, 60
2020.3174419, 47.7988328805725, 124.264235145843, 156.672470092773, 2009593, 4, 60
2020.3174419, 47.7988645833148, 124.264230542788, 156.687225341797, 2009593, 4, 60
2020.3174419, 47.7989026187138, 124.264224976829, 156.687774658203, 2009593, 4, 60
2020.3174419, 47.7989406698063, 124.264219484987, 156.696380615234, 2009593, 4, 60
2020.3174419, 47.7989787276887, 124.264214026179, 156.720687866211, 2009593, 4, 60
2020.3174419, 47.7990294573914, 124.264206693314, 156.722640991211, 2009593, 4, 87
2020.3174419, 47.7990928832755, 124.264197590804, 156.732467651367, 2009593, 4, 87
2020.3174419, 47.7991944006532, 124.264183129767, 156.7314453125, 2009593, 4, 87
2020.3174419, 47.7993403739261, 124.264162391328, 156.728363037109, 2009593, 4, 92
2020.3174419, 47.7995182476871, 124.264137264766, 156.74821472168, 2009593, 4, 92
2020.3174419, 47.799759889548, 124.264104320255, 156.723159790039, 2009593, 4, 85
2020.3174419, 47.7998999875569, 124.264085282459, 156.894561767578, 2009593, 4, 85
2020.3174419, 47.8005131331337, 124.26400089293, 158.256393432617, 2009593, 4, 52
2020.3174419, 47.8035091056223, 124.263566001476, 156.770767211914, 2009593, 4, 56
2020.3174419, 47.8035728670667, 124.263557123714, 156.736892700195, 2009593, 4, 56
2020.3174419, 47.8036047646056, 124.263552675212, 156.734436035156, 2009593, 4, 56
2020.3174419, 47.8036366730677, 124.263548231241, 156.714431762695, 2009593, 4, 56
2020.3174419, 47.8036622160147, 124.263544703382, 156.704025268555, 2009593, 4, 56
2020.3174419, 47.8036941371297, 124.263540222105, 156.716659545898, 2009593, 4, 56
2020.3174419, 47.8037196939306, 124.263536686765, 156.695159912109, 2009593, 4, 56
2020.3174447, 53.4324111406953, 123.405412776059, 288.622100830078, 2009603, 4, 91
2020.3174447, 53.4325198243999, 123.405394227244, 288.581420898438, 2009603, 4, 90
2020.3174447, 53.4325837655083, 123.405383291786, 288.509826660156, 2009603, 4, 90
2020.3174447, 53.4326349177978, 123.405374533109, 288.5986328125, 2009603, 4, 90
2020.31744475, 53.5345650308201, 123.388699233165, 268.427062988281, 2009603, 4, 92
2020.31744475, 53.5347178918428, 123.388674680878, 268.420135498047, 2009603, 4, 92
2020.31744475, 53.5349152360618, 123.388642990987, 268.433654785156, 2009603, 4, 91
2020.31744475, 53.5350679199101, 123.388618436367, 268.402557373047, 2009603, 4, 92
2020.31744475, 53.5352014470827, 123.388596938132, 268.400756835938, 2009603, 4, 92
2020.31744475, 53.5353729050324, 123.388569167134, 268.424011230469, 2009603, 4, 93
2020.31744475, 53.5355694909785, 123.388537190488, 268.385986328125, 2009603, 4, 93
2020.31744475, 53.5357343709761, 123.388510365645, 268.381134033203, 2009603, 4, 93
2020.31744475, 53.5358929460068, 123.388484523397, 268.398193359375, 2009603, 4, 92
2020.31744475, 53.5360452741872, 123.388459767902, 268.430145263672, 2009603, 4, 91
2020.31744475, 53.5362040616899, 123.388433999124, 268.401672363281, 2009603, 4, 91
2020.31744475, 53.5364202376403, 123.388398976882, 268.512359619141, 2009603, 4, 93
2020.31744475, 53.5366942038909, 123.388354808063, 268.372589111328, 2009603, 4, 92
2020.31744475, 53.5367771832764, 123.38834154927, 268.401641845703, 2009603, 4, 73
2020.31744477, 53.5790028257291, 123.381436058753, 272.453369140625, 2009603, 4, 69
2020.31744477, 53.5790409625063, 123.381429744765, 272.460693359375, 2009603, 4, 69
2020.31744477, 53.5790854529766, 123.381422416376, 272.466735839844, 2009603, 4, 69
2020.31744477, 53.5791362763305, 123.381413996317, 272.492523193359, 2009603, 4, 69
2020.31744477, 53.5791870888373, 123.381405605822, 272.460968017578, 2009603, 4, 69
2020.31744477, 53.5792442274721, 123.381396123161, 272.487731933594, 2009603, 4, 69
2020.31744478, 53.5793013507304, 123.381386651688, 272.560302734375, 2009603, 4, 93
2020.31744478, 53.5795739894277, 123.381341290828, 273.559204101562, 2009603, 4, 88
2020.31744478, 53.5820022404269, 123.380950362097, 272.591247558594, 2009603, 4, 52
2020.31744478, 53.5820404482926, 123.38094425865, 272.551544189453, 2009603, 4, 52
2020.31744478, 53.5820722770812, 123.380939173602, 272.487884521484, 2009603, 4, 52
2020.31744478, 53.5821040768842, 123.380934012826, 272.551177978516, 2009603, 4, 52
2020.31744478, 53.5821422453099, 123.380927922883, 272.446807861328, 2009603, 4, 52
2020.31744478, 53.5821740243213, 123.380922795171, 272.44775390625, 2009603, 4, 52
2020.31744478, 53.5821994473455, 123.380918718516, 272.457275390625, 2009603, 4, 52
2020.31744478, 53.5822316557447, 123.380913954449, 272.459564208984, 2009603, 4, 52
2020.31744478, 53.5903458408399, 123.379574909246, 273.654846191406, 2009603, 4, 60
2020.31744479, 53.6108553667761, 123.376236806479, 277.320922851562, 2009603, 4, 89
2020.31744479, 53.611210154023, 123.376175848092, 277.464996337891, 2009603, 4, 83
2020.31744479, 53.6113812413117, 123.376146859374, 277.556884765625, 2009603, 4, 85
2020.31744479, 53.6114319395282, 123.376138335306, 277.546539306641, 2009603, 4, 85
2020.31744479, 53.6114700516517, 123.376131777613, 277.495086669922, 2009603, 4, 85
2020.31744479, 53.6114953799954, 123.376127636739, 277.525817871094, 2009603, 4, 85
2020.31744479, 53.6115333590715, 123.376121375783, 277.555389404297, 2009603, 4, 85
2020.31744479, 53.6115713513621, 123.376115179396, 277.539978027344, 2009603, 4, 85
2020.31744479, 53.6116093526745, 123.376109031152, 277.532897949219, 2009603, 4, 85
2020.31744479, 53.611653675956, 123.376101805961, 277.518585205078, 2009603, 4, 85
2020.31744479, 53.6116980118141, 123.376094646946, 277.543640136719, 2009603, 4, 85
2020.3174448, 53.6327804154425, 123.372683416565, 281.112060546875, 2009603, 4, 64
2020.3174448, 53.6328377599435, 123.372673796089, 281.056884765625, 2009603, 4, 64
2020.3174448, 53.6328759923056, 123.372667413739, 281.050170898438, 2009603, 4, 64
2020.3174448, 53.6329078568144, 123.37266212952, 281.075958251953, 2009603, 4, 64
2020.3174448, 53.6329524387003, 123.372654637275, 281.07177734375, 2009603, 4, 64
2020.3174448, 53.6329970248381, 123.372647213255, 281.07763671875, 2009603, 4, 64
2020.3174448, 53.6330734575716, 123.372634464998, 281.090118408203, 2009603, 4, 82
2020.3174448, 53.6331561834342, 123.372620695737, 281.102630615234, 2009603, 4, 82
2020.3174448, 53.6332452332701, 123.372605914381, 281.093322753906, 2009603, 4, 82
2020.3174448, 53.6333215237887, 123.372593256789, 281.081878662109, 2009603, 4, 70
2020.3174448, 53.6333977772762, 123.372580613756, 281.094390869141, 2009603, 4, 70
2020.31744482, 53.6735656370796, 123.365870788771, 287.660949707031, 2009603, 4, 65
2020.31744482, 53.6736924185527, 123.365849160577, 287.627471923828, 2009603, 4, 65
2020.31744482, 53.6738384611135, 123.365824368751, 287.638671875, 2009603, 4, 65
2020.31744482, 53.6739530908678, 123.365804947596, 287.6240234375, 2009603, 4, 65
2020.31744482, 53.6740677515345, 123.36578551959, 287.625244140625, 2009603, 4, 86
2020.31744482, 53.6741760360459, 123.365767152652, 287.603057861328, 2009603, 4, 86
2020.31744482, 53.6742779271075, 123.365749828337, 287.62939453125, 2009603, 4, 87
2020.31744482, 53.6743670418617, 123.365734635475, 287.630920410156, 2009603, 4, 87
2020.31744482, 53.674462467086, 123.36571829828, 287.629974365234, 2009603, 4, 87
2020.31744482, 53.674538762391, 123.365705217542, 287.622314453125, 2009603, 4, 67
2020.31744482, 53.6745832493052, 123.365697580963, 287.619079589844, 2009603, 4, 67
2020.31744482, 53.674640417269, 123.365687727367, 287.649627685547, 2009603, 4, 67
2020.31744483, 53.6801533200307, 123.36474691907, 287.733428955078, 2009603, 4, 90
2020.31744483, 53.6801912688383, 123.364740473997, 287.711822509766, 2009603, 4, 90
2020.31744483, 53.6802292101426, 123.364734035072, 287.763366699219, 2009603, 4, 90
2020.31744483, 53.6802671492625, 123.364727628624, 287.740936279297, 2009603, 4, 91
2020.31744483, 53.6803113876953, 123.364720091762, 287.741363525391, 2009603, 4, 91
2020.31744483, 53.6803556140448, 123.364712561537, 287.741607666016, 2009603, 4, 91
2020.31744483, 53.6803998195362, 123.36470497169, 287.694519042969, 2009603, 4, 91
2020.31744483, 53.6804314025844, 123.364699608558, 287.729095458984, 2009603, 4, 91
2020.31744483, 53.6804629713787, 123.364694203378, 287.680419921875, 2009603, 4, 91
2020.31744483, 53.6804945348053, 123.364688797465, 287.699645996094, 2009603, 4, 91
2020.31744483, 53.6805260911677, 123.364683373856, 287.69970703125, 2009603, 4, 91
2020.31744483, 53.6805576341488, 123.364677908286, 287.656860351562, 2009603, 4, 91
2020.31744483, 53.6805828792802, 123.364673604879, 287.698333740234, 2009603, 4, 91
2020.31744483, 53.6806144205927, 123.364668157077, 287.682342529297, 2009603, 4, 91
2020.31744483, 53.6806459571348, 123.364662700709, 287.711822509766, 2009603, 4, 91
2020.31744483, 53.6806774903007, 123.364657240401, 287.738586425781, 2009603, 4, 91
2020.31744483, 53.6807216450961, 123.364649651351, 287.836273193359, 2009603, 4, 91
2020.31744483, 53.6808099115539, 123.364634329631, 287.942260742188, 2009603, 4, 91
2020.31744483, 53.6809864200797, 123.364603599575, 288.117736816406, 2009603, 4, 91
2020.31744483, 53.6812133678205, 123.364563858115, 288.165405273438, 2009603, 4, 88
2020.31744483, 53.6814719858422, 123.364518392956, 288.224517822266, 2009603, 4, 88
2020.31744483, 53.6817560995781, 123.364468247073, 288.307739257812, 2009603, 4, 81
2020.31744483, 53.6820283846838, 123.364420459901, 288.453460693359, 2009603, 4, 77
2020.31744483, 53.6960044708516, 123.362025583892, 289.539428710938, 2009603, 4, 76
2020.31744483, 53.6960298423055, 123.362021162916, 289.468048095703, 2009603, 4, 76
2020.31744483, 53.6960552107902, 123.362016735717, 289.453338623047, 2009603, 4, 76
2020.31744483, 53.6960805740932, 123.362012305384, 289.48486328125, 2009603, 4, 76
2020.31744483, 53.696112275684, 123.362006749599, 289.476593017578, 2009603, 4, 76
2020.31744483, 53.6961376451826, 123.36200234752, 289.484069824219, 2009603, 4, 76
2020.31744483, 53.6962707679884, 123.361979049236, 289.46142578125, 2009603, 4, 79
2020.31744483, 53.6962961256326, 123.361974645025, 289.476531982422, 2009603, 4, 79
2020.31744483, 53.6963278127807, 123.361969083964, 289.483551025391, 2009603, 4, 79
2020.31744483, 53.6963531626993, 123.36196464956, 289.468688964844, 2009603, 4, 79
2020.31744483, 53.6963785224835, 123.361960258357, 289.482330322266, 2009603, 4, 79
2020.31744483, 53.6964102067884, 123.361954709384, 289.466735839844, 2009603, 4, 79
2020.31744483, 53.6964355556129, 123.361950281189, 289.478302001953, 2009603, 4, 79
2020.31744483, 53.6964609108545, 123.361945884928, 289.456848144531, 2009603, 4, 79
2020.31744483, 53.6964925907807, 123.36194034704, 289.471801757812, 2009603, 4, 79
2020.31744483, 53.6965179454575, 123.36193595684, 289.466674804688, 2009603, 4, 81
2020.31744483, 53.6965496273061, 123.361930424832, 289.459747314453, 2009603, 4, 81
2020.31744483, 53.696575021996, 123.361926027511, 289.474365234375, 2009603, 4, 81
2020.31744483, 53.69660035824, 123.36192162078, 289.466033935547, 2009603, 4, 81
2020.31744483, 53.6966320281365, 123.361916114406, 289.456390380859, 2009603, 4, 81
2020.31744483, 53.6966637044458, 123.361910639154, 289.477081298828, 2009603, 4, 81
2020.31744484, 53.7009776786487, 123.36118299987, 290.202209472656, 2009603, 4, 83
2020.31744484, 53.7010346037997, 123.361173398645, 290.184936523438, 2009603, 4, 79
2020.31744484, 53.701072571257, 123.361166990958, 290.187347412109, 2009603, 4, 79
2020.31744484, 53.7011168806905, 123.361159499836, 290.170379638672, 2009603, 4, 79
2020.31744484, 53.7011612130055, 123.361152011189, 290.172790527344, 2009603, 4, 79
2020.31744484, 53.7012182494318, 123.361142401982, 290.22314453125, 2009603, 4, 79
2020.31744484, 53.7013260710465, 123.361124165571, 290.220062255859, 2009603, 4, 79
2020.31744484, 53.7014594708148, 123.36110163258, 290.2216796875, 2009603, 4, 79
2020.31744484, 53.7015739904066, 123.361082241274, 290.221832275391, 2009603, 4, 58
2020.31744484, 53.7016627766654, 123.361067350415, 290.227111816406, 2009603, 4, 58
2020.31744484, 53.7017396438932, 123.361054191063, 290.265258789062, 2009603, 4, 58
2020.31744494, 53.9086272799, 123.327056887944, 321.809722900391, 2009603, 4, 89
2020.31744494, 53.9090290091665, 123.326991753793, 321.752960205078, 2009603, 4, 62
2020.31744494, 53.9093980109118, 123.326929826326, 321.787445068359, 2009603, 4, 94
2020.31744494, 53.9096966047863, 123.326879311586, 321.725708007812, 2009603, 4, 95
2020.31744494, 53.9101535407675, 123.326802098792, 321.767700195312, 2009603, 4, 95
2020.31744494, 53.9169985885671, 123.325663205919, 322.325256347656, 2009603, 4, 52
2020.31744494, 53.9171694069027, 123.325634807436, 322.078735351562, 2009603, 4, 77
2020.31744494, 53.9174291509117, 123.325592005492, 322.399322509766, 2009603, 4, 86
2020.31744494, 53.9175370014592, 123.325574309622, 322.479400634766, 2009603, 4, 92
2020.31744494, 53.9175814372349, 123.325567009546, 322.459075927734, 2009603, 4, 92
2020.31744494, 53.9176131819078, 123.325561771001, 322.460540771484, 2009603, 4, 92
2020.31744494, 53.9176512911998, 123.325555501634, 322.512512207031, 2009603, 4, 92
2020.31744494, 53.917695777539, 123.32554823908, 322.541656494141, 2009603, 4, 92
2020.31744494, 53.9178931826869, 123.325515869735, 322.593292236328, 2009603, 4, 95
2020.31744494, 53.918167940279, 123.325470831413, 322.557739257812, 2009603, 4, 81
2020.31744494, 53.9182382480465, 123.325459268423, 322.547760009766, 2009603, 4, 81
2020.31744495, 53.9401930833385, 123.321761964779, 325.234771728516, 2009603, 4, 72
2020.31744495, 53.9403464190539, 123.321737851172, 325.221496582031, 2009603, 4, 91
2020.31744495, 53.9404422181616, 123.321722607752, 325.212921142578, 2009603, 4, 91
2020.31744495, 53.9405379844543, 123.321707262237, 325.251068115234, 2009603, 4, 94
2020.31744495, 53.9406338252, 123.321691984895, 325.217468261719, 2009603, 4, 94
2020.31744495, 53.9406911117183, 123.321682341365, 325.206115722656, 2009603, 4, 94
2020.31744495, 53.9407420162499, 123.321673738635, 325.194641113281, 2009603, 4, 94
2020.31744496, 53.9410026066151, 123.321628783087, 325.21533203125, 2009603, 4, 56
2020.31744496, 53.941047060027, 123.321621026355, 325.194763183594, 2009603, 4, 56
2020.31744496, 53.9410978386198, 123.321612076337, 325.198608398438, 2009603, 4, 56
2020.31744496, 53.9411612922517, 123.32160085179, 325.216339111328, 2009603, 4, 56
2020.31744496, 53.9413388365934, 123.321569134074, 325.308898925781, 2009603, 4, 87
2020.31744496, 53.9415415626979, 123.321532545034, 325.353973388672, 2009603, 4, 92
2020.31744496, 53.941744152895, 123.321495808493, 325.32177734375, 2009603, 4, 92
2020.31744496, 53.9419846344101, 123.321452242801, 325.368560791016, 2009603, 4, 93
2020.31744496, 53.9421303111534, 123.321426075753, 325.357086181641, 2009603, 4, 91
2020.31744496, 53.9422253103606, 123.321409114397, 325.349731445312, 2009603, 4, 91
2020.31744496, 53.9445220662274, 123.321028814337, 326.082244873047, 2009603, 4, 54
2020.31744496, 53.9446245212492, 123.321011350131, 326.011627197266, 2009603, 4, 54
2020.31744496, 53.9446821674981, 123.321001471482, 326.021636962891, 2009603, 4, 54
2020.31744496, 53.9447334161733, 123.320992678331, 326.013427734375, 2009603, 4, 54
2020.31744496, 53.9447718469375, 123.320986041246, 325.960083007812, 2009603, 4, 87
2020.31744496, 53.9448038728348, 123.320980510401, 325.975402832031, 2009603, 4, 87
2020.31744496, 53.9448358905617, 123.320974952127, 325.982635498047, 2009603, 4, 87
2020.31744496, 53.9448679052109, 123.320969366739, 325.972473144531, 2009603, 4, 87
2020.31744496, 53.9448935235986, 123.320964940012, 325.970764160156, 2009603, 4, 87
2020.31744496, 53.9449191321415, 123.320960473216, 325.953582763672, 2009603, 4, 87
2020.31744496, 53.9449447392491, 123.320956008689, 325.973815917969, 2009603, 4, 87
2020.31744496, 53.9449767381945, 123.320950405048, 325.986053466797, 2009603, 4, 87
2020.31744496, 53.94500233666, 123.32094592608, 325.97021484375, 2009603, 4, 87
2020.31744496, 53.9450279287822, 123.320941443393, 325.980285644531, 2009603, 4, 87
2020.31744496, 53.9450535208742, 123.320936981855, 325.976043701172, 2009603, 4, 87
2020.31744496, 53.945079105589, 123.320932498753, 325.976470947266, 2009603, 4, 87
2020.31744496, 53.9451046837007, 123.3209280121, 325.969207763672, 2009603, 4, 87
2020.31744496, 53.9451302564648, 123.320923520278, 325.978942871094, 2009603, 4, 87
2020.31744496, 53.9451622067452, 123.32091787236, 325.988586425781, 2009603, 4, 87
2020.31744496, 53.9451877722219, 123.320913406145, 326.000579833984, 2009603, 4, 87
2020.31744496, 53.9452197116236, 123.320907787521, 326.027099609375, 2009603, 4, 87
2020.31744508, 54.1996385157244, 123.278521581343, 389.02099609375, 2009603, 4, 79
2020.31744508, 54.1997397355695, 123.278503384811, 388.341094970703, 2009603, 4, 79
2020.31744508, 54.1997840441403, 123.278495440656, 388.312835693359, 2009603, 4, 85
2020.31744508, 54.1998410521935, 123.278485331546, 388.326202392578, 2009603, 4, 85
2020.31744508, 54.1998849416968, 123.278477318162, 388.285797119141, 2009603, 4, 85
2020.31744508, 54.1999231818643, 123.278470657701, 388.323852539062, 2009603, 4, 85
2020.31744508, 54.1999932999894, 123.278458413762, 388.340545654297, 2009603, 4, 85
2020.31744527, 54.5738385808974, 123.21549774524, 518.713073730469, 2009603, 4, 72
2020.31744527, 54.5738703164913, 123.215492889789, 518.696044921875, 2009603, 4, 72
2020.31744527, 54.5739020387777, 123.215487951504, 518.7099609375, 2009603, 4, 72
2020.31744527, 54.5739274362773, 123.215484060027, 518.701965332031, 2009603, 4, 72
2020.31744527, 54.573959165594, 123.215479105758, 518.716613769531, 2009603, 4, 72
2020.31744527, 54.5739845610602, 123.215475179881, 518.699035644531, 2009603, 4, 72
2020.31744527, 54.5788851172614, 123.214681526015, 520.444519042969, 2009603, 4, 77
2020.31744527, 54.5789234009638, 123.21467528037, 520.388366699219, 2009603, 4, 77
2020.31744527, 54.5789489328918, 123.214671138474, 520.40966796875, 2009603, 4, 77
2020.31744527, 54.5789808439451, 123.21466593447, 520.388549804688, 2009603, 4, 77
2020.31744528, 54.5875828862337, 123.213258460193, 523.684143066406, 2009603, 4, 75
2020.31744528, 54.5876840379931, 123.213240620846, 523.779052734375, 2009603, 4, 75
2020.31744528, 54.5947594915461, 123.212056934098, 525.981628417969, 2009603, 4, 74
2020.31744528, 54.5948801420691, 123.212036846969, 525.896057128906, 2009603, 4, 74
2020.31744528, 54.5950197941862, 123.21201351082, 525.858215332031, 2009603, 4, 81
2020.31744528, 54.595859556463, 123.211877677195, 525.863464355469, 2009603, 4, 62
2020.31744528, 54.5959100545299, 123.211869421009, 525.864807128906, 2009603, 4, 62
2020.31744528, 54.5959668598566, 123.21186003664, 525.838745117188, 2009603, 4, 62
2020.31744528, 54.5960110604228, 123.211852740132, 525.813293457031, 2009603, 4, 67
2020.31744528, 54.596048951507, 123.211846447408, 525.786865234375, 2009603, 4, 67
2020.31744528, 54.5960805445365, 123.21184123477, 525.798583984375, 2009603, 4, 67
2020.31744528, 54.5961121373566, 123.211835979904, 525.778869628906, 2009603, 4, 67
2020.31744528, 54.596150049111, 123.211829631576, 525.810363769531, 2009603, 4, 67
2020.31744528, 54.5961816544724, 123.211824333541, 525.7451171875, 2009603, 4, 67
2020.31744528, 54.5962069551276, 123.211820131582, 525.762756347656, 2009603, 4, 67
2020.31744528, 54.5962385750297, 123.211814813712, 525.750854492188, 2009603, 4, 67
2020.31744071, 45.4287109927578, 124.63463733093, 125.978744506836, 2009593, 5, 60
2020.31744071, 45.4290818526912, 124.634587367749, 125.999809265137, 2009593, 5, 56
2020.31744071, 45.4296559630396, 124.634509499114, 126.000381469727, 2009593, 5, 59
2020.31744071, 45.4298596798574, 124.634481773625, 125.986274719238, 2009593, 5, 83
2020.31744071, 45.430063213074, 124.634454060356, 125.974029541016, 2009593, 5, 90
2020.31744071, 45.4304127563794, 124.634406444259, 125.992225646973, 2009593, 5, 91
2020.31744071, 45.4307237835654, 124.634364268838, 125.997406005859, 2009593, 5, 91
2020.31744071, 45.4314379950154, 124.634267376613, 126.057357788086, 2009593, 5, 76
2020.31744191, 47.8479387235123, 124.299204488132, 158.823760986328, 2009593, 5, 71
2020.31744192, 47.8539263690745, 124.298354333428, 159.112518310547, 2009593, 5, 84
2020.31744192, 47.8547343098651, 124.298239962092, 159.133056640625, 2009593, 5, 91
2020.31744192, 47.8554141154392, 124.298143115307, 159.099914550781, 2009593, 5, 89
2020.31744192, 47.8560058866287, 124.298060442826, 159.136306762695, 2009593, 5, 73
2020.31744192, 47.8565094344797, 124.297990064734, 159.098373413086, 2009593, 5, 55
2020.31744193, 47.8830192270254, 124.294234447749, 159.548782348633, 2009593, 5, 61
2020.31744193, 47.8832354481407, 124.294203727733, 159.564376831055, 2009593, 5, 61
2020.31744193, 47.883597375203, 124.294151512595, 159.598037719727, 2009593, 5, 74
2020.31744194, 47.8955956776242, 124.292448491895, 159.943359375, 2009593, 5, 66
2020.31744194, 47.8957354821577, 124.292428665826, 159.912261962891, 2009593, 5, 66
2020.31744194, 47.8958624936737, 124.292410677119, 159.936828613281, 2009593, 5, 74
2020.31744194, 47.8959830968499, 124.292393619022, 159.932586669922, 2009593, 5, 74
2020.31744194, 47.8961163382953, 124.292374800769, 159.937210083008, 2009593, 5, 74
2020.31744194, 47.8963065968224, 124.292347970135, 159.981369018555, 2009593, 5, 77
2020.31744194, 47.8965602551583, 124.292312401788, 159.962875366211, 2009593, 5, 80
2020.31744194, 47.8967885296224, 124.292280473719, 159.9833984375, 2009593, 5, 82
2020.31744194, 47.8969978259007, 124.292251217536, 160.026382446289, 2009593, 5, 82
2020.31744194, 47.8972643053695, 124.292213970525, 160.009902954102, 2009593, 5, 87
2020.31744194, 47.8974928558249, 124.29218196718, 160.028060913086, 2009593, 5, 87
2020.31744194, 47.8977978516338, 124.29213915104, 160.051315307617, 2009593, 5, 66
2020.31744194, 47.8980204409241, 124.29210777359, 160.018402099609, 2009593, 5, 55
2020.31744194, 47.8982113586265, 124.2920807164, 159.99462890625, 2009593, 5, 55
2020.31744226, 48.5484148764918, 124.19901198612, 206.624938964844, 2009593, 5, 65
2020.31744226, 48.5494069627206, 124.198868575673, 206.626693725586, 2009593, 5, 74
2020.31744226, 48.5497187344816, 124.198823075964, 206.618789672852, 2009593, 5, 77
2020.31744226, 48.5499669509175, 124.198786857735, 206.713562011719, 2009593, 5, 76
2020.31744469, 53.4340294693297, 123.452693350701, 283.802886962891, 2009603, 5, 78
2020.31744469, 53.4341557112288, 123.452671771642, 283.835357666016, 2009603, 5, 78
2020.31744469, 53.443531123856, 123.45109289444, 284.211547851562, 2009603, 5, 78
2020.31744469, 53.4436710131504, 123.451069855726, 284.204772949219, 2009603, 5, 78
2020.31744469, 53.443779123248, 123.451052047935, 284.237976074219, 2009603, 5, 88
2020.31744469, 53.4438745315921, 123.451036310949, 284.275695800781, 2009603, 5, 88
2020.31744469, 53.4439762785788, 123.451019517922, 284.288330078125, 2009603, 5, 88
2020.31744469, 53.4440845190639, 123.451001527077, 284.330474853516, 2009603, 5, 82
2020.3174447, 53.4441991186866, 123.450982424287, 284.368896484375, 2009603, 5, 82
2020.3174447, 53.4443073379629, 123.450964327233, 284.421875, 2009603, 5, 75
2020.3174447, 53.4444155295097, 123.450946176461, 284.435821533203, 2009603, 5, 75
2020.3174447, 53.4445364031807, 123.450925834811, 284.469787597656, 2009603, 5, 79
2020.3174447, 53.4446763018457, 123.450902187643, 284.518920898438, 2009603, 5, 79
2020.3174447, 53.444809752305, 123.450879550377, 284.512115478516, 2009603, 5, 86
2020.3174447, 53.4449240718762, 123.45086009167, 284.524719238281, 2009603, 5, 86
2020.3174447, 53.445038320176, 123.450840596731, 284.561309814453, 2009603, 5, 89
2020.3174447, 53.4451461592539, 123.450822154119, 284.597015380859, 2009603, 5, 89
2020.3174447, 53.4452476331748, 123.45080480295, 284.637939453125, 2009603, 5, 89
2020.3174447, 53.4453235777837, 123.45079170863, 284.710601806641, 2009603, 5, 90
2020.3174447, 53.4453868467838, 123.450780796771, 284.723022460938, 2009603, 5, 90
2020.3174447, 53.4454500997803, 123.450769886802, 284.734283447266, 2009603, 5, 90
2020.3174447, 53.4455070223295, 123.450760068033, 284.721832275391, 2009603, 5, 90
2020.3174447, 53.4455829117726, 123.4507469825, 284.685119628906, 2009603, 5, 90
2020.3174447, 53.4456777582011, 123.450730649187, 284.675476074219, 2009603, 5, 90
2020.3174447, 53.4457789295184, 123.450713255549, 284.660186767578, 2009603, 5, 91
2020.3174447, 53.4458927568877, 123.450693735225, 284.646514892578, 2009603, 5, 91
2020.3174447, 53.4460382523221, 123.450668869871, 284.619567871094, 2009603, 5, 90
2020.3174447, 53.4461648193586, 123.450647342488, 284.651428222656, 2009603, 5, 90
2020.3174447, 53.4462787960368, 123.450628031621, 284.624206542969, 2009603, 5, 90
2020.3174447, 53.4463991769816, 123.450607724623, 284.646911621094, 2009603, 5, 90
2020.3174447, 53.4465068997443, 123.450589559743, 284.6669921875, 2009603, 5, 91
2020.3174447, 53.4466085385184, 123.450572742083, 284.694030761719, 2009603, 5, 91
2020.3174447, 53.4467038698339, 123.450557005588, 284.696899414062, 2009603, 5, 91
2020.3174447, 53.4468056005079, 123.450540241168, 284.700592041016, 2009603, 5, 89
2020.3174447, 53.4469073701367, 123.450523478786, 284.701965332031, 2009603, 5, 89
2020.3174447, 53.4470091631462, 123.450506711905, 284.716674804688, 2009603, 5, 88
2020.3174447, 53.4471046190698, 123.450490969984, 284.718292236328, 2009603, 5, 92
2020.3174447, 53.4471873566609, 123.450477301097, 284.733581542969, 2009603, 5, 92
2020.3174447, 53.4472764620862, 123.450462553531, 284.729156494141, 2009603, 5, 89
2020.3174447, 53.4473719337938, 123.450446704849, 284.714508056641, 2009603, 5, 89
2020.3174447, 53.4474674020556, 123.450430804742, 284.703155517578, 2009603, 5, 89
2020.3174447, 53.4475692175399, 123.450413784805, 284.706604003906, 2009603, 5, 89
2020.3174447, 53.4476710200968, 123.450396691021, 284.712707519531, 2009603, 5, 89
2020.3174447, 53.447779209857, 123.450378522646, 284.698028564453, 2009603, 5, 88
2020.3174447, 53.4478744667077, 123.450362180253, 284.708068847656, 2009603, 5, 88
2020.3174447, 53.4479760543245, 123.450344695255, 284.710052490234, 2009603, 5, 88
2020.3174447, 53.4480712813448, 123.450328260781, 284.726348876953, 2009603, 5, 91
2020.3174447, 53.4481728495504, 123.450310704345, 284.716247558594, 2009603, 5, 91
2020.3174447, 53.4482744180749, 123.450293127365, 284.71484375, 2009603, 5, 89
2020.3174447, 53.4483886848441, 123.450273357936, 284.713775634766, 2009603, 5, 89
2020.3174447, 53.4484902683912, 123.450255792957, 284.717224121094, 2009603, 5, 89
2020.3174447, 53.448604564068, 123.450236070865, 284.715362548828, 2009603, 5, 86
2020.3174447, 53.4487061797729, 123.450218579085, 284.701141357422, 2009603, 5, 86
2020.3174447, 53.4488141669568, 123.450200055036, 284.705078125, 2009603, 5, 87
2020.3174447, 53.4489285276033, 123.450180517856, 284.704406738281, 2009603, 5, 87
2020.3174447, 53.4490364527624, 123.450162097237, 284.726654052734, 2009603, 5, 87
2020.3174447, 53.4491383619258, 123.450144994439, 284.739837646484, 2009603, 5, 87
2020.3174447, 53.4492402723752, 123.450127966831, 284.734313964844, 2009603, 5, 87
2020.3174447, 53.4493485370511, 123.450109946058, 284.750701904297, 2009603, 5, 87
2020.3174447, 53.4494567658642, 123.450092002778, 284.758880615234, 2009603, 5, 87
2020.3174447, 53.4495776673719, 123.450072024267, 284.74560546875, 2009603, 5, 89
2020.3174447, 53.4496857810806, 123.450054200507, 284.763854980469, 2009603, 5, 89
2020.3174447, 53.4497938180481, 123.45003641984, 284.774200439453, 2009603, 5, 81
2020.3174447, 53.4499017767499, 123.450018665996, 284.757232666016, 2009603, 5, 81
2020.3174447, 53.4500413491798, 123.449995723451, 284.789154052734, 2009603, 5, 75
2020.3174447, 53.4502061004108, 123.449968615203, 284.801177978516, 2009603, 5, 75
2020.3174447, 53.4503390825213, 123.449946680368, 284.778717041016, 2009603, 5, 65
2020.3174447, 53.4515141736639, 123.449748936717, 284.866485595703, 2009603, 5, 84
2020.3174447, 53.4516862681253, 123.449719243908, 284.894165039062, 2009603, 5, 84
2020.3174447, 53.4518719321476, 123.449686947771, 284.90673828125, 2009603, 5, 84
2020.3174447, 53.4520513358604, 123.449655810109, 284.926483154297, 2009603, 5, 76
2020.3174447, 53.4523395287244, 123.449606141885, 284.957916259766, 2009603, 5, 66
2020.3174447, 53.4526652900618, 123.449550803413, 284.966705322266, 2009603, 5, 66
2020.3174447, 53.4530334369277, 123.449489891341, 285.000030517578, 2009603, 5, 89
2020.3174447, 53.453556707709, 123.449405037742, 285.024536132812, 2009603, 5, 87
2020.3174447, 53.4539100394802, 123.449346539795, 285.135437011719, 2009603, 5, 84
2020.3174447, 53.4541759136533, 123.449301362219, 285.167999267578, 2009603, 5, 66
2020.31744474, 53.5337803595635, 123.436199279411, 267.399871826172, 2009603, 5, 70
2020.31744474, 53.5339134628603, 123.436178334212, 267.415802001953, 2009603, 5, 70
2020.31744474, 53.5340465555071, 123.436157398145, 267.36962890625, 2009603, 5, 92
2020.31744474, 53.534141593181, 123.43614241666, 267.401306152344, 2009603, 5, 92
2020.31744474, 53.5345537574203, 123.436077879687, 267.549255371094, 2009603, 5, 95
2020.31744474, 53.535074250205, 123.435995975309, 267.421173095703, 2009603, 5, 94
2020.31744474, 53.5353855834165, 123.435946732356, 267.503967285156, 2009603, 5, 94
2020.31744474, 53.5356336614179, 123.435906990498, 267.476531982422, 2009603, 5, 94
2020.31744474, 53.5357354676261, 123.435890662696, 267.474426269531, 2009603, 5, 94
2020.31744474, 53.5358436513013, 123.43587330732, 267.458068847656, 2009603, 5, 93
2020.31744474, 53.5360918425147, 123.435833570356, 267.377746582031, 2009603, 5, 89
2020.31744474, 53.5361809327863, 123.435819346978, 267.425903320312, 2009603, 5, 89
2020.31744483, 53.7162855119205, 123.406438861665, 293.541778564453, 2009603, 5, 69
2020.31744483, 53.7164383277899, 123.406413523386, 293.645141601562, 2009603, 5, 69
2020.31744486, 53.778550412738, 123.396140644941, 301.975128173828, 2009603, 5, 84
2020.31744487, 53.7966164232797, 123.393278008929, 304.602722167969, 2009603, 5, 70
2020.31744487, 53.7969221178451, 123.393230314645, 304.700988769531, 2009603, 5, 57
2020.31744488, 53.8109245434995, 123.390997564017, 305.982208251953, 2009603, 5, 56
2020.31744488, 53.8110008196095, 123.390985285835, 306.093933105469, 2009603, 5, 94
2020.31744488, 53.8110516671979, 123.390977121449, 306.105712890625, 2009603, 5, 94
2020.31744488, 53.8111215849276, 123.390965922367, 306.026916503906, 2009603, 5, 94
2020.31744488, 53.811223272309, 123.390949680763, 305.98291015625, 2009603, 5, 94
2020.31744488, 53.8113946574456, 123.390922903299, 305.995544433594, 2009603, 5, 95
2020.31744488, 53.8115533287181, 123.390898207284, 305.984100341797, 2009603, 5, 85
2020.31744488, 53.8116739304733, 123.390879442737, 306.017730712891, 2009603, 5, 85
2020.3174449, 53.8649172490266, 123.382151350896, 313.142120361328, 2009603, 5, 74
2020.3174449, 53.865222879797, 123.382100481584, 313.168518066406, 2009603, 5, 90
2020.3174449, 53.8654839136156, 123.38205728757, 313.133605957031, 2009603, 5, 81
2020.31744491, 53.8661130257209, 123.381954002854, 313.657836914062, 2009603, 5, 73
2020.31744491, 53.8669248664869, 123.381821367347, 313.096923828125, 2009603, 5, 77
2020.31744491, 53.8670518638603, 123.38180057121, 313.047149658203, 2009603, 5, 83
2020.31744491, 53.8671980161816, 123.38177662121, 313.060485839844, 2009603, 5, 83
2020.31744491, 53.8673252374786, 123.381755758934, 313.007629394531, 2009603, 5, 83
2020.31744491, 53.8674334377173, 123.381737972556, 313.004150390625, 2009603, 5, 83
2020.31744491, 53.8675671564606, 123.381715940869, 312.974304199219, 2009603, 5, 84
2020.31744491, 53.8676754541441, 123.381698052105, 312.995880126953, 2009603, 5, 84
2020.31744491, 53.8677837876855, 123.381680111104, 312.986846923828, 2009603, 5, 93
2020.31744491, 53.8678985268464, 123.381661062517, 312.988983154297, 2009603, 5, 93
2020.31744491, 53.8680451793948, 123.381636635082, 312.999206542969, 2009603, 5, 95
2020.31744491, 53.8681854702558, 123.381613203373, 312.988311767578, 2009603, 5, 95
2020.31744491, 53.8683193931234, 123.381590771667, 312.998138427734, 2009603, 5, 53
2020.31744491, 53.8684405530841, 123.381570427575, 313.000335693359, 2009603, 5, 53
2020.31744491, 53.8755302972356, 123.380398219047, 315.167999267578, 2009603, 5, 59
2020.31744491, 53.8755872165973, 123.380388948132, 315.170104980469, 2009603, 5, 59
2020.31744491, 53.8756441551692, 123.380379648847, 315.162689208984, 2009603, 5, 59
2020.31744491, 53.8757011138107, 123.380370319205, 315.169006347656, 2009603, 5, 59
2020.31744491, 53.8757581002158, 123.380360955101, 315.16552734375, 2009603, 5, 77
2020.31744491, 53.8758151120042, 123.380351557473, 315.152709960938, 2009603, 5, 77
2020.31744491, 53.8758784897338, 123.380341075239, 315.190734863281, 2009603, 5, 77
2020.31744491, 53.875941909667, 123.380330545664, 315.187347412109, 2009603, 5, 77
2020.31744491, 53.8760052068601, 123.380320173164, 315.186645507812, 2009603, 5, 82
2020.31744491, 53.8760943821052, 123.380304957324, 315.131011962891, 2009603, 5, 82
2020.31744491, 53.8762027621593, 123.380286384336, 315.088897705078, 2009603, 5, 82
2020.31744491, 53.8763175925546, 123.3802666506, 315.081787109375, 2009603, 5, 69
2020.31744491, 53.8764324920302, 123.380246871507, 315.097076416016, 2009603, 5, 69
2020.31744491, 53.8779714148583, 123.379992425843, 315.209259033203, 2009603, 5, 80
2020.31744491, 53.8781484902897, 123.37996433222, 315.23974609375, 2009603, 5, 87
2020.31744491, 53.878464743996, 123.379913786143, 315.223785400391, 2009603, 5, 91
2020.31744491, 53.878623013412, 123.379888144506, 315.209106445312, 2009603, 5, 91
2020.31744491, 53.8791624102767, 123.379798316985, 315.240570068359, 2009603, 5, 83
2020.31744491, 53.8793784072063, 123.37976186668, 315.160125732422, 2009603, 5, 62
2020.31744493, 53.9082636588537, 123.375012643951, 318.079803466797, 2009603, 5, 86
2020.31744493, 53.9084229888022, 123.374986418558, 318.076690673828, 2009603, 5, 66
2020.31744493, 53.9085887668492, 123.374959033598, 318.055816650391, 2009603, 5, 94
2020.31744493, 53.908773720028, 123.374928394603, 318.053100585938, 2009603, 5, 94
2020.31744493, 53.9088693839254, 123.37491252916, 318.086578369141, 2009603, 5, 94
2020.31744496, 53.9810395956553, 123.362944235497, 333.5224609375, 2009603, 5, 95
2020.31744496, 53.9811474400231, 123.362926278954, 333.502777099609, 2009603, 5, 95
2020.31744496, 53.981255238872, 123.362908340677, 333.512054443359, 2009603, 5, 95
2020.31744496, 53.9813629997335, 123.36289041065, 333.492309570312, 2009603, 5, 95
2020.31744496, 53.9814644129166, 123.362873540998, 333.51318359375, 2009603, 5, 95
2020.31744496, 53.9815530775358, 123.362858765618, 333.557678222656, 2009603, 5, 92
2020.31744496, 53.9816353937321, 123.362845034864, 333.548217773438, 2009603, 5, 92
2020.31744496, 53.9817113729788, 123.362832346538, 333.564727783203, 2009603, 5, 92
2020.31744497, 53.9970052235398, 123.360244424035, 335.813751220703, 2009603, 5, 94
2020.31744497, 53.9971000271263, 123.360228090169, 335.849670410156, 2009603, 5, 94
2020.31744497, 53.9972011394188, 123.360210667031, 335.823486328125, 2009603, 5, 94
2020.31744505, 54.1630213584917, 123.332794596005, 378.086242675781, 2009603, 5, 92
2020.31744505, 54.1630722715255, 123.332786320613, 378.087341308594, 2009603, 5, 92
2020.31744505, 54.1631295320615, 123.332776977098, 378.071502685547, 2009603, 5, 92
2020.31744505, 54.1631867721454, 123.332767595393, 378.031585693359, 2009603, 5, 92
2020.31744505, 54.1632440727527, 123.332758314588, 378.053588867188, 2009603, 5, 92
2020.31744505, 54.1633075268457, 123.332747617525, 378.037536621094, 2009603, 5, 51
2020.31744505, 54.1633963241423, 123.332732573894, 377.976440429688, 2009603, 5, 51
2020.31744506, 54.1798566028502, 123.329995013758, 379.265380859375, 2009603, 5, 88
2020.31744506, 54.1800092516174, 123.329969795439, 379.224304199219, 2009603, 5, 68
2020.31744507, 54.1907678148793, 123.328198187404, 382.175323486328, 2009603, 5, 93
2020.31744507, 54.1908313353646, 123.328187497599, 382.1826171875, 2009603, 5, 93
2020.31744507, 54.1908948622358, 123.328176826121, 382.152770996094, 2009603, 5, 93
2020.31744507, 54.1909774424272, 123.328163001014, 382.139465332031, 2009603, 5, 93
2020.31744507, 54.1910663835058, 123.328148167591, 382.125305175781, 2009603, 5, 96
2020.31744507, 54.1911616972049, 123.328132218398, 382.110748291016, 2009603, 5, 96
2020.31744507, 54.1912633303673, 123.328115590256, 382.127655029297, 2009603, 5, 81
2020.31744507, 54.1913522742724, 123.328101101889, 381.929992675781, 2009603, 5, 81
2020.31744507, 54.1914412252863, 123.328086671544, 381.975067138672, 2009603, 5, 81
2020.31744072, 45.429270182746, 124.635650410064, 125.986694335938, 2009593, 6, 61
2020.31744072, 45.4293209815097, 124.635643462215, 125.931045532227, 2009593, 6, 61
2020.31744072, 45.4293527197129, 124.63563911009, 125.970581054688, 2009593, 6, 61
2020.31744072, 45.4293908080795, 124.635633904145, 125.978141784668, 2009593, 6, 61
2020.31744072, 45.429441562508, 124.635626927722, 125.976028442383, 2009593, 6, 61
2020.31744072, 45.4294796296081, 124.635621714084, 125.994438171387, 2009593, 6, 61
2020.31744072, 45.4295240256871, 124.635615612051, 125.97679901123, 2009593, 6, 79
2020.31744072, 45.4295620714123, 124.635610377953, 125.983436584473, 2009593, 6, 79
2020.31744072, 45.4296064490483, 124.635604268519, 125.965850830078, 2009593, 6, 79
2020.31744072, 45.4296508216066, 124.635598159805, 126.001808166504, 2009593, 6, 79
2020.31744072, 45.4297015131224, 124.635591159752, 125.985786437988, 2009593, 6, 79
2020.31744072, 45.4297395298733, 124.635585909897, 125.985069274902, 2009593, 6, 79
2020.31744072, 45.4297712141258, 124.635581546331, 125.980560302734, 2009593, 6, 89
2020.31744072, 45.4298092177541, 124.635576283738, 125.972274780273, 2009593, 6, 89
2020.31744072, 45.4298408885587, 124.635571900071, 125.97200012207, 2009593, 6, 89
2020.31744072, 45.4298725615957, 124.635567530836, 125.951461791992, 2009593, 6, 89
2020.31744072, 45.4299105585806, 124.635562263136, 125.981269836426, 2009593, 6, 89
2020.31744072, 45.4299485616765, 124.635557010405, 125.995162963867, 2009593, 6, 89
2020.31744072, 45.4300055572335, 124.635549112216, 125.990158081055, 2009593, 6, 93
2020.31744072, 45.4300562116496, 124.635542074545, 125.982223510742, 2009593, 6, 93
2020.31744072, 45.4301005382124, 124.635535926831, 125.966400146484, 2009593, 6, 93
2020.31744072, 45.4301385406906, 124.635530664271, 125.984283447266, 2009593, 6, 93
2020.31744072, 45.4301891976868, 124.635523618031, 125.989280700684, 2009593, 6, 93
2020.31744072, 45.4302335346951, 124.635517465526, 125.968605041504, 2009593, 6, 93
2020.31744072, 45.4302778675779, 124.635511295839, 125.978721618652, 2009593, 6, 94
2020.31744072, 45.430315876089, 124.635506021578, 125.973945617676, 2009593, 6, 94
2020.31744072, 45.4303539727328, 124.63550085294, 125.971290588379, 2009593, 6, 94
2020.31744072, 45.4303919520337, 124.635495519834, 125.98120880127, 2009593, 6, 91
2020.31744072, 45.4304299395269, 124.635490189319, 125.967468261719, 2009593, 6, 91
2020.31744072, 45.4304679278297, 124.635484848457, 125.979721069336, 2009593, 6, 91
2020.31744072, 45.4305059256314, 124.635479512229, 125.970932006836, 2009593, 6, 92
2020.31744072, 45.4305376000504, 124.635475078883, 125.976951599121, 2009593, 6, 92
2020.31744072, 45.4305756147821, 124.635469748607, 125.965255737305, 2009593, 6, 92
2020.31744072, 45.4306136387471, 124.635464420147, 125.939971923828, 2009593, 6, 92
2020.31744072, 45.4306580127185, 124.635458208574, 125.996299743652, 2009593, 6, 92
2020.31744072, 45.4307404601763, 124.635446682015, 126.03050994873, 2009593, 6, 92
2020.31744072, 45.4312125525261, 124.63538176586, 126.361045837402, 2009593, 6, 93
2020.31744192, 47.8497599489411, 124.300102574457, 158.804473876953, 2009593, 6, 51
2020.31744192, 47.8498928215171, 124.300084562555, 158.802749633789, 2009593, 6, 51
2020.31744193, 47.8530217404548, 124.299642463316, 158.95524597168, 2009593, 6, 54
2020.31744193, 47.8530535031344, 124.299638180796, 158.940246582031, 2009593, 6, 54
2020.31744193, 47.8530789098508, 124.299634764321, 158.987060546875, 2009593, 6, 54
2020.31744193, 47.8532058443575, 124.29961770311, 160.169006347656, 2009593, 6, 54
2020.31744193, 47.8535288695325, 124.299573845114, 160.017440795898, 2009593, 6, 76
2020.31744193, 47.8539337914931, 124.29951756032, 159.774322509766, 2009593, 6, 76
2020.31744193, 47.8545555321539, 124.299426688638, 159.189163208008, 2009593, 6, 70
2020.31744193, 47.854721091405, 124.299401687865, 159.136856079102, 2009593, 6, 70
2020.31744193, 47.8548740375408, 124.299378660588, 159.153793334961, 2009593, 6, 74
2020.31744193, 47.8550525619173, 124.299351979519, 159.165313720703, 2009593, 6, 79
2020.31744193, 47.8552311313321, 124.299325621575, 159.146469116211, 2009593, 6, 79
2020.31744193, 47.8554224577976, 124.299297882975, 159.158233642578, 2009593, 6, 84
2020.31744193, 47.8556009858903, 124.299272506257, 159.156036376953, 2009593, 6, 83
2020.31744193, 47.8557856605762, 124.299247522649, 159.156860351562, 2009593, 6, 87
2020.31744193, 47.8559829676046, 124.299221215594, 159.157135009766, 2009593, 6, 87
2020.31744193, 47.8561483874474, 124.299199365575, 159.154800415039, 2009593, 6, 92
2020.31744193, 47.8562883087197, 124.2991809137, 159.14875793457, 2009593, 6, 93
2020.31744193, 47.8564218346232, 124.299163265736, 159.15234375, 2009593, 6, 93
2020.31744193, 47.8565489747061, 124.299146368485, 159.165405273438, 2009593, 6, 92
2020.31744193, 47.8566824578894, 124.299128505323, 159.114105224609, 2009593, 6, 92
2020.31744193, 47.8568540581634, 124.299105345214, 159.151336669922, 2009593, 6, 91
2020.31744193, 47.8570065981858, 124.299083937654, 159.168258666992, 2009593, 6, 90
2020.31744193, 47.8571591433639, 124.299062304379, 159.174331665039, 2009593, 6, 90
2020.31744193, 47.857311699779, 124.299040476337, 159.155258178711, 2009593, 6, 90
2020.31744193, 47.8574452201347, 124.299021277334, 159.169174194336, 2009593, 6, 90
2020.31744193, 47.8575978405365, 124.298999242684, 159.183181762695, 2009593, 6, 84
2020.31744193, 47.8577377798462, 124.2989790089, 159.156433105469, 2009593, 6, 84
2020.31744193, 47.8578713933182, 124.2989596915, 159.180221557617, 2009593, 6, 84
2020.31744193, 47.8580050427813, 124.298940407055, 159.173156738281, 2009593, 6, 82
2020.31744193, 47.8581514670274, 124.298919352238, 159.168350219727, 2009593, 6, 82
2020.31744193, 47.8582915952018, 124.298899525403, 159.162979125977, 2009593, 6, 68
2020.31744193, 47.8584254061007, 124.298880688947, 159.196701049805, 2009593, 6, 68
2020.31744193, 47.8663043257844, 124.297760712285, 159.14030456543, 2009593, 6, 77
2020.31744194, 47.8830144979737, 124.295394268132, 159.558547973633, 2009593, 6, 70
2020.31744194, 47.8831101774761, 124.295381094908, 159.555236816406, 2009593, 6, 70
2020.31744194, 47.883231255883, 124.295364374958, 159.582305908203, 2009593, 6, 70
2020.31744194, 47.8833839585937, 124.295343107881, 159.555023193359, 2009593, 6, 82
2020.31744194, 47.8835240515759, 124.295323738566, 159.584350585938, 2009593, 6, 87
2020.31744194, 47.8837514144713, 124.295290630331, 159.569396972656, 2009593, 6, 91
2020.31744194, 47.8839722310092, 124.295258232679, 159.581466674805, 2009593, 6, 91
2020.31744194, 47.8841426200804, 124.295233214263, 159.697219848633, 2009593, 6, 89
2020.31744194, 47.8842689467107, 124.295214719645, 159.635360717773, 2009593, 6, 67
2020.31744194, 47.8843068803244, 124.295209194801, 159.557662963867, 2009593, 6, 67
2020.31744194, 47.884338498957, 124.295204591042, 159.562866210938, 2009593, 6, 67
2020.31744194, 47.8843701176446, 124.295199972544, 159.558547973633, 2009593, 6, 67
2020.31744194, 47.8843954288112, 124.295196294857, 159.5859375, 2009593, 6, 67
2020.31744194, 47.884420755886, 124.295192634538, 159.673950195312, 2009593, 6, 67
2020.31744194, 47.8844524109684, 124.295188041233, 159.786178588867, 2009593, 6, 67
2020.31744194, 47.8844777467913, 124.295184377397, 159.779022216797, 2009593, 6, 67
2020.31744195, 47.8965072055254, 124.293492948206, 160.036315917969, 2009593, 6, 74
2020.31744195, 47.8966725115814, 124.293469896926, 160.012420654297, 2009593, 6, 74
2020.31744195, 47.8968249460132, 124.293448527252, 160.041427612305, 2009593, 6, 75
2020.31744195, 47.8969708942549, 124.293427950105, 160.055801391602, 2009593, 6, 75
2020.31744195, 47.8970850442045, 124.293411795408, 160.043548583984, 2009593, 6, 77
2020.31744195, 47.8972181427552, 124.293392875473, 160.042922973633, 2009593, 6, 77
2020.31744195, 47.897585578099, 124.293340307047, 160.03857421875, 2009593, 6, 82
2020.31744195, 47.8980348025634, 124.293275317606, 160.069198608398, 2009593, 6, 87
2020.31744195, 47.8982125465865, 124.293249733822, 160.047882080078, 2009593, 6, 87
2020.31744195, 47.8983461572162, 124.29323060018, 160.085983276367, 2009593, 6, 83
2020.31744195, 47.8984417787538, 124.293216985265, 160.090621948242, 2009593, 6, 83
2020.31744195, 47.8985886738208, 124.293196161636, 160.084548950195, 2009593, 6, 77
2020.31744195, 47.8991547762834, 124.293117656519, 160.108596801758, 2009593, 6, 67
2020.31744227, 48.5516776960831, 124.199701962695, 206.473159790039, 2009593, 6, 54
2020.31744227, 48.5530040600155, 124.199507844895, 207.154647827148, 2009593, 6, 67
2020.31744405, 52.132577607835, 123.661636103835, 481.387390136719, 2002009, 6, 87
2020.31744405, 52.1326156206145, 123.661629870704, 481.33349609375, 2002009, 6, 87
2020.31744405, 52.1326472965839, 123.661624681825, 481.346740722656, 2002009, 6, 87
2020.31744405, 52.1326789671467, 123.661619493471, 481.348022460938, 2002009, 6, 87
2020.31744405, 52.1327169747183, 123.661613280732, 481.372344970703, 2002009, 6, 87
2020.31744405, 52.132824628913, 123.661595694741, 481.410552978516, 2002009, 6, 77
2020.3174447, 53.4337650174672, 123.453912589792, 283.774078369141, 2009603, 6, 73
2020.3174447, 53.4337971592267, 123.453907208437, 283.771240234375, 2009603, 6, 73
2020.3174447, 53.433822886569, 123.453902907858, 283.764434814453, 2009603, 6, 73
2020.3174447, 53.4338486169793, 123.453898605695, 283.76318359375, 2009603, 6, 73
2020.3174447, 53.4338743614821, 123.453894306413, 283.763214111328, 2009603, 6, 73
2020.3174447, 53.4339129841215, 123.453887854451, 283.780487060547, 2009603, 6, 73
2020.3174447, 53.433990257527, 123.453874946621, 283.84033203125, 2009603, 6, 73
2020.3174447, 53.4341512856848, 123.453848052091, 283.828460693359, 2009603, 6, 92
2020.31744471, 53.445095223593, 123.451999214669, 284.522033691406, 2009603, 6, 78
2020.31744471, 53.4451968893398, 123.451981965392, 284.556549072266, 2009603, 6, 78
2020.31744471, 53.4453176446602, 123.451961540303, 284.564971923828, 2009603, 6, 71
2020.31744471, 53.4454002793704, 123.451947601129, 284.610687255859, 2009603, 6, 71
2020.31744471, 53.4454511356263, 123.45193903988, 284.606323242188, 2009603, 6, 71
2020.31744471, 53.4454829151337, 123.451933691039, 284.565338134766, 2009603, 6, 71
2020.31744471, 53.4455146990107, 123.451928349398, 284.562377929688, 2009603, 6, 71
2020.31744471, 53.4455401320608, 123.451924087395, 284.587066650391, 2009603, 6, 71
2020.31744471, 53.4455719107954, 123.451918749566, 284.591003417969, 2009603, 6, 71
2020.31744471, 53.4455973423347, 123.451914492746, 284.595062255859, 2009603, 6, 71
2020.31744471, 53.4456291235758, 123.451909168087, 284.610321044922, 2009603, 6, 71
2020.31744471, 53.4456545505168, 123.451904914938, 284.586700439453, 2009603, 6, 71
2020.31744471, 53.4456799763411, 123.451900668254, 284.596862792969, 2009603, 6, 71
2020.31744471, 53.4457054019147, 123.45189642194, 284.629669189453, 2009603, 6, 71
2020.31744471, 53.4457308240152, 123.451892176101, 284.65234375, 2009603, 6, 71
2020.31744471, 53.4457498937756, 123.451888998209, 284.668792724609, 2009603, 6, 71
2020.31744471, 53.4457689600929, 123.451885819116, 284.670166015625, 2009603, 6, 52
2020.31744471, 53.4457880272354, 123.451882643546, 284.674926757812, 2009603, 6, 52
2020.31744471, 53.4458070881468, 123.451879465008, 284.688385009766, 2009603, 6, 52
2020.31744471, 53.4458198008728, 123.451877352662, 284.684844970703, 2009603, 6, 52
2020.31744471, 53.4458388651377, 123.451874181141, 284.700897216797, 2009603, 6, 52
2020.31744471, 53.4458579275345, 123.451871010349, 284.716064453125, 2009603, 6, 52
2020.31744471, 53.4458833399532, 123.451866782504, 284.694580078125, 2009603, 6, 52
2020.31744471, 53.4459087506798, 123.451862561394, 284.672576904297, 2009603, 6, 52
2020.31744471, 53.4459341657116, 123.451858346662, 284.655853271484, 2009603, 6, 52
2020.31744471, 53.4459595765253, 123.451854132537, 284.651550292969, 2009603, 6, 52
2020.31744471, 53.4459913365142, 123.451848868463, 284.637054443359, 2009603, 6, 52
2020.31744471, 53.4466888849362, 123.451734218992, 284.735046386719, 2009603, 6, 73
2020.31744471, 53.446790149498, 123.451717666357, 284.724487304688, 2009603, 6, 61
2020.31744471, 53.4469166827878, 123.45169693848, 284.734497070312, 2009603, 6, 61
2020.31744471, 53.4469989066307, 123.451683437257, 284.720703125, 2009603, 6, 61
2020.31744475, 53.5337518000851, 123.437636331366, 267.360656738281, 2009603, 6, 73
2020.31744475, 53.5337770088129, 123.437632402634, 267.314636230469, 2009603, 6, 73
2020.31744475, 53.5338022286962, 123.437628479644, 267.319152832031, 2009603, 6, 73
2020.31744475, 53.5338463589901, 123.437621593308, 267.365020751953, 2009603, 6, 73
2020.31744475, 53.5338904974539, 123.437614694803, 267.354217529297, 2009603, 6, 73
2020.31744475, 53.5339220369134, 123.437609764777, 267.322692871094, 2009603, 6, 73
2020.31744475, 53.5339472707524, 123.437605815149, 267.343231201172, 2009603, 6, 73
2020.31744475, 53.5339662013193, 123.437602854392, 267.395233154297, 2009603, 6, 73
2020.31744475, 53.533985132297, 123.437599886872, 267.425476074219, 2009603, 6, 73
2020.31744475, 53.5340040655895, 123.437596916842, 267.456390380859, 2009603, 6, 94
2020.31744475, 53.5340165241551, 123.437595214413, 267.453948974609, 2009603, 6, 94
2020.31744475, 53.534035494475, 123.437592188314, 267.463623046875, 2009603, 6, 94
2020.31744475, 53.5340544677516, 123.437589160186, 267.444305419922, 2009603, 6, 94
2020.31744475, 53.5340860938036, 123.437584107123, 267.4150390625, 2009603, 6, 94
2020.31744475, 53.5341050729302, 123.437581071545, 267.370758056641, 2009603, 6, 94
2020.31744475, 53.5341303837724, 123.437577022097, 267.323059082031, 2009603, 6, 94
2020.31744475, 53.5341620256219, 123.437571951699, 267.31689453125, 2009603, 6, 94
2020.31744475, 53.5341936817632, 123.4375668871, 267.345977783203, 2009603, 6, 94
2020.31744475, 53.5342823440218, 123.437552658091, 267.442749023438, 2009603, 6, 95
2020.31744475, 53.5343774153922, 123.437537399697, 267.478607177734, 2009603, 6, 95
2020.31744475, 53.5345169551494, 123.437514983928, 267.475708007812, 2009603, 6, 94
2020.31744475, 53.5346375619495, 123.437495621279, 267.462341308594, 2009603, 6, 94
2020.31744475, 53.5347709643864, 123.437474252769, 267.402160644531, 2009603, 6, 94
2020.31744475, 53.5349235232928, 123.437449900673, 267.394714355469, 2009603, 6, 94
2020.31744475, 53.5350889115198, 123.437423655501, 267.422637939453, 2009603, 6, 93
2020.31744475, 53.5353181248667, 123.437387364848, 267.37255859375, 2009603, 6, 94
2020.31744475, 53.535489822176, 123.437361024374, 267.453063964844, 2009603, 6, 94
2020.31744475, 53.5356170561997, 123.437341580221, 267.417144775391, 2009603, 6, 94
2020.31744475, 53.5357443387284, 123.43732215365, 267.448455810547, 2009603, 6, 94
2020.31744475, 53.5359098849292, 123.437296857634, 267.39794921875, 2009603, 6, 93
2020.31744475, 53.535992698215, 123.437284171762, 267.407501220703, 2009603, 6, 93
2020.31744475, 53.5360564088981, 123.437274377867, 267.370452880859, 2009603, 6, 89
2020.31744475, 53.5360882727743, 123.437269475482, 267.325836181641, 2009603, 6, 89
2020.31744475, 53.5361137697882, 123.437265553316, 267.317596435547, 2009603, 6, 89
2020.31744475, 53.5361456379118, 123.437260633971, 267.327606201172, 2009603, 6, 89
2020.31744475, 53.5361711375227, 123.437256696622, 267.328308105469, 2009603, 6, 89
2020.31744475, 53.5362093924121, 123.437250780001, 267.358459472656, 2009603, 6, 89
2020.31744484, 53.7170356205492, 123.407527630752, 293.679656982422, 2009603, 6, 53
2020.31744484, 53.7171571892163, 123.407507168145, 293.674102783203, 2009603, 6, 53
2020.31744484, 53.7172723976682, 123.407487647335, 293.681365966797, 2009603, 6, 83
2020.31744484, 53.7174004161221, 123.407465816446, 293.743896484375, 2009603, 6, 83
2020.31744484, 53.7175219933444, 123.407444949372, 293.720123291016, 2009603, 6, 89
2020.31744484, 53.7176051399569, 123.407430611579, 293.732574462891, 2009603, 6, 89
2020.31744484, 53.7176498968441, 123.407422880015, 293.683532714844, 2009603, 6, 89
2020.31744484, 53.7176818653471, 123.407417356843, 293.711364746094, 2009603, 6, 89
2020.31744484, 53.7177202093966, 123.40741071417, 293.777404785156, 2009603, 6, 89
2020.31744484, 53.7178160229378, 123.407394091217, 293.946075439453, 2009603, 6, 86
2020.31744487, 53.7782534531623, 123.397626033262, 301.914611816406, 2009603, 6, 89
2020.31744487, 53.7783556708849, 123.397610468624, 301.990783691406, 2009603, 6, 89
2020.31744487, 53.7785346344767, 123.397583070494, 301.950836181641, 2009603, 6, 91
2020.31744487, 53.7785793843924, 123.397576181202, 301.919952392578, 2009603, 6, 91
2020.31744487, 53.7786049636712, 123.397572242366, 301.941253662109, 2009603, 6, 91
2020.31744487, 53.7786305435202, 123.397568294876, 301.937377929688, 2009603, 6, 91
2020.31744487, 53.7786625127302, 123.397563347408, 301.938171386719, 2009603, 6, 91
2020.31744487, 53.778688091672, 123.397559384373, 301.94140625, 2009603, 6, 91
2020.31744487, 53.778726463366, 123.397553430026, 301.901611328125, 2009603, 6, 91
2020.31744489, 53.8103097885278, 123.392458989954, 305.967529296875, 2009603, 6, 80
2020.31744489, 53.8103417843404, 123.392454003882, 305.904907226562, 2009603, 6, 80
2020.31744489, 53.8103737751408, 123.392449022025, 305.895751953125, 2009603, 6, 80
2020.31744489, 53.8103993686293, 123.392445043931, 305.946594238281, 2009603, 6, 80
2020.31744489, 53.810418562903, 123.392442064223, 305.962463378906, 2009603, 6, 80
2020.31744489, 53.8104377524719, 123.392439081676, 305.970367431641, 2009603, 6, 80
2020.31744489, 53.8104569403076, 123.392436102584, 305.966796875, 2009603, 6, 80
2020.31744489, 53.8104697351032, 123.392434119624, 305.956939697266, 2009603, 6, 80
2020.31744489, 53.8104953146328, 123.392430147094, 305.938934326172, 2009603, 6, 80
2020.31744489, 53.8105208927698, 123.392426179098, 305.934661865234, 2009603, 6, 95
2020.31744489, 53.8105464693186, 123.392422211838, 305.950500488281, 2009603, 6, 95
2020.31744489, 53.8105720418863, 123.39241824715, 305.956146240234, 2009603, 6, 95
2020.31744489, 53.810597611787, 123.392414282699, 305.939056396484, 2009603, 6, 95
2020.31744489, 53.8106231740804, 123.392410315601, 305.917877197266, 2009603, 6, 95
2020.31744489, 53.8106551191053, 123.392405352492, 305.914398193359, 2009603, 6, 95
2020.31744489, 53.8106806756298, 123.392401388713, 305.920715332031, 2009603, 6, 95
2020.31744489, 53.810712612024, 123.392396426161, 305.905395507812, 2009603, 6, 95
2020.31744489, 53.8107509243045, 123.392390466552, 305.971923828125, 2009603, 6, 92
2020.31744489, 53.8108594102137, 123.392373539497, 305.995208740234, 2009603, 6, 92
2020.31744489, 53.8110698560791, 123.392340609353, 306.006256103516, 2009603, 6, 64
2020.31744489, 53.8111079672955, 123.392334467488, 305.918884277344, 2009603, 6, 64
2020.31744489, 53.8111333726086, 123.392330367701, 305.925933837891, 2009603, 6, 64
2020.31744489, 53.8111587683328, 123.392326257363, 305.921295166016, 2009603, 6, 64
2020.31744489, 53.8111904994275, 123.392321105233, 305.921966552734, 2009603, 6, 64
2020.31744489, 53.8112158879703, 123.392316983943, 305.926544189453, 2009603, 6, 64
2020.31744489, 53.8112412637493, 123.392312850367, 305.928619384766, 2009603, 6, 64
2020.31744491, 53.8640462889433, 123.383599191133, 313.236663818359, 2009603, 6, 88
2020.31744491, 53.8641475874727, 123.383582302836, 313.205657958984, 2009603, 6, 88
2020.31744491, 53.8642045674157, 123.383572769103, 313.140869140625, 2009603, 6, 88
2020.31744491, 53.8642362250371, 123.383567465569, 313.125396728516, 2009603, 6, 88
2020.31744491, 53.8642615549066, 123.383563220317, 313.141326904297, 2009603, 6, 79
2020.31744491, 53.8642868839603, 123.383558969374, 313.135955810547, 2009603, 6, 79
2020.31744491, 53.86431221156, 123.383554715431, 313.137512207031, 2009603, 6, 79
2020.31744491, 53.8643438727417, 123.383549387367, 313.137420654297, 2009603, 6, 79
2020.31744491, 53.864369204799, 123.383545124642, 313.153259277344, 2009603, 6, 79
2020.31744491, 53.8643945384175, 123.383540857432, 313.142517089844, 2009603, 6, 79
2020.31744491, 53.8644198750192, 123.383536588325, 313.141845703125, 2009603, 6, 79
2020.31744491, 53.8644450312043, 123.38353238121, 313.1865234375, 2009603, 6, 79
2020.31744492, 53.864470424273, 123.383528083589, 313.191833496094, 2009603, 6, 79
2020.31744492, 53.8644958152416, 123.383523781244, 313.156585693359, 2009603, 6, 79
2020.31744492, 53.8647371280234, 123.383482825751, 314.087310791016, 2009603, 6, 63
2020.31744492, 53.8750109372898, 123.381789973724, 315.047058105469, 2009603, 6, 71
2020.31744492, 53.8750426391464, 123.381784830272, 315.089752197266, 2009603, 6, 71
2020.31744492, 53.8750680049157, 123.381780722019, 315.071868896484, 2009603, 6, 71
2020.31744492, 53.8750997139946, 123.381775582771, 315.087249755859, 2009603, 6, 71
2020.31744492, 53.8751314302028, 123.381770448605, 315.086608886719, 2009603, 6, 71
2020.31744492, 53.8751568104149, 123.381766346885, 315.0810546875, 2009603, 6, 71
2020.31744492, 53.8751885318319, 123.381761213252, 315.091613769531, 2009603, 6, 71
2020.31744492, 53.8752139178161, 123.381757114337, 315.091735839844, 2009603, 6, 71
2020.31744492, 53.8752456515484, 123.381751987479, 315.085479736328, 2009603, 6, 71
2020.31744492, 53.8752773825218, 123.381746856511, 315.083068847656, 2009603, 6, 80
2020.31744492, 53.8753027805666, 123.381742761896, 315.083953857422, 2009603, 6, 80
2020.31744492, 53.875334522695, 123.38173763296, 315.0576171875, 2009603, 6, 80
2020.31744492, 53.8753599284509, 123.381733539067, 315.0576171875, 2009603, 6, 80
2020.31744492, 53.8753916808816, 123.381728412725, 315.048950195312, 2009603, 6, 80
2020.31744492, 53.8754170932204, 123.381724320028, 315.054046630859, 2009603, 6, 80
2020.31744492, 53.8754488573133, 123.381719195732, 315.076202392578, 2009603, 6, 80
2020.31744492, 53.8754742771954, 123.381715103534, 315.043762207031, 2009603, 6, 80
2020.31744492, 53.8755060462267, 123.381709978392, 315.061218261719, 2009603, 6, 53
2020.31744492, 53.8755314755216, 123.381705886994, 315.056610107422, 2009603, 6, 53
2020.31744492, 53.8755823326653, 123.381697691905, 315.113067626953, 2009603, 6, 53
2020.31744492, 53.8757349978181, 123.381673115938, 315.569793701172, 2009603, 6, 53
2020.31744492, 53.8795074464292, 123.381056823064, 315.173889160156, 2009603, 6, 87
2020.31744492, 53.8795329190056, 123.381052722536, 315.184722900391, 2009603, 6, 87
2020.31744492, 53.8795647456886, 123.381047590846, 315.186859130859, 2009603, 6, 87
2020.31744492, 53.8795902067349, 123.381043492509, 315.181732177734, 2009603, 6, 87
2020.31744492, 53.8796220143214, 123.381038356134, 315.224670410156, 2009603, 6, 87
2020.31744492, 53.8796728981531, 123.381030144872, 315.25634765625, 2009603, 6, 87
2020.31744492, 53.8797302702868, 123.38102091503, 315.236938476562, 2009603, 6, 87
2020.31744492, 53.8797809543792, 123.381012686599, 315.23974609375, 2009603, 6, 92
2020.31744492, 53.8798252860179, 123.381005485437, 315.246795654297, 2009603, 6, 92
2020.31744492, 53.8798632821113, 123.380999318358, 315.241088867188, 2009603, 6, 91
2020.31744492, 53.8799012538465, 123.38099313531, 315.236968994141, 2009603, 6, 91
2020.31744492, 53.8799329017573, 123.380987992179, 315.188812255859, 2009603, 6, 91
2020.31744492, 53.879964538398, 123.380982842835, 315.194122314453, 2009603, 6, 91
2020.31744492, 53.8799961699159, 123.380977690733, 315.216705322266, 2009603, 6, 91
2020.31744492, 53.8800341126369, 123.380971498875, 315.209167480469, 2009603, 6, 72
2020.31744492, 53.8800657415622, 123.380966349903, 315.244689941406, 2009603, 6, 72
2020.31744492, 53.8801036796305, 123.380960157224, 315.265930175781, 2009603, 6, 72
2020.31744492, 53.8801605825485, 123.380950864471, 315.254791259766, 2009603, 6, 72
2020.31744492, 53.880211160556, 123.380942601394, 315.265319824219, 2009603, 6, 72
2020.31744494, 53.9076080055754, 123.376480928938, 318.111022949219, 2009603, 6, 73
2020.31744494, 53.9076523463349, 123.376473551821, 318.056335449219, 2009603, 6, 73
2020.31744494, 53.9076841857652, 123.376468333292, 318.043548583984, 2009603, 6, 73
2020.31744494, 53.907709659049, 123.376464158579, 318.035522460938, 2009603, 6, 73
2020.31744494, 53.9077351363899, 123.37645998735, 318.076477050781, 2009603, 6, 73
2020.31744494, 53.9077542444801, 123.376456858641, 318.089752197266, 2009603, 6, 95
2020.31744494, 53.9077733513066, 123.376453728366, 318.093872070312, 2009603, 6, 95
2020.31744494, 53.9077924586987, 123.376450599546, 318.062835693359, 2009603, 6, 95
2020.31744494, 53.9078115692317, 123.376447474838, 318.028533935547, 2009603, 6, 95
2020.31744494, 53.9078370507328, 123.37644330612, 318.001495361328, 2009603, 6, 95
2020.31744494, 53.9078625328676, 123.376439137756, 317.990783691406, 2009603, 6, 95
2020.31744494, 53.9078943817405, 123.376433924502, 318.010772705078, 2009603, 6, 95
2020.31744494, 53.9079262356321, 123.376428715227, 318.001281738281, 2009603, 6, 95
2020.31744494, 53.9079517241679, 123.37642455344, 318.030487060547, 2009603, 6, 95
2020.31744494, 53.9079835747768, 123.376419341261, 318.013031005859, 2009603, 6, 95
2020.31744494, 53.9080090639842, 123.376415180741, 318.003356933594, 2009603, 6, 68
2020.31744494, 53.908040909522, 123.376409967709, 317.996398925781, 2009603, 6, 68
2020.31744494, 53.9080918806731, 123.376401641986, 318.098541259766, 2009603, 6, 68
2020.31744494, 53.9081683286789, 123.376389151151, 318.097961425781, 2009603, 6, 68
2020.31744497, 53.9782672461107, 123.364642117178, 330.785919189453, 2009603, 6, 88
2020.31744497, 53.9782926475591, 123.364637964125, 330.767883300781, 2009603, 6, 88
2020.31744497, 53.9783180462865, 123.364633811652, 330.765167236328, 2009603, 6, 88
2020.31744497, 53.9783370975028, 123.364630698821, 330.825531005859, 2009603, 6, 88
2020.31744497, 53.9783561425705, 123.364627582837, 330.842956542969, 2009603, 6, 88
2020.31744497, 53.9783751851834, 123.36462446397, 330.86376953125, 2009603, 6, 88
2020.31744497, 53.9783878819319, 123.364622386803, 330.880493164062, 2009603, 6, 88
2020.31744497, 53.9784069211549, 123.364619265325, 330.880950927734, 2009603, 6, 88
2020.31744497, 53.9784259605849, 123.364616144524, 330.919525146484, 2009603, 6, 88
2020.31744497, 53.9784449981558, 123.364613024304, 330.911834716797, 2009603, 6, 88
2020.31744497, 53.9784640327135, 123.364609899952, 330.913116455078, 2009603, 6, 88
2020.31744497, 53.9784830689565, 123.364606775034, 330.914276123047, 2009603, 6, 88
2020.31744497, 53.9785021006839, 123.364603647543, 330.9150390625, 2009603, 6, 96
2020.31744497, 53.9785211313959, 123.364600517558, 330.895751953125, 2009603, 6, 96
2020.31744497, 53.9785401595709, 123.364597384508, 330.908325195312, 2009603, 6, 96
2020.31744497, 53.9785591887293, 123.364594251882, 330.922607421875, 2009603, 6, 96
2020.31744497, 53.9785782146652, 123.364591115221, 330.910278320312, 2009603, 6, 96
2020.31744497, 53.9785972395462, 123.364587977672, 330.902465820312, 2009603, 6, 96
2020.31744497, 53.978616263857, 123.364584837515, 330.918395996094, 2009603, 6, 96
2020.31744497, 53.9786352863543, 123.364581694393, 330.898101806641, 2009603, 6, 96
2020.31744497, 53.9786479689581, 123.364579599273, 330.901428222656, 2009603, 6, 96
2020.31744497, 53.9786669859383, 123.36457645063, 330.894195556641, 2009603, 6, 96
2020.31744497, 53.9786796466563, 123.364574332611, 329.960662841797, 2009603, 6, 96
2020.31744497, 53.9786986830433, 123.36457119925, 330.884979248047, 2009603, 6, 96
2020.31744497, 53.9787113632245, 123.364569098403, 330.879211425781, 2009603, 6, 96
2020.31744497, 53.9787303788648, 123.364565940956, 330.876617431641, 2009603, 6, 96
2020.31744497, 53.9787493932873, 123.364562780467, 330.8662109375, 2009603, 6, 96
2020.31744497, 53.9787620725991, 123.36456067546, 330.897094726562, 2009603, 6, 79
2020.31744497, 53.9787810847497, 123.364557509418, 330.907897949219, 2009603, 6, 79
2020.31744497, 53.9787937609519, 123.364555399059, 330.882141113281, 2009603, 6, 79
2020.31744497, 53.9788127700307, 123.364552227492, 330.872436523438, 2009603, 6, 79
2020.31744497, 53.9788255362176, 123.364550400656, 330.875213623047, 2009603, 6, 79
2020.31744497, 53.978844527307, 123.364547165262, 330.892669677734, 2009603, 6, 79
2020.31744497, 53.9788571897598, 123.364545008798, 330.899475097656, 2009603, 6, 79
2020.31744497, 53.9788761765177, 123.364541767272, 330.888824462891, 2009603, 6, 79
2020.31744497, 53.9788888378802, 123.364539607051, 330.874114990234, 2009603, 6, 79
2020.31744497, 53.9789078259908, 123.364536360691, 330.875030517578, 2009603, 6, 79
2020.31744497, 53.978933144941, 123.364532031148, 330.868743896484, 2009603, 6, 79
2020.31744497, 53.9789521104748, 123.364528755921, 330.425537109375, 2009603, 6, 79
2020.31744497, 53.9789710993593, 123.364525502414, 330.451385498047, 2009603, 6, 79
2020.31744497, 53.978983797727, 123.364523372325, 330.639038085938, 2009603, 6, 79
2020.31744498, 53.9972650742204, 123.361437223432, 335.828369140625, 2009603, 6, 87
2020.31744498, 53.9972906196696, 123.36143286583, 335.808563232422, 2009603, 6, 87
2020.31744498, 53.9973161688169, 123.361428511127, 335.788940429688, 2009603, 6, 87
2020.31744498, 53.9973481013862, 123.361423063071, 335.782073974609, 2009603, 6, 87
2020.31744498, 53.9973736479216, 123.361418705065, 335.754669189453, 2009603, 6, 87
2020.31744498, 53.9973991923584, 123.361414348637, 335.758605957031, 2009603, 6, 87
2020.31744498, 53.9974247407588, 123.361409993714, 335.784759521484, 2009603, 6, 87
2020.31744498, 53.9974502880019, 123.361405638758, 335.799163818359, 2009603, 6, 87
2020.31744498, 53.9974758322101, 123.361401283361, 335.790069580078, 2009603, 6, 87
2020.31744506, 54.1627530969497, 123.334170091396, 377.913177490234, 2009603, 6, 70
2020.31744506, 54.1627913605386, 123.334163780404, 377.884033203125, 2009603, 6, 70
2020.31744506, 54.162816868351, 123.33415957475, 377.864349365234, 2009603, 6, 70
2020.31744506, 54.1628423720715, 123.334155369327, 377.900573730469, 2009603, 6, 70
2020.31744506, 54.1628614988876, 123.33415221723, 377.936401367188, 2009603, 6, 70
2020.31744506, 54.1628805990631, 123.334149042083, 377.046783447266, 2009603, 6, 70
2020.31744506, 54.1628933668872, 123.33414695943, 377.992767333984, 2009603, 6, 70
2020.31744506, 54.1629188526059, 123.334142751065, 378.024017333984, 2009603, 6, 70
2020.31744506, 54.1629379646927, 123.334139594995, 378.010650634766, 2009603, 6, 70
2020.31744506, 54.162957071746, 123.334136437829, 378.005767822266, 2009603, 6, 70
2020.31744506, 54.1629761802819, 123.334133282819, 378.006530761719, 2009603, 6, 70
2020.31744506, 54.1629952814781, 123.334130125603, 378.002105712891, 2009603, 6, 70
2020.31744506, 54.1630207431564, 123.334125914753, 378.009063720703, 2009603, 6, 79
2020.31744506, 54.1630398373298, 123.334122756384, 378.015747070312, 2009603, 6, 79
2020.31744506, 54.1630589280723, 123.334119597552, 378.0146484375, 2009603, 6, 79
2020.31744506, 54.1630780157629, 123.334116438815, 378.019622802734, 2009603, 6, 79
2020.31744506, 54.1630974087916, 123.33411322533, 377.997375488281, 2009603, 6, 79
2020.31744506, 54.1631227688373, 123.334109025839, 378.022033691406, 2009603, 6, 79
2020.31744506, 54.1631417848855, 123.334105877806, 378.015319824219, 2009603, 6, 79
2020.31744506, 54.1631671319223, 123.334101675877, 378.020263671875, 2009603, 6, 79
2020.31744506, 54.1631861411841, 123.334098526714, 378.039886474609, 2009603, 6, 79
2020.31744506, 54.1632114778519, 123.334094322952, 378.012573242188, 2009603, 6, 79
2020.31744506, 54.1632304741829, 123.334091170194, 377.992248535156, 2009603, 6, 79
2020.31744506, 54.1632431413874, 123.334089070383, 377.978515625, 2009603, 6, 79
2020.31744508, 54.190509881901, 123.32962241058, 382.094604492188, 2009603, 6, 78
2020.31744508, 54.1905480259533, 123.329616141235, 382.055603027344, 2009603, 6, 78
2020.31744508, 54.1905734588356, 123.329611959051, 382.041015625, 2009603, 6, 78
2020.31744508, 54.1905925358085, 123.329608822347, 382.074279785156, 2009603, 6, 78
2020.31744508, 54.1906115914774, 123.329605659127, 381.200134277344, 2009603, 6, 78
2020.31744508, 54.1906434059428, 123.329600434709, 382.137969970703, 2009603, 6, 78
2020.31744508, 54.1906624803092, 123.329597282883, 382.120269775391, 2009603, 6, 78
2020.31744508, 54.1906752013191, 123.329595183977, 382.105102539062, 2009603, 6, 78
2020.31744508, 54.1907006370214, 123.32959097589, 382.075592041016, 2009603, 6, 78
2020.31744508, 54.1907260765342, 123.329586766329, 382.022979736328, 2009603, 6, 78
2020.31744508, 54.1907515178466, 123.329582553396, 382.024322509766, 2009603, 6, 95
2020.31744508, 54.1907769629096, 123.32957833913, 382.023132324219, 2009603, 6, 95
2020.31744508, 54.1908024037354, 123.329574118999, 382.002563476562, 2009603, 6, 95
2020.31744508, 54.190834207544, 123.3295688356, 381.992401123047, 2009603, 6, 95
2020.31744508, 54.1908596563554, 123.329564609368, 382.006683349609, 2009603, 6, 95
2020.31744508, 54.1908851058858, 123.329560380365, 382.000946044922, 2009603, 6, 95
2020.31744508, 54.1909169124197, 123.329555081135, 381.992523193359, 2009603, 6, 95
2020.31744508, 54.1909423671699, 123.329550846351, 382.003784179688, 2009603, 6, 95
2020.31744508, 54.1909678187068, 123.329546604196, 381.998382568359, 2009603, 6, 95
2020.31744508, 54.1909932715542, 123.329542359294, 381.996856689453, 2009603, 6, 95
2020.31744508, 54.1910187235786, 123.329538112885, 381.991149902344, 2009603, 6, 92
2020.31744508, 54.1910505395939, 123.329532796524, 382.022827148438, 2009603, 6, 92
2020.31744508, 54.1910760890191, 123.329528680072, 382.009490966797, 2009603, 6, 92
2020.31744508, 54.1911015209325, 123.32952438539, 382.034515380859, 2009603, 6, 92
2020.31744508, 54.1911333081256, 123.329519009749, 382.031707763672, 2009603, 6, 92
2020.31744508, 54.1911587397599, 123.329514708749, 382.031341552734, 2009603, 6, 92
2020.31744508, 54.1911841743667, 123.329510406663, 382.046569824219, 2009603, 6, 92
2020.31744508, 54.1912096092564, 123.32950610226, 382.031921386719, 2009603, 6, 92
2020.31744508, 54.1912286880237, 123.329502877107, 382.054565429688, 2009603, 6, 92
