2021.55002528, 51.3810544379148, 139.203177033709, 11.3152132034302, 2009603, 1, 93
2021.55002528, 51.3804128556844, 139.20307967283, 11.3081521987915, 2009603, 1, 88
2021.55002528, 51.3800378639068, 139.20302139884, 11.3086051940918, 2009603, 1, 88
2021.55002528, 51.3796629495803, 139.202961933422, 11.3231048583984, 2009603, 1, 88
2021.55002528, 51.3792625113936, 139.202897757272, 11.300145149231, 2009603, 1, 87
2021.55002528, 51.3788996673595, 139.202840157315, 11.322226524353, 2009603, 1, 89
2021.55002528, 51.3784403637887, 139.202768993771, 11.2961654663086, 2009603, 1, 95
2021.55002528, 51.3778719633588, 139.202683366848, 11.3145294189453, 2009603, 1, 96
2021.5500253, 51.3460694461326, 139.197774722599, 11.4428949356079, 2009603, 1, 96
2021.5500253, 51.3438878877037, 139.197439730368, 11.4492044448853, 2009603, 1, 97
2021.5500253, 51.3414139659005, 139.197056088435, 11.4383296966553, 2009603, 1, 98
2021.5500253, 51.3392616008189, 139.196723394316, 11.4575319290161, 2009603, 1, 97
2021.5500253, 51.3379211496497, 139.196508500058, 11.4601821899414, 2009603, 1, 97
2021.55002529, 51.3813987741827, 139.202019746437, 11.3225593566895, 2009603, 2, 88
2021.55002529, 51.3812783326767, 139.20200159205, 11.3383178710938, 2009603, 2, 88
2021.55002529, 51.3811579406499, 139.201983423742, 11.2912673950195, 2009603, 2, 94
2021.55002529, 51.3810755903676, 139.201970985155, 11.3043117523193, 2009603, 2, 94
2021.55002529, 51.380961557706, 139.201953626749, 11.3272123336792, 2009603, 2, 94
2021.55002529, 51.3807968402168, 139.20192846531, 11.3073110580444, 2009603, 2, 94
2021.55002529, 51.3806891065102, 139.201911909771, 11.2843885421753, 2009603, 2, 92
2021.55002529, 51.3805876712987, 139.201896228507, 11.2978372573853, 2009603, 2, 92
2021.55002529, 51.3804798456851, 139.201879497279, 11.3052015304565, 2009603, 2, 91
2021.55002529, 51.380391006278, 139.201865660567, 11.2967023849487, 2009603, 2, 91
2021.55002529, 51.3803084623005, 139.201852719725, 11.3269157409668, 2009603, 2, 91
2021.55002529, 51.3801813931301, 139.201832748149, 11.3148603439331, 2009603, 2, 88
2021.55002529, 51.3800478000686, 139.201811535693, 11.3207330703735, 2009603, 2, 88
2021.55002529, 51.3799458228722, 139.201795105655, 11.3192472457886, 2009603, 2, 89
2021.55002529, 51.3797991428882, 139.201771516553, 11.3385534286499, 2009603, 2, 89
2021.55002529, 51.3796140518291, 139.201741669014, 11.3317356109619, 2009603, 2, 89
2021.55002529, 51.3793458458982, 139.20169863364, 11.3161659240723, 2009603, 2, 88
2021.55002529, 51.3791733960313, 139.201671118775, 11.3072719573975, 2009603, 2, 88
2021.55002529, 51.3790329215952, 139.201648939553, 11.2997903823853, 2009603, 2, 88
2021.55002529, 51.3789307821425, 139.201632871902, 11.3206014633179, 2009603, 2, 88
2021.55002529, 51.3786565513278, 139.201590563245, 11.3352565765381, 2009603, 2, 92
2021.55002529, 51.3780075320042, 139.201492586972, 11.3332080841064, 2009603, 2, 95
2021.55002529, 51.377157312364, 139.201362410855, 11.3072452545166, 2009603, 2, 93
2021.55002529, 51.3727766429058, 139.200688833625, 11.331262588501, 2009603, 2, 95
2021.55002531, 51.3464236783915, 139.196574420606, 11.4168891906738, 2009603, 2, 64
2021.55002531, 51.3463227081085, 139.196558111526, 11.4279470443726, 2009603, 2, 64
2021.55002531, 51.3461332218537, 139.196527768064, 11.3971185684204, 2009603, 2, 95
2021.55002531, 51.345911784509, 139.196492869532, 11.4213180541992, 2009603, 2, 97
2021.55002531, 51.3457279079052, 139.19646441643, 11.450267791748, 2009603, 2, 97
2021.55002531, 51.3455115237282, 139.196431936192, 11.4511318206787, 2009603, 2, 97
2021.55002531, 51.3451927141533, 139.196384794302, 11.4485750198364, 2009603, 2, 95
2021.55002531, 51.3443760981873, 139.196263761929, 11.4477987289429, 2009603, 2, 95
2021.55002531, 51.3424613777518, 139.195962480172, 11.4697132110596, 2009603, 2, 98
2021.55002531, 51.3412276636913, 139.195762699036, 11.4472141265869, 2009603, 2, 97
2021.55002531, 51.3406728701367, 139.195672964978, 11.4666891098022, 2009603, 2, 97
2021.55002531, 51.3402270988741, 139.195601534298, 11.467830657959, 2009603, 2, 98
2021.55002531, 51.3393609920975, 139.195463909287, 11.4442577362061, 2009603, 2, 98
2021.55002531, 51.3385456352225, 139.195334624052, 11.4470825195312, 2009603, 2, 97
2021.55002531, 51.3380883944639, 139.195261841588, 11.4699335098267, 2009603, 2, 97
2021.55002531, 51.3373731913757, 139.195147935615, 11.4390850067139, 2009603, 2, 97
2021.55002531, 51.3369679085139, 139.195083940619, 11.4378328323364, 2009603, 2, 98
2021.55002531, 51.336707757017, 139.195043148285, 11.4309501647949, 2009603, 2, 98
2021.55002531, 51.3363326662343, 139.194984841258, 11.4303350448608, 2009603, 2, 98
2021.55002531, 51.3350589595779, 139.194791176494, 11.4671993255615, 2009603, 2, 99
2021.55002531, 51.3329613447039, 139.194450456816, 11.4593601226807, 2009603, 2, 98
2021.55002531, 51.3319342648665, 139.194289938173, 11.4646310806274, 2009603, 2, 97
2021.55002531, 51.3315351493563, 139.194228534299, 11.4710597991943, 2009603, 2, 83
2021.55002527, 51.3954415862442, 139.158927386514, 10.5863571166992, 1333633, 3, 61
2021.55002527, 51.3952953688116, 139.158904951176, 10.5975141525269, 1333633, 3, 61
2021.55002527, 51.3951429378838, 139.158881422436, 10.611403465271, 1333633, 3, 74
2021.55002527, 51.3949969518757, 139.158858784411, 10.5998802185059, 1333633, 3, 79
2021.55002527, 51.3948510188452, 139.158836080816, 10.596173286438, 1333633, 3, 79
2021.55002527, 51.3946607056749, 139.158806400652, 10.643256187439, 1333633, 3, 73
2021.55002527, 51.3943689143924, 139.158760814326, 10.6200227737427, 1333633, 3, 52
2021.55002528, 51.3799285766196, 139.156534938426, 10.8345146179199, 2009603, 3, 57
2021.55002528, 51.3797819466604, 139.156512314234, 10.7973899841309, 2009603, 3, 57
2021.55002528, 51.3796672582262, 139.156494598549, 10.8051290512085, 2009603, 3, 81
2021.55002528, 51.3795526380458, 139.156476878968, 10.8043518066406, 2009603, 3, 81
2021.55002528, 51.3794380953621, 139.156459154464, 10.8157386779785, 2009603, 3, 86
2021.55002528, 51.3793236288631, 139.156441435297, 10.8139362335205, 2009603, 3, 86
2021.55002528, 51.379209243805, 139.15642372065, 10.8163385391235, 2009603, 3, 68
2021.55002528, 51.3790949075495, 139.156406028296, 10.7749624252319, 2009603, 3, 68
2021.55002528, 51.3789681256361, 139.156386328478, 10.8142385482788, 2009603, 3, 68
2021.55002528, 51.378784421085, 139.156357816371, 10.8187522888184, 2009603, 3, 68
2021.55002528, 51.3752071639543, 139.155812551123, 11.4849195480347, 2009603, 3, 58
2021.55002528, 51.374865004663, 139.155759271574, 11.4662914276123, 2009603, 3, 92
2021.55002528, 51.3746050443279, 139.155719034212, 11.4719839096069, 2009603, 3, 95
2021.55002528, 51.374370110964, 139.155682954894, 11.4995889663696, 2009603, 3, 96
2021.55002528, 51.3738475519868, 139.155604062001, 11.4927883148193, 2009603, 3, 96
2021.55002528, 51.373175448976, 139.155504105131, 11.4558591842651, 2009603, 3, 95
2021.55002528, 51.3721623448212, 139.15534722604, 11.4672870635986, 2009603, 3, 95
2021.55002529, 51.364599941937, 139.154185782728, 11.5086574554443, 2009603, 3, 70
2021.55002529, 51.3641406522562, 139.154116415599, 11.5458974838257, 2009603, 3, 78
2021.55002529, 51.3635115733436, 139.154020097071, 11.5057182312012, 2009603, 3, 87
2021.55002529, 51.3603088361178, 139.153530027941, 11.525749206543, 2009603, 3, 95
2021.5500253, 51.3470359007045, 139.151495333366, 11.5440015792847, 2009603, 3, 79
2021.5500253, 51.3464963768163, 139.151410032562, 11.5540971755981, 2009603, 3, 95
2021.5500253, 51.3448198597555, 139.151158730226, 11.5652370452881, 2009603, 3, 96
2021.5500253, 51.3424101102994, 139.15078066484, 11.5697917938232, 2009603, 3, 98
2021.5500253, 51.3400893206378, 139.150421127515, 11.5540456771851, 2009603, 3, 97
2021.5500253, 51.3382689546999, 139.150140400031, 11.586145401001, 2009603, 3, 98
2021.5500253, 51.3372371952505, 139.149977923722, 11.571590423584, 2009603, 3, 97
2021.55002528, 51.3952492653835, 139.157639879131, 10.605450630188, 1333633, 4, 58
2021.55002528, 51.3951988246819, 139.157632406838, 10.6020441055298, 1333633, 4, 58
2021.55002528, 51.3951546797026, 139.157625865193, 10.6092948913574, 1333633, 4, 58
2021.55002528, 51.3951168302015, 139.157620251909, 10.6019992828369, 1333633, 4, 58
2021.55002528, 51.3950726831666, 139.157613711951, 10.5955638885498, 1333633, 4, 58
2021.55002528, 51.3950348298064, 139.157608099529, 10.5968179702759, 1333633, 4, 58
2021.55002528, 51.3949969712376, 139.15760248398, 10.5989742279053, 1333633, 4, 77
2021.55002528, 51.3949590959084, 139.157596857382, 10.5966892242432, 1333633, 4, 77
2021.55002528, 51.3949149117914, 139.157590297236, 10.6079425811768, 1333633, 4, 77
2021.55002528, 51.3948770240391, 139.157584662473, 10.5937490463257, 1333633, 4, 77
2021.55002528, 51.3948391290513, 139.15757902214, 10.5996532440186, 1333633, 4, 77
2021.55002528, 51.3948012203128, 139.157573372742, 10.6052541732788, 1333633, 4, 77
2021.55002528, 51.3947633017732, 139.157567715388, 10.6112689971924, 1333633, 4, 77
2021.55002528, 51.3947253696271, 139.157562048001, 10.6013860702515, 1333633, 4, 82
2021.55002528, 51.3946876631619, 139.157556563987, 10.6098184585571, 1333633, 4, 82
2021.55002528, 51.3946432654464, 139.157549833879, 10.6548976898193, 1333633, 4, 82
2021.55002528, 51.39459249621, 139.157542120681, 10.6506948471069, 1333633, 4, 82
2021.55002528, 51.3945290110591, 139.15753245768, 10.6530656814575, 1333633, 4, 82
2021.55002528, 51.3944654939327, 139.157522766774, 10.6542882919312, 1333633, 4, 74
2021.55002528, 51.3944146568476, 139.157514991506, 10.6372079849243, 1333633, 4, 74
2021.55002528, 51.394363809399, 139.15750720532, 10.6191930770874, 1333633, 4, 74
2021.55002528, 51.3943256572284, 139.157501350755, 10.6015291213989, 1333633, 4, 74
2021.55002528, 51.3942811345091, 139.157494508235, 10.6147117614746, 1333633, 4, 75
2021.55002529, 51.3792325592303, 139.155190138965, 10.7831983566284, 2009603, 4, 77
2021.55002529, 51.3792008033062, 139.155185249355, 10.7958316802979, 2009603, 4, 77
2021.55002529, 51.3791753946832, 139.155181335694, 10.7853574752808, 2009603, 4, 77
2021.55002529, 51.3791499779869, 139.155177414414, 10.794376373291, 2009603, 4, 77
2021.55002529, 51.3791245665658, 139.155173497614, 10.7910470962524, 2009603, 4, 77
2021.55002529, 51.3790928043913, 139.155168602848, 10.7836036682129, 2009603, 4, 77
2021.55002529, 51.3790673910543, 139.155164683835, 10.7901945114136, 2009603, 4, 77
2021.55002529, 51.3790419766919, 139.155160762996, 10.7922353744507, 2009603, 4, 77
2021.55002529, 51.3790165587238, 139.155156838252, 10.7910814285278, 2009603, 4, 77
2021.55002529, 51.3789911424937, 139.155152915491, 10.7858123779297, 2009603, 4, 77
2021.55002529, 51.3789593737222, 139.155148012228, 10.7877683639526, 2009603, 4, 77
2021.55002529, 51.3789339517302, 139.155144082776, 10.8128910064697, 2009603, 4, 77
2021.55002529, 51.3789021791489, 139.155139174349, 10.7931184768677, 2009603, 4, 77
2021.55002529, 51.3788704048238, 139.15513426315, 10.8093872070312, 2009603, 4, 77
2021.55002529, 51.3788386292539, 139.155129349435, 10.8076152801514, 2009603, 4, 77
2021.55002529, 51.3788068595319, 139.155124436858, 10.8152351379395, 2009603, 4, 77
2021.55002529, 51.3787750773367, 139.155119514516, 10.8426713943481, 2009603, 4, 77
2021.55002529, 51.3787369480997, 139.155113612448, 10.8458271026611, 2009603, 4, 92
2021.55002529, 51.3787051660852, 139.155108685854, 10.7941884994507, 2009603, 4, 92
2021.55002529, 51.3786733890435, 139.155103760356, 10.80735206604, 2009603, 4, 92
2021.55002529, 51.3786416139659, 139.15509883473, 10.7721004486084, 2009603, 4, 92
2021.55002529, 51.3786161869625, 139.155094887096, 10.789439201355, 2009603, 4, 92
2021.55002529, 51.3785907666773, 139.155090941339, 10.7934646606445, 2009603, 4, 92
2021.55002529, 51.3785653430192, 139.15508699311, 10.7916297912598, 2009603, 4, 92
2021.55002529, 51.378539920185, 139.155083043859, 10.7852163314819, 2009603, 4, 92
2021.55002529, 51.3785081448544, 139.155078107391, 10.7923927307129, 2009603, 4, 92
2021.55002529, 51.3784827215487, 139.155074153893, 10.7855739593506, 2009603, 4, 85
2021.55002529, 51.378457298151, 139.155070197998, 10.7909994125366, 2009603, 4, 85
2021.55002529, 51.3784318718265, 139.155066238564, 10.7733278274536, 2009603, 4, 85
2021.55002529, 51.3784000981601, 139.155061293857, 10.7863283157349, 2009603, 4, 85
2021.55002529, 51.3783746699072, 139.155057327582, 10.8194971084595, 2009603, 4, 85
2021.55002529, 51.3783429000851, 139.155052380582, 10.8024835586548, 2009603, 4, 85
2021.55002529, 51.3783111226292, 139.155047424091, 10.8035192489624, 2009603, 4, 85
2021.55002529, 51.3782856948553, 139.155043452744, 10.796612739563, 2009603, 4, 85
2021.55002529, 51.3782539214659, 139.155038494589, 10.7959003448486, 2009603, 4, 85
2021.55002529, 51.3751440915859, 139.15456022645, 11.4761142730713, 2009603, 4, 52
2021.55002529, 51.3748661305281, 139.154520777475, 11.4791107177734, 2009603, 4, 83
2021.55002529, 51.3745123586219, 139.154469135257, 11.4595699310303, 2009603, 4, 93
2021.55002529, 51.3743353001893, 139.154442732144, 11.4815244674683, 2009603, 4, 95
2021.55002529, 51.3742403838618, 139.154427797783, 11.4761714935303, 2009603, 4, 96
2021.55002529, 51.3741073887657, 139.154406580189, 11.4958820343018, 2009603, 4, 96
2021.55002529, 51.3739679108425, 139.154384014968, 11.4717960357666, 2009603, 4, 96
2021.55002529, 51.373790146217, 139.154354897196, 11.4678297042847, 2009603, 4, 96
2021.55002529, 51.3736629988359, 139.154333903967, 11.4729642868042, 2009603, 4, 95
2021.55002529, 51.3735357134706, 139.154312820699, 11.4904003143311, 2009603, 4, 95
2021.5500253, 51.3731530697988, 139.154249556099, 11.4893674850464, 2009603, 4, 96
2021.5500253, 51.3727115120948, 139.154178469268, 11.480975151062, 2009603, 4, 96
2021.5500253, 51.3723851657872, 139.154127578717, 11.4506788253784, 2009603, 4, 95
2021.5500253, 51.3719516693558, 139.154061686597, 11.459644317627, 2009603, 4, 95
2021.5500253, 51.3712062515507, 139.153951061478, 11.4675531387329, 2009603, 4, 94
2021.5500253, 51.3704267405353, 139.153833930976, 11.4952926635742, 2009603, 4, 90
2021.5500253, 51.3650103755129, 139.152993467212, 11.5287618637085, 2009603, 4, 52
2021.5500253, 51.3649341376893, 139.152982238156, 11.5173110961914, 2009603, 4, 52
2021.5500253, 51.3648705846176, 139.152972881835, 11.5225982666016, 2009603, 4, 52
2021.5500253, 51.3648133773122, 139.152964464218, 11.5249996185303, 2009603, 4, 52
2021.5500253, 51.3647561556182, 139.152956039894, 11.5019693374634, 2009603, 4, 52
2021.5500253, 51.3647116352069, 139.152949475907, 11.4891214370728, 2009603, 4, 76
2021.5500253, 51.3646607325419, 139.152941951751, 11.5015392303467, 2009603, 4, 76
2021.5500253, 51.3645970962504, 139.152932532115, 11.5125865936279, 2009603, 4, 76
2021.5500253, 51.3645015893467, 139.152918329998, 11.5059871673584, 2009603, 4, 76
2021.5500253, 51.3643231744006, 139.152891548948, 11.5140018463135, 2009603, 4, 78
2021.5500253, 51.3640743851594, 139.152853527092, 11.4984359741211, 2009603, 4, 82
2021.5500253, 51.3637674014889, 139.152804371119, 11.5207777023315, 2009603, 4, 85
2021.5500253, 51.3631348491876, 139.152701461192, 11.5213298797607, 2009603, 4, 92
2021.5500253, 51.3624993440695, 139.152600533709, 11.5177268981934, 2009603, 4, 93
2021.5500253, 51.3597330603226, 139.152173471309, 11.5443544387817, 2009603, 4, 77
2021.55002531, 51.3476978944999, 139.150304109362, 11.5266265869141, 2009603, 4, 74
2021.55002531, 51.3474636063676, 139.150268707195, 11.545557975769, 2009603, 4, 94
2021.55002531, 51.3472291473949, 139.150234591917, 11.5416440963745, 2009603, 4, 96
2021.55002531, 51.3470262292418, 139.15020532921, 11.5322856903076, 2009603, 4, 96
2021.55002531, 51.3468549042676, 139.1501805949, 11.5339984893799, 2009603, 4, 97
2021.55002531, 51.3466453707592, 139.150150059831, 11.5409650802612, 2009603, 4, 97
2021.55002531, 51.3461495118534, 139.15007505701, 11.5535449981689, 2009603, 4, 97
2021.55002531, 51.3456596614092, 139.149995933766, 11.5410385131836, 2009603, 4, 96
2021.55002531, 51.3444945433986, 139.149798325061, 11.5285263061523, 2009603, 4, 96
2021.55002531, 51.3436363963864, 139.149662296797, 11.5473546981812, 2009603, 4, 98
2021.55002531, 51.3431293934629, 139.149589430396, 11.5453290939331, 2009603, 4, 98
2021.55002531, 51.3424516721498, 139.149490970845, 11.5238819122314, 2009603, 4, 96
2021.55002531, 51.3417756654942, 139.149384461849, 11.537109375, 2009603, 4, 96
2021.55002531, 51.3407643972344, 139.149222844394, 11.5244235992432, 2009603, 4, 98
2021.55002531, 51.3400134198648, 139.149105717305, 11.5356245040894, 2009603, 4, 97
2021.55002531, 51.3392610952699, 139.148988476484, 11.5665864944458, 2009603, 4, 97
2021.55002531, 51.3386879618356, 139.148898585225, 11.5475988388062, 2009603, 4, 98
2021.55002531, 51.3383956882619, 139.148852505666, 11.5591592788696, 2009603, 4, 98
2021.55002531, 51.3380081952578, 139.148791280513, 11.5131807327271, 2009603, 4, 98
2021.55002531, 51.3377667003677, 139.148753120333, 11.5588703155518, 2009603, 4, 98
2021.55002531, 51.3375950139166, 139.148726023256, 11.5549993515015, 2009603, 4, 97
2021.55002531, 51.3374296874309, 139.148700029859, 11.5499000549316, 2009603, 4, 97
2021.55002531, 51.3371874202472, 139.148661765711, 11.5457487106323, 2009603, 4, 96
2021.55002531, 51.3368558038146, 139.148609764088, 11.55482006073, 2009603, 4, 96
2021.55002528, 51.390932248737, 139.111733437728, 11.4981451034546, 2009603, 5, 71
2021.55002528, 51.3756190044647, 139.1093980293, 11.4983034133911, 2009603, 5, 72
2021.55002529, 51.3919669831443, 139.11069456667, 11.4437417984009, 2009603, 6, 68
2021.55002529, 51.3919288126155, 139.110688557486, 11.4511680603027, 2009603, 6, 68
2021.55002529, 51.3918906319378, 139.11068255259, 11.4692850112915, 2009603, 6, 68
2021.55002529, 51.3918524384931, 139.110676563404, 11.4650716781616, 2009603, 6, 68
2021.55002529, 51.3918078831014, 139.110669521944, 11.4425840377808, 2009603, 6, 68
2021.55002529, 51.3917569359854, 139.11066151052, 11.470630645752, 2009603, 6, 68
2021.55002529, 51.3916868620281, 139.110650492205, 11.4707803726196, 2009603, 6, 72
2021.55002529, 51.3915785168754, 139.110633468646, 11.4892835617065, 2009603, 6, 72
2021.55002529, 51.3761714663501, 139.108292242995, 11.5129423141479, 2009603, 6, 79
2021.55002529, 51.3754925712513, 139.108184869491, 11.5118751525879, 2009603, 6, 64
2021.55002529, 51.375409868044, 139.108171805634, 11.4683990478516, 2009603, 6, 64
2021.55002529, 51.375371696501, 139.10816575967, 11.4497594833374, 2009603, 6, 64
2021.55002529, 51.3753398748442, 139.108160744985, 11.4453830718994, 2009603, 6, 64
2021.55002529, 51.375308042346, 139.108155751138, 11.4380788803101, 2009603, 6, 64
2021.55002529, 51.375269850505, 139.108149728781, 11.4729595184326, 2009603, 6, 64
2021.5500253, 51.3705074360566, 139.107417851241, 11.6084041595459, 2009603, 6, 90
2021.5500253, 51.37004069454, 139.107343760417, 11.6069278717041, 2009603, 6, 96
2021.5500253, 51.365210569852, 139.106612250585, 11.6422472000122, 2009603, 6, 52
2021.5500253, 51.3646646522018, 139.106527473761, 11.6454257965088, 2009603, 6, 63
2021.5500253, 51.355843827079, 139.105163515692, 11.6597366333008, 2009603, 6, 98
2021.55002531, 51.3545451047676, 139.104964043775, 11.6467885971069, 2009603, 6, 99
