2018.85144552, 49.2172552765822, 118.636349151303, 573.068176269531, 2009588, 1, 79
2018.85144358, 53.1207042392585, 119.242105201548, 375.392150878906, 2009603, 2, 86
2018.85144358, 53.1194672992483, 119.241896466035, 375.410949707031, 2009603, 2, 90
2018.85144358, 53.1166555192163, 119.241432481077, 375.490051269531, 2009603, 2, 93
2018.85144359, 53.1146944837047, 119.241097190158, 375.479461669922, 2009603, 2, 91
2018.85144359, 53.113778611287, 119.24094844921, 375.524688720703, 2009603, 2, 93
2018.85144359, 53.1131872771957, 119.24084913505, 375.529876708984, 2009603, 2, 92
2018.85144359, 53.1120744249271, 119.240657966319, 375.571136474609, 2009603, 2, 59
2018.85144516, 49.9473472192375, 118.744459278326, 525.08837890625, 2009588, 2, 66
2018.85144553, 49.2173893140183, 118.635438308335, 573.072143554688, 2009588, 2, 81
2018.85144553, 49.2172802697162, 118.635423097448, 573.096252441406, 2009588, 2, 81
2018.85144359, 53.0854355196879, 119.189104556402, 377.133056640625, 2009603, 3, 67
2018.85144359, 53.0833829670453, 119.188757034394, 377.139373779297, 2009603, 3, 94
2018.85144359, 53.0821515499841, 119.188549524677, 377.184722900391, 2009603, 3, 90
2018.85144547, 49.3149385935211, 118.606507845271, 568.401245117188, 2009588, 3, 66
2018.85144547, 49.3059057169596, 118.605216439699, 568.665283203125, 2009588, 3, 88
2018.85144548, 49.2962546731342, 118.603812042332, 569.512634277344, 2009588, 3, 94
2018.85144548, 49.2959042481099, 118.603761558968, 569.510986328125, 2009588, 3, 82
2018.8514436, 53.0843009736452, 119.187570568897, 377.160278320312, 2009603, 4, 92
2018.8514436, 53.0835144814769, 119.187432739033, 377.159545898438, 2009603, 4, 93
2018.8514436, 53.0829084993438, 119.187328605019, 377.204437255859, 2009603, 4, 92
2018.8514436, 53.0814553731584, 119.187099706072, 377.241912841797, 2009603, 4, 93
2018.8514436, 53.080880390559, 119.187001917449, 377.102722167969, 2009603, 4, 91
2018.85144516, 49.9495901200885, 118.6997243337, 525.475219726562, 2009588, 4, 51
2018.85144548, 49.3162381203266, 118.605657165583, 568.340576171875, 2009588, 4, 82
2018.85144548, 49.3161300150716, 118.605640914052, 568.363647460938, 2009588, 4, 82
2018.85144548, 49.3159250694769, 118.605610824233, 568.401672363281, 2009588, 4, 90
2018.85144548, 49.3157005686014, 118.605578225127, 568.376098632812, 2009588, 4, 90
2018.85144548, 49.3155208641526, 118.605552269495, 568.373779296875, 2009588, 4, 90
2018.85144548, 49.3153027597176, 118.605520933592, 568.396484375, 2009588, 4, 91
2018.85144548, 49.3150337888299, 118.605482364043, 568.371704101562, 2009588, 4, 71
2018.85144549, 49.3058838222427, 118.604129451374, 568.76953125, 2009588, 4, 65
2018.85144549, 49.3057815948494, 118.604113738201, 568.759887695312, 2009588, 4, 65
2018.85144549, 49.3056410171516, 118.60409197285, 568.715454101562, 2009588, 4, 86
2018.85144549, 49.2964056245167, 118.602698534043, 569.517822265625, 2009588, 4, 78
2018.85144549, 49.2962850025965, 118.602679062207, 569.506225585938, 2009588, 4, 78
2018.85144549, 49.2961705661597, 118.602660920507, 569.460205078125, 2009588, 4, 85
2018.85144549, 49.2960878100014, 118.602647980105, 569.490661621094, 2009588, 4, 85
2018.85144549, 49.2959858578832, 118.602632296392, 569.538024902344, 2009588, 4, 78
2018.85144549, 49.2958582960112, 118.602613165634, 569.557983398438, 2009588, 4, 78
2018.85144549, 49.2957625320544, 118.602599029207, 569.518371582031, 2009588, 4, 78
2018.85144549, 49.2956668075755, 118.602585948441, 569.503356933594, 2009588, 4, 85
2018.85144549, 49.2955199053452, 118.602566230292, 569.513671875, 2009588, 4, 85
2018.85144549, 49.2952577089248, 118.602531632638, 569.467407226562, 2009588, 4, 60
2018.85144613, 48.01397944787, 118.416172394116, 625.967651367188, 2006420, 4, 52
2018.85144613, 48.0139343061439, 118.416166119196, 625.947082519531, 2006420, 4, 52
2018.85144613, 48.0138956068262, 118.416160666159, 625.974975585938, 2006420, 4, 52
2018.85144613, 48.0138311793761, 118.416151709277, 626.134887695312, 2006420, 4, 52
2018.85144363, 52.9992649220906, 119.127047194849, 381.214172363281, 2009603, 5, 58
2018.85144363, 52.9990673615222, 119.127017168804, 381.175415039062, 2009603, 5, 87
2018.85144363, 52.998946359804, 119.126998880027, 381.180267333984, 2009603, 5, 66
2018.85144363, 52.9988381546459, 119.126982551755, 381.151977539062, 2009603, 5, 66
2018.85144363, 52.9987363655472, 119.126967188296, 381.189270019531, 2009603, 5, 85
2018.85144363, 52.9986409876343, 119.126952779719, 381.176086425781, 2009603, 5, 85
2018.85144363, 52.9985329459481, 119.126936421614, 381.194000244141, 2009603, 5, 85
2018.85144363, 52.9984249654688, 119.126920001515, 381.173400878906, 2009603, 5, 90
2018.85144363, 52.9983106940887, 119.126902537241, 381.173187255859, 2009603, 5, 90
2018.85144363, 52.9981964882518, 119.126884973747, 381.183715820312, 2009603, 5, 93
2018.85144363, 52.9980886794031, 119.126868267545, 381.185516357422, 2009603, 5, 93
2018.85144363, 52.9979809220866, 119.126851446044, 381.179016113281, 2009603, 5, 92
2018.85144363, 52.9978668643659, 119.126833297488, 381.179840087891, 2009603, 5, 92
2018.85144363, 52.9977528539177, 119.126815016829, 381.177673339844, 2009603, 5, 92
2018.85144363, 52.9976452133779, 119.126797641674, 381.176879882812, 2009603, 5, 92
2018.85144363, 52.9975376050259, 119.1267801872, 381.172058105469, 2009603, 5, 92
2018.85144363, 52.9974236922852, 119.126761622165, 381.180847167969, 2009603, 5, 93
2018.85144363, 52.9973224531626, 119.126745050967, 381.210083007812, 2009603, 5, 93
2018.85144363, 52.9971832643261, 119.12672222635, 381.215179443359, 2009603, 5, 94
2018.85144363, 52.9970061161833, 119.126693076047, 381.215667724609, 2009603, 5, 94
2018.85144363, 52.9968922223254, 119.126674346667, 381.187683105469, 2009603, 5, 93
2018.85144363, 52.9967719335776, 119.12665454392, 381.204681396484, 2009603, 5, 93
2018.85144363, 52.9966264215053, 119.12663073748, 381.243499755859, 2009603, 5, 94
2018.85144363, 52.9964998235719, 119.126610091192, 381.203125, 2009603, 5, 94
2018.85144364, 52.9963921509466, 119.126592585711, 381.205505371094, 2009603, 5, 94
2018.85144364, 52.9962463705068, 119.126568986535, 381.216918945312, 2009603, 5, 94
2018.85144364, 52.9960940990698, 119.126544478891, 381.248413085938, 2009603, 5, 94
2018.85144364, 52.9959162354773, 119.126516034143, 381.217437744141, 2009603, 5, 92
2018.85144364, 52.9957508598001, 119.126489775065, 381.239074707031, 2009603, 5, 93
2018.85144364, 52.9954897195135, 119.126448602282, 381.24267578125, 2009603, 5, 93
2018.85144364, 52.9951765928368, 119.126399890073, 381.257110595703, 2009603, 5, 93
2018.85144364, 52.9950103242248, 119.126374125489, 381.257232666016, 2009603, 5, 93
2018.85144364, 52.9947098026733, 119.126327564277, 381.253479003906, 2009603, 5, 93
2018.85144364, 52.9943713061367, 119.126274877155, 381.248138427734, 2009603, 5, 92
2018.85144364, 52.9940336934198, 119.12622173957, 381.277526855469, 2009603, 5, 92
2018.85144364, 52.993589144101, 119.126150822533, 381.262298583984, 2009603, 5, 94
2018.85144515, 49.9499858544239, 118.655751197026, 526.187744140625, 2009588, 5, 82
2018.85144515, 49.949820080387, 118.655727815025, 526.185913085938, 2009588, 5, 82
2018.85144544, 49.3839504722958, 118.572171251332, 566.352600097656, 2009588, 5, 87
2018.85144544, 49.3838295488214, 118.572152872398, 566.350646972656, 2009588, 5, 87
2018.85144544, 49.3837022302356, 118.572133547082, 566.382995605469, 2009588, 5, 90
2018.85144544, 49.3835812576098, 118.572115206473, 566.383422851562, 2009588, 5, 90
2018.85144544, 49.38347300222, 118.57209879378, 566.37939453125, 2009588, 5, 82
2018.85144544, 49.3833647389239, 118.572082373721, 566.402587890625, 2009588, 5, 82
2018.85144612, 48.0138501220255, 118.373976913007, 623.311462402344, 2006420, 5, 62
2018.85144365, 52.9951809094633, 119.125141494695, 381.218322753906, 2009603, 6, 79
2018.85144365, 52.9950420760774, 119.125117603434, 381.211975097656, 2009603, 6, 79
2018.85144365, 52.9948840824877, 119.125090598815, 381.222869873047, 2009603, 6, 90
2018.85144365, 52.9946940946931, 119.125058445195, 381.225372314453, 2009603, 6, 93
2018.85144365, 52.9944721064763, 119.125021172921, 381.206329345703, 2009603, 6, 93
2018.85144365, 52.9943123969564, 119.12499533819, 381.193878173828, 2009603, 6, 93
2018.85144365, 52.9941588702809, 119.124970715461, 381.187957763672, 2009603, 6, 93
2018.85144365, 52.994043624882, 119.124952292711, 381.205718994141, 2009603, 6, 93
2018.85144365, 52.993973188456, 119.124941060285, 381.186767578125, 2009603, 6, 92
2018.85144365, 52.9938963305633, 119.124928787076, 381.199768066406, 2009603, 6, 92
2018.85144365, 52.9937298620787, 119.12490217669, 381.212493896484, 2009603, 6, 92
2018.85144365, 52.9935571304679, 119.124874399025, 381.203491210938, 2009603, 6, 92
2018.85144365, 52.9933081307815, 119.124833931018, 381.231567382812, 2009603, 6, 94
2018.85144365, 52.993161501308, 119.124809846642, 381.240386962891, 2009603, 6, 94
2018.85144365, 52.9930854025211, 119.124797051813, 381.212310791016, 2009603, 6, 94
2018.85144365, 52.9929270967238, 119.124770230546, 381.223266601562, 2009603, 6, 93
2018.85144365, 52.9927753334589, 119.124744246953, 381.248962402344, 2009603, 6, 93
2018.85144365, 52.9926869021017, 119.12472902805, 381.227264404297, 2009603, 6, 93
2018.85144365, 52.9925606217638, 119.124707178707, 381.189300537109, 2009603, 6, 93
2018.85144365, 52.9924091656395, 119.124680885767, 381.2255859375, 2009603, 6, 91
2018.85144365, 52.9922261462629, 119.124649033944, 381.256774902344, 2009603, 6, 55
2018.85144517, 49.9499397803862, 118.654736294474, 526.194641113281, 2009588, 6, 67
2018.85144517, 49.9498578463288, 118.654723334687, 526.151184082031, 2009588, 6, 67
2018.85144517, 49.9498011093262, 118.654714380662, 526.149108886719, 2009588, 6, 67
2018.85144517, 49.9469295978282, 118.654317233496, 526.087158203125, 2009588, 6, 51
2018.85144517, 49.9468279284518, 118.654300914946, 526.143005371094, 2009588, 6, 51
2018.85144517, 49.9467580323842, 118.654289720215, 526.140197753906, 2009588, 6, 51
2018.85144545, 49.386308971536, 118.571257675987, 566.219299316406, 2009588, 6, 78
2018.85144545, 49.386283478061, 118.571253526103, 566.223266601562, 2009588, 6, 78
2018.85144545, 49.386251626909, 118.57124837829, 566.218566894531, 2009588, 6, 63
2018.85144545, 49.384798766654, 118.571034651481, 566.391662597656, 2009588, 6, 64
2018.85144545, 49.3847482885912, 118.571027691449, 566.379455566406, 2009588, 6, 64
2018.85144545, 49.3847040973732, 118.571021552932, 566.367126464844, 2009588, 6, 64
2018.85144545, 49.3846599180021, 118.571015413411, 566.326782226562, 2009588, 6, 64
2018.85144545, 49.3846346474837, 118.571011862902, 566.316223144531, 2009588, 6, 64
2018.85144545, 49.3846030825462, 118.571007445441, 566.316833496094, 2009588, 6, 64
2018.85144545, 49.3845778066198, 118.571003874111, 566.293762207031, 2009588, 6, 64
2018.85144545, 49.3845462253714, 118.570999419603, 566.323120117188, 2009588, 6, 64
2018.85144545, 49.3845209288475, 118.570995804917, 566.299194335938, 2009588, 6, 64
2018.85144545, 49.3844893352798, 118.570991316423, 566.289367675781, 2009588, 6, 89
2018.85144545, 49.3844577212868, 118.570986789, 566.309326171875, 2009588, 6, 89
2018.85144545, 49.384432408463, 118.570983130516, 566.308837890625, 2009588, 6, 89
2018.85144545, 49.384400781762, 118.570978567742, 566.299438476562, 2009588, 6, 89
2018.85144545, 49.3843691383856, 118.570973969254, 566.297424316406, 2009588, 6, 89
2018.85144545, 49.3843437934889, 118.570970244237, 566.321411132812, 2009588, 6, 89
2018.85144545, 49.3843121436812, 118.570965622204, 566.303771972656, 2009588, 6, 89
2018.85144545, 49.3842867923086, 118.570961874462, 566.305908203125, 2009588, 6, 89
2018.85144545, 49.3842551112409, 118.570957191983, 566.302673339844, 2009588, 6, 89
2018.85144545, 49.384229739402, 118.570953401641, 566.299011230469, 2009588, 6, 88
2018.85144545, 49.3841980230763, 118.570948654477, 566.319030761719, 2009588, 6, 88
2018.85144545, 49.384166310248, 118.570943900921, 566.299133300781, 2009588, 6, 88
2018.85144545, 49.3841409096699, 118.570940052386, 566.313781738281, 2009588, 6, 88
2018.85144545, 49.3841093464214, 118.570935967824, 566.312561035156, 2009588, 6, 88
2018.85144545, 49.3840838643713, 118.570931844653, 566.308288574219, 2009588, 6, 88
2018.85144545, 49.3840520301599, 118.570926711107, 566.297546386719, 2009588, 6, 88
2018.85144545, 49.384026528859, 118.57092255255, 566.350524902344, 2009588, 6, 88
