2018.98527138, 53.1167791932806, 139.179872354406, 1.86704313755035, 13524, 4, 95
2018.98527136, 53.1481328244528, 139.137862580792, 2.62157034873962, 13524, 5, 64
2018.98527136, 53.1476684001279, 139.137782580838, 2.4483757019043, 13524, 5, 80
2018.98527136, 53.1471795375099, 139.13770202659, 2.3053240776062, 13524, 5, 83
2018.98527136, 53.1466402459459, 139.137615117564, 2.26246118545532, 13524, 5, 87
2018.98527136, 53.1461133393104, 139.137530304012, 2.10316228866577, 13524, 5, 93
2018.98527136, 53.1456748703155, 139.137458805096, 2.09875583648682, 13524, 5, 95
2018.98527136, 53.1452424488326, 139.13738712989, 2.04318118095398, 13524, 5, 96
2018.98527136, 53.1448035130586, 139.137313082041, 2.00329971313477, 13524, 5, 96
2018.98527136, 53.1443452078217, 139.137235998602, 1.93180000782013, 13524, 5, 97
2018.98527136, 53.1438292665589, 139.137151264884, 1.88812386989594, 13524, 5, 96
2018.98527136, 53.1432747728961, 139.137063650691, 1.8819100856781, 13524, 5, 97
2018.98527136, 53.1427914795036, 139.136985458634, 1.87687528133392, 13524, 5, 96
2018.98527136, 53.1422781999429, 139.136897713093, 1.90283906459808, 13524, 5, 97
2018.98527136, 53.1417971171575, 139.136812936361, 1.89154946804047, 13524, 5, 97
2018.98527136, 53.1412957760761, 139.136726067659, 1.92514419555664, 13524, 5, 95
2018.98527136, 53.1408429433788, 139.136651571169, 1.90972518920898, 13524, 5, 96
2018.98527136, 53.1403898368344, 139.136578726995, 1.894984126091, 13524, 5, 97
2018.98527136, 53.1400011186074, 139.136516510512, 1.8623172044754, 13524, 5, 96
2018.98527136, 53.1395122321996, 139.136437167656, 1.85844671726227, 13524, 5, 96
2018.98527136, 53.1390551715864, 139.136362393654, 1.87715494632721, 13524, 5, 98
2018.98527136, 53.1385844740225, 139.136285004246, 1.94230461120605, 13524, 5, 98
2018.98527136, 53.1381319444587, 139.136210492337, 1.91995000839233, 13524, 5, 97
2018.98527136, 53.1376798576168, 139.136136094771, 2.13542532920837, 13524, 5, 97
2018.98527137, 53.1341140095328, 139.135541439728, 2.25716114044189, 13524, 5, 96
2018.98527137, 53.1336253440077, 139.135462569889, 2.01766920089722, 13524, 5, 95
2018.98527137, 53.1331622288543, 139.135389223163, 1.91051554679871, 13524, 5, 96
2018.98527137, 53.1326614826637, 139.135309058046, 1.86743772029877, 13524, 5, 95
2018.98527137, 53.1321991420735, 139.135232909131, 1.85677409172058, 13524, 5, 96
2018.98527137, 53.131743064646, 139.135156443269, 1.85059082508087, 13524, 5, 96
2018.98527137, 53.1312861918802, 139.135080859229, 1.85075271129608, 13524, 5, 97
2018.98527137, 53.1308472017332, 139.135010631016, 1.95298683643341, 13524, 5, 97
2018.98527137, 53.130413872679, 139.134942282293, 1.8352632522583, 13524, 5, 97
2018.98527137, 53.1299677408156, 139.134870888271, 1.8328709602356, 13524, 5, 97
2018.98527137, 53.1295031015749, 139.134793765332, 1.84391391277313, 13524, 5, 96
2018.98527137, 53.1290262698447, 139.13471260484, 1.86718022823334, 13524, 5, 96
2018.98527137, 53.1285243359072, 139.134626685399, 1.82445466518402, 13524, 5, 96
2018.98527137, 53.1280478864464, 139.134546152845, 2.02677989006042, 13524, 5, 94
2018.98527137, 53.1269575646599, 139.134370559559, 1.99495339393616, 13524, 5, 81
2018.98527137, 53.1264760116163, 139.134294929946, 1.89059400558472, 13524, 5, 94
2018.98527137, 53.1260442519167, 139.134225674344, 1.84562706947327, 13524, 5, 95
2018.98527137, 53.1255474725593, 139.134142537664, 1.79795980453491, 13524, 5, 95
2018.98527137, 53.1250697477347, 139.134062531737, 1.8109005689621, 13524, 5, 96
2018.98527137, 53.1246564257914, 139.133994835137, 1.80066573619843, 13524, 5, 96
2018.98527137, 53.1242187373804, 139.133924960526, 1.8506646156311, 13524, 5, 95
2018.98527137, 53.1237944212919, 139.133856532108, 1.89419722557068, 13524, 5, 95
2018.98527137, 53.123383056569, 139.133788088267, 1.8833771944046, 13524, 5, 96
2018.98527137, 53.1229080100832, 139.133706578262, 1.84545922279358, 13524, 5, 96
2018.98527137, 53.1224886116852, 139.133635174484, 1.87293100357056, 13524, 5, 96
2018.98527137, 53.1220866565117, 139.133568778694, 1.85960757732391, 13524, 5, 96
2018.98527137, 53.1216963634675, 139.133506504672, 1.85777175426483, 13524, 5, 95
2018.98527137, 53.1212682076706, 139.13343910747, 1.83413648605347, 13524, 5, 95
2018.98527137, 53.1208480999046, 139.133372849985, 1.80831491947174, 13524, 5, 95
2018.98527137, 53.1203540429575, 139.133293774219, 1.86088669300079, 13524, 5, 95
2018.98527137, 53.1198791807759, 139.133217069959, 1.82576334476471, 13524, 5, 96
2018.98527137, 53.11936470006, 139.133133699567, 1.87290096282959, 13524, 5, 96
2018.98527137, 53.1187472703133, 139.13303315381, 1.82872414588928, 13524, 5, 96
2018.98527137, 53.1180291634685, 139.132915332738, 1.83838093280792, 13524, 5, 96
2018.98527137, 53.1170080442192, 139.132746810224, 1.85190284252167, 13524, 5, 97
2018.98527138, 53.1155777231987, 139.132511664599, 1.81548678874969, 13524, 5, 93
2018.98527138, 53.1149542017399, 139.132410554407, 1.85195231437683, 13524, 5, 93
2018.98527138, 53.1138143646912, 139.132231105632, 1.84011256694794, 13524, 5, 92
2018.98527138, 53.1123587910267, 139.131993851747, 1.89936578273773, 13524, 5, 94
2018.98527138, 53.1114625893017, 139.131848899117, 1.92012548446655, 13524, 5, 94
2018.98527138, 53.1107254482133, 139.131730195331, 1.95030272006989, 13524, 5, 94
2018.98527138, 53.1101015541383, 139.131627969798, 1.91029608249664, 13524, 5, 93
2018.98527138, 53.1092439575965, 139.131486335416, 1.87024414539337, 13524, 5, 94
2018.98527138, 53.1078203344674, 139.131258613917, 3.79373121261597, 13524, 5, 71
2018.98527137, 53.1481930981236, 139.136566807951, 2.61254119873047, 13524, 6, 71
2018.98527137, 53.1480786462693, 139.136548017811, 2.5624213218689, 13524, 6, 71
2018.98527137, 53.1479767428878, 139.136531356665, 2.49923396110535, 13524, 6, 80
2018.98527137, 53.1478692864342, 139.136513546974, 2.47832059860229, 13524, 6, 80
2018.98527137, 53.1477556591585, 139.136494658464, 2.42119216918945, 13524, 6, 83
2018.98527137, 53.1476547258801, 139.136477903117, 2.42104005813599, 13524, 6, 87
2018.98527137, 53.1475475529813, 139.136460105279, 2.45274305343628, 13524, 6, 87
2018.98527137, 53.147434118092, 139.136441262707, 2.42666172981262, 13524, 6, 88
2018.98527137, 53.1473396234334, 139.136425529565, 2.42852973937988, 13524, 6, 88
2018.98527137, 53.1472262246869, 139.136406639168, 2.34895992279053, 13524, 6, 88
2018.98527137, 53.1471127648142, 139.136387804663, 2.31480884552002, 13524, 6, 88
2018.98527137, 53.1469992413767, 139.136368973578, 2.32026934623718, 13524, 6, 92
2018.98527137, 53.1468603553621, 139.136346007904, 2.24653053283691, 13524, 6, 92
2018.98527137, 53.1467465811815, 139.136327275941, 2.20426440238953, 13524, 6, 92
2018.98527137, 53.1466390720399, 139.136309582758, 2.24871230125427, 13524, 6, 92
2018.98527137, 53.1465374283806, 139.136292964858, 2.21255993843079, 13524, 6, 92
2018.98527137, 53.1464166235593, 139.13627325689, 2.2338171005249, 13524, 6, 94
2018.98527137, 53.1463020911257, 139.136254633599, 2.18390822410583, 13524, 6, 94
2018.98527137, 53.1461747956598, 139.1362339295, 2.16586136817932, 13524, 6, 94
2018.98527137, 53.1460537942502, 139.13621438013, 2.14211058616638, 13524, 6, 94
2018.98527137, 53.1459519245928, 139.136197888458, 2.15246605873108, 13524, 6, 94
2018.98527137, 53.1458309751556, 139.136178345055, 2.09541296958923, 13524, 6, 94
2018.98527137, 53.1456782784417, 139.136153682184, 2.07667779922485, 13524, 6, 95
2018.98527137, 53.1455574886413, 139.136134159792, 2.00632810592651, 13524, 6, 95
2018.98527137, 53.1454428903402, 139.136115713688, 2.02342867851257, 13524, 6, 95
2018.98527137, 53.1453099133907, 139.136094233353, 1.97564291954041, 13524, 6, 95
2018.98527137, 53.1451833695691, 139.136073787358, 1.97807192802429, 13524, 6, 96
2018.98527137, 53.1450758618324, 139.136056411112, 2.00050044059753, 13524, 6, 96
2018.98527137, 53.1449683858088, 139.136039045319, 1.94609236717224, 13524, 6, 96
2018.98527137, 53.1448609503692, 139.13602162742, 1.99811291694641, 13524, 6, 96
2018.98527137, 53.1447598435993, 139.136005214993, 1.92517018318176, 13524, 6, 96
2018.98527137, 53.1446460652682, 139.135986762826, 1.91821908950806, 13524, 6, 97
2018.98527137, 53.1445386014393, 139.135969273694, 1.904128074646, 13524, 6, 97
2018.98527137, 53.1444310836646, 139.135951771579, 1.85466349124908, 13524, 6, 97
2018.98527137, 53.1443171985169, 139.135933176197, 1.8622932434082, 13524, 6, 97
2018.98527137, 53.1442032177907, 139.135914573964, 1.87688088417053, 13524, 6, 97
2018.98527137, 53.1440954757801, 139.135897032233, 1.89653885364532, 13524, 6, 97
2018.98527137, 53.1439938852382, 139.135880290991, 1.87102425098419, 13524, 6, 96
2018.98527137, 53.1438922051044, 139.135863575466, 1.85141754150391, 13524, 6, 96
2018.98527137, 53.1437650220288, 139.135842647107, 1.89250326156616, 13524, 6, 96
2018.98527137, 53.1436632036195, 139.135825916122, 1.96884119510651, 13524, 6, 95
2018.98527137, 53.143554930776, 139.135808200157, 1.93731331825256, 13524, 6, 95
2018.98527137, 53.1434466296578, 139.135790455309, 1.92860066890717, 13524, 6, 96
2018.98527137, 53.1433382870616, 139.135772720572, 1.9057629108429, 13524, 6, 96
2018.98527137, 53.1432298837371, 139.135755058943, 1.95629751682281, 13524, 6, 97
2018.98527137, 53.1431278174298, 139.135738480046, 1.92081224918365, 13524, 6, 96
2018.98527137, 53.1430193686146, 139.135720866249, 1.95095360279083, 13524, 6, 96
2018.98527137, 53.142910886321, 139.135702994836, 1.95619523525238, 13524, 6, 96
2018.98527137, 53.1427960689736, 139.135684723258, 1.94496953487396, 13524, 6, 96
2018.98527137, 53.1426748484088, 139.135665491015, 1.91141664981842, 13524, 6, 95
2018.98527137, 53.1425536588084, 139.135646188048, 1.88820314407349, 13524, 6, 95
2018.98527137, 53.1424452380504, 139.1356288771, 1.86119985580444, 13524, 6, 95
2018.98527137, 53.1423368173245, 139.135611526643, 1.90724563598633, 13524, 6, 95
2018.98527137, 53.1422156969677, 139.135591981866, 1.83845674991608, 13524, 6, 96
2018.98527137, 53.1420946043443, 139.135572310598, 1.83556473255157, 13524, 6, 96
2018.98527137, 53.1419798956185, 139.1355535854, 1.83258295059204, 13524, 6, 96
2018.98527137, 53.1418652530277, 139.135534660154, 1.89049518108368, 13524, 6, 96
2018.98527137, 53.1417506206031, 139.135515644568, 1.9901670217514, 13524, 6, 96
2018.98527137, 53.1416359625018, 139.13549689529, 1.86840069293976, 13524, 6, 97
2018.98527137, 53.1415151764422, 139.135475929653, 1.8452559709549, 13524, 6, 97
2018.98527137, 53.1414071365422, 139.135457082957, 1.88528835773468, 13524, 6, 97
2018.98527137, 53.1412990941673, 139.135438259427, 1.84338533878326, 13524, 6, 97
2018.98527137, 53.1411720172773, 139.135416113203, 1.86586034297943, 13524, 6, 97
2018.98527137, 53.1410449538696, 139.13539406857, 1.86374449729919, 13524, 6, 97
2018.98527137, 53.1409305797771, 139.135374413548, 1.88324201107025, 13524, 6, 97
2018.98527137, 53.1408098447879, 139.135353872722, 1.88885712623596, 13524, 6, 97
2018.98527137, 53.1406954835314, 139.135334604256, 1.88486897945404, 13524, 6, 96
2018.98527137, 53.1405810898424, 139.135315642955, 1.89458358287811, 13524, 6, 96
2018.98527137, 53.1404667062388, 139.135296937864, 1.88179838657379, 13524, 6, 96
2018.98527137, 53.1403524941368, 139.135278143345, 1.87030291557312, 13524, 6, 96
2018.98527137, 53.1402378095509, 139.135260675937, 1.85623633861542, 13524, 6, 96
2018.98527137, 53.140110416063, 139.135241555268, 1.84892988204956, 13524, 6, 96
2018.98527137, 53.1399958051444, 139.135224582674, 1.86888360977173, 13524, 6, 94
2018.98527137, 53.1398876451313, 139.135208654416, 1.88224923610687, 13524, 6, 94
2018.98527137, 53.139779580379, 139.135192786739, 1.87065768241882, 13524, 6, 94
2018.98527137, 53.1396652394559, 139.13517606331, 1.85663890838623, 13524, 6, 94
2018.98527137, 53.139557396894, 139.135160190107, 1.91474783420563, 13524, 6, 94
2018.98527137, 53.1394623169088, 139.135146171721, 1.8571115732193, 13524, 6, 96
2018.98527137, 53.1393546865072, 139.13513016624, 1.90449726581573, 13524, 6, 96
2018.98527137, 53.1392471740739, 139.135114022439, 1.863165974617, 13524, 6, 97
2018.98527137, 53.1391335065819, 139.135096669141, 1.88707160949707, 13524, 6, 97
2018.98527137, 53.1390323906086, 139.135081251737, 1.83386695384979, 13524, 6, 97
2018.98527137, 53.1389256687425, 139.135064084308, 1.97633898258209, 13524, 6, 97
2018.98527137, 53.1388189963151, 139.135046703259, 1.87142491340637, 13524, 6, 97
2018.98527137, 53.1387248783434, 139.135031214491, 1.89254188537598, 13524, 6, 97
2018.98527137, 53.1386056419969, 139.13501135949, 1.98298418521881, 13524, 6, 97
2018.98527137, 53.1384988689737, 139.134993451024, 1.89534211158752, 13524, 6, 97
2018.98527137, 53.1384045541075, 139.134977553569, 1.87613844871521, 13524, 6, 97
2018.98527137, 53.1383101365469, 139.134961558731, 1.86297833919525, 13524, 6, 97
2018.98527137, 53.1382155908133, 139.134945483629, 1.82107758522034, 13524, 6, 97
2018.98527137, 53.1381145770688, 139.134928286084, 1.85123491287231, 13524, 6, 97
2018.98527137, 53.1380070481712, 139.13490996591, 1.82716262340546, 13524, 6, 97
2018.98527137, 53.1378929263594, 139.134890597488, 1.82940495014191, 13524, 6, 97
2018.98527137, 53.13779793493, 139.13487441317, 1.87595355510712, 13524, 6, 97
2018.98527138, 53.1376955909006, 139.134857262458, 1.90270686149597, 13524, 6, 97
2018.98527138, 53.137586640684, 139.134839122916, 1.87979483604431, 13524, 6, 97
2018.98527138, 53.1374775338563, 139.134821057899, 1.86540377140045, 13524, 6, 96
2018.98527138, 53.1373811811327, 139.134805157617, 1.90023124217987, 13524, 6, 96
2018.98527138, 53.1372783554556, 139.134788252924, 1.85198760032654, 13524, 6, 96
2018.98527138, 53.137169070027, 139.134770383761, 1.84447276592255, 13524, 6, 98
2018.98527138, 53.137066226745, 139.134753649993, 1.88935673236847, 13524, 6, 98
2018.98527138, 53.136950620476, 139.134734848162, 1.90827560424805, 13524, 6, 97
2018.98527138, 53.1368479004976, 139.134718302538, 1.94303739070892, 13524, 6, 97
2018.98527138, 53.136732495331, 139.134699720839, 1.86124014854431, 13524, 6, 97
2018.98527138, 53.1366236780749, 139.134682206701, 1.91904330253601, 13524, 6, 97
2018.98527138, 53.1365274406994, 139.134666658132, 1.97196900844574, 13524, 6, 97
2018.98527138, 53.1364258363974, 139.134650462497, 1.96410202980042, 13524, 6, 97
2018.98527138, 53.1363180149104, 139.134633317909, 1.94264233112335, 13524, 6, 97
2018.98527138, 53.1362040265208, 139.134615100664, 1.93382430076599, 13524, 6, 97
2018.98527138, 53.1360901333845, 139.134596872927, 2.00598788261414, 13524, 6, 97
2018.98527138, 53.1359700059185, 139.134577540668, 2.08124327659607, 13524, 6, 97
2018.98527138, 53.13584989517, 139.134558141411, 2.06492018699646, 13524, 6, 97
2018.98527138, 53.1354893945381, 139.134499058253, 2.13814353942871, 13524, 6, 98
2018.98527138, 53.1353500485822, 139.134475829887, 2.01177310943604, 13524, 6, 98
2018.98527138, 53.1352488197263, 139.134459045506, 1.95025968551636, 13524, 6, 99
2018.98527138, 53.1351276969063, 139.134438264878, 1.91858518123627, 13524, 6, 99
2018.98527138, 53.1350256140428, 139.134420664807, 1.9749675989151, 13524, 6, 99
2018.98527138, 53.13491066317, 139.134400882034, 1.9289528131485, 13524, 6, 98
2018.98527138, 53.1347893295955, 139.134379877496, 1.83541417121887, 13524, 6, 98
2018.98527138, 53.1346743300222, 139.134360084686, 1.86774110794067, 13524, 6, 97
2018.98527138, 53.1345529756728, 139.13433923776, 1.86216652393341, 13524, 6, 97
2018.98527138, 53.1344380823283, 139.13431956135, 1.86299502849579, 13524, 6, 97
2018.98527138, 53.134329607815, 139.134301172014, 1.87942957878113, 13524, 6, 97
2018.98527138, 53.1342085011546, 139.134280763704, 1.89802408218384, 13524, 6, 97
2018.98527138, 53.1340939161985, 139.134261581245, 1.87466144561768, 13524, 6, 97
2018.98527138, 53.133966570027, 139.134240362175, 1.8746862411499, 13524, 6, 97
2018.98527138, 53.1338526065909, 139.134222122959, 1.91514241695404, 13524, 6, 97
2018.98527138, 53.1337388193475, 139.134203975772, 1.89458465576172, 13524, 6, 97
2018.98527138, 53.1336061475252, 139.134183085051, 1.88194751739502, 13524, 6, 97
2018.98527138, 53.1334672755506, 139.134161334946, 1.87245583534241, 13524, 6, 97
2018.98527138, 53.1333536866379, 139.134143648179, 1.88567709922791, 13524, 6, 97
2018.98527138, 53.133240134946, 139.134125947751, 1.96456074714661, 13524, 6, 97
2018.98527138, 53.1331202405772, 139.134107309019, 1.90000700950623, 13524, 6, 97
2018.98527138, 53.1329940086666, 139.134087611996, 1.83178186416626, 13524, 6, 97
2018.98527138, 53.1328740214304, 139.134068828843, 1.88475811481476, 13524, 6, 97
2018.98527138, 53.1327414400605, 139.134048309094, 1.82926940917969, 13524, 6, 97
2018.98527138, 53.1326210150034, 139.134028920472, 1.83987152576447, 13524, 6, 97
2018.98527138, 53.1325068294605, 139.134010460845, 1.87583434581757, 13524, 6, 97
2018.98527138, 53.1323862102637, 139.133990878629, 1.85605263710022, 13524, 6, 97
2018.98527138, 53.1322527900202, 139.133969175364, 1.84708380699158, 13524, 6, 97
2018.98527138, 53.1321255979945, 139.13394853881, 1.82071387767792, 13524, 6, 97
2018.98527138, 53.131991982528, 139.133926857173, 1.85568916797638, 13524, 6, 97
2018.98527138, 53.131871042719, 139.133907271782, 1.83965837955475, 13524, 6, 97
2018.98527138, 53.1317564020294, 139.133888828672, 1.92962825298309, 13524, 6, 97
2018.98527138, 53.1316354036927, 139.133869382518, 1.84715247154236, 13524, 6, 98
2018.98527138, 53.1315207163109, 139.133851135787, 1.86671543121338, 13524, 6, 98
2018.98527138, 53.1313933339715, 139.133830855391, 1.85210573673248, 13524, 6, 97
2018.98527138, 53.1312723109687, 139.133812115425, 1.80631518363953, 13524, 6, 97
2018.98527138, 53.1311513165894, 139.133793448848, 1.94445359706879, 13524, 6, 97
2018.98527138, 53.1310495021044, 139.133777671564, 1.97812128067017, 13524, 6, 97
2018.98527138, 53.1309222538904, 139.133758009269, 1.85420966148376, 13524, 6, 97
2018.98527138, 53.1308141458033, 139.133741262026, 1.85673296451569, 13524, 6, 97
2018.98527138, 53.1307060597098, 139.133724506788, 1.84485185146332, 13524, 6, 97
2018.98527138, 53.1305916977069, 139.133706636625, 1.79784202575684, 13524, 6, 97
2018.98527138, 53.1304837429184, 139.133689647689, 1.79000461101532, 13524, 6, 98
2018.98527138, 53.130369493187, 139.133671529304, 1.83386337757111, 13524, 6, 98
2018.98527138, 53.1302552666867, 139.133653301601, 1.89782845973969, 13524, 6, 98
2018.98527138, 53.130122019995, 139.133631863845, 1.91555082798004, 13524, 6, 97
2018.98527138, 53.1300017838494, 139.133612007859, 1.95051455497742, 13524, 6, 97
2018.98527138, 53.129868867524, 139.133589895595, 1.89241504669189, 13524, 6, 97
2018.98527138, 53.1297422333679, 139.133568667003, 1.82730412483215, 13524, 6, 98
2018.98527138, 53.1296091522741, 139.133546280841, 1.77275013923645, 13524, 6, 98
2018.98527138, 53.1294949527598, 139.133527069189, 1.77511930465698, 13524, 6, 98
2018.98527138, 53.1293869999999, 139.133508867574, 1.82183194160461, 13524, 6, 98
2018.98527138, 53.1292789326271, 139.133490653247, 1.82150888442993, 13524, 6, 98
2018.98527138, 53.1291707192157, 139.133472489825, 1.83473539352417, 13524, 6, 96
2018.98527138, 53.1290624008434, 139.1334543199, 1.82568454742432, 13524, 6, 96
2018.98527138, 53.1289539480616, 139.133436216386, 1.86564767360687, 13524, 6, 96
2018.98527138, 53.1288454057723, 139.133418198162, 1.827960729599, 13524, 6, 96
2018.98527138, 53.1287491144316, 139.133402425675, 1.86723077297211, 13524, 6, 95
2018.98527138, 53.1286399533285, 139.133384604008, 1.86644017696381, 13524, 6, 95
2018.98527138, 53.1285307678539, 139.133366902017, 1.84499800205231, 13524, 6, 95
2018.98527138, 53.1284088065421, 139.133347183565, 1.93986690044403, 13524, 6, 96
2018.98527138, 53.128280491279, 139.133326634854, 1.95939874649048, 13524, 6, 96
2018.98527138, 53.1281651193066, 139.133308319259, 2.01545858383179, 13524, 6, 95
2018.98527138, 53.1280626883968, 139.133292170213, 2.08010220527649, 13524, 6, 95
2018.98527138, 53.1264646694707, 139.133042743544, 2.08071160316467, 13524, 6, 91
2018.98527138, 53.1263574629973, 139.133025681511, 2.02538347244263, 13524, 6, 91
2018.98527138, 53.1262494896071, 139.133007934923, 1.96086812019348, 13524, 6, 92
2018.98527138, 53.1261540596107, 139.132992208267, 1.84117960929871, 13524, 6, 94
2018.98527138, 53.1260585258984, 139.132976378511, 1.84534883499146, 13524, 6, 94
2018.98527138, 53.125956467915, 139.132959496462, 1.8334379196167, 13524, 6, 95
2018.98527138, 53.1258479489293, 139.132941462548, 1.81639301776886, 13524, 6, 95
2018.98527138, 53.1257265313574, 139.132921321739, 1.80271852016449, 13524, 6, 95
2018.98527138, 53.1256114080347, 139.132902293858, 1.80827844142914, 13524, 6, 95
2018.98527138, 53.1254898655821, 139.132882206112, 1.74835228919983, 13524, 6, 96
2018.98527138, 53.1253810886952, 139.132864329979, 1.81064355373383, 13524, 6, 96
2018.98527138, 53.1252723054706, 139.132846563831, 1.79270339012146, 13524, 6, 96
2018.98527138, 53.1251443791834, 139.132825770154, 1.82190501689911, 13524, 6, 96
2018.98527138, 53.125022934057, 139.132806106518, 1.84037911891937, 13524, 6, 96
2018.98527138, 53.1249017897068, 139.13278699618, 1.82133543491364, 13524, 6, 96
2018.98527138, 53.1247616450454, 139.132764949925, 1.80913603305817, 13524, 6, 96
2018.98527138, 53.1246343124134, 139.132745029143, 1.78543341159821, 13524, 6, 97
2018.98527138, 53.12451978686, 139.132727141019, 1.81608378887177, 13524, 6, 97
2018.98527138, 53.1244116781813, 139.132710264074, 1.81653153896332, 13524, 6, 97
2018.98527138, 53.1243036079284, 139.132693405403, 1.77852177619934, 13524, 6, 97
2018.98527138, 53.1241955674239, 139.132676546255, 1.80951964855194, 13524, 6, 97
2018.98527138, 53.1240875850124, 139.132659610998, 1.85747396945953, 13524, 6, 97
2018.98527138, 53.1239796293325, 139.132642627216, 1.80300688743591, 13524, 6, 97
2018.98527138, 53.1238526507469, 139.132622570945, 1.79853928089142, 13524, 6, 97
2018.98527138, 53.1237447245119, 139.13260544927, 1.84750711917877, 13524, 6, 97
2018.98527138, 53.1236240161929, 139.132585909922, 1.82332873344421, 13524, 6, 97
2018.98527138, 53.1235033174727, 139.13256633032, 1.81611442565918, 13524, 6, 97
2018.98527138, 53.1233953657371, 139.132548741429, 1.84995305538177, 13524, 6, 96
2018.98527138, 53.1232747867841, 139.132528974107, 1.84438538551331, 13524, 6, 96
2018.98527138, 53.1231669217583, 139.13251129801, 1.83170545101166, 13524, 6, 96
2018.98527138, 53.1230527712186, 139.132492539896, 1.83728337287903, 13524, 6, 96
2018.98527138, 53.122945001597, 139.132474824752, 1.86586916446686, 13524, 6, 95
2018.98527138, 53.1228182882307, 139.132453965692, 1.85783636569977, 13524, 6, 95
2018.98527138, 53.1226979631597, 139.132434172474, 1.85158240795135, 13524, 6, 96
2018.98527138, 53.1225712862112, 139.13241311927, 1.85861623287201, 13524, 6, 96
2018.98527138, 53.1224638608784, 139.132395671457, 1.83408391475677, 13524, 6, 95
2018.98527138, 53.1223627671712, 139.132379300433, 1.82621347904205, 13524, 6, 95
2018.98527138, 53.1222617019538, 139.132362909224, 1.82553458213806, 13524, 6, 95
2018.98527138, 53.1221417138509, 139.132343405883, 1.83307898044586, 13524, 6, 96
2018.98527138, 53.1220280399964, 139.132324893206, 1.84559881687164, 13524, 6, 96
2018.98527138, 53.1219332855473, 139.132309467435, 1.82878863811493, 13524, 6, 94
2018.98527138, 53.1218195378039, 139.13229093462, 1.8172402381897, 13524, 6, 94
2018.98527138, 53.121705762886, 139.132272325774, 1.82156586647034, 13524, 6, 95
2018.98527138, 53.121598261871, 139.132254687888, 1.842125415802, 13524, 6, 95
2018.98527138, 53.1214970271336, 139.132238055202, 1.90886914730072, 13524, 6, 94
2018.98527138, 53.12140205478, 139.132222442956, 1.87108910083771, 13524, 6, 94
2018.98527138, 53.1213135005127, 139.132208111248, 1.86691534519196, 13524, 6, 94
2018.98527138, 53.1212183272543, 139.13219210063, 1.75717711448669, 13524, 6, 94
2018.98527138, 53.1211230983681, 139.132176080302, 1.83610045909882, 13524, 6, 94
2018.98527138, 53.1210087718254, 139.132156831947, 1.79794871807098, 13524, 6, 94
2018.98527138, 53.1208880091291, 139.132136592907, 1.7996838092804, 13524, 6, 95
2018.98527138, 53.1207799148483, 139.132118533842, 1.85129487514496, 13524, 6, 95
2018.98527138, 53.1206718016293, 139.132100533097, 1.84976589679718, 13524, 6, 95
2018.98527138, 53.1205763693232, 139.13208476021, 1.89094161987305, 13524, 6, 95
2018.98527138, 53.1204745709514, 139.13206802207, 1.8201197385788, 13524, 6, 95
2018.98527138, 53.1203663605366, 139.132050433975, 1.9203690290451, 13524, 6, 95
2018.98527138, 53.1202454540292, 139.132030879384, 1.96427273750305, 13524, 6, 95
2018.98527138, 53.1201436214687, 139.132014587611, 1.88411343097687, 13524, 6, 95
2018.98527138, 53.1200353498875, 139.131997039557, 1.88673055171967, 13524, 6, 95
2018.98527138, 53.119933653238, 139.131981395016, 1.90193998813629, 13524, 6, 95
2018.98527138, 53.1198446396908, 139.131967857771, 1.87057757377625, 13524, 6, 95
2018.98527138, 53.1197493153565, 139.131953338103, 1.81863558292389, 13524, 6, 95
2018.98527138, 53.1196348617715, 139.131936076212, 1.81078493595123, 13524, 6, 95
2018.98527138, 53.119526779366, 139.131919752209, 1.80220246315002, 13524, 6, 95
2018.98527138, 53.1194186646494, 139.131903429165, 1.84143531322479, 13524, 6, 95
2018.98527138, 53.1193041857313, 139.131886045574, 1.82163143157959, 13524, 6, 95
2018.98527138, 53.1191833035866, 139.13186759324, 1.86395466327667, 13524, 6, 95
2018.98527138, 53.1190814358475, 139.131851999536, 1.86611485481262, 13524, 6, 95
2018.98527138, 53.1189477117745, 139.13183127104, 1.86036133766174, 13524, 6, 96
2018.98527138, 53.1188266471384, 139.131812314968, 1.89415562152863, 13524, 6, 96
2018.98527138, 53.1187119430218, 139.131794262495, 1.87856888771057, 13524, 6, 96
2018.98527138, 53.118597056565, 139.131775461511, 1.87189364433289, 13524, 6, 96
2018.98527138, 53.1184885284165, 139.131757499818, 1.87411510944366, 13524, 6, 96
2018.98527138, 53.1183671528241, 139.131737324317, 1.82400453090668, 13524, 6, 96
2018.98527138, 53.1182521543689, 139.131718045547, 1.80587160587311, 13524, 6, 96
2018.98527138, 53.1181434842159, 139.131699824848, 1.85930621623993, 13524, 6, 96
2018.98527138, 53.118034812235, 139.131681537935, 1.86494493484497, 13524, 6, 96
2018.98527138, 53.1179069683595, 139.131659972836, 1.84708940982819, 13524, 6, 96
2018.98527138, 53.1177790998044, 139.131638489042, 1.87850522994995, 13524, 6, 96
2018.98527139, 53.1176704075892, 139.131620305124, 1.84754776954651, 13524, 6, 97
2018.98527139, 53.117561746325, 139.13160217307, 1.83958399295807, 13524, 6, 97
2018.98527139, 53.1174339216094, 139.131580877717, 1.86841952800751, 13524, 6, 95
2018.98527139, 53.1173061926787, 139.131560138239, 1.81594824790955, 13524, 6, 95
2018.98527139, 53.1171912538952, 139.131541646511, 1.82355415821075, 13524, 6, 95
2018.98527139, 53.1170763543945, 139.131523270318, 1.77981925010681, 13524, 6, 95
2018.98527139, 53.1169487273643, 139.131503002298, 1.76349687576294, 13524, 6, 95
2018.98527139, 53.1167637523061, 139.1314738473, 1.76177060604095, 13524, 6, 95
2018.98527139, 53.1165406173997, 139.131439012353, 1.78155100345612, 13524, 6, 95
2018.98527139, 53.1163558490786, 139.131410343705, 1.84427845478058, 13524, 6, 95
2018.98527139, 53.1161902883569, 139.131384827017, 1.83264458179474, 13524, 6, 92
2018.98527139, 53.1159293199406, 139.131344331939, 1.76644659042358, 13524, 6, 92
2018.98527139, 53.1156495255566, 139.131300961231, 1.79034292697906, 13524, 6, 93
2018.98527139, 53.1153192510793, 139.131249755789, 1.83516764640808, 13524, 6, 92
2018.98527139, 53.1149704349923, 139.131195500734, 1.82026696205139, 13524, 6, 93
2018.98527139, 53.1147613706378, 139.131162893077, 1.8266578912735, 13524, 6, 93
2018.98527139, 53.1145587602651, 139.13113124865, 1.83553421497345, 13524, 6, 94
2018.98527139, 53.1143373329204, 139.131096428942, 1.83052003383636, 13524, 6, 94
2018.98527139, 53.114014946413, 139.131045187656, 1.83945262432098, 13524, 6, 93
2018.98527139, 53.1135978338076, 139.130978035773, 1.82317125797272, 13524, 6, 91
2018.98527139, 53.1132440168403, 139.130919950498, 1.8994255065918, 13524, 6, 83
2018.98527139, 53.1129843854543, 139.130877290369, 1.93198585510254, 13524, 6, 60
2018.98527139, 53.112743135497, 139.130837762863, 1.93199408054352, 13524, 6, 54
2018.98527139, 53.1125521562638, 139.130806702552, 1.91967070102692, 13524, 6, 54
2018.98527139, 53.1122461109171, 139.130757462714, 1.85935878753662, 13524, 6, 90
2018.98527139, 53.1120981842153, 139.130734034245, 1.87864124774933, 13524, 6, 90
2018.98527139, 53.1119313391746, 139.130707699037, 1.89724671840668, 13524, 6, 90
2018.98527139, 53.1117643601002, 139.130681311371, 1.87376844882965, 13524, 6, 90
2018.98527139, 53.1115844375357, 139.13065286734, 1.94499588012695, 13524, 6, 90
2018.98527139, 53.1113981152996, 139.130623291655, 1.92127704620361, 13524, 6, 91
2018.98527139, 53.1112183409185, 139.130594605663, 1.9114316701889, 13524, 6, 91
2018.98527139, 53.1110452196849, 139.130566826556, 1.8772451877594, 13524, 6, 91
2018.98527139, 53.1108786313214, 139.130539639792, 1.92640244960785, 13524, 6, 86
2018.98527139, 53.1107443152517, 139.130517672403, 1.93885672092438, 13524, 6, 84
2018.98527139, 53.1105656275215, 139.130488398039, 1.89134514331818, 13524, 6, 80
2018.98527139, 53.1103112007041, 139.130446832738, 1.94943404197693, 13524, 6, 81
2018.98527139, 53.1100072174484, 139.130397582, 1.98799979686737, 13524, 6, 81
2018.98527139, 53.1095164034072, 139.130320000985, 2.06671833992004, 13524, 6, 88
2018.98527139, 53.1090391770209, 139.130246337773, 2.07969856262207, 13524, 6, 92
2018.98527139, 53.1088185537638, 139.130212459627, 2.08937287330627, 13524, 6, 92
2018.98527139, 53.1086034509667, 139.13017936522, 2.17963719367981, 13524, 6, 88
2018.98527139, 53.108323146927, 139.130135871772, 2.7530529499054, 13524, 6, 80
