2020.05302267, 50.4067833463289, 113.322843984427, 714.878295898438, 2009603, 1, 67
2020.05302267, 50.4070187473673, 113.322808282699, 714.818725585938, 2009603, 1, 93
2020.05302267, 50.4072794770625, 113.322767895597, 714.9033203125, 2009603, 1, 70
2020.05302267, 50.4074829611745, 113.322736214489, 714.955200195312, 2009603, 1, 79
2020.05302151, 48.0511694059333, 113.673577641074, 799.602783203125, 2006567, 2, 72
2020.05302268, 50.4067842478505, 113.324032452683, 714.868103027344, 2009603, 2, 64
2020.05302268, 50.4068481888782, 113.324022541657, 714.858276367188, 2009603, 2, 64
2020.05302268, 50.4069186082289, 113.324011738968, 714.802307128906, 2009603, 2, 64
2020.05302268, 50.4069822724606, 113.324001746798, 714.840393066406, 2009603, 2, 64
2020.05302268, 50.4070522562895, 113.323990755239, 714.850524902344, 2009603, 2, 92
2020.05302268, 50.407122204079, 113.323979745498, 714.916076660156, 2009603, 2, 92
2020.05302268, 50.4071857583187, 113.323969732514, 714.919799804688, 2009603, 2, 92
2020.05302268, 50.4072492597914, 113.323959764945, 714.900146484375, 2009603, 2, 92
2020.05302268, 50.4073063937222, 113.323950788706, 714.862731933594, 2009603, 2, 60
2020.05302268, 50.4073698644097, 113.323940799384, 714.895629882812, 2009603, 2, 60
2020.05302268, 50.4074333044598, 113.323930841752, 714.888977050781, 2009603, 2, 60
2020.05302268, 50.4074967255921, 113.323920900323, 714.915710449219, 2009603, 2, 60
2020.05302266, 50.3968720184397, 113.369859916605, 712.794799804688, 2009603, 3, 91
2020.05302266, 50.3971590102866, 113.369816555289, 712.765441894531, 2009603, 3, 93
2020.05302266, 50.3974524362433, 113.369772158453, 712.894775390625, 2009603, 3, 87
2020.05302267, 50.3968006432562, 113.371058705413, 712.781188964844, 2009603, 4, 85
2020.05302267, 50.3968707931331, 113.371047850897, 712.783630371094, 2009603, 4, 85
2020.05302267, 50.3969409637451, 113.371037046028, 712.778991699219, 2009603, 4, 85
2020.05302267, 50.397023925818, 113.371024237992, 712.757080078125, 2009603, 4, 93
2020.05302267, 50.3970941567993, 113.371013299053, 712.802185058594, 2009603, 4, 93
2020.05302267, 50.3971643924339, 113.371002450776, 712.76220703125, 2009603, 4, 93
2020.05302267, 50.3972410363648, 113.370990544111, 712.765258789062, 2009603, 4, 93
2020.05302267, 50.3973176787175, 113.370978693853, 712.795593261719, 2009603, 4, 91
2020.05302267, 50.3973943370657, 113.370966785018, 712.787902832031, 2009603, 4, 91
2020.05302267, 50.3974646060576, 113.370955879385, 712.860412597656, 2009603, 4, 91
2020.05302267, 50.3975348637995, 113.370945020871, 712.972839355469, 2009603, 4, 91
2020.05302267, 50.3976115019191, 113.370933193602, 712.960876464844, 2009603, 4, 91
2020.05302267, 50.3976753561189, 113.370923370978, 713.020446777344, 2009603, 4, 91
2020.05302341, 51.8999775195215, 113.186189619223, 658.425354003906, 2009603, 5, 58
2020.05302151, 48.0517676762364, 113.760217223436, 793.301147460938, 2006567, 6, 59
2020.05302151, 48.0519078210529, 113.760197682118, 793.259643554688, 2006567, 6, 59
2020.05302268, 50.407635572004, 113.414942030354, 710.68115234375, 2009603, 6, 64
2020.05302268, 50.4077246984631, 113.414929439259, 710.839172363281, 2009603, 6, 64
2020.05302268, 50.4077884204969, 113.414920089458, 711.088928222656, 2009603, 6, 64
2020.05302268, 50.4078521690961, 113.414910945922, 710.851440429688, 2009603, 6, 64
2020.05302268, 50.4079223412989, 113.414900637273, 711.0341796875, 2009603, 6, 64
2020.05302268, 50.4079861719521, 113.414891273496, 711.0634765625, 2009603, 6, 64
2020.05302342, 51.9018088916711, 113.187199855205, 658.111267089844, 2009603, 6, 60
2020.05302342, 51.9019114367899, 113.187184315959, 658.009765625, 2009603, 6, 60
2020.05302342, 51.9020010706497, 113.187170729749, 658.025146484375, 2009603, 6, 86
2020.05302342, 51.9021097842342, 113.187153998553, 658.044189453125, 2009603, 6, 86
2020.05302342, 51.9022248700057, 113.1871364376, 658.058776855469, 2009603, 6, 86
2020.05302342, 51.9023265400283, 113.18712017372, 658.067138671875, 2009603, 6, 86
2020.05302342, 51.9024153920161, 113.187105811931, 658.034057617188, 2009603, 6, 86
2020.05302342, 51.9024978080101, 113.187092426736, 658.030395507812, 2009603, 6, 86
2020.05302342, 51.9025991324707, 113.187075981026, 657.996765136719, 2009603, 6, 89
2020.05302342, 51.9027003636222, 113.187059363911, 657.921630859375, 2009603, 6, 89
2020.05302342, 51.9028014988977, 113.187042902304, 657.855712890625, 2009603, 6, 88
2020.05302342, 51.9029088860785, 113.187025335489, 657.865539550781, 2009603, 6, 88
2020.05302342, 51.9030035865625, 113.187009893487, 657.817199707031, 2009603, 6, 89
2020.05302342, 51.9035652679765, 113.186919826983, 657.804565429688, 2009603, 6, 54
2020.05302342, 51.9036602012482, 113.186905212506, 657.8017578125, 2009603, 6, 54
2020.05302342, 51.9037424877772, 113.18689249344, 657.854431152344, 2009603, 6, 54
2020.05302342, 51.9038437516968, 113.186877030186, 657.8720703125, 2009603, 6, 82
2020.05302342, 51.903951337446, 113.186860616042, 657.844848632812, 2009603, 6, 82
