2020.50962513, 51.3052295701399, 136.562952695427, 73.5665740966797, 2007686, 1, 55
2020.50962513, 51.3050200611603, 136.562919385237, 73.5381698608398, 2007686, 1, 55
2020.50962513, 51.3046706919803, 136.56286266291, 73.5661087036133, 2007686, 1, 88
2020.50962514, 51.3042894391644, 136.562799536863, 73.5433349609375, 2007686, 1, 80
2020.50962514, 51.2937247584376, 136.561139368835, 73.4919662475586, 2007686, 1, 83
2020.50962514, 51.2934082662239, 136.561087896, 73.5166931152344, 2007686, 1, 83
2020.50962514, 51.2893719523858, 136.560459124075, 73.4968719482422, 2007686, 1, 83
2020.50962514, 51.2892321941755, 136.560437929058, 73.5030364990234, 2007686, 1, 64
2020.50962514, 51.2889592696085, 136.560396055664, 73.5045471191406, 2007686, 1, 64
2020.50962616, 49.233803241321, 136.248366193762, 26.1775531768799, 2009603, 1, 98
2020.50962616, 49.2334437836193, 136.248311474047, 26.0584964752197, 2009603, 1, 98
2020.50962742, 46.7134645654626, 135.884971666251, 194.070327758789, 2009603, 1, 73
2020.50962742, 46.7132919992516, 135.884947199516, 194.101531982422, 2009603, 1, 73
2020.50962742, 46.7131771006709, 135.884930962028, 194.107757568359, 2009603, 1, 73
2020.50962777, 46.0019001294183, 135.785787243734, 366.349212646484, 2009603, 1, 86
2020.50962777, 46.0017604972764, 135.785766290373, 366.333587646484, 2009603, 1, 86
2020.50962777, 46.0016398600159, 135.78574826062, 366.314697265625, 2009603, 1, 69
2020.50962777, 46.0014747293088, 135.785723742272, 366.267120361328, 2009603, 1, 87
2020.50962777, 46.0012841302536, 135.78569574904, 366.223297119141, 2009603, 1, 87
2020.50962777, 46.0011063272289, 135.785670359944, 366.151702880859, 2009603, 1, 87
2020.50962777, 46.0008330879643, 135.785631874588, 366.072265625, 2009603, 1, 83
2020.50962777, 45.9946366595341, 135.78475362878, 364.892852783203, 2009603, 1, 72
2020.50962777, 45.9944588732605, 135.784727520533, 364.906097412109, 2009603, 1, 65
2020.50962777, 45.994281090436, 135.784701437375, 364.883331298828, 2009603, 1, 65
2020.50962778, 45.9853221403435, 135.783406673941, 360.929870605469, 2009603, 1, 89
2020.50962514, 51.3071890648037, 136.561950785509, 73.5888671875, 2007686, 2, 88
2020.50962778, 45.9986093965181, 135.78407049016, 365.563385009766, 2009603, 2, 56
2020.50962779, 45.9853246379052, 135.78219647277, 362.270599365234, 2009603, 2, 86
2020.50962456, 52.4581791550919, 136.697556480047, 60.2725715637207, 2007706, 3, 90
2020.50962456, 52.4581017750223, 136.697543677194, 60.3047065734863, 2007706, 3, 90
2020.50962456, 52.4580372939767, 136.697533003694, 60.2539291381836, 2007706, 3, 90
2020.50962456, 52.4579921796749, 136.697525565282, 60.2692718505859, 2007706, 3, 90
2020.50962456, 52.4579277473579, 136.697514928995, 60.2895698547363, 2007706, 3, 90
2020.50962456, 52.4578183109483, 136.697496902786, 60.3204383850098, 2007706, 3, 92
2020.50962456, 52.4576320089928, 136.697466315739, 60.3250999450684, 2007706, 3, 93
2020.50962456, 52.4568004527214, 136.697332484502, 60.8998336791992, 2007706, 3, 90
2020.50962508, 51.4149367956076, 136.533523371648, 73.9050903320312, 1210, 3, 97
2020.50962508, 51.4114560977678, 136.532977068123, 73.8667984008789, 1210, 3, 96
2020.50962508, 51.4072042500525, 136.532316887331, 73.9237747192383, 1210, 3, 95
2020.50962509, 51.3948690784708, 136.530392708062, 73.9512252807617, 1210, 3, 60
2020.50962509, 51.3935225550513, 136.530184275834, 73.976188659668, 1210, 3, 56
2020.5096251, 51.3693270243792, 136.52646417698, 74.1161956787109, 2007686, 3, 56
2020.50962743, 46.6951176464128, 135.840192539581, 188.391265869141, 2009603, 3, 60
2020.50962743, 46.6949278770694, 135.840166260755, 188.417984008789, 2009603, 3, 65
2020.50962785, 45.8507191677594, 135.723202441296, 317.872131347656, 2009603, 3, 59
2020.50962785, 45.8506236473628, 135.723189325074, 317.848175048828, 2009603, 3, 59
2020.50962785, 45.8505218273853, 135.723175280077, 317.85595703125, 2009603, 3, 59
2020.50962785, 45.850420090177, 135.723161196861, 317.797515869141, 2009603, 3, 72
2020.50962785, 45.8503247794649, 135.72314793026, 317.791137695312, 2009603, 3, 72
2020.50962785, 45.8502357544985, 135.723135634308, 317.755493164062, 2009603, 3, 77
2020.50962785, 45.8501280945674, 135.723120289435, 317.75146484375, 2009603, 3, 77
2020.50962785, 45.8500205022752, 135.723104883034, 317.735107421875, 2009603, 3, 77
2020.50962785, 45.8499066381582, 135.723088535135, 317.709655761719, 2009603, 3, 72
2020.50962785, 45.8497991371688, 135.723073090955, 317.677185058594, 2009603, 3, 72
2020.50962785, 45.8496853174543, 135.723056709294, 317.622650146484, 2009603, 3, 51
2020.50962785, 45.8495651774865, 135.723039472313, 317.607940673828, 2009603, 3, 51
2020.50962785, 45.8407935525469, 135.721835782495, 315.440856933594, 2009603, 3, 60
2020.50962785, 45.8406721341644, 135.721819576443, 315.384307861328, 2009603, 3, 56
2020.50962785, 45.8405507475947, 135.721803314529, 315.347961425781, 2009603, 3, 56
2020.50962785, 45.8405124223687, 135.72179816029, 315.353057861328, 2009603, 3, 56
2020.50962785, 45.8404741072378, 135.721793014051, 315.361328125, 2009603, 3, 57
2020.50962785, 45.840308134991, 135.721770588397, 315.504425048828, 2009603, 3, 57
2020.50962785, 45.8400913085762, 135.721741047437, 315.383758544922, 2009603, 3, 58
2020.50962785, 45.8400402332037, 135.721734115576, 315.368560791016, 2009603, 3, 58
2020.5096251, 51.3926500410149, 136.528732768758, 74.5280227661133, 1210, 4, 87
2020.50962744, 46.6909107184111, 135.838358963519, 187.886337280273, 2009603, 4, 54
2020.50962456, 52.4677204347848, 136.651379803941, 60.511833190918, 2007706, 5, 94
2020.50962456, 52.4676885460408, 136.651374811211, 60.5222244262695, 2007706, 5, 94
2020.50962456, 52.467663026362, 136.651370795608, 60.4786758422852, 2007706, 5, 94
2020.50962456, 52.4676311316209, 136.651365854781, 60.4662818908691, 2007706, 5, 94
2020.50962456, 52.4676056036422, 136.651361867129, 60.4868927001953, 2007706, 5, 94
2020.50962456, 52.4675736940413, 136.651356943231, 60.4874267578125, 2007706, 5, 94
2020.50962456, 52.4675481568373, 136.6513529621, 60.4834823608398, 2007706, 5, 94
2020.50962456, 52.4675162367384, 136.651348059754, 60.4988632202148, 2007706, 5, 94
2020.50962456, 52.4674906903854, 136.651344093375, 60.5033988952637, 2007706, 5, 94
2020.50962456, 52.4674587588445, 136.651339195852, 60.4952125549316, 2007706, 5, 94
2020.50962456, 52.4674332050278, 136.651335243701, 60.4998588562012, 2007706, 5, 94
2020.50962456, 52.4674012688933, 136.651330375322, 60.4892883300781, 2007706, 5, 94
2020.50962456, 52.4673757069286, 136.651326424599, 60.4929962158203, 2007706, 5, 94
2020.50962456, 52.4673437616875, 136.651321584765, 60.5065994262695, 2007706, 5, 94
2020.50962456, 52.4673181965991, 136.651317660592, 60.4726638793945, 2007706, 5, 94
2020.50962456, 52.4672926272128, 136.651313732884, 60.4931411743164, 2007706, 5, 94
2020.50962456, 52.4672606697752, 136.651308890855, 60.486515045166, 2007706, 5, 94
2020.50962456, 52.4672287052279, 136.651304022162, 60.4879875183105, 2007706, 5, 96
2020.50962456, 52.4672031359295, 136.651300144532, 60.4947662353516, 2007706, 5, 96
2020.50962456, 52.4671775544168, 136.651296206221, 60.4780731201172, 2007706, 5, 96
2020.50962456, 52.467145588329, 136.651291393967, 60.5069236755371, 2007706, 5, 96
2020.50962456, 52.4671200046371, 136.6512874693, 60.4768447875977, 2007706, 5, 96
2020.50962456, 52.4670880335611, 136.651282650593, 60.515308380127, 2007706, 5, 96
2020.50962456, 52.4670624510822, 136.651278752005, 60.5198707580566, 2007706, 5, 96
2020.50962456, 52.4670304777528, 136.651273938966, 60.5227012634277, 2007706, 5, 96
2020.50962456, 52.4670048903704, 136.651270023184, 60.5006484985352, 2007706, 5, 96
2020.50962456, 52.4669729195981, 136.65126522188, 60.5111198425293, 2007706, 5, 97
2020.50962456, 52.4669473290643, 136.651261294006, 60.509162902832, 2007706, 5, 97
2020.50962456, 52.4669153517631, 136.651256457292, 60.5090675354004, 2007706, 5, 97
2020.50962456, 52.4668833764862, 136.651251642529, 60.5068397521973, 2007706, 5, 97
2020.50962456, 52.4668577895808, 136.65124773112, 60.5090599060059, 2007706, 5, 95
2020.50962456, 52.4668258121188, 136.651242885936, 60.5098991394043, 2007706, 5, 95
2020.50962456, 52.4667938418706, 136.651238081028, 60.5111389160156, 2007706, 5, 95
2020.50962456, 52.4667618672723, 136.651233217702, 60.5351142883301, 2007706, 5, 95
2020.50962456, 52.4667298935549, 136.651228359761, 60.5372047424316, 2007706, 5, 95
2020.50962456, 52.4666979185017, 136.651223462502, 60.5304107666016, 2007706, 5, 95
2020.50962456, 52.4666659503428, 136.651218606984, 60.5042762756348, 2007706, 5, 95
2020.50962456, 52.4666339735175, 136.651213804703, 60.4977226257324, 2007706, 5, 95
2020.50962456, 52.4666020142794, 136.651208912714, 60.5064735412598, 2007706, 5, 95
2020.50962456, 52.4665700586516, 136.651204011533, 60.5256958007812, 2007706, 5, 95
2020.50962456, 52.4665317223088, 136.651198165664, 60.5571022033691, 2007706, 5, 95
2020.50962456, 52.4664806059644, 136.651190292195, 60.5834007263184, 2007706, 5, 96
2020.50962456, 52.4663975606434, 136.651177436125, 60.5688323974609, 2007706, 5, 96
2020.50962456, 52.466282631647, 136.651159594722, 60.553882598877, 2007706, 5, 96
2020.50962456, 52.4662060512526, 136.651147662603, 60.5472450256348, 2007706, 5, 94
2020.50962456, 52.4660912415899, 136.651129664249, 60.5579566955566, 2007706, 5, 94
2020.50962456, 52.4659574132806, 136.651108685913, 60.5789375305176, 2007706, 5, 89
2020.50962507, 51.4333499885231, 136.489813393457, 73.87548828125, 1210, 5, 98
2020.50962508, 51.4107963554415, 136.486306721659, 73.8912582397461, 1210, 5, 90
2020.50962508, 51.4099457040893, 136.486170800707, 73.9080505371094, 1210, 5, 90
2020.50962508, 51.4086309489258, 136.485958500132, 73.8858184814453, 1210, 5, 95
2020.50962509, 51.4021790168697, 136.484962506403, 73.9113464355469, 1210, 5, 91
2020.50962509, 51.4014523955893, 136.484853346043, 73.923095703125, 1210, 5, 92
2020.50962509, 51.3890190975755, 136.482935421909, 73.9059219360352, 1210, 5, 92
2020.5096251, 51.3876433735884, 136.48272722721, 73.9141159057617, 1210, 5, 86
2020.5096251, 51.3869577194072, 136.482625466003, 73.9328918457031, 1210, 5, 80
2020.5096251, 51.3862753403472, 136.482523713103, 73.9340438842773, 1210, 5, 78
2020.5096251, 51.3855356815926, 136.482410940143, 73.9074020385742, 1210, 5, 80
2020.5096251, 51.3841778646999, 136.482200167712, 73.8962097167969, 1210, 5, 77
2020.50962595, 49.6758917540954, 136.224507038662, 19.9957294464111, 13813, 5, 51
2020.50962744, 46.6802345477661, 135.795840934225, 182.841857910156, 2009603, 5, 71
2020.50962744, 46.6800820923052, 135.795820172181, 182.849899291992, 2009603, 5, 71
2020.50962744, 46.6799550624173, 135.795802998146, 182.833511352539, 2009603, 5, 73
2020.50962744, 46.6798280282669, 135.795785837876, 182.820785522461, 2009603, 5, 73
2020.50962788, 45.7793174225234, 135.67204351693, 294.1875, 2009603, 5, 56
2020.50962788, 45.7791505468671, 135.672021038825, 294.159423828125, 2009603, 5, 75
2020.50962457, 52.4676617971058, 136.650009260713, 60.5717926025391, 2007706, 6, 94
2020.50962457, 52.4675477048573, 136.649991090179, 60.5643463134766, 2007706, 6, 94
2020.50962457, 52.4674336168306, 136.649972872454, 60.5609474182129, 2007706, 6, 94
2020.50962457, 52.4673068396234, 136.649952638372, 60.590518951416, 2007706, 6, 94
2020.50962457, 52.4670405370217, 136.649910014435, 60.6196441650391, 2007706, 6, 94
2020.50962457, 52.4665834471394, 136.649836851733, 60.6091804504395, 2007706, 6, 96
2020.50962745, 46.6803412241746, 135.794651043798, 182.827911376953, 2009603, 6, 56
