2021.56505401, 47.635677688968, 135.726609809062, 120.537605285645, 2006568, 1, 67
2021.56505401, 47.6362460081892, 135.726528521459, 120.634155273438, 2006568, 1, 94
2021.56505401, 47.6365253456346, 135.726488287957, 120.73705291748, 2006568, 1, 92
2021.56505401, 47.6369565104272, 135.726425785014, 120.934944152832, 2006568, 1, 92
2021.56505454, 48.7031533695427, 135.571935041302, 32.0014610290527, 168085, 1, 58
2021.56505454, 48.7039539812386, 135.571816735312, 32.0044631958008, 168085, 1, 56
2021.56505455, 48.7204343845617, 135.569404329937, 32.011100769043, 2009603, 1, 87
2021.56505455, 48.720759484595, 135.569357841156, 32.0222053527832, 2009603, 1, 94
2021.56505455, 48.721434624814, 135.569261169568, 32.004508972168, 2009603, 1, 95
2021.56505455, 48.7222481144889, 135.569141534827, 32.0332069396973, 2009603, 1, 95
2021.56505455, 48.723144131573, 135.569009737002, 32.0300254821777, 2009603, 1, 96
2021.56505455, 48.7280200730604, 135.56830579782, 32.0782852172852, 2009603, 1, 85
2021.56505455, 48.7294713458304, 135.568097319213, 32.0344543457031, 2009603, 1, 62
2021.56505457, 48.7655038779205, 135.562793136611, 32.0940246582031, 2009603, 1, 90
2021.56505457, 48.7671516415431, 135.562549368808, 32.101432800293, 2009603, 1, 95
2021.56505457, 48.7687282244836, 135.56232187649, 32.0488739013672, 2009603, 1, 98
2021.56505458, 48.7820266086794, 135.56036819546, 32.0095558166504, 2009603, 1, 87
2021.56505458, 48.7821410142774, 135.560351460963, 32.0237350463867, 2009603, 1, 87
2021.56505458, 48.7822617217388, 135.560333801037, 32.0122413635254, 2009603, 1, 94
2021.56505458, 48.7824268564481, 135.560309520766, 32.0368728637695, 2009603, 1, 94
2021.56505458, 48.7826173596617, 135.560281437571, 32.0535316467285, 2009603, 1, 94
2021.56505458, 48.78297943901, 135.56022786261, 32.069652557373, 2009603, 1, 94
2021.56505458, 48.7834946954054, 135.560151467589, 32.1015472412109, 2009603, 1, 95
2021.56505458, 48.7840480064782, 135.560071217736, 32.0514450073242, 2009603, 1, 95
2021.56505458, 48.7848231110668, 135.559963247441, 32.0904426574707, 2009603, 1, 90
2021.56505458, 48.7857811402448, 135.559829951834, 32.0869255065918, 2009603, 1, 96
2021.56505458, 48.7868467002492, 135.559676106967, 32.0898666381836, 2009603, 1, 96
2021.56505319, 45.9806886492663, 135.960655670729, 432.384094238281, 2009603, 2, 67
2021.56505402, 47.6354978594804, 135.7277795313, 120.494728088379, 2006568, 2, 82
2021.56505402, 47.6360321040703, 135.727705052473, 120.741569519043, 2006568, 2, 94
2021.56505402, 47.6362862093432, 135.727669151737, 120.774719238281, 2006568, 2, 94
2021.56505402, 47.6363940111723, 135.727653558977, 120.855087280273, 2006568, 2, 94
2021.56505402, 47.6365271836106, 135.727634183694, 120.949584960938, 2006568, 2, 93
2021.56505402, 47.6367619243512, 135.727599796646, 120.983741760254, 2006568, 2, 90
2021.56505455, 48.7034364538781, 135.573131919472, 31.9904174804688, 168085, 2, 66
2021.56505455, 48.7036965359164, 135.573094922519, 31.9942684173584, 168085, 2, 67
2021.56505455, 48.7039058215624, 135.573065371617, 31.9612216949463, 168085, 2, 64
2021.56505455, 48.704095730579, 135.573039131047, 31.9686584472656, 168085, 2, 64
2021.56505455, 48.7042667611553, 135.573015456202, 31.9644813537598, 168085, 2, 61
2021.56505455, 48.7044506774705, 135.572989855179, 31.9598522186279, 168085, 2, 61
2021.56505455, 48.7046603324519, 135.572960354338, 31.9710178375244, 168085, 2, 59
2021.56505455, 48.7150017428629, 135.571470234164, 32.0142021179199, 168085, 2, 60
2021.56505455, 48.7150652961807, 135.571461069329, 31.945125579834, 168085, 2, 60
2021.56505455, 48.7151161352445, 135.571453676457, 31.9870433807373, 168085, 2, 60
2021.56505455, 48.7152305453456, 135.57143693117, 31.9917793273926, 168085, 2, 60
2021.56505456, 48.7154596974313, 135.571402763973, 31.9906520843506, 168085, 2, 73
2021.56505456, 48.7157019803157, 135.571365722523, 32.0198364257812, 168085, 2, 67
2021.56505456, 48.720546640795, 135.570663649679, 31.9650211334229, 2009603, 2, 81
2021.56505456, 48.7206353453568, 135.570650135572, 31.9799575805664, 2009603, 2, 81
2021.56505456, 48.7207368279855, 135.570634676238, 31.9883346557617, 2009603, 2, 81
2021.56505456, 48.7208574752301, 135.570616273189, 31.9768905639648, 2009603, 2, 93
2021.56505456, 48.7210291450456, 135.570590039503, 31.9943656921387, 2009603, 2, 95
2021.56505456, 48.7212329233861, 135.570558916278, 31.9729557037354, 2009603, 2, 95
2021.56505456, 48.7214370243277, 135.570527968245, 31.9896144866943, 2009603, 2, 95
2021.56505456, 48.7216668277619, 135.570493387929, 31.9898242950439, 2009603, 2, 94
2021.56505456, 48.7219033038266, 135.570458114349, 31.9730491638184, 2009603, 2, 95
2021.56505456, 48.7221141718429, 135.570427114444, 32.004077911377, 2009603, 2, 96
2021.56505456, 48.722337635046, 135.570394772759, 31.9851589202881, 2009603, 2, 95
2021.56505456, 48.7225353005411, 135.570366584, 31.9679660797119, 2009603, 2, 97
2021.56505456, 48.7227708352398, 135.570333486328, 31.9895153045654, 2009603, 2, 97
2021.56505456, 48.7230059109273, 135.570300858789, 31.9806900024414, 2009603, 2, 97
2021.56505456, 48.7232466259, 135.570268254876, 32.0157127380371, 2009603, 2, 97
2021.56505456, 48.7234680751594, 135.570238139161, 31.9741477966309, 2009603, 2, 95
2021.56505456, 48.7236641209224, 135.570211147081, 31.9967422485352, 2009603, 2, 91
2021.56505456, 48.7238981470299, 135.570178310595, 32.0055198669434, 2009603, 2, 65
2021.56505456, 48.72853308761, 135.569490492881, 32.0638580322266, 2009603, 2, 93
2021.56505456, 48.7288255497126, 135.569447505222, 32.0537490844727, 2009603, 2, 92
2021.56505456, 48.7291186799154, 135.569404102935, 32.0467338562012, 2009603, 2, 88
2021.56505456, 48.7294506725645, 135.56935425871, 32.0384368896484, 2009603, 2, 81
2021.56505457, 48.7552161270717, 135.565530724217, 32.0230369567871, 2009603, 2, 62
2021.56505458, 48.7566089384168, 135.565327942629, 32.0176086425781, 2009603, 2, 97
2021.56505458, 48.7586784476971, 135.565026193862, 32.0156898498535, 2009603, 2, 98
2021.56505458, 48.7599243214777, 135.564848002417, 32.0092315673828, 2009603, 2, 99
2021.56505458, 48.7654349796484, 135.564047630976, 32.0485954284668, 2009603, 2, 82
2021.56505458, 48.7657260182854, 135.564005671854, 32.0994491577148, 2009603, 2, 87
2021.56505458, 48.7660171922003, 135.563964325921, 32.06103515625, 2009603, 2, 91
2021.56505458, 48.7664615826032, 135.563902617995, 32.0672035217285, 2009603, 2, 91
2021.56505458, 48.7676470267164, 135.563734270216, 32.089900970459, 2009603, 2, 95
2021.56505458, 48.7683084950005, 135.563633584545, 32.0514450073242, 2009603, 2, 97
2021.56505458, 48.7689676744703, 135.563536500014, 32.0540924072266, 2009603, 2, 97
2021.56505458, 48.7696657112999, 135.563439538971, 32.0526885986328, 2009603, 2, 97
2021.56505458, 48.7710163812885, 135.563248472652, 32.057502746582, 2009603, 2, 94
2021.56505458, 48.7731303678395, 135.56294574104, 32.011302947998, 2009603, 2, 96
2021.56505458, 48.7738117344998, 135.562850832669, 32.0450210571289, 2009603, 2, 97
2021.56505458, 48.7743785205558, 135.562771955437, 32.013916015625, 2009603, 2, 95
2021.56505458, 48.7748664834612, 135.562701603023, 32.0257263183594, 2009603, 2, 94
2021.56505458, 48.775246212847, 135.562644740363, 32.0230293273926, 2009603, 2, 92
2021.56505459, 48.7820224509747, 135.561668447108, 31.9955959320068, 2009603, 2, 92
2021.56505459, 48.7820544201866, 135.561663665406, 32.0325775146484, 2009603, 2, 92
2021.56505459, 48.7820864008028, 135.561658868531, 31.9806575775146, 2009603, 2, 92
2021.56505459, 48.7821183942779, 135.561654067971, 32.0060958862305, 2009603, 2, 92
2021.56505459, 48.782150403782, 135.561649272067, 31.9906902313232, 2009603, 2, 92
2021.56505459, 48.7821824236557, 135.561644470005, 32.0083770751953, 2009603, 2, 92
2021.56505459, 48.7822144664541, 135.561639686022, 31.9995746612549, 2009603, 2, 92
2021.56505459, 48.7822529183038, 135.561633914341, 31.9943752288818, 2009603, 2, 94
2021.56505459, 48.7822849926386, 135.561629142375, 32.0326461791992, 2009603, 2, 94
2021.56505459, 48.7823299110811, 135.561622442486, 32.0488586425781, 2009603, 2, 94
2021.56505459, 48.7823876960693, 135.56161382494, 32.0465126037598, 2009603, 2, 94
2021.56505459, 48.78243909285, 135.561606170122, 32.0584564208984, 2009603, 2, 94
2021.56505459, 48.782496941181, 135.561597557131, 32.0320739746094, 2009603, 2, 94
2021.56505459, 48.7825419601414, 135.561590861265, 32.0225105285645, 2009603, 2, 93
2021.56505459, 48.7825805617635, 135.561585122832, 32.0136413574219, 2009603, 2, 93
2021.56505459, 48.7826256252091, 135.561578461303, 32.0448913574219, 2009603, 2, 93
2021.56505459, 48.782696438451, 135.561567930377, 32.0417213439941, 2009603, 2, 93
2021.56505459, 48.782857645173, 135.561544167274, 32.0583724975586, 2009603, 2, 93
2021.56505459, 48.7830708595988, 135.561512968923, 32.0253982543945, 2009603, 2, 93
2021.56505459, 48.7832773813124, 135.561482671536, 32.0682067871094, 2009603, 2, 94
2021.56505459, 48.7834512654159, 135.561457036286, 32.0565185546875, 2009603, 2, 94
2021.56505459, 48.7836054368203, 135.561434181542, 32.0586471557617, 2009603, 2, 94
2021.56505459, 48.7837655658763, 135.56141030146, 32.0958251953125, 2009603, 2, 94
2021.56505459, 48.7839379215513, 135.561384447996, 32.0583610534668, 2009603, 2, 94
2021.56505459, 48.7841222254607, 135.561356519231, 32.0623245239258, 2009603, 2, 94
2021.56505459, 48.7842926361187, 135.561330110119, 32.0175933837891, 2009603, 2, 92
2021.56505459, 48.7844941483434, 135.56129905254, 32.0619926452637, 2009603, 2, 92
2021.56505459, 48.7847142999579, 135.561265554413, 32.0673751831055, 2009603, 2, 91
2021.56505459, 48.7849345660277, 135.561232773891, 32.0525398254395, 2009603, 2, 90
2021.56505459, 48.7852500450059, 135.561187384912, 32.0393714904785, 2009603, 2, 93
2021.56505459, 48.7855549617401, 135.561146237002, 32.0616264343262, 2009603, 2, 96
2021.56505459, 48.7858550213106, 135.561107086319, 32.0663223266602, 2009603, 2, 96
2021.56505459, 48.7861237069537, 135.561071894811, 32.0718383789062, 2009603, 2, 95
2021.56505459, 48.7863669326374, 135.561039418516, 32.0369262695312, 2009603, 2, 96
2021.56505459, 48.7866227873691, 135.561004276163, 32.0699615478516, 2009603, 2, 96
2021.56505459, 48.786858733256, 135.56096963981, 32.0471458435059, 2009603, 2, 96
2021.56505459, 48.7871388044038, 135.560927681814, 32.0415077209473, 2009603, 2, 96
2021.56505459, 48.7874373656732, 135.560882551031, 32.0631523132324, 2009603, 2, 95
2021.56505459, 48.78771006218, 135.560841521025, 32.0493927001953, 2009603, 2, 60
2021.56505354, 46.7091013144299, 135.900142444657, 194.831405639648, 2009603, 3, 66
2021.56505354, 46.709209148238, 135.900128602048, 194.833190917969, 2009603, 3, 66
2021.56505355, 46.7087680776005, 135.901409340456, 194.844192504883, 2009603, 4, 78
2021.56505355, 46.7087934662123, 135.901405655705, 194.85595703125, 2009603, 4, 78
2021.56505355, 46.70881885083, 135.901401974056, 194.854690551758, 2009603, 4, 78
2021.56505355, 46.7088378991791, 135.901399209795, 194.857406616211, 2009603, 4, 78
2021.56505355, 46.7088632912025, 135.901395528407, 194.849761962891, 2009603, 4, 78
2021.56505355, 46.7088886892655, 135.901391846094, 194.832992553711, 2009603, 4, 78
2021.56505355, 46.7089140916368, 135.901388163543, 194.846893310547, 2009603, 4, 78
2021.56505355, 46.7089394955684, 135.901384482404, 194.822494506836, 2009603, 4, 78
2021.56505355, 46.7089649051316, 135.901380800378, 194.824630737305, 2009603, 4, 78
2021.56505355, 46.7089903160811, 135.901377119567, 194.820571899414, 2009603, 4, 78
2021.56505355, 46.7090157320378, 135.90137343875, 194.81217956543, 2009603, 4, 72
2021.56505355, 46.7090411500039, 135.901369758104, 194.813064575195, 2009603, 4, 72
2021.56505355, 46.7090602212187, 135.901366995732, 194.828765869141, 2009603, 4, 72
2021.56505355, 46.7090856472265, 135.901363316185, 194.82438659668, 2009603, 4, 72
2021.56505355, 46.7091110784758, 135.901359636274, 194.816589355469, 2009603, 4, 72
2021.56505355, 46.7091365101448, 135.901355958833, 194.801055908203, 2009603, 4, 72
2021.56505355, 46.709161952238, 135.901352278118, 194.787124633789, 2009603, 4, 72
2021.56505355, 46.7091873941404, 135.901348599903, 194.800109863281, 2009603, 4, 72
2021.56505355, 46.7092192060216, 135.901344001183, 194.790191650391, 2009603, 4, 72
2021.56505402, 47.6364320317479, 135.770699284089, 124.765892028809, 2006568, 4, 58
2021.56505402, 47.6366153910755, 135.770673275009, 124.746757507324, 2006568, 4, 60
2021.56505457, 48.739810600965, 135.611821275348, 31.878023147583, 2009603, 4, 96
2021.56505457, 48.7417482153331, 135.61153698646, 31.8835163116455, 2009603, 4, 95
2021.56505355, 46.7244673821876, 135.940389139986, 200.202774047852, 2009603, 5, 52
2021.56505457, 48.7525537230219, 135.653942327013, 31.5710639953613, 2009603, 6, 97
2021.56505457, 48.7566507003528, 135.653345224333, 31.8073501586914, 2009603, 6, 99
