2019.54318693, 54.1338841064971, 123.385389720176, 365.057037353516, 2009603, 1, 94
2019.54318693, 54.1336953180949, 123.385357695104, 364.950256347656, 2009603, 1, 92
2019.54318693, 54.1335504479971, 123.385333212358, 364.977111816406, 2009603, 1, 92
2019.54318693, 54.1280130324621, 123.384413091881, 364.748229980469, 2009603, 1, 93
2019.543187, 53.9977724716308, 123.363199984108, 335.804901123047, 2009603, 1, 58
2019.543187, 53.9975935815204, 123.36316955416, 335.792022705078, 2009603, 1, 90
2019.54318704, 53.9046552008463, 123.346991793409, 319.886566162109, 2009603, 1, 72
2019.54318722, 53.5613698672481, 123.290289638681, 269.724670410156, 2009603, 1, 91
2019.54318722, 53.56080076878, 123.290197002624, 269.739318847656, 2009603, 1, 94
2019.54318722, 53.5602655136823, 123.29011004913, 269.736358642578, 2009603, 1, 91
2019.54318722, 53.5601005175336, 123.290083570586, 269.739379882812, 2009603, 1, 83
2019.54318722, 53.560005387843, 123.29006839382, 269.727233886719, 2009603, 1, 83
2019.54318722, 53.5599422027553, 123.290058562332, 269.769744873047, 2009603, 1, 73
2019.54318722, 53.5598727447186, 123.290047777409, 269.806121826172, 2009603, 1, 73
2019.54318722, 53.5597906021837, 123.290035146709, 269.812347412109, 2009603, 1, 73
2019.54318722, 53.5596960346185, 123.2900204882, 269.794036865234, 2009603, 1, 73
2019.54318722, 53.5596202977702, 123.290008857627, 269.784973144531, 2009603, 1, 73
2019.54318722, 53.5595319755906, 123.28999527934, 269.873229980469, 2009603, 1, 73
2019.54318722, 53.5592542624388, 123.289952543171, 269.820648193359, 2009603, 1, 70
2019.54318722, 53.5589188461898, 123.289900679152, 269.573303222656, 2009603, 1, 76
2019.54318722, 53.5587857650357, 123.289880079057, 269.540405273438, 2009603, 1, 76
2019.54318722, 53.5586838609179, 123.289863781637, 269.5263671875, 2009603, 1, 86
2019.54318722, 53.5585307446381, 123.289839224402, 269.521911621094, 2009603, 1, 86
2019.54318722, 53.5583646894144, 123.289812440245, 269.525024414062, 2009603, 1, 89
2019.54318722, 53.5581986607505, 123.289785428011, 269.544403076172, 2009603, 1, 93
2019.54318722, 53.5580835259946, 123.289766812313, 269.530426025391, 2009603, 1, 93
2019.54318722, 53.5579814285045, 123.28975008152, 269.568878173828, 2009603, 1, 93
2019.54318722, 53.5578920086057, 123.28973552337, 269.535949707031, 2009603, 1, 93
2019.54318722, 53.557815555543, 123.289722928391, 269.556732177734, 2009603, 1, 93
2019.54318722, 53.5577581381785, 123.289713560773, 269.549987792969, 2009603, 1, 93
2019.54318722, 53.5576943643433, 123.28970316083, 269.555725097656, 2009603, 1, 91
2019.54318722, 53.5576242691851, 123.289691714694, 269.565643310547, 2009603, 1, 91
2019.54318732, 53.3602674286305, 123.256683264032, 304.203063964844, 2009603, 1, 77
2019.54318732, 53.3602032741671, 123.256673107023, 304.184326171875, 2009603, 1, 91
2019.54318732, 53.3601393441356, 123.256662788716, 304.184997558594, 2009603, 1, 91
2019.54318732, 53.3600944350174, 123.256655692767, 304.177856445312, 2009603, 1, 91
2019.54318732, 53.3600559666743, 123.256649595795, 304.188812255859, 2009603, 1, 91
2019.54318732, 53.3600175884742, 123.2566434387, 304.189971923828, 2009603, 1, 91
2019.54318732, 53.3599728777133, 123.256636219362, 304.190490722656, 2009603, 1, 89
2019.54318732, 53.3599407814065, 123.256631189074, 304.208740234375, 2009603, 1, 89
2019.54318732, 53.359902479995, 123.256625005989, 304.210662841797, 2009603, 1, 89
2019.54318732, 53.3598640448084, 123.256618932084, 304.23779296875, 2009603, 1, 89
2019.54318732, 53.3598193467957, 123.256611756146, 304.221435546875, 2009603, 1, 89
2019.54318732, 53.3597808904547, 123.256605727575, 304.236541748047, 2009603, 1, 89
2019.54318732, 53.3597234666174, 123.256596519522, 304.283325195312, 2009603, 1, 90
2019.54318732, 53.3596276869644, 123.256581313803, 304.279235839844, 2009603, 1, 90
2019.54318732, 53.3595255476625, 123.25656520189, 304.252532958984, 2009603, 1, 90
2019.54318732, 53.3594044754282, 123.256546094435, 304.262969970703, 2009603, 1, 87
2019.54318732, 53.3592959736481, 123.256528963673, 304.277160644531, 2009603, 1, 87
2019.54318732, 53.3591628680291, 123.256508280489, 304.239898681641, 2009603, 1, 87
2019.54318732, 53.3590298688896, 123.256487745522, 304.220886230469, 2009603, 1, 87
2019.54318733, 53.3316744277742, 123.252269002419, 305.936798095703, 2009603, 1, 67
2019.54318733, 53.3314764764191, 123.252238077045, 305.702423095703, 2009603, 1, 66
2019.54318733, 53.3313744049516, 123.252222149032, 305.686920166016, 2009603, 1, 66
2019.54318733, 53.3312914787619, 123.252209103903, 305.686950683594, 2009603, 1, 66
2019.54318733, 53.33117706578, 123.252191358734, 305.641265869141, 2009603, 1, 88
2019.54318733, 53.3311010195926, 123.252179424649, 305.678283691406, 2009603, 1, 88
2019.54318733, 53.3310439318915, 123.252170544611, 305.689514160156, 2009603, 1, 88
2019.54318733, 53.3309867788802, 123.252161739152, 305.691162109375, 2009603, 1, 89
2019.54318733, 53.3308980475102, 123.252147958875, 305.699371337891, 2009603, 1, 89
2019.54318733, 53.3308156359814, 123.252135222564, 305.689086914062, 2009603, 1, 89
2019.54318734, 53.3179094284676, 123.250156778964, 307.388458251953, 2009603, 1, 93
2019.54318734, 53.3178395513594, 123.250145779156, 307.437438964844, 2009603, 1, 93
2019.54318734, 53.317782188448, 123.250136943772, 307.414367675781, 2009603, 1, 93
2019.54318734, 53.317712191713, 123.25012609053, 307.421051025391, 2009603, 1, 93
2019.54318734, 53.3176422561723, 123.250115226869, 307.394561767578, 2009603, 1, 93
2019.54318734, 53.3175723055025, 123.250104406793, 307.406646728516, 2009603, 1, 93
2019.54318734, 53.3174896036437, 123.250091688205, 307.370971679688, 2009603, 1, 91
2019.54318734, 53.3173879770914, 123.250075979422, 307.357299804688, 2009603, 1, 91
2019.54318734, 53.3173052085959, 123.250063269294, 307.337097167969, 2009603, 1, 91
2019.54318734, 53.3172417225138, 123.250053618586, 307.362426757812, 2009603, 1, 71
2019.54318734, 53.3171845696547, 123.250044960163, 307.302001953125, 2009603, 1, 71
2019.54318734, 53.3171020407316, 123.250032458421, 307.497955322266, 2009603, 1, 71
2019.54318735, 53.2973432435203, 123.246938567309, 311.197357177734, 2009603, 1, 78
2019.54318735, 53.297159348524, 123.246909085025, 311.180572509766, 2009603, 1, 92
2019.54318735, 53.2970262299893, 123.246887553364, 311.212951660156, 2009603, 1, 92
2019.54318735, 53.2969564047299, 123.246876353021, 311.199859619141, 2009603, 1, 92
2019.54318735, 53.2968929174395, 123.246866036894, 311.209777832031, 2009603, 1, 92
2019.54318735, 53.296829449448, 123.246855676462, 311.2265625, 2009603, 1, 92
2019.54318735, 53.296765984276, 123.24684528861, 311.236328125, 2009603, 1, 92
2019.54318735, 53.2966960985157, 123.246833892292, 311.193572998047, 2009603, 1, 90
2019.54318735, 53.2966388507142, 123.246824598518, 311.162261962891, 2009603, 1, 90
2019.54318735, 53.2965817778548, 123.246815158452, 311.189575195312, 2009603, 1, 90
2019.54318735, 53.2965371745108, 123.246807966322, 311.221405029297, 2009603, 1, 90
2019.54318735, 53.2964737021982, 123.246797496726, 311.242126464844, 2009603, 1, 93
2019.54318735, 53.2964163797273, 123.246788208368, 311.252075195312, 2009603, 1, 93
2019.54318735, 53.2963527541265, 123.246777828639, 311.228851318359, 2009603, 1, 93
2019.54318735, 53.2962891412871, 123.246767430905, 311.24853515625, 2009603, 1, 93
2019.54318735, 53.2962064767497, 123.246753883363, 311.267700195312, 2009603, 1, 92
2019.54318735, 53.2961046019012, 123.2467373013, 311.263336181641, 2009603, 1, 92
2019.54318735, 53.296002667638, 123.24672076872, 311.266571044922, 2009603, 1, 92
2019.54318735, 53.2958880565492, 123.246702133821, 311.261291503906, 2009603, 1, 78
2019.54318735, 53.2957795870677, 123.246684729472, 311.24462890625, 2009603, 1, 78
2019.54319061, 46.7461415796457, 122.255162603666, 278.895751953125, 2006419, 1, 63
2019.54319061, 46.7460516930162, 122.255150003661, 278.888977050781, 2006419, 1, 63
2019.54318694, 54.1333991355958, 123.384071517693, 364.916198730469, 2009603, 2, 94
2019.54318694, 54.1327886701556, 123.383974490774, 364.982391357422, 2009603, 2, 69
2019.54318694, 54.128024507091, 123.383188960832, 364.914764404297, 2009603, 2, 90
2019.54318701, 53.9972903704845, 123.361731585592, 336.030426025391, 2009603, 2, 85
2019.54318704, 53.9271384155421, 123.34947679383, 323.764892578125, 2009603, 2, 92
2019.54318704, 53.9268441726557, 123.349428342056, 323.730895996094, 2009603, 2, 94
2019.54318704, 53.9256504438595, 123.349221749529, 323.708251953125, 2009603, 2, 76
2019.54318723, 53.5606336554999, 123.289008610895, 269.86328125, 2009603, 2, 92
2019.54318723, 53.5599860542052, 123.288902468119, 269.849731445312, 2009603, 2, 88
2019.54318723, 53.5596410128329, 123.28884722582, 269.879089355469, 2009603, 2, 88
2019.54318723, 53.5593854567391, 123.288806478689, 269.849822998047, 2009603, 2, 89
2019.54318723, 53.559181321202, 123.288773840332, 269.802001953125, 2009603, 2, 86
2019.54318723, 53.5589901926252, 123.288743151074, 269.770538330078, 2009603, 2, 88
2019.54318723, 53.558718145102, 123.288698799712, 269.722137451172, 2009603, 2, 90
2019.54318723, 53.558383231933, 123.28864370431, 269.717681884766, 2009603, 2, 91
2019.54318723, 53.5581240008591, 123.288600742066, 269.632415771484, 2009603, 2, 93
2019.54318723, 53.5578579970644, 123.288556453034, 269.685516357422, 2009603, 2, 94
2019.54318733, 53.3592287580078, 123.255484090412, 304.253723144531, 2009603, 2, 90
2019.54318733, 53.3590571056932, 123.255457126565, 304.233795166016, 2009603, 2, 90
2019.54318733, 53.3589173770189, 123.255434956248, 304.235595703125, 2009603, 2, 87
2019.54318733, 53.3587776476511, 123.255412785497, 304.229370117188, 2009603, 2, 87
2019.54318733, 53.3585873377157, 123.255382432307, 304.268768310547, 2009603, 2, 90
2019.54318733, 53.3582385969519, 123.255327013109, 304.277740478516, 2009603, 2, 86
2019.54318734, 53.3309215760655, 123.251122219258, 305.821563720703, 2009603, 2, 91
2019.54318734, 53.3306485820614, 123.251080724105, 305.883758544922, 2009603, 2, 76
2019.54318735, 53.3175349129098, 123.249003578331, 307.406646728516, 2009603, 2, 54
2019.54318735, 53.3173438380381, 123.248974471422, 307.367065429688, 2009603, 2, 87
2019.54318735, 53.3171400676634, 123.2489433076, 307.363891601562, 2009603, 2, 91
2019.54318735, 53.3169044740703, 123.2489070516, 307.391510009766, 2009603, 2, 83
2019.54318736, 53.2960457710533, 123.245520241847, 311.286346435547, 2009603, 2, 89
2019.54318736, 53.2958291165008, 123.245484382416, 311.287689208984, 2009603, 2, 91
2019.54318736, 53.2956239295351, 123.245451642039, 311.355102539062, 2009603, 2, 91
2019.54318736, 53.295328653244, 123.245405449586, 311.393035888672, 2009603, 2, 90
2019.54318736, 53.2950657842946, 123.245364792842, 311.512725830078, 2009603, 2, 66
2019.54319062, 46.746184961961, 122.254050432656, 279.146301269531, 2006419, 2, 77
2019.54318691, 54.1726825741379, 123.342443136974, 375.656951904297, 2009603, 3, 93
2019.54318691, 54.1724540438371, 123.342402665424, 375.640838623047, 2009603, 3, 61
2019.54318722, 53.5566842171128, 123.240690420416, 270.553466796875, 2009603, 3, 93
2019.54318722, 53.5558717277905, 123.240558759324, 270.543548583984, 2009603, 3, 96
2019.54318722, 53.5548149171283, 123.240386256012, 270.584350585938, 2009603, 3, 93
2019.54318722, 53.5538876854036, 123.240238478124, 270.574310302734, 2009603, 3, 95
2019.54318722, 53.5528831312208, 123.240080116356, 270.557037353516, 2009603, 3, 91
2019.54318993, 48.1114323057792, 122.406192790835, 369.150543212891, 2009593, 3, 57
2019.54318723, 53.5564987505394, 123.239414779299, 270.552581787109, 2009603, 4, 94
2019.54318723, 53.5556491942345, 123.239273350083, 270.579132080078, 2009603, 4, 95
2019.54318723, 53.5541028166264, 123.23902270474, 270.612884521484, 2009603, 4, 95
2019.54318723, 53.5530260753475, 123.238853440728, 270.601318359375, 2009603, 4, 94
2019.54318994, 48.1138653465265, 122.40517685025, 370.232543945312, 2009593, 4, 56
2019.54318668, 54.6299259216706, 123.369337834579, 551.109924316406, 2009603, 5, 65
2019.54318668, 54.6297979605993, 123.369316572697, 551.123962402344, 2009603, 5, 65
2019.54318723, 53.5311933302585, 123.187798943046, 272.054931640625, 2009603, 5, 75
2019.54318723, 53.5310850703818, 123.187782006298, 272.031646728516, 2009603, 5, 75
2019.54318723, 53.5310212856346, 123.187772020553, 272.021850585938, 2009603, 5, 75
2019.54318723, 53.5309830690947, 123.18776602736, 272.029998779297, 2009603, 5, 89
2019.54318723, 53.5309448074222, 123.187760025228, 272.031280517578, 2009603, 5, 89
2019.54318723, 53.5309129699381, 123.1877550233, 272.033233642578, 2009603, 5, 89
2019.54318723, 53.5308811104854, 123.187750015324, 272.050323486328, 2009603, 5, 89
2019.54318723, 53.5307472812312, 123.187728931955, 272.058441162109, 2009603, 5, 69
2019.54318723, 53.5307091414627, 123.187722900982, 272.009613037109, 2009603, 5, 69
2019.54318723, 53.5306708304396, 123.18771684851, 272.06103515625, 2009603, 5, 69
2019.54318723, 53.53060080659, 123.187705825301, 272.057342529297, 2009603, 5, 69
2019.54318723, 53.5304925482302, 123.187688455952, 272.056793212891, 2009603, 5, 89
2019.54318723, 53.5303841581701, 123.187671027933, 272.017913818359, 2009603, 5, 89
2019.54318723, 53.5302759849593, 123.187653581149, 272.028564453125, 2009603, 5, 89
2019.54318723, 53.5301614637565, 123.187635082926, 271.995666503906, 2009603, 5, 91
2019.54318723, 53.5300213884009, 123.187612449961, 272.006744384766, 2009603, 5, 91
2019.54318723, 53.5298369383159, 123.187582650154, 272.076354980469, 2009603, 5, 90
2019.54318723, 53.529677900054, 123.187557018145, 272.119293212891, 2009603, 5, 85
2019.54318723, 53.5295252316966, 123.187532499514, 272.129089355469, 2009603, 5, 85
2019.54318723, 53.5259211390264, 123.186966211375, 272.688903808594, 2009603, 5, 68
2019.54318724, 53.5255850061976, 123.18691091615, 272.006195068359, 2009603, 5, 90
2019.54318724, 53.5254069244173, 123.186881456992, 271.913604736328, 2009603, 5, 96
2019.54318724, 53.5253433464562, 123.186870897217, 271.908325195312, 2009603, 5, 96
2019.54318724, 53.5252986595377, 123.186863487235, 271.914276123047, 2009603, 5, 96
2019.54318724, 53.5252477483706, 123.186855029856, 271.955230712891, 2009603, 5, 95
2019.54318724, 53.5251969475955, 123.186846580577, 271.938201904297, 2009603, 5, 95
2019.54318724, 53.5251585473592, 123.186840219188, 271.9677734375, 2009603, 5, 95
2019.54318724, 53.5251075816064, 123.186831757889, 271.962493896484, 2009603, 5, 95
2019.54318724, 53.5250567158401, 123.186823307697, 271.978637695312, 2009603, 5, 95
2019.54318724, 53.5249993101701, 123.186813790838, 272.004486083984, 2009603, 5, 95
2019.54318724, 53.524922840265, 123.186801118223, 272.030639648438, 2009603, 5, 95
2019.54318724, 53.5248337087536, 123.186786360886, 272.029510498047, 2009603, 5, 95
2019.54318724, 53.5247636255174, 123.186774780519, 272.007934570312, 2009603, 5, 95
2019.54318724, 53.5246807867299, 123.186761119308, 272.019378662109, 2009603, 5, 94
2019.54318724, 53.5245915958502, 123.186746444645, 272.039520263672, 2009603, 5, 95
2019.54318724, 53.5245089607122, 123.186732870221, 272.016265869141, 2009603, 5, 95
2019.54318724, 53.5244198757537, 123.186718287813, 272.004058837891, 2009603, 5, 94
2019.54318724, 53.5243370971285, 123.186704785604, 272.014526367188, 2009603, 5, 94
2019.54318724, 53.5242417303582, 123.186689254624, 272.010314941406, 2009603, 5, 95
2019.54318724, 53.5241592732644, 123.186675908458, 272.036773681641, 2009603, 5, 95
2019.54318724, 53.5240958349587, 123.186665672385, 272.058288574219, 2009603, 5, 95
2019.54318724, 53.5240260558751, 123.186654444009, 272.049652099609, 2009603, 5, 95
2019.54318724, 53.523950105122, 123.186642245689, 272.077423095703, 2009603, 5, 95
2019.54318724, 53.5238866778767, 123.186632097663, 272.071014404297, 2009603, 5, 95
2019.54318724, 53.5238296977941, 123.186622994598, 272.077178955078, 2009603, 5, 95
2019.54318724, 53.5237728045323, 123.186613918672, 272.100891113281, 2009603, 5, 95
2019.54318724, 53.5237031727409, 123.186602843674, 272.089294433594, 2009603, 5, 95
2019.54318724, 53.523639879172, 123.186592799792, 272.087249755859, 2009603, 5, 95
2019.54318724, 53.5235703413309, 123.186581783054, 272.073028564453, 2009603, 5, 95
2019.54318724, 53.5235070926106, 123.186571786297, 272.068328857422, 2009603, 5, 95
2019.54318724, 53.5234502048425, 123.186562807967, 272.098175048828, 2009603, 5, 95
2019.54318724, 53.5233932714291, 123.186553839882, 272.116668701172, 2009603, 5, 95
2019.54318724, 53.5233237165559, 123.186542898982, 272.113372802734, 2009603, 5, 95
2019.54318724, 53.5232479425962, 123.186530991295, 272.109436035156, 2009603, 5, 95
2019.54318724, 53.5231910457979, 123.186522066933, 272.107147216797, 2009603, 5, 95
2019.54318724, 53.5231278000931, 123.186512159054, 272.114013671875, 2009603, 5, 95
2019.54318724, 53.523064656625, 123.186502268505, 272.073608398438, 2009603, 5, 95
2019.54318724, 53.522995198347, 123.18649138006, 272.132019042969, 2009603, 5, 94
2019.54318724, 53.5229256986699, 123.186480530226, 272.112518310547, 2009603, 5, 94
2019.54318724, 53.5228561787037, 123.186469682695, 272.101806640625, 2009603, 5, 94
2019.54318724, 53.522786511674, 123.186458824128, 272.074432373047, 2009603, 5, 94
2019.54318724, 53.5227107195328, 123.186446993814, 272.081634521484, 2009603, 5, 95
2019.54318724, 53.5226348196065, 123.186435149803, 272.0830078125, 2009603, 5, 95
2019.54318724, 53.5225462484355, 123.186421319288, 272.083190917969, 2009603, 5, 95
2019.54318724, 53.5224640093035, 123.186408463335, 272.077453613281, 2009603, 5, 94
2019.54318724, 53.5223816822792, 123.186395582922, 272.059844970703, 2009603, 5, 94
2019.54318724, 53.5222993715099, 123.186382683772, 272.091979980469, 2009603, 5, 94
2019.54318724, 53.5221916100719, 123.186365770762, 272.093688964844, 2009603, 5, 96
2019.54318724, 53.5220900917604, 123.186349804259, 272.159393310547, 2009603, 5, 96
2019.54318724, 53.5219885138726, 123.186333790698, 272.140014648438, 2009603, 5, 95
2019.54318724, 53.5218614195848, 123.186313700485, 272.115997314453, 2009603, 5, 95
2019.54318724, 53.5217723301248, 123.186299584574, 272.135406494141, 2009603, 5, 95
2019.54318724, 53.521689600525, 123.186286460874, 272.142944335938, 2009603, 5, 95
2019.54318724, 53.5216131485967, 123.186274256407, 272.116180419922, 2009603, 5, 95
2019.54318724, 53.5215239226241, 123.186259986154, 272.15966796875, 2009603, 5, 95
2019.54318724, 53.5214474170177, 123.186247730108, 272.117004394531, 2009603, 5, 95
2019.54318724, 53.5213900026909, 123.186238523372, 272.151763916016, 2009603, 5, 95
2019.54318724, 53.5213388586656, 123.186230322785, 272.152679443359, 2009603, 5, 95
2019.54318724, 53.5212815027092, 123.186221104201, 272.142486572266, 2009603, 5, 95
2019.54318724, 53.5212303473315, 123.186212889748, 272.175445556641, 2009603, 5, 94
2019.54318724, 53.5211600804033, 123.186201593223, 272.169281005859, 2009603, 5, 94
2019.54318724, 53.521070671419, 123.18618720717, 272.167144775391, 2009603, 5, 94
2019.54318724, 53.5209875651291, 123.186173835207, 272.187866210938, 2009603, 5, 95
2019.54318724, 53.5209172234293, 123.186162516332, 272.174835205078, 2009603, 5, 95
2019.54318724, 53.5208534332349, 123.186152238881, 272.157897949219, 2009603, 5, 95
2019.54318724, 53.5208022556685, 123.18614400579, 272.189636230469, 2009603, 5, 95
2019.54318724, 53.520751136487, 123.186135779171, 272.187408447266, 2009603, 5, 95
2019.54318724, 53.5206935455003, 123.186126519882, 272.181793212891, 2009603, 5, 95
2019.54318724, 53.5206424057241, 123.18611829665, 272.175537109375, 2009603, 5, 95
2019.54318724, 53.5205657865221, 123.186105975915, 272.153045654297, 2009603, 5, 95
2019.54318724, 53.52050828692, 123.186096738768, 272.153442382812, 2009603, 5, 95
2019.54318724, 53.5204635185973, 123.186089563806, 272.171600341797, 2009603, 5, 95
2019.54318724, 53.5204060190139, 123.186080331265, 272.214508056641, 2009603, 5, 95
2019.54318724, 53.5202719242904, 123.186058823843, 272.189971923828, 2009603, 5, 95
2019.54318724, 53.5201442879409, 123.186038389173, 272.149597167969, 2009603, 5, 90
2019.54318724, 53.5200677060477, 123.186026150116, 272.173553466797, 2009603, 5, 90
2019.54318724, 53.5198636367789, 123.18599360598, 272.302581787109, 2009603, 5, 81
2019.54318724, 53.5159791776244, 123.185365250225, 272.888397216797, 2009603, 5, 74
2019.54318724, 53.5159219281424, 123.18535647207, 272.871215820312, 2009603, 5, 74
2019.54318724, 53.51585836117, 123.185346706613, 272.896759033203, 2009603, 5, 74
2019.54318724, 53.5157947108599, 123.18533691218, 272.904022216797, 2009603, 5, 74
2019.54318724, 53.5157246643904, 123.185326103542, 272.884216308594, 2009603, 5, 91
2019.54318724, 53.5156610108799, 123.18531624438, 272.908630371094, 2009603, 5, 91
2019.54318724, 53.515597251973, 123.185306338412, 272.917907714844, 2009603, 5, 91
2019.54318724, 53.5155336341871, 123.185296401743, 272.912506103516, 2009603, 5, 91
2019.54318724, 53.5154698767816, 123.185286407655, 272.895660400391, 2009603, 5, 92
2019.54318724, 53.5154061294391, 123.185276365453, 272.873321533203, 2009603, 5, 92
2019.54318724, 53.5153359779034, 123.18526537355, 272.898101806641, 2009603, 5, 92
2019.54318724, 53.515265671714, 123.185253959911, 272.912231445312, 2009603, 5, 92
2019.54318724, 53.515195291336, 123.185242483703, 272.870300292969, 2009603, 5, 91
2019.54318724, 53.5151314583463, 123.185232018144, 272.873077392578, 2009603, 5, 91
2019.54318724, 53.5150675210071, 123.185221505796, 272.868438720703, 2009603, 5, 91
2019.54318724, 53.5150035590309, 123.185210957275, 272.874694824219, 2009603, 5, 91
2019.54318724, 53.5149460476206, 123.185201442791, 272.862640380859, 2009603, 5, 75
2019.54318724, 53.5148757250833, 123.185189784654, 272.870910644531, 2009603, 5, 75
2019.54318724, 53.5147991443462, 123.185177050758, 272.859680175781, 2009603, 5, 75
2019.54318724, 53.514728937393, 123.185165360302, 272.826812744141, 2009603, 5, 75
2019.54318724, 53.5146650544483, 123.18515471975, 272.866271972656, 2009603, 5, 75
2019.54318724, 53.5145949186819, 123.185143023095, 272.864807128906, 2009603, 5, 75
2019.54318724, 53.5145058043888, 123.185128154416, 272.866638183594, 2009603, 5, 75
2019.54318734, 53.3206463483392, 123.15347365059, 320.394409179688, 2009603, 5, 57
2019.54318734, 53.320576881841, 123.153462918213, 320.418121337891, 2009603, 5, 57
2019.54318734, 53.3205074794667, 123.153452164626, 320.442535400391, 2009603, 5, 57
2019.54318734, 53.3204442388418, 123.153442354277, 320.400573730469, 2009603, 5, 68
2019.54318734, 53.3204000483351, 123.153435480856, 320.405578613281, 2009603, 5, 68
2019.54318734, 53.3203620427446, 123.153429570934, 320.439636230469, 2009603, 5, 68
2019.54318734, 53.3203051115779, 123.153420698541, 320.468688964844, 2009603, 5, 68
2019.54318991, 48.1624931909872, 122.370276753585, 384.090667724609, 2009593, 5, 79
2019.54318991, 48.1624483471833, 122.370270056176, 384.108428955078, 2009593, 5, 79
2019.54318991, 48.1623973067017, 122.370262435622, 384.120361328125, 2009593, 5, 79
2019.54318991, 48.1623524529193, 122.370255795498, 384.089904785156, 2009593, 5, 79
2019.54318991, 48.1623012857215, 122.37024824513, 384.122131347656, 2009593, 5, 79
2019.54318724, 53.5291631856955, 123.1861777936, 271.975189208984, 2009603, 6, 81
2019.54318724, 53.5290425968511, 123.186157803022, 271.986602783203, 2009603, 6, 81
2019.54318724, 53.5289093671196, 123.186135733449, 272.004364013672, 2009603, 6, 77
2019.54318724, 53.5287064701016, 123.186102229422, 272.044769287109, 2009603, 6, 53
2019.54318724, 53.528465666097, 123.186062753142, 272.077178955078, 2009603, 6, 53
2019.54318725, 53.5266967499201, 123.185777366865, 272.559783935547, 2009603, 6, 55
2019.54318725, 53.525967221725, 123.185653407529, 272.610412597656, 2009603, 6, 58
2019.54318725, 53.5250600084116, 123.185504119463, 272.083526611328, 2009603, 6, 94
2019.54318725, 53.5248692687539, 123.185473239449, 272.049835205078, 2009603, 6, 87
2019.54318725, 53.5246528175457, 123.185438204668, 272.093688964844, 2009603, 6, 94
2019.54318725, 53.5243399608909, 123.185387330092, 272.092437744141, 2009603, 6, 96
2019.54318725, 53.5241032818545, 123.18534857162, 272.096130371094, 2009603, 6, 97
2019.54318725, 53.5238475553287, 123.185306611755, 272.143859863281, 2009603, 6, 95
2019.54318725, 53.5235859606053, 123.185263641349, 272.179656982422, 2009603, 6, 96
2019.54318725, 53.5233441374553, 123.1852239247, 272.192565917969, 2009603, 6, 95
2019.54318725, 53.5231537358108, 123.185192697677, 272.160705566406, 2009603, 6, 95
2019.54318725, 53.5229578239738, 123.185160644376, 272.164306640625, 2009603, 6, 95
2019.54318725, 53.5227558746751, 123.185127641315, 272.186157226562, 2009603, 6, 95
2019.54318725, 53.5225412633014, 123.185092617763, 272.208831787109, 2009603, 6, 95
2019.54318725, 53.522320178267, 123.185056566605, 272.163635253906, 2009603, 6, 95
2019.54318725, 53.5220861196529, 123.185018402041, 272.195831298828, 2009603, 6, 95
2019.54318725, 53.521870401859, 123.184983227889, 272.207611083984, 2009603, 6, 95
2019.54318725, 53.5216728672417, 123.184951030559, 272.191772460938, 2009603, 6, 95
2019.54318725, 53.5214559609553, 123.184915565803, 272.173217773438, 2009603, 6, 96
2019.54318725, 53.5212388432192, 123.184879921029, 272.180206298828, 2009603, 6, 97
2019.54318725, 53.5209961272777, 123.184839868744, 272.215148925781, 2009603, 6, 96
2019.54318725, 53.5207982145214, 123.18480703896, 272.212554931641, 2009603, 6, 96
2019.54318725, 53.5206323347957, 123.184779399649, 272.229644775391, 2009603, 6, 94
2019.54318725, 53.5204541453883, 123.184749477495, 272.196319580078, 2009603, 6, 93
2019.54318725, 53.5201490584721, 123.184698135495, 272.158874511719, 2009603, 6, 93
2019.54318725, 53.5198064387454, 123.184640514531, 272.142456054688, 2009603, 6, 94
2019.54318725, 53.5194578763376, 123.184582097306, 272.163696289062, 2009603, 6, 87
2019.54318725, 53.5191411028549, 123.184529709373, 272.299255371094, 2009603, 6, 70
2019.54318725, 53.5138624838633, 123.183657171193, 272.9921875, 2009603, 6, 74
2019.54318725, 53.5134111826017, 123.183581975309, 272.869140625, 2009603, 6, 72
2019.54318735, 53.320444282051, 123.152258962855, 320.421173095703, 2009603, 6, 80
2019.54318735, 53.3202846392403, 123.152234252453, 320.474273681641, 2009603, 6, 80
2019.54318735, 53.3199529891952, 123.152182417652, 320.451934814453, 2009603, 6, 52
