2020.26434668, 52.920963115192, 119.006827864341, 387.489135742188, 2009603, 1, 65
2020.26434668, 52.9201468921421, 119.0066952496, 387.010711669922, 2009603, 1, 67
2020.26434668, 52.9197587936916, 119.006633017355, 386.857177734375, 2009603, 1, 80
2020.26434668, 52.9194289359847, 119.006579581564, 386.599517822266, 2009603, 1, 94
2020.26434668, 52.9190940071097, 119.006523907325, 386.638031005859, 2009603, 1, 93
2020.26434668, 52.9186841277808, 119.006453945874, 386.66455078125, 2009603, 1, 94
2020.26434668, 52.918253985441, 119.006379889324, 386.606628417969, 2009603, 1, 94
2020.26434668, 52.9178401591279, 119.006308914536, 386.662963867188, 2009603, 1, 93
2020.26434668, 52.9173853947917, 119.006231949267, 386.639984130859, 2009603, 1, 92
2020.26434668, 52.9170461586146, 119.006175105832, 386.55126953125, 2009603, 1, 91
2020.26434668, 52.9167587300681, 119.006127324914, 386.561737060547, 2009603, 1, 90
2020.26434668, 52.9163848772024, 119.006065530592, 386.724304199219, 2009603, 1, 76
2020.26434842, 49.4271753701384, 118.464004185953, 563.352111816406, 2009588, 1, 51
2020.26434842, 49.4267691081153, 118.463941299321, 563.338562011719, 2009588, 1, 81
2020.26434842, 49.4257969259785, 118.463792214834, 563.326599121094, 2009588, 1, 93
2020.26434842, 49.4250065278504, 118.463674251257, 563.423706054688, 2009588, 1, 86
2020.26434843, 49.4142209944661, 118.462067194674, 564.200378417969, 2009588, 1, 62
2020.26434912, 48.0199989846554, 118.257828098468, 615.579895019531, 2006420, 1, 83
2020.26434912, 48.0185745180511, 118.257621427634, 615.714233398438, 2006420, 1, 69
2020.26434668, 52.9537977948084, 119.010999262091, 390.226531982422, 2009603, 2, 72
2020.26434668, 52.9536064702924, 119.010966231132, 390.417938232422, 2009603, 2, 61
2020.26434668, 52.9535235346617, 119.010951990375, 390.45849609375, 2009603, 2, 61
2020.26434669, 52.9214650954778, 119.005634936013, 386.534271240234, 2009603, 2, 77
2020.26434669, 52.9213885003224, 119.005622956534, 386.51953125, 2009603, 2, 77
2020.26434669, 52.9213247134744, 119.0056131303, 386.505096435547, 2009603, 2, 77
2020.26434669, 52.921254572803, 119.005602156865, 386.579681396484, 2009603, 2, 77
2020.26434669, 52.921120796498, 119.005581317388, 386.678802490234, 2009603, 2, 74
2020.26434669, 52.9209490535865, 119.005554656016, 386.729888916016, 2009603, 2, 57
2020.26434669, 52.9207395350914, 119.005521971988, 386.898712158203, 2009603, 2, 51
2020.26434669, 52.9205433487905, 119.005491214219, 387.371978759766, 2009603, 2, 57
2020.26434669, 52.9199559961003, 119.005399097459, 387.533935546875, 2009603, 2, 52
2020.26434669, 52.9197728978764, 119.00537036777, 387.429168701172, 2009603, 2, 52
2020.26434669, 52.9196023278811, 119.005343623061, 387.379241943359, 2009603, 2, 59
2020.26434669, 52.9193999362716, 119.005312030731, 387.306732177734, 2009603, 2, 69
2020.26434669, 52.9191845299625, 119.005278335526, 387.176696777344, 2009603, 2, 79
2020.26434669, 52.9189942016824, 119.005248552473, 387.009674072266, 2009603, 2, 74
2020.26434669, 52.9188417583896, 119.00522462318, 386.921478271484, 2009603, 2, 74
2020.26434669, 52.918727322939, 119.005206636828, 386.894897460938, 2009603, 2, 82
2020.26434669, 52.918644620157, 119.005193540066, 386.891204833984, 2009603, 2, 82
2020.26434669, 52.9185427836197, 119.005177445423, 386.878601074219, 2009603, 2, 82
2020.26434669, 52.9184536304573, 119.005163333252, 386.838470458984, 2009603, 2, 90
2020.26434669, 52.9183771830215, 119.005151192378, 386.831481933594, 2009603, 2, 90
2020.26434669, 52.9183007617652, 119.005139183213, 386.880920410156, 2009603, 2, 90
2020.26434669, 52.9182178459283, 119.005125845734, 386.853179931641, 2009603, 2, 92
2020.26434669, 52.9181349220609, 119.00511265428, 386.721313476562, 2009603, 2, 92
2020.26434669, 52.9179754024518, 119.005086995181, 386.582366943359, 2009603, 2, 93
2020.26434669, 52.917879687922, 119.005071678495, 386.628448486328, 2009603, 2, 93
2020.26434669, 52.9177775909954, 119.005055197105, 386.692565917969, 2009603, 2, 93
2020.2643467, 52.9176691347429, 119.005037744831, 386.711608886719, 2009603, 2, 92
2020.2643467, 52.917567083814, 119.005021323099, 386.721466064453, 2009603, 2, 92
2020.2643467, 52.9174523189931, 119.005002853312, 386.690704345703, 2009603, 2, 92
2020.2643467, 52.9173503399326, 119.004986322575, 386.720825195312, 2009603, 2, 94
2020.2643467, 52.917248421838, 119.004969952171, 386.708770751953, 2009603, 2, 93
2020.2643467, 52.9171401904648, 119.004952619674, 386.701324462891, 2009603, 2, 93
2020.2643467, 52.9170319790797, 119.004935184885, 386.730133056641, 2009603, 2, 93
2020.2643467, 52.9169239167922, 119.004917882362, 386.703094482422, 2009603, 2, 93
2020.2643467, 52.9167905223861, 119.004896618826, 386.76123046875, 2009603, 2, 93
2020.2643467, 52.9166889482031, 119.004880450203, 386.691009521484, 2009603, 2, 93
2020.2643467, 52.9165874264834, 119.004864355896, 386.738616943359, 2009603, 2, 93
2020.2643467, 52.9164605846195, 119.004844323903, 386.697784423828, 2009603, 2, 92
2020.2643467, 52.9163464667834, 119.004826287552, 386.739166259766, 2009603, 2, 92
2020.2643467, 52.9162323903438, 119.004808412851, 386.684509277344, 2009603, 2, 91
2020.2643467, 52.9161246628148, 119.004791499749, 386.675170898438, 2009603, 2, 91
2020.2643467, 52.9160106147505, 119.004773743872, 386.661743164062, 2009603, 2, 91
2020.2643467, 52.9159155676104, 119.004758953351, 386.710296630859, 2009603, 2, 90
2020.2643467, 52.9157888179287, 119.004739244195, 386.711791992188, 2009603, 2, 90
2020.2643467, 52.9156620357889, 119.004719658891, 386.716735839844, 2009603, 2, 92
2020.2643467, 52.9155289998497, 119.004699153406, 386.734832763672, 2009603, 2, 92
2020.2643467, 52.9154275737299, 119.004683598519, 386.700836181641, 2009603, 2, 91
2020.2643467, 52.9153577973425, 119.004672830306, 386.684265136719, 2009603, 2, 91
2020.2643467, 52.9153070322588, 119.00466507877, 386.647857666016, 2009603, 2, 91
2020.2643467, 52.9152625977824, 119.004658343946, 386.619750976562, 2009603, 2, 91
2020.2643467, 52.9152308411884, 119.004653430141, 386.639434814453, 2009603, 2, 84
2020.2643467, 52.9151927310137, 119.004647658665, 386.656707763672, 2009603, 2, 84
2020.2643467, 52.9151609548604, 119.004642711936, 386.666290283203, 2009603, 2, 84
2020.2643467, 52.9151291707299, 119.004637839687, 386.69775390625, 2009603, 2, 84
2020.2643467, 52.9150973828584, 119.00463302454, 386.685516357422, 2009603, 2, 84
2020.2643467, 52.9150592241388, 119.00462725695, 386.678009033203, 2009603, 2, 84
2020.2643467, 52.915027406221, 119.004622322324, 386.692199707031, 2009603, 2, 84
2020.2643467, 52.9149828497197, 119.004615508327, 386.759704589844, 2009603, 2, 62
2020.2643467, 52.914925542941, 119.004606851973, 386.717742919922, 2009603, 2, 62
2020.2643467, 52.9148809374018, 119.004599970403, 386.682495117188, 2009603, 2, 62
2020.2643467, 52.9148426977851, 119.004594219411, 386.687652587891, 2009603, 2, 62
2020.2643467, 52.9148108131165, 119.004589322163, 386.706176757812, 2009603, 2, 62
2020.2643467, 52.9147725358468, 119.004583409238, 386.731781005859, 2009603, 2, 62
2020.26434843, 49.4277472751402, 118.462941453153, 563.302795410156, 2009588, 2, 76
2020.26434843, 49.4276768475395, 118.462931270568, 563.301452636719, 2009588, 2, 76
2020.26434843, 49.4276256984062, 118.46292357407, 563.302185058594, 2009588, 2, 76
2020.26434843, 49.4275551919721, 118.46291364632, 563.294494628906, 2009588, 2, 76
2020.26434843, 49.4274654558965, 118.462901076549, 563.302551269531, 2009588, 2, 89
2020.26434843, 49.4273500853039, 118.462884863219, 563.290954589844, 2009588, 2, 89
2020.26434843, 49.4272347652857, 118.462868975906, 563.303527832031, 2009588, 2, 91
2020.26434843, 49.4271066863817, 118.46285120759, 563.32861328125, 2009588, 2, 91
2020.26434843, 49.4268764040642, 118.462819401684, 563.542541503906, 2009588, 2, 92
2020.26434843, 49.4266274222197, 118.462784949259, 563.470947265625, 2009588, 2, 92
2020.26434843, 49.4264108458151, 118.462754676034, 563.559753417969, 2009588, 2, 80
2020.26434913, 48.0249936804225, 118.257481584551, 615.409240722656, 2006420, 2, 63
2020.26434913, 48.024842083302, 118.257461151483, 615.380004882812, 2006420, 2, 63
2020.26434913, 48.0243090355541, 118.257388834078, 615.401611328125, 2006420, 2, 75
2020.26434673, 52.8216193248562, 118.94283316016, 390.444946289062, 2009603, 3, 94
2020.26434673, 52.8214297002729, 118.942800046741, 390.360595703125, 2009603, 3, 94
2020.26434673, 52.8213222340957, 118.94278124692, 390.365142822266, 2009603, 3, 94
2020.26434673, 52.8211009049785, 118.942742364574, 390.451599121094, 2009603, 3, 93
2020.26434673, 52.8206321275367, 118.94266017913, 390.465118408203, 2009603, 3, 94
2020.26434673, 52.8201421698678, 118.942575835445, 390.469360351562, 2009603, 3, 95
2020.26434673, 52.8197341472862, 118.942505789851, 390.420043945312, 2009603, 3, 94
2020.26434673, 52.8195491824912, 118.942474002397, 390.430969238281, 2009603, 3, 94
2020.26434673, 52.8192113301045, 118.942415490134, 390.599212646484, 2009603, 3, 86
2020.26434673, 52.8184350402357, 118.942280188626, 390.815704345703, 2009603, 3, 69
2020.26434673, 52.8181301556434, 118.942227288039, 390.647033691406, 2009603, 3, 74
2020.26434673, 52.8178825764081, 118.942184627092, 390.795471191406, 2009603, 3, 52
2020.26434821, 49.846452872855, 118.481895783412, 529.9912109375, 2009588, 3, 78
2020.26434841, 49.4438727130861, 118.421975497304, 562.292236328125, 2009588, 3, 59
2020.26434841, 49.443434289934, 118.421907063386, 562.210754394531, 2009588, 3, 64
2020.26434841, 49.4432815602653, 118.421883347465, 562.222351074219, 2009588, 3, 64
2020.26434841, 49.443147897563, 118.421862659593, 562.275085449219, 2009588, 3, 55
2020.26434911, 48.039924217032, 118.21736665315, 611.254333496094, 2006420, 3, 59
2020.26434666, 52.9891913158724, 118.968720903757, 394.211212158203, 2009603, 4, 87
2020.26434666, 52.9890768850751, 118.968702404206, 394.282318115234, 2009603, 4, 87
2020.26434666, 52.9889114605954, 118.968675586463, 394.518402099609, 2009603, 4, 56
2020.26434674, 52.8206612068536, 118.941197255276, 390.427124023438, 2009603, 4, 89
2020.26434674, 52.8206036993907, 118.941188356784, 390.341613769531, 2009603, 4, 89
2020.26434674, 52.8205589732423, 118.941181448673, 390.380493164062, 2009603, 4, 89
2020.26434674, 52.8204886888285, 118.94117055861, 390.402404785156, 2009603, 4, 93
2020.26434674, 52.820360937017, 118.941150806933, 390.440124511719, 2009603, 4, 93
2020.26434674, 52.8202396019418, 118.941131841812, 390.447814941406, 2009603, 4, 93
2020.26434674, 52.8200864346141, 118.941107741397, 390.466583251953, 2009603, 4, 93
2020.26434674, 52.8199461433432, 118.941085368408, 390.478302001953, 2009603, 4, 93
2020.26434674, 52.8198187000332, 118.941064705715, 390.467620849609, 2009603, 4, 93
2020.26434674, 52.8196913666991, 118.941043767804, 390.468353271484, 2009603, 4, 94
2020.26434674, 52.8195578121512, 118.941021222154, 390.459259033203, 2009603, 4, 94
2020.26434674, 52.819430863407, 118.94099890214, 390.454772949219, 2009603, 4, 93
2020.26434674, 52.8192976389732, 118.94097524257, 390.457092285156, 2009603, 4, 93
2020.26434674, 52.8191834875967, 118.940954880386, 390.477630615234, 2009603, 4, 94
2020.26434674, 52.8190566759026, 118.940932223698, 390.435333251953, 2009603, 4, 94
2020.26434675, 52.8189742515515, 118.940917529712, 390.403015136719, 2009603, 4, 94
2020.26434675, 52.8189362043412, 118.940910727032, 390.363952636719, 2009603, 4, 94
2020.26434675, 52.8189045069728, 118.940905139245, 390.378936767578, 2009603, 4, 94
2020.26434675, 52.8188791378301, 118.940900604027, 390.361663818359, 2009603, 4, 94
2020.26434675, 52.8188474360394, 118.940895022441, 390.373962402344, 2009603, 4, 94
2020.26434675, 52.8188220693439, 118.940890540155, 390.388885498047, 2009603, 4, 94
2020.26434675, 52.8187966971941, 118.940886033916, 390.378051757812, 2009603, 4, 94
2020.26434675, 52.8187649918546, 118.940880501849, 390.364440917969, 2009603, 4, 94
2020.26434675, 52.8187205951536, 118.940872723724, 390.421569824219, 2009603, 4, 93
2020.26434675, 52.8186190810988, 118.940855009862, 390.488891601562, 2009603, 4, 93
2020.26434675, 52.818492143851, 118.940833164694, 390.562225341797, 2009603, 4, 87
2020.26434675, 52.8183779247823, 118.940813505607, 390.611541748047, 2009603, 4, 87
2020.26434675, 52.8182570570465, 118.940793959853, 390.652984619141, 2009603, 4, 87
2020.26434675, 52.8180469994334, 118.940760630727, 390.789978027344, 2009603, 4, 83
2020.26434675, 52.817938753195, 118.940743789045, 390.643707275391, 2009603, 4, 85
2020.26434675, 52.817906910811, 118.940738855015, 390.652893066406, 2009603, 4, 85
2020.26434675, 52.8178814314398, 118.940734886005, 390.664184570312, 2009603, 4, 85
2020.26434675, 52.8178495913256, 118.940729979756, 390.683410644531, 2009603, 4, 85
2020.26434675, 52.8178113761099, 118.940724086293, 390.67138671875, 2009603, 4, 85
2020.26434675, 52.8177413176545, 118.940713335726, 390.701354980469, 2009603, 4, 78
2020.26434675, 52.8176012024972, 118.940691863952, 390.706756591797, 2009603, 4, 78
2020.26434675, 52.817512055168, 118.940678269573, 390.65283203125, 2009603, 4, 78
2020.26434821, 49.8687235179179, 118.484052271928, 529.552062988281, 2009588, 4, 63
2020.26434821, 49.8686081618181, 118.484034677058, 529.62451171875, 2009588, 4, 63
2020.26434821, 49.8683649171117, 118.483997618097, 529.569274902344, 2009588, 4, 73
2020.26434821, 49.8682818343024, 118.4839850581, 529.585388183594, 2009588, 4, 73
2020.26434821, 49.8672223801496, 118.483829850367, 529.679565429688, 2009588, 4, 86
2020.26434821, 49.8670765157995, 118.483809676231, 529.696899414062, 2009588, 4, 86
2020.26434822, 49.8467327058963, 118.480872458331, 530.104797363281, 2009588, 4, 78
2020.26434822, 49.8466428757045, 118.480859143026, 530.0771484375, 2009588, 4, 78
2020.26434822, 49.8465595390111, 118.480846838434, 530.072570800781, 2009588, 4, 78
2020.26434822, 49.8465080255781, 118.480839041963, 529.998413085938, 2009588, 4, 78
2020.26434823, 49.8387356815186, 118.479676172892, 530.255676269531, 2009588, 4, 66
2020.26434823, 49.8386980040491, 118.479670601566, 530.232299804688, 2009588, 4, 66
2020.26434823, 49.8386603348351, 118.479665040819, 530.237976074219, 2009588, 4, 66
2020.26434823, 49.8386289396431, 118.479660370656, 530.24365234375, 2009588, 4, 66
2020.26434823, 49.8385912784086, 118.479654828488, 530.26611328125, 2009588, 4, 66
2020.26434823, 49.8385159457755, 118.479643648244, 530.347595214844, 2009588, 4, 66
2020.26434842, 49.444070988634, 118.42076067202, 562.305358886719, 2009588, 4, 64
2020.26434842, 49.4438626486692, 118.420728979122, 562.285339355469, 2009588, 4, 79
2020.26434912, 48.0393420504433, 118.216169301842, 611.147216796875, 2006420, 4, 89
2020.26434912, 48.0392599619601, 118.216157737068, 611.13525390625, 2006420, 4, 89
2020.26434665, 52.9879937965935, 118.921488729353, 397.482543945312, 2009603, 5, 79
2020.26434665, 52.9878225037518, 118.921461778164, 397.443450927734, 2009603, 5, 79
2020.26434665, 52.9876892602976, 118.92144081952, 397.475799560547, 2009603, 5, 89
2020.26434665, 52.9875432194636, 118.921418191064, 397.513092041016, 2009603, 5, 89
2020.26434665, 52.9873971467299, 118.92139554671, 397.570587158203, 2009603, 5, 86
2020.26434665, 52.987073130588, 118.921345156646, 397.660827636719, 2009603, 5, 80
2020.26434677, 52.7435583375154, 118.88243914908, 393.595764160156, 2009603, 5, 64
2020.26434677, 52.7431525477232, 118.882377388051, 393.625305175781, 2009603, 5, 92
2020.26434677, 52.7428349968803, 118.882329051444, 393.523620605469, 2009603, 5, 92
2020.26434677, 52.7427205082561, 118.882311706011, 393.518524169922, 2009603, 5, 93
2020.26434677, 52.7424593475528, 118.882272373584, 393.63623046875, 2009603, 5, 93
2020.26434677, 52.7420693244515, 118.882215146136, 393.706329345703, 2009603, 5, 92
2020.26434677, 52.7416595226647, 118.882155069312, 393.659820556641, 2009603, 5, 92
2020.26434826, 49.7514342651944, 118.422684288963, 529.274475097656, 167230, 5, 60
2020.26434826, 49.7512946905933, 118.422664128636, 529.261474609375, 167230, 5, 60
2020.26434826, 49.7509963240631, 118.422621344522, 529.280029296875, 167230, 5, 93
2020.26434841, 49.4536399519868, 118.378879068013, 561.548889160156, 2009588, 5, 58
2020.26434841, 49.4535453153701, 118.378864762945, 561.5830078125, 2009588, 5, 58
2020.26434841, 49.4534759540003, 118.378854263636, 561.610656738281, 2009588, 5, 82
2020.26434841, 49.4533561973924, 118.378836103807, 561.583679199219, 2009588, 5, 82
2020.26434841, 49.452858095902, 118.378759668503, 561.572082519531, 2009588, 5, 65
2020.26434911, 48.0472862209032, 118.175093599256, 608.632446289062, 2006420, 5, 75
2020.26434666, 52.9894346981973, 118.920494558258, 397.587585449219, 2009603, 6, 56
2020.26434666, 52.9893018840587, 118.920472462178, 397.577301025391, 2009603, 6, 56
2020.26434666, 52.9891812219418, 118.920453389464, 397.529876708984, 2009603, 6, 89
2020.26434666, 52.9890414046486, 118.920431499432, 397.501708984375, 2009603, 6, 89
2020.26434666, 52.9889332769119, 118.920414664484, 397.494873046875, 2009603, 6, 89
2020.26434666, 52.9888314673775, 118.92039886834, 397.476531982422, 2009603, 6, 89
2020.26434666, 52.9887359858579, 118.920384074663, 397.484558105469, 2009603, 6, 87
2020.26434666, 52.9886786867151, 118.92037519732, 397.493438720703, 2009603, 6, 87
2020.26434666, 52.9886341107001, 118.920368283998, 397.445404052734, 2009603, 6, 87
2020.26434666, 52.9886086327371, 118.920364325215, 397.432525634766, 2009603, 6, 87
2020.26434666, 52.9885831560334, 118.920360367423, 397.458251953125, 2009603, 6, 87
2020.26434666, 52.9885513146265, 118.920355422344, 397.453216552734, 2009603, 6, 87
2020.26434666, 52.9885258336383, 118.920351454048, 397.42919921875, 2009603, 6, 87
2020.26434666, 52.9884939835818, 118.920346492718, 397.478454589844, 2009603, 6, 88
2020.26434666, 52.988436660452, 118.920337550053, 397.5107421875, 2009603, 6, 88
2020.26434666, 52.9883602172694, 118.920325580592, 397.524963378906, 2009603, 6, 88
2020.26434666, 52.9882710311707, 118.920311545937, 397.552886962891, 2009603, 6, 88
2020.26434666, 52.9881945905276, 118.920299449271, 397.523956298828, 2009603, 6, 77
2020.26434666, 52.9881436250972, 118.920291341009, 397.508911132812, 2009603, 6, 77
2020.26434666, 52.9881054132478, 118.920285249699, 397.492828369141, 2009603, 6, 77
2020.26434666, 52.9880799304589, 118.92028116923, 397.456176757812, 2009603, 6, 77
2020.26434666, 52.9880480874925, 118.920276067245, 397.463134765625, 2009603, 6, 77
2020.26434666, 52.9880224612118, 118.920272250157, 397.472351074219, 2009603, 6, 77
2020.26434678, 52.7432287190809, 118.881151905462, 393.5341796875, 2009603, 6, 76
2020.26434678, 52.7432032698352, 118.88114762639, 393.537780761719, 2009603, 6, 76
2020.26434678, 52.7431778197252, 118.881143349038, 393.539245605469, 2009603, 6, 76
2020.26434678, 52.7431460158344, 118.881138013434, 393.543914794922, 2009603, 6, 76
2020.26434678, 52.7431142104001, 118.881132683441, 393.588806152344, 2009603, 6, 76
2020.26434678, 52.7430633216479, 118.881124164243, 393.595428466797, 2009603, 6, 76
2020.26434678, 52.7429742916783, 118.881109316618, 393.602478027344, 2009603, 6, 92
2020.26434678, 52.7428852815222, 118.881094529758, 393.620666503906, 2009603, 6, 92
2020.26434678, 52.742777230674, 118.881076671654, 393.628326416016, 2009603, 6, 92
2020.26434678, 52.7426817504127, 118.881060610331, 393.604400634766, 2009603, 6, 91
2020.26434678, 52.7425929795088, 118.881046406436, 393.625915527344, 2009603, 6, 91
2020.26434678, 52.7424915554498, 118.881030242792, 393.623046875, 2009603, 6, 93
2020.26434678, 52.7424028087504, 118.881016125562, 393.614379882812, 2009603, 6, 93
2020.26434678, 52.7423077289536, 118.881001017138, 393.621246337891, 2009603, 6, 93
2020.26434678, 52.742193630791, 118.88098287978, 393.654327392578, 2009603, 6, 93
2020.26434678, 52.7420731590419, 118.880963668016, 393.596405029297, 2009603, 6, 93
2020.26434678, 52.7419843570024, 118.880949442364, 393.604278564453, 2009603, 6, 93
2020.26434678, 52.7418891649689, 118.880934104832, 393.600128173828, 2009603, 6, 93
2020.26434678, 52.7417621978117, 118.880913513187, 393.632141113281, 2009603, 6, 93
2020.26434678, 52.7416669124639, 118.8808979239, 393.599304199219, 2009603, 6, 92
2020.26434678, 52.7416097147737, 118.880888501854, 393.592376708984, 2009603, 6, 92
2020.26434678, 52.7415779232315, 118.880883239449, 393.598510742188, 2009603, 6, 92
2020.26434678, 52.7415461337029, 118.880877970125, 393.584899902344, 2009603, 6, 92
2020.26434678, 52.7415143399496, 118.880872685804, 393.565307617188, 2009603, 6, 92
2020.26434678, 52.7414761849183, 118.880866330147, 393.593780517578, 2009603, 6, 93
2020.26434678, 52.7414380125948, 118.88085993914, 393.615570068359, 2009603, 6, 93
2020.26434678, 52.7414000614686, 118.880853945798, 393.619293212891, 2009603, 6, 93
2020.26434678, 52.7413553916038, 118.880846220525, 393.580444335938, 2009603, 6, 93
2020.26434678, 52.7413107186119, 118.880838473585, 393.607757568359, 2009603, 6, 93
2020.26434678, 52.7412660325598, 118.880830693471, 393.607299804688, 2009603, 6, 93
2020.26434678, 52.7412213323541, 118.880822877105, 393.619934082031, 2009603, 6, 92
2020.26434678, 52.7411447135123, 118.88080945448, 393.617248535156, 2009603, 6, 92
2020.26434678, 52.7410361540222, 118.880790346429, 393.608795166016, 2009603, 6, 92
2020.26434678, 52.7409403760265, 118.880773433259, 393.610870361328, 2009603, 6, 92
2020.26434678, 52.7408382521483, 118.880755387783, 393.623413085938, 2009603, 6, 92
2020.26434678, 52.7407297953088, 118.880736223861, 393.643341064453, 2009603, 6, 90
2020.26434678, 52.7406150585758, 118.880716015348, 393.65625, 2009603, 6, 90
2020.26434678, 52.7405258778535, 118.880700351163, 393.713562011719, 2009603, 6, 90
2020.26434679, 52.7404495035392, 118.880687000484, 393.739288330078, 2009603, 6, 90
2020.26434679, 52.7403477643018, 118.880669311894, 393.852233886719, 2009603, 6, 90
2020.26434679, 52.7402588468799, 118.880653969811, 393.805633544922, 2009603, 6, 90
2020.26434679, 52.7401573146739, 118.880636563632, 393.758514404297, 2009603, 6, 73
2020.26434679, 52.7400495500113, 118.88061822292, 393.852813720703, 2009603, 6, 73
2020.26434827, 49.7510343256483, 118.4216432979, 529.40478515625, 167230, 6, 63
2020.26434827, 49.7508940207253, 118.42162412467, 529.294860839844, 167230, 6, 63
2020.26434827, 49.7507983620195, 118.421610860055, 529.517456054688, 167230, 6, 63
2020.26434827, 49.7506708358196, 118.421592938944, 529.617370605469, 167230, 6, 91
2020.26434827, 49.7505688555069, 118.421578435627, 529.322021484375, 167230, 6, 91
2020.26434827, 49.7505242229369, 118.421572005243, 529.204467773438, 167230, 6, 91
2020.26434827, 49.750485978979, 118.421566479914, 529.213500976562, 167230, 6, 92
2020.26434827, 49.7504476780219, 118.421561195099, 529.22216796875, 167230, 6, 92
2020.26434827, 49.7504094792678, 118.421555478602, 529.209045410156, 167230, 6, 92
2020.26434827, 49.7503712741146, 118.421549731705, 529.2216796875, 167230, 6, 92
2020.26434827, 49.7503394344208, 118.421544922231, 529.23388671875, 167230, 6, 92
2020.26434827, 49.7503012368036, 118.421539145974, 529.228271484375, 167230, 6, 92
2020.26434827, 49.7502694024098, 118.421534312317, 529.225952148438, 167230, 6, 92
2020.26434827, 49.7502312077891, 118.42152850743, 529.237854003906, 167230, 6, 96
2020.26434827, 49.7501993753237, 118.42152365097, 529.218688964844, 167230, 6, 96
2020.26434827, 49.7501611837924, 118.421517825125, 529.248168945312, 167230, 6, 96
2020.26434827, 49.7501293532527, 118.421512954563, 529.228515625, 167230, 6, 96
2020.26434827, 49.750078424897, 118.421505152124, 529.274719238281, 167230, 6, 96
2020.26434827, 49.7499002006395, 118.421477827595, 529.241760253906, 167230, 6, 93
2020.26434827, 49.7497219528293, 118.421450563541, 529.290771484375, 167230, 6, 95
2020.26434827, 49.7495818865282, 118.421429317792, 529.331359863281, 167230, 6, 95
2020.26434827, 49.7494481572101, 118.421409234329, 529.43212890625, 167230, 6, 95
2020.26434827, 49.749301666883, 118.421387537534, 529.373229980469, 167230, 6, 95
2020.26434827, 49.7491870652414, 118.421370443891, 529.377136230469, 167230, 6, 95
2020.26434827, 49.7490722718386, 118.421354428422, 529.373840332031, 167230, 6, 95
2020.26434827, 49.7489638349894, 118.421339473266, 529.33251953125, 167230, 6, 96
2020.26434827, 49.7488553881402, 118.421324653586, 529.330322265625, 167230, 6, 96
2020.26434842, 49.4542380243318, 118.377674776463, 561.579345703125, 2009588, 6, 87
2020.26434842, 49.4541871165589, 118.377666955041, 561.560119628906, 2009588, 6, 87
2020.26434842, 49.4541489062023, 118.377661097687, 561.532653808594, 2009588, 6, 87
2020.26434842, 49.4541170702857, 118.37765625685, 561.514221191406, 2009588, 6, 87
2020.26434842, 49.4540661701644, 118.377648363242, 561.631286621094, 2009588, 6, 87
2020.26434842, 49.4539639904655, 118.377633223647, 561.653930664062, 2009588, 6, 87
2020.26434842, 49.4539192572536, 118.377626646295, 561.552490234375, 2009588, 6, 87
2020.26434842, 49.4538872974038, 118.377621970277, 561.545654296875, 2009588, 6, 87
2020.26434842, 49.4538617181978, 118.377618228701, 561.529296875, 2009588, 6, 87
2020.26434842, 49.453829741811, 118.377613571241, 561.53076171875, 2009588, 6, 87
2020.26434842, 49.4537913572385, 118.377607993645, 561.568908691406, 2009588, 6, 87
2020.26434842, 49.4537081552624, 118.377595957571, 561.604125976562, 2009588, 6, 88
2020.26434842, 49.453586489521, 118.377578498392, 561.62744140625, 2009588, 6, 88
2020.26434842, 49.453451958743, 118.377559343658, 561.648803710938, 2009588, 6, 61
2020.26434842, 49.4533558451005, 118.377545730077, 561.572082519531, 2009588, 6, 61
2020.26434842, 49.4533109965358, 118.377539397483, 561.526733398438, 2009588, 6, 61
2020.26434842, 49.4532853615254, 118.377535771111, 561.519714355469, 2009588, 6, 61
2020.26434842, 49.4532533222187, 118.377531247511, 561.54833984375, 2009588, 6, 61
2020.26434912, 48.0482493195439, 118.174089130841, 608.476440429688, 2006420, 6, 77
2020.26434912, 48.0482237749443, 118.174085639347, 608.480529785156, 2006420, 6, 77
2020.26434912, 48.0481982295105, 118.174082140546, 608.482177734375, 2006420, 6, 77
2020.26434912, 48.0481663031902, 118.174077772172, 608.467224121094, 2006420, 6, 77
2020.26434912, 48.0481407565904, 118.174074261496, 608.443176269531, 2006420, 6, 77
2020.26434912, 48.0481088272505, 118.174069874625, 608.470764160156, 2006420, 6, 77
2020.26434912, 48.0480449220448, 118.174061434586, 608.507080078125, 2006420, 6, 77
2020.26434912, 48.047910873587, 118.174042313332, 608.582641601562, 2006420, 6, 60
2020.26434912, 48.047859817518, 118.174035003834, 608.518249511719, 2006420, 6, 60
2020.26434912, 48.0478023862967, 118.174026770291, 608.554870605469, 2006420, 6, 60
