2019.76743097, 53.0749273835354, 118.83694559733, 412.4072265625, 2009603, 1, 89
2019.76743097, 53.0747300863699, 118.836918779985, 412.381866455078, 2009603, 1, 61
2019.76743097, 53.0745327066085, 118.83689266419, 412.378662109375, 2009603, 1, 61
2019.76743097, 53.0648985479979, 118.835648802263, 410.9501953125, 2009603, 1, 80
2019.76743097, 53.0647326276177, 118.835627534288, 410.994720458984, 2009603, 1, 53
2019.76743116, 52.6912256583175, 118.775074578307, 398.156280517578, 2009603, 1, 92
2019.76743116, 52.6910478296897, 118.775056436109, 398.130432128906, 2009603, 1, 92
2019.76743116, 52.6908764393142, 118.775039150142, 398.143341064453, 2009603, 1, 92
2019.76743116, 52.6906542457517, 118.775017035964, 398.171234130859, 2009603, 1, 92
2019.76743116, 52.6904636347401, 118.774998418722, 398.151184082031, 2009603, 1, 91
2019.76743116, 52.6902792976982, 118.774980551532, 398.160797119141, 2009603, 1, 91
2019.76743116, 52.6901266504655, 118.774965704332, 398.165008544922, 2009603, 1, 92
2019.76743116, 52.6899548099656, 118.77494887016, 398.171508789062, 2009603, 1, 93
2019.76743116, 52.6897382311676, 118.774927407567, 398.195831298828, 2009603, 1, 92
2019.76743116, 52.6895916015057, 118.774912683782, 398.185363769531, 2009603, 1, 92
2019.76743116, 52.6894640192897, 118.774899845548, 398.200805664062, 2009603, 1, 67
2019.76743116, 52.6893236127514, 118.774885181904, 398.20556640625, 2009603, 1, 67
2019.76743098, 53.0752173746117, 118.836341752513, 412.497222900391, 2009603, 2, 55
2019.76743098, 53.0751729916787, 118.836335795363, 412.457763671875, 2009603, 2, 55
2019.76743098, 53.0751286213604, 118.836329886398, 412.461212158203, 2009603, 2, 55
2019.76743098, 53.0750906138854, 118.836324792018, 412.448181152344, 2009603, 2, 55
2019.76743098, 53.0750462932731, 118.836318845746, 412.465942382812, 2009603, 2, 55
2019.76743098, 53.0750083095449, 118.83631381675, 412.491424560547, 2009603, 2, 55
2019.76743098, 53.0749576888789, 118.836307126947, 412.447296142578, 2009603, 2, 85
2019.76743098, 53.0748942665017, 118.836298550369, 412.481994628906, 2009603, 2, 85
2019.76743098, 53.0748564577845, 118.836293708131, 412.435516357422, 2009603, 2, 85
2019.76743098, 53.0748249646398, 118.836289645805, 412.430786132812, 2009603, 2, 85
2019.76743098, 53.0747934740217, 118.836285597821, 412.435424804688, 2009603, 2, 85
2019.76743098, 53.0747557040053, 118.836280689228, 412.404815673828, 2009603, 2, 85
2019.76743098, 53.0647366178193, 118.834914662285, 410.946655273438, 2009603, 2, 81
2019.76743098, 53.0647046794419, 118.834910436069, 410.945343017578, 2009603, 2, 81
2019.76743098, 53.0646599739772, 118.834904475639, 410.98046875, 2009603, 2, 81
2019.76743098, 53.0645961009223, 118.834896033395, 410.994293212891, 2009603, 2, 81
2019.76743098, 53.0645386152301, 118.834888480317, 410.970672607422, 2009603, 2, 81
2019.76743098, 53.0644811530454, 118.834880815666, 410.959106445312, 2009603, 2, 55
2019.76743098, 53.064442835046, 118.834875785618, 410.939208984375, 2009603, 2, 55
2019.76743098, 53.0643853844187, 118.834868131983, 410.961669921875, 2009603, 2, 55
2019.76743099, 53.052171347542, 118.832965724403, 408.769317626953, 2009603, 2, 82
2019.76743099, 53.0520388474939, 118.832942845755, 408.757080078125, 2009603, 2, 82
2019.76743099, 53.0519052132072, 118.832920452607, 408.736389160156, 2009603, 2, 82
2019.76743117, 52.6914585288504, 118.774805379978, 398.200897216797, 2009603, 2, 86
2019.76743117, 52.6913817662017, 118.774795097966, 398.192840576172, 2009603, 2, 86
2019.76743117, 52.6913305979596, 118.774788245585, 398.158721923828, 2009603, 2, 86
2019.76743117, 52.6912922202064, 118.774783123615, 398.180908203125, 2009603, 2, 86
2019.76743117, 52.6912538559034, 118.774777949604, 398.148498535156, 2009603, 2, 86
2019.76743117, 52.6912218790208, 118.774773693702, 398.213500976562, 2009603, 2, 92
2019.76743117, 52.6911898998488, 118.77476947442, 398.19970703125, 2009603, 2, 92
2019.76743117, 52.6911579314942, 118.774765212763, 398.203277587891, 2009603, 2, 92
2019.76743117, 52.6911195812229, 118.774760067824, 398.211090087891, 2009603, 2, 92
2019.76743117, 52.6910876162983, 118.774755855907, 398.201202392578, 2009603, 2, 92
2019.76743117, 52.6910492693985, 118.774750766888, 398.199768066406, 2009603, 2, 92
2019.76743117, 52.6910109277626, 118.774745690574, 398.228271484375, 2009603, 2, 92
2019.76743117, 52.6909598091993, 118.774738744589, 398.246459960938, 2009603, 2, 92
2019.76743117, 52.6909215047322, 118.774733736179, 398.197418212891, 2009603, 2, 92
2019.76743117, 52.6908895837952, 118.77472962019, 398.189361572266, 2009603, 2, 92
2019.76743117, 52.6908513001065, 118.77472459091, 398.171813964844, 2009603, 2, 92
2019.76743117, 52.6908193911198, 118.774720478681, 398.175048828125, 2009603, 2, 92
2019.76743117, 52.6907747505516, 118.774714601547, 398.164367675781, 2009603, 2, 92
2019.76743117, 52.69073648543, 118.774709636218, 398.162384033203, 2009603, 2, 91
2019.76743117, 52.6906918591185, 118.77470381845, 398.188293457031, 2009603, 2, 91
2019.76743117, 52.6906472406179, 118.774698045001, 398.204711914062, 2009603, 2, 91
2019.76743117, 52.6905962678475, 118.774691421096, 398.192657470703, 2009603, 2, 91
2019.76743117, 52.6905389506339, 118.774683931518, 398.207427978516, 2009603, 2, 91
2019.76743117, 52.6904880206525, 118.774677271138, 398.21728515625, 2009603, 2, 91
2019.76743117, 52.6904371216731, 118.774670547709, 398.20947265625, 2009603, 2, 91
2019.76743117, 52.6903989369039, 118.774665616791, 398.1953125, 2009603, 2, 91
2019.76743117, 52.6903544266578, 118.774659712051, 398.220489501953, 2009603, 2, 91
2019.76743117, 52.6903162751123, 118.774654706728, 398.222900390625, 2009603, 2, 91
2019.76743117, 52.6902781274762, 118.774649726377, 398.202178955078, 2009603, 2, 91
2019.76743117, 52.6902272934939, 118.774643007971, 398.234497070312, 2009603, 2, 92
2019.76743117, 52.6901764710602, 118.774636289203, 398.261016845703, 2009603, 2, 92
2019.76743117, 52.6901193254707, 118.774628655703, 398.253540039062, 2009603, 2, 92
2019.76743117, 52.6900685310307, 118.774621934733, 398.238952636719, 2009603, 2, 92
2019.76743117, 52.6900241082055, 118.774615997598, 398.230834960938, 2009603, 2, 92
2019.76743117, 52.6899797059152, 118.774609973003, 398.192016601562, 2009603, 2, 93
2019.76743117, 52.6899416343186, 118.774604920686, 398.196563720703, 2009603, 2, 93
2019.76743117, 52.6899035817354, 118.774599782218, 398.209777832031, 2009603, 2, 93
2019.76743117, 52.6898655321882, 118.774594655735, 398.208892822266, 2009603, 2, 93
2019.76743117, 52.689827490608, 118.774589504143, 398.225341796875, 2009603, 2, 93
2019.76743117, 52.6897894582396, 118.774584334057, 398.216705322266, 2009603, 2, 93
2019.76743117, 52.6897450978002, 118.77457824969, 398.229675292969, 2009603, 2, 92
2019.76743117, 52.689706929128, 118.774573292649, 398.201751708984, 2009603, 2, 92
2019.76743117, 52.6896626513077, 118.774567116666, 398.212463378906, 2009603, 2, 92
2019.76743117, 52.6896310300621, 118.774562674541, 398.18408203125, 2009603, 2, 92
2019.76743117, 52.6895994095091, 118.774558242432, 398.182037353516, 2009603, 2, 92
2019.76743117, 52.6895677902633, 118.774553786042, 398.188354492188, 2009603, 2, 92
2019.76743117, 52.6895361678182, 118.774549344374, 398.185485839844, 2009603, 2, 92
2019.76743117, 52.689504554421, 118.774544842253, 398.191589355469, 2009603, 2, 92
2019.76743117, 52.6894729312975, 118.774540381236, 398.210845947266, 2009603, 2, 67
2019.76743117, 52.6894413104187, 118.774535895269, 398.215484619141, 2009603, 2, 67
2019.76743117, 52.6894096758673, 118.774531467284, 398.183563232422, 2009603, 2, 67
2019.76743117, 52.6893780584797, 118.774526934207, 398.187744140625, 2009603, 2, 67
2019.76743117, 52.6893464248443, 118.774522459662, 398.195037841797, 2009603, 2, 67
2019.76743117, 52.6893147813331, 118.774518013602, 398.197906494141, 2009603, 2, 67
2019.76743117, 52.6892768206957, 118.774512574258, 398.230773925781, 2009603, 2, 67
2019.76743097, 53.073239349407, 118.788494595347, 418.324279785156, 2009603, 3, 90
2019.76743097, 53.0731055074494, 118.788478113753, 418.313537597656, 2009603, 3, 90
2019.76743119, 52.6338414694126, 118.718353230997, 401.176452636719, 2009603, 3, 90
2019.76743119, 52.6336325279167, 118.718308656758, 401.192993164062, 2009603, 3, 89
2019.76743119, 52.6334488619944, 118.718269601846, 401.193359375, 2009603, 3, 89
2019.76743119, 52.6332334918859, 118.718223954626, 401.193420410156, 2009603, 3, 90
2019.76743119, 52.6330307689776, 118.718180914747, 401.236999511719, 2009603, 3, 90
2019.76743119, 52.6328280390872, 118.718137697249, 401.218597412109, 2009603, 3, 91
2019.76743119, 52.632549390789, 118.718077626839, 401.226135253906, 2009603, 3, 92
2019.76743119, 52.6321378575393, 118.717987615093, 401.244262695312, 2009603, 3, 90
2019.76743119, 52.6318020380514, 118.717914617805, 401.220306396484, 2009603, 3, 88
2019.76743119, 52.6314152026818, 118.717831508777, 401.219543457031, 2009603, 3, 81
2019.76743119, 52.6311292481163, 118.717771945839, 401.200531005859, 2009603, 3, 70
2019.76743098, 53.073239191555, 118.787804969084, 418.523345947266, 2009603, 4, 90
2019.76743098, 53.0731946900108, 118.787799309927, 418.515747070312, 2009603, 4, 90
2019.76743098, 53.073156532592, 118.787794461097, 418.529052734375, 2009603, 4, 90
2019.76743098, 53.0731183674901, 118.787789545071, 418.531158447266, 2009603, 4, 90
2019.76743098, 53.0730801771911, 118.787784723211, 418.493804931641, 2009603, 4, 90
2019.76743098, 53.073041978252, 118.787779848001, 418.512084960938, 2009603, 4, 90
2019.76743098, 53.0730037735647, 118.787774912057, 418.509704589844, 2009603, 4, 90
2019.76743098, 53.072959182331, 118.787769115857, 418.542327880859, 2009603, 4, 76
2019.76743098, 53.0728890646835, 118.787760016267, 418.557922363281, 2009603, 4, 76
2019.76743098, 53.0727678266474, 118.787744209186, 418.527252197266, 2009603, 4, 76
2019.7674312, 52.6326882055449, 118.715637395395, 401.264129638672, 2009603, 4, 87
2019.7674312, 52.6325683016212, 118.71561402518, 401.320465087891, 2009603, 4, 87
2019.7674312, 52.6324798592993, 118.715596830398, 401.315460205078, 2009603, 4, 89
2019.7674312, 52.6323913420533, 118.715579585828, 401.322387695312, 2009603, 4, 89
2019.7674312, 52.6323090593214, 118.715563671565, 401.326477050781, 2009603, 4, 89
2019.7674312, 52.632207662371, 118.715544214746, 401.317626953125, 2009603, 4, 90
2019.7674312, 52.6321378764962, 118.715530903588, 401.334930419922, 2009603, 4, 90
2019.7674312, 52.6320299149021, 118.715510263424, 401.344390869141, 2009603, 4, 90
2019.7674312, 52.6319472463324, 118.715494621032, 401.350463867188, 2009603, 4, 92
2019.7674312, 52.6318583071491, 118.715477729825, 401.343811035156, 2009603, 4, 92
2019.7674312, 52.6317817042576, 118.715463446288, 401.368011474609, 2009603, 4, 92
2019.7674312, 52.6316986321675, 118.715448144182, 401.371612548828, 2009603, 4, 92
2019.7674312, 52.6316155045504, 118.715432798433, 401.358154296875, 2009603, 4, 92
2019.7674312, 52.6315451029271, 118.715420013764, 401.365966796875, 2009603, 4, 92
2019.7674312, 52.6314490797944, 118.715402408161, 401.353546142578, 2009603, 4, 92
2019.7674312, 52.631352998527, 118.715384972257, 401.340911865234, 2009603, 4, 92
2019.7674312, 52.6312568942914, 118.715367591291, 401.365997314453, 2009603, 4, 92
2019.7674312, 52.6311543836906, 118.715349020554, 401.387786865234, 2009603, 4, 92
2019.7674312, 52.6310582979936, 118.715331624429, 401.373565673828, 2009603, 4, 92
2019.7674312, 52.6309558269121, 118.715313181079, 401.39111328125, 2009603, 4, 91
2019.7674312, 52.6308598038684, 118.715295950756, 401.364044189453, 2009603, 4, 91
2019.7674312, 52.6307574584032, 118.715277509347, 401.337524414062, 2009603, 4, 91
2019.7674312, 52.6306296545555, 118.715254411782, 401.384338378906, 2009603, 4, 89
2019.7674312, 52.6305019867533, 118.715231310154, 401.359252929688, 2009603, 4, 91
2019.7674312, 52.6303746550513, 118.715208019973, 401.383666992188, 2009603, 4, 88
2019.7674312, 52.6301776341892, 118.715171964572, 401.396026611328, 2009603, 4, 60
2019.7674312, 52.6299177027818, 118.71512411301, 401.395477294922, 2009603, 4, 60
2019.7674312, 52.6297911508991, 118.715100669764, 401.378936767578, 2009603, 4, 60
2019.76743122, 52.5637139484895, 118.659443824971, 404.694946289062, 2009603, 5, 72
2019.76743122, 52.5634266987712, 118.659411827865, 404.688659667969, 2009603, 5, 91
2019.76743122, 52.563158579869, 118.659382536739, 404.680084228516, 2009603, 5, 92
2019.76743122, 52.5628968922346, 118.659354748534, 404.691497802734, 2009603, 5, 93
2019.76743122, 52.5626798747946, 118.659331607702, 404.660339355469, 2009603, 5, 93
2019.76743122, 52.5624628581512, 118.659308376884, 404.69091796875, 2009603, 5, 94
2019.76743122, 52.5622394674107, 118.659284123544, 404.684234619141, 2009603, 5, 95
2019.76743122, 52.5619331577536, 118.659250204401, 404.706756591797, 2009603, 5, 93
2019.76743122, 52.5616075907274, 118.659212852723, 404.724639892578, 2009603, 5, 93
2019.76743122, 52.5613460573733, 118.659181988425, 404.729797363281, 2009603, 5, 93
2019.76743122, 52.5610847665705, 118.659150776208, 404.774749755859, 2009603, 5, 92
2019.76743122, 52.5608237266438, 118.659119125039, 404.761535644531, 2009603, 5, 91
2019.76743122, 52.5603788835728, 118.659064655717, 404.786376953125, 2009603, 5, 92
2019.76743125, 52.5005826690728, 118.648274269751, 408.368072509766, 2009603, 5, 77
2019.76743125, 52.5001952781048, 118.648195951281, 408.362060546875, 2009603, 5, 90
2019.76743125, 52.4998652320186, 118.648128610534, 408.371490478516, 2009603, 5, 90
2019.76743125, 52.4995670889239, 118.648066891043, 408.352630615234, 2009603, 5, 91
2019.76743125, 52.4991803544581, 118.647986170863, 408.354766845703, 2009603, 5, 91
2019.76743125, 52.4988254809453, 118.647912036561, 408.37451171875, 2009603, 5, 91
2019.76743125, 52.498591070598, 118.647863432579, 408.386596679688, 2009603, 5, 91
2019.76743126, 52.4983440229561, 118.647812575658, 408.419525146484, 2009603, 5, 90
2019.76743126, 52.4980590028533, 118.647754652029, 408.3935546875, 2009603, 5, 91
2019.76743126, 52.4977233196784, 118.647687248627, 408.390686035156, 2009603, 5, 92
2019.76743126, 52.4974193058253, 118.64762658068, 408.347778320312, 2009603, 5, 86
2019.76743126, 52.4971786483682, 118.647579001256, 408.368438720703, 2009603, 5, 59
2019.76743128, 52.4579870618686, 118.64169162199, 409.803527832031, 2009603, 5, 93
2019.76743128, 52.4574341418584, 118.641633897482, 409.796417236328, 2009603, 5, 93
2019.76743128, 52.4568196014352, 118.641572215052, 409.868957519531, 2009603, 5, 93
2019.76743128, 52.4563864873295, 118.64152862739, 409.803863525391, 2009603, 5, 84
2019.76743128, 52.4560978722949, 118.641498979839, 409.868133544922, 2009603, 5, 78
2019.76743128, 52.4558024639189, 118.641468387748, 409.888916015625, 2009603, 5, 55
2019.76743264, 49.7215427711974, 118.224614899028, 534.421997070312, 2009588, 5, 74
2019.76743097, 53.0852142659, 118.741100621165, 420.848083496094, 2009603, 6, 69
2019.76743097, 53.0851253317288, 118.741089700913, 420.877655029297, 2009603, 6, 69
2019.76743097, 53.0850491247102, 118.741080424377, 420.838958740234, 2009603, 6, 69
2019.76743123, 52.5632388843247, 118.658568616583, 404.727691650391, 2009603, 6, 66
2019.76743123, 52.5631630338625, 118.658556411352, 404.723236083984, 2009603, 6, 66
2019.76743123, 52.5630998209538, 118.658546424556, 404.708374023438, 2009603, 6, 66
2019.76743123, 52.5630303126194, 118.658535199015, 404.724426269531, 2009603, 6, 66
2019.76743123, 52.5629607934625, 118.658524086019, 404.734466552734, 2009603, 6, 90
2019.76743123, 52.5628975979987, 118.658513890362, 404.693450927734, 2009603, 6, 90
2019.76743123, 52.562834403694, 118.658503550246, 404.695465087891, 2009603, 6, 90
2019.76743123, 52.5627775008405, 118.658494386921, 404.706085205078, 2009603, 6, 89
2019.76743123, 52.562720594775, 118.658485099808, 404.707916259766, 2009603, 6, 91
2019.76743123, 52.5626573646337, 118.658474585469, 404.706298828125, 2009603, 6, 91
2019.76743123, 52.5625941012133, 118.658464113251, 404.718688964844, 2009603, 6, 91
2019.76743123, 52.5625371405987, 118.658454667337, 404.705474853516, 2009603, 6, 91
2019.76743123, 52.5624674908921, 118.658443075408, 404.723022460938, 2009603, 6, 92
2019.76743123, 52.5624041462706, 118.658432406274, 404.726989746094, 2009603, 6, 92
2019.76743123, 52.5623471131862, 118.658422703985, 404.729919433594, 2009603, 6, 92
2019.76743123, 52.5623027206866, 118.65841526378, 404.753479003906, 2009603, 6, 92
2019.76743123, 52.5622519716881, 118.658406689838, 404.720947265625, 2009603, 6, 92
2019.76743123, 52.562188686218, 118.65839599774, 404.73828125, 2009603, 6, 93
2019.76743123, 52.5621250203444, 118.658384940234, 404.732788085938, 2009603, 6, 93
2019.76743123, 52.5620613167163, 118.6583738754, 404.769165039062, 2009603, 6, 93
2019.76743123, 52.5619848397088, 118.658360488586, 404.757446289062, 2009603, 6, 93
2019.76743123, 52.561914705426, 118.65834812668, 404.760894775391, 2009603, 6, 93
2019.76743123, 52.5618572919788, 118.658338097724, 404.773864746094, 2009603, 6, 93
2019.76743123, 52.5617998744143, 118.658327961402, 404.716094970703, 2009603, 6, 93
2019.76743123, 52.5617360534291, 118.65831676525, 404.790496826172, 2009603, 6, 94
2019.76743123, 52.5616722179363, 118.658305592386, 404.778686523438, 2009603, 6, 94
2019.76743123, 52.5616083898017, 118.658294293822, 404.787872314453, 2009603, 6, 94
2019.76743123, 52.5615381779157, 118.658281827558, 404.762725830078, 2009603, 6, 94
2019.76743123, 52.5614743423939, 118.65827058633, 404.735137939453, 2009603, 6, 92
2019.76743123, 52.561397755304, 118.658257034925, 404.779907226562, 2009603, 6, 92
2019.76743123, 52.5613339316026, 118.658245902988, 404.787109375, 2009603, 6, 92
2019.76743123, 52.5612637653452, 118.658233420177, 404.799926757812, 2009603, 6, 92
2019.76743123, 52.5612127210623, 118.658224635571, 404.776336669922, 2009603, 6, 93
2019.76743123, 52.5611489714533, 118.658213322462, 404.796264648438, 2009603, 6, 93
2019.76743123, 52.5610979688575, 118.658204460803, 404.766143798828, 2009603, 6, 93
2019.76743123, 52.5610342354422, 118.658193440083, 404.797698974609, 2009603, 6, 93
2019.76743123, 52.5609705409925, 118.658182329682, 404.813201904297, 2009603, 6, 93
2019.76743123, 52.5609130954552, 118.658172163335, 404.809692382812, 2009603, 6, 93
2019.76743123, 52.5608432516771, 118.658160135532, 404.839782714844, 2009603, 6, 93
2019.76743123, 52.5607861094165, 118.658150549461, 404.825805664062, 2009603, 6, 93
2019.76743123, 52.5607226817983, 118.658139553836, 404.782653808594, 2009603, 6, 93
2019.76743123, 52.5606719238458, 118.658131090183, 404.803771972656, 2009603, 6, 93
2019.76743123, 52.5606148536152, 118.65812142136, 404.804870605469, 2009603, 6, 93
2019.76743123, 52.5605514601946, 118.658110707513, 404.836578369141, 2009603, 6, 93
2019.76743123, 52.5604944172841, 118.658101132616, 404.822082519531, 2009603, 6, 94
2019.76743123, 52.5604310622386, 118.658090366913, 404.813781738281, 2009603, 6, 94
2019.76743123, 52.5603803661625, 118.658081966437, 404.826141357422, 2009603, 6, 94
2019.76743124, 52.560329688073, 118.658073445784, 404.791687011719, 2009603, 6, 94
2019.76743124, 52.5602663490529, 118.65806280221, 404.818634033203, 2009603, 6, 94
2019.76743124, 52.56020301419, 118.658052145001, 404.801849365234, 2009603, 6, 93
2019.76743124, 52.5601333269425, 118.658040629619, 404.803558349609, 2009603, 6, 93
2019.76743124, 52.5600383314093, 118.658024586898, 404.806304931641, 2009603, 6, 93
2019.76743124, 52.5599116041215, 118.658003626183, 404.795745849609, 2009603, 6, 92
2019.76743124, 52.5597721752235, 118.657980395503, 404.857574462891, 2009603, 6, 92
2019.76743124, 52.5595819558492, 118.657948518838, 404.849792480469, 2009603, 6, 92
2019.76743124, 52.5593721832904, 118.657913199946, 404.783782958984, 2009603, 6, 91
2019.76743124, 52.5590987102566, 118.657866938543, 404.802185058594, 2009603, 6, 89
2019.76743124, 52.5588697651728, 118.657827788662, 404.819458007812, 2009603, 6, 53
2019.76743126, 52.502380406612, 118.646684654506, 408.237487792969, 2009603, 6, 64
2019.76743126, 52.5022022559247, 118.646656404512, 408.305908203125, 2009603, 6, 85
2019.76743126, 52.5020813536425, 118.646637173669, 408.248077392578, 2009603, 6, 85
2019.76743126, 52.5019477113726, 118.646616035694, 408.296539306641, 2009603, 6, 85
2019.76743126, 52.5018395374028, 118.646598850776, 408.287872314453, 2009603, 6, 85
2019.76743126, 52.5017122852437, 118.646578707209, 408.280364990234, 2009603, 6, 89
2019.76743126, 52.5015786694245, 118.646557859836, 408.299377441406, 2009603, 6, 89
2019.76743126, 52.5014768864438, 118.646542077016, 408.293670654297, 2009603, 6, 91
2019.76743126, 52.501394210079, 118.646529209248, 408.282958984375, 2009603, 6, 91
2019.76743126, 52.5012987342271, 118.64651456792, 408.324768066406, 2009603, 6, 91
2019.76743126, 52.5012161842955, 118.646501925196, 408.302032470703, 2009603, 6, 90
2019.76743126, 52.5011590172666, 118.646493446098, 408.307678222656, 2009603, 6, 92
2019.76743126, 52.5011018679689, 118.646484884546, 408.294097900391, 2009603, 6, 92
2019.76743126, 52.5010383830927, 118.646475268959, 408.307922363281, 2009603, 6, 92
2019.76743126, 52.5009685480254, 118.646464772997, 408.322357177734, 2009603, 6, 91
2019.76743126, 52.500892357006, 118.646453468401, 408.327728271484, 2009603, 6, 91
2019.76743126, 52.5008161660051, 118.646442174079, 408.280303955078, 2009603, 6, 91
2019.76743126, 52.5007463232979, 118.6464318153, 408.294555664062, 2009603, 6, 92
2019.76743126, 52.5006828193608, 118.646422522607, 408.326385498047, 2009603, 6, 92
2019.76743126, 52.5006193113196, 118.646413205784, 408.290100097656, 2009603, 6, 92
2019.76743126, 52.5005494577351, 118.646402845408, 408.331665039062, 2009603, 6, 92
2019.76743126, 52.5004922901264, 118.646394454527, 408.318542480469, 2009603, 6, 93
2019.76743126, 52.5004414625256, 118.646387093142, 408.329162597656, 2009603, 6, 93
2019.76743126, 52.500384293107, 118.64637859971, 408.293273925781, 2009603, 6, 93
2019.76743127, 52.5003207577842, 118.646369204859, 408.313537597656, 2009603, 6, 93
2019.76743127, 52.5002508408596, 118.646359065806, 408.314727783203, 2009603, 6, 93
2019.76743127, 52.5001745611807, 118.646347883638, 408.303253173828, 2009603, 6, 92
2019.76743127, 52.5001046388219, 118.646337473788, 408.296844482422, 2009603, 6, 92
2019.76743127, 52.5000347691067, 118.646327254259, 408.288482666016, 2009603, 6, 92
2019.76743127, 52.4999647399094, 118.646316826346, 408.280975341797, 2009603, 6, 92
2019.76743127, 52.4998883062314, 118.646305689734, 408.281616210938, 2009603, 6, 92
2019.76743127, 52.4998118954272, 118.646294220774, 408.333984375, 2009603, 6, 92
2019.76743127, 52.4997354572957, 118.646282891549, 408.308349609375, 2009603, 6, 92
2019.76743127, 52.499671765205, 118.646273335917, 408.276184082031, 2009603, 6, 92
2019.76743127, 52.4996016880373, 118.646262974033, 408.332000732422, 2009603, 6, 92
2019.76743127, 52.4995125151535, 118.646249576788, 408.265289306641, 2009603, 6, 92
2019.76743127, 52.4994233289365, 118.646236336433, 408.323791503906, 2009603, 6, 91
2019.76743127, 52.4993087041178, 118.646219014454, 408.340759277344, 2009603, 6, 91
2019.76743127, 52.4991622718741, 118.646196873143, 408.304016113281, 2009603, 6, 91
2019.76743127, 52.4990095220227, 118.64617380582, 408.338928222656, 2009603, 6, 91
2019.76743127, 52.4989013886205, 118.646157279652, 408.318420410156, 2009603, 6, 90
2019.76743127, 52.4987805054707, 118.646138853101, 408.320648193359, 2009603, 6, 90
2019.76743127, 52.4986725330111, 118.646122379353, 408.340362548828, 2009603, 6, 90
2019.76743127, 52.4986026749313, 118.646111856823, 408.339233398438, 2009603, 6, 90
2019.76743127, 52.4985011257477, 118.646096217889, 408.322509765625, 2009603, 6, 90
2019.76743127, 52.4984249615131, 118.646084691944, 408.349090576172, 2009603, 6, 80
2019.76743127, 52.4983551766163, 118.646073914958, 408.357818603516, 2009603, 6, 80
2019.76743127, 52.498310750297, 118.646067312792, 408.343048095703, 2009603, 6, 80
2019.76743127, 52.4982536628746, 118.646058526156, 408.337219238281, 2009603, 6, 80
2019.76743129, 52.4583327152052, 118.64158022598, 409.881652832031, 2009603, 6, 92
2019.76743129, 52.4579280509321, 118.641536449129, 409.819152832031, 2009603, 6, 93
2019.76743129, 52.4576309332971, 118.64150250121, 409.870300292969, 2009603, 6, 94
2019.76743129, 52.457491777854, 118.641486419302, 409.857086181641, 2009603, 6, 93
2019.76743129, 52.4573525215563, 118.641470354365, 409.839385986328, 2009603, 6, 93
2019.76743129, 52.4572068206574, 118.641453494319, 409.881408691406, 2009603, 6, 93
2019.76743129, 52.4570419435574, 118.641434457214, 409.873474121094, 2009603, 6, 93
2019.76743129, 52.4568832208913, 118.641416228195, 409.851989746094, 2009603, 6, 94
2019.76743129, 52.4567497520078, 118.641401026639, 409.889892578125, 2009603, 6, 92
2019.76743129, 52.4566097951326, 118.641385089333, 409.91357421875, 2009603, 6, 92
2019.76743129, 52.4564695256015, 118.641369600966, 409.925018310547, 2009603, 6, 85
2019.76743129, 52.4563802355018, 118.64135963564, 409.943695068359, 2009603, 6, 85
2019.76743129, 52.4563100381094, 118.641352041648, 409.908996582031, 2009603, 6, 85
2019.76743129, 52.456227089225, 118.641342824586, 409.921112060547, 2009603, 6, 78
2019.76743129, 52.4561441252763, 118.641333721373, 409.926971435547, 2009603, 6, 78
2019.76743129, 52.4560739120555, 118.641326122143, 409.905456542969, 2009603, 6, 78
2019.76743129, 52.4559909602187, 118.641316909448, 409.909027099609, 2009603, 6, 55
2019.76743129, 52.4559143864469, 118.641308544802, 409.938568115234, 2009603, 6, 55
2019.76743129, 52.4558250749515, 118.641298674381, 409.906524658203, 2009603, 6, 55
2019.76743129, 52.4557612757562, 118.641291807553, 409.937316894531, 2009603, 6, 55
2019.76743265, 49.714004887012, 118.221591528663, 535.282775878906, 2009588, 6, 87
