2021.19872803, 42.6445408544606, 127.162602677947, 408.178466796875, 14396, 1, 93
2021.19872803, 42.6557156477814, 127.161084820219, 408.183532714844, 14396, 1, 93
2021.19872818, 42.9565108706186, 127.12210919102, 262.715179443359, 2006368, 1, 65
2021.19872927, 45.1319923288361, 126.8310587702, 153.033401489258, 2009593, 1, 68
2021.19872927, 45.1321970019882, 126.831030294989, 153.058837890625, 2009593, 1, 67
2021.19872965, 45.8956478876059, 126.726411155504, 116.116424560547, 2009593, 1, 84
2021.19872965, 45.8976222442909, 126.726148205867, 116.091667175293, 2009593, 1, 58
2021.19872965, 45.9002029090274, 126.725792322264, 116.006797790527, 2009593, 1, 96
2021.19872966, 45.9250438207283, 126.722303698189, 116.026657104492, 2009593, 1, 84
2021.19872966, 45.926678770545, 126.722072741136, 115.958030700684, 2009593, 1, 63
2021.19872783, 42.2222360563615, 127.218573590394, 465.859344482422, 2006362, 2, 81
2021.19872789, 42.3376721845812, 127.203595967025, 412.548706054688, 2006362, 2, 71
2021.19872789, 42.3377675257006, 127.203583748273, 412.502593994141, 2006362, 2, 87
2021.19872789, 42.3378310938363, 127.20357558842, 412.508392333984, 2006362, 2, 87
2021.19872789, 42.3378883104712, 127.203568264083, 412.506896972656, 2006362, 2, 87
2021.19872789, 42.3379328237407, 127.203562536513, 412.5078125, 2006362, 2, 87
2021.19872789, 42.3379773388628, 127.203556839151, 412.476928710938, 2006362, 2, 87
2021.19872789, 42.3380155095165, 127.203551905064, 412.525146484375, 2006362, 2, 87
2021.19872789, 42.3380536710543, 127.203547046342, 412.480010986328, 2006362, 2, 87
2021.19872789, 42.338091845224, 127.203542166809, 412.496002197266, 2006362, 2, 87
2021.19872789, 42.3381300249406, 127.203537291959, 412.489044189453, 2006362, 2, 87
2021.19872789, 42.3381618551167, 127.203533193951, 412.483215332031, 2006362, 2, 87
2021.19872789, 42.3382000507717, 127.203528318331, 412.433563232422, 2006362, 2, 87
2021.19872789, 42.3382382499338, 127.203523469961, 412.441925048828, 2006362, 2, 87
2021.19872801, 42.5954516852416, 127.170133154561, 408.122955322266, 14396, 2, 81
2021.19872802, 42.5975594416791, 127.169847752146, 408.137451171875, 14396, 2, 92
2021.19872802, 42.6003191643212, 127.169488685766, 408.162414550781, 14396, 2, 93
2021.19872802, 42.6077080911438, 127.168493391851, 408.174713134766, 14396, 2, 71
2021.19872802, 42.6103855852322, 127.16813423461, 408.132873535156, 14396, 2, 91
2021.19872803, 42.6209120315996, 127.16669454647, 408.136291503906, 14396, 2, 73
2021.19872803, 42.6219332303991, 127.166560371844, 408.136199951172, 14396, 2, 93
2021.19872803, 42.6232306967514, 127.166383717321, 408.149047851562, 14396, 2, 96
2021.19872803, 42.6245172135659, 127.166209435387, 408.158416748047, 14396, 2, 95
2021.19872803, 42.6258176261245, 127.166029163849, 408.111755371094, 14396, 2, 96
2021.19872803, 42.6271760487418, 127.165841912634, 408.148468017578, 14396, 2, 96
2021.19872803, 42.6283753508778, 127.165678758625, 408.153564453125, 14396, 2, 96
2021.19872803, 42.6295715716235, 127.16551748312, 408.121917724609, 14396, 2, 96
2021.19872804, 42.6423945005144, 127.163788778468, 408.132965087891, 14396, 2, 59
2021.19872804, 42.6431956390381, 127.163683211031, 408.163391113281, 14396, 2, 68
2021.19872804, 42.6443978149976, 127.163522228191, 408.160064697266, 14396, 2, 92
2021.19872804, 42.6456158473031, 127.163361876258, 408.126708984375, 14396, 2, 94
2021.19872804, 42.6467724448403, 127.163210781693, 408.122894287109, 14396, 2, 94
2021.19872804, 42.6482955233282, 127.163009422569, 408.1728515625, 14396, 2, 93
2021.19872804, 42.6499574669381, 127.162793126066, 408.132995605469, 14396, 2, 94
2021.19872804, 42.651660283118, 127.162566749293, 408.128662109375, 14396, 2, 94
2021.19872804, 42.6534792375912, 127.162334212781, 408.161010742188, 14396, 2, 92
2021.19872804, 42.655404200933, 127.162085248506, 408.140655517578, 14396, 2, 93
2021.19872805, 42.6569964939917, 127.161879622255, 408.125915527344, 14396, 2, 93
2021.19872805, 42.6579576192635, 127.161754304659, 408.163238525391, 14396, 2, 92
2021.19872805, 42.6590129368765, 127.161621004842, 408.147247314453, 14396, 2, 94
2021.19872805, 42.6601869109425, 127.161473533435, 408.155029296875, 14396, 2, 94
2021.19872805, 42.6616958449555, 127.161281362427, 408.140869140625, 14396, 2, 94
2021.19872805, 42.6632279683962, 127.161086460486, 408.150543212891, 14396, 2, 93
2021.19872805, 42.6650603467124, 127.160856385565, 408.157531738281, 14396, 2, 94
2021.19872805, 42.6666906450246, 127.160652147411, 408.168579101562, 14396, 2, 93
2021.19872805, 42.6680477578638, 127.16048668086, 408.152313232422, 14396, 2, 92
2021.19872805, 42.6691108912324, 127.160352417584, 408.161712646484, 14396, 2, 94
2021.19872805, 42.6704596306928, 127.160180261564, 408.184631347656, 14396, 2, 91
2021.19872805, 42.671735496892, 127.160022055967, 408.163909912109, 14396, 2, 89
2021.19872805, 42.6735411510448, 127.159794625795, 408.135864257812, 14396, 2, 92
2021.19872805, 42.675335062023, 127.159571468524, 408.158447265625, 14396, 2, 89
2021.19872806, 42.6770606669462, 127.159355206669, 408.165069580078, 14396, 2, 85
2021.19872819, 42.9550224722012, 127.123145868091, 262.658142089844, 2006368, 2, 95
2021.19872833, 43.2363333864436, 127.085861351792, 257.447143554688, 1297, 2, 94
2021.19872841, 43.3978073461547, 127.064855629284, 257.568878173828, 1297, 2, 73
2021.19872841, 43.399246617277, 127.064673718934, 257.518798828125, 1297, 2, 95
2021.19872842, 43.401346583985, 127.064401135716, 257.506439208984, 1297, 2, 95
2021.19872928, 45.1319143207313, 126.83206956103, 152.992889404297, 2009593, 2, 76
2021.19872928, 45.1320542010708, 126.832051207555, 152.999206542969, 2009593, 2, 73
2021.19872928, 45.132499338616, 126.831992192477, 153.051879882812, 2009593, 2, 62
2021.19872966, 45.8908969409762, 126.728117225991, 116.05997467041, 2009593, 2, 55
2021.19872966, 45.8910938463281, 126.728089691271, 116.073890686035, 2009593, 2, 70
2021.19872966, 45.8950891080698, 126.727525790036, 116.03581237793, 2009593, 2, 85
2021.19872966, 45.8957175229739, 126.727438103112, 116.067535400391, 2009593, 2, 85
2021.19872966, 45.8961766454273, 126.727372482914, 116.071151733398, 2009593, 2, 70
2021.19872966, 45.8966108772703, 126.727309413766, 116.06812286377, 2009593, 2, 64
2021.19872966, 45.8971278360727, 126.727232624411, 116.07405090332, 2009593, 2, 57
2021.19872966, 45.8976183104092, 126.727160980603, 116.053726196289, 2009593, 2, 62
2021.19872966, 45.8981202642572, 126.727090380015, 116.072196960449, 2009593, 2, 62
2021.19872966, 45.8985198900413, 126.727036232793, 116.050796508789, 2009593, 2, 82
2021.19872966, 45.8990915926641, 126.726958926899, 116.048965454102, 2009593, 2, 91
2021.19872966, 45.8996912302291, 126.726874870362, 116.035758972168, 2009593, 2, 93
2021.19872966, 45.9002142014631, 126.726799366328, 116.005241394043, 2009593, 2, 96
2021.19872966, 45.9008929447353, 126.726700144431, 115.969970703125, 2009593, 2, 97
2021.19872966, 45.9017880869765, 126.726569882531, 115.89680480957, 2009593, 2, 85
2021.19872966, 45.9027616974417, 126.726430102224, 115.943183898926, 2009593, 2, 60
2021.19872967, 45.9245803109329, 126.723330151049, 116.002983093262, 2009593, 2, 73
2021.19872967, 45.9254005872626, 126.723214341184, 115.962112426758, 2009593, 2, 86
2021.19872967, 45.9258726996808, 126.723147761095, 115.973846435547, 2009593, 2, 64
2021.19872967, 45.9263411538287, 126.723081551907, 116.015487670898, 2009593, 2, 58
2021.19873226, 51.1231514944836, 125.964071921833, 362.181732177734, 2009589, 2, 77
2021.19873226, 51.123484426198, 125.964017768594, 362.124420166016, 2009589, 2, 77
2021.19872783, 42.243096751236, 127.253926859026, 456.447570800781, 2006362, 3, 81
2021.19872788, 42.3482188832417, 127.240330205207, 420.337768554688, 2006362, 3, 79
2021.19872788, 42.3484672634923, 127.240299532814, 420.350219726562, 2006362, 3, 79
2021.19872788, 42.3489386388493, 127.240239829304, 420.312438964844, 2006362, 3, 81
2021.19872788, 42.3495194064898, 127.240162220623, 420.318817138672, 2006362, 3, 75
2021.19872788, 42.3498178957006, 127.240121685051, 420.369659423828, 2006362, 3, 66
2021.19872812, 42.8347869995788, 127.177361542225, 290.020385742188, 2006365, 3, 94
2021.19872812, 42.8352126312969, 127.177309765698, 290.031555175781, 2006365, 3, 96
2021.19872812, 42.8361600871614, 127.177190689602, 290.060211181641, 2006365, 3, 94
2021.19872812, 42.836969941225, 127.177085491081, 290.014099121094, 2006365, 3, 92
2021.19872817, 42.9359513257181, 127.164120094115, 290.092163085938, 2006368, 3, 87
2021.19872817, 42.937824269636, 127.163904663948, 290.059448242188, 171987, 3, 93
2021.19872835, 43.2991184102547, 127.116706174287, 257.537506103516, 1297, 3, 96
2021.19872835, 43.3027896636972, 127.116240034402, 257.535736083984, 1297, 3, 93
2021.19872927, 45.1390171844341, 126.871157769988, 153.673919677734, 2009593, 3, 83
2021.19872927, 45.1400540346809, 126.871006850767, 153.588485717773, 2009593, 3, 77
2021.19872965, 45.9101781471544, 126.766054856728, 116.072395324707, 2009593, 3, 83
2021.19872965, 45.9123823998343, 126.765754792603, 116.091102600098, 2009593, 3, 59
2021.19872966, 45.9161727168856, 126.765219174507, 116.160949707031, 2009593, 3, 61
2021.19872966, 45.9194235287966, 126.764769049306, 116.067939758301, 2009593, 3, 57
2021.19872966, 45.921426586595, 126.764482755417, 116.040626525879, 2009593, 3, 60
2021.19872784, 42.2439626162606, 127.254849930087, 456.086547851562, 2006362, 4, 80
2021.19872789, 42.3471773013392, 127.241534368554, 420.442932128906, 2006362, 4, 79
2021.19872789, 42.3472664904285, 127.241522789346, 420.454162597656, 2006362, 4, 89
2021.19872789, 42.3473365421626, 127.241513671396, 420.457183837891, 2006362, 4, 89
2021.19872789, 42.3474192969548, 127.241502939094, 420.458801269531, 2006362, 4, 89
2021.19872789, 42.3474956676254, 127.241492969974, 420.421844482422, 2006362, 4, 89
2021.19872789, 42.347572012156, 127.241483027654, 420.414276123047, 2006362, 4, 86
2021.19872789, 42.3476611459739, 127.241471486702, 420.384185791016, 2006362, 4, 86
2021.19872789, 42.3477881190294, 127.241455219393, 420.359344482422, 2006362, 4, 81
2021.19872789, 42.3478833313704, 127.241443001145, 420.367553710938, 2006362, 4, 81
2021.19872789, 42.3479658350812, 127.241432577523, 420.341369628906, 2006362, 4, 81
2021.19872789, 42.3480483476226, 127.241422097695, 420.342071533203, 2006362, 4, 76
2021.19872789, 42.3481435773471, 127.2414099731, 420.397216796875, 2006362, 4, 76
2021.19872789, 42.348232480495, 127.241398683561, 420.339996337891, 2006362, 4, 76
2021.19872789, 42.3483214022389, 127.241387542764, 420.366668701172, 2006362, 4, 76
2021.19872789, 42.3484040153514, 127.241377133927, 420.361511230469, 2006362, 4, 76
2021.19872789, 42.3485057438978, 127.241364328471, 420.359832763672, 2006362, 4, 74
2021.19872789, 42.348601176209, 127.241352328937, 420.408752441406, 2006362, 4, 74
2021.19872789, 42.3486839256096, 127.241342026335, 420.366516113281, 2006362, 4, 74
2021.19872789, 42.3487603520496, 127.241332560907, 420.387084960938, 2006362, 4, 70
2021.19872789, 42.3488623308282, 127.241319846279, 420.375, 2006362, 4, 70
2021.19872789, 42.3489515341182, 127.241308650019, 420.379577636719, 2006362, 4, 70
2021.19872801, 42.5968250424549, 127.209272386737, 408.213287353516, 14396, 4, 90
2021.19872801, 42.5987726598745, 127.209017563694, 408.211456298828, 14396, 4, 94
2021.19872802, 42.6010021886068, 127.208724866443, 408.199279785156, 14396, 4, 94
2021.19872802, 42.6166858288531, 127.206633384064, 408.159027099609, 14396, 4, 86
2021.19872802, 42.6190435833885, 127.206315175249, 408.139892578125, 14396, 4, 96
2021.19872803, 42.6208654638304, 127.206057898907, 408.188812255859, 14396, 4, 95
2021.19872803, 42.6225845201442, 127.205826491126, 408.169403076172, 14396, 4, 96
2021.19872803, 42.6244097300148, 127.205577063771, 408.164367675781, 14396, 4, 96
2021.19872803, 42.6261536354391, 127.205343246385, 408.136749267578, 14396, 4, 97
2021.19872803, 42.62782630696, 127.205115781842, 408.179565429688, 14396, 4, 96
2021.19872803, 42.6293951937666, 127.204903561919, 408.179595947266, 14396, 4, 95
2021.19872813, 42.8348161412785, 127.178411588683, 290.007446289062, 2006365, 4, 94
2021.19872813, 42.8348798510746, 127.178402783378, 290.026214599609, 2006365, 4, 94
2021.19872813, 42.834924472012, 127.178396521203, 290.021881103516, 2006365, 4, 94
2021.19872813, 42.8349882211113, 127.178387736416, 290.055145263672, 2006365, 4, 94
2021.19872813, 42.8350839003491, 127.178374479679, 290.040252685547, 2006365, 4, 96
2021.19872813, 42.8352881634665, 127.1783460713, 290.039825439453, 2006365, 4, 94
2021.19872813, 42.8356011463798, 127.178302690047, 290.054870605469, 2006365, 4, 94
2021.19872813, 42.835933136847, 127.178257040055, 290.024047851562, 2006365, 4, 95
2021.19872813, 42.8362647384443, 127.178211848773, 290.050964355469, 2006365, 4, 93
2021.19872813, 42.8366215307805, 127.178163575992, 290.063201904297, 2006365, 4, 92
2021.19872813, 42.8369079787187, 127.178125121459, 290.023986816406, 2006365, 4, 91
2021.19872817, 42.9113392104174, 127.168324246787, 290.108489990234, 171987, 4, 80
2021.19872817, 42.9127047074579, 127.16816446851, 290.101165771484, 171987, 4, 78
2021.19872817, 42.9139253040197, 127.168025266073, 289.9384765625, 171987, 4, 79
2021.19872818, 42.9277729785944, 127.166384433438, 290.029602050781, 2006368, 4, 56
2021.19872818, 42.9278177111723, 127.166379043059, 290.070587158203, 2006368, 4, 56
2021.19872818, 42.9278688166468, 127.166372770443, 290.060302734375, 2006368, 4, 56
2021.19872818, 42.9279198955809, 127.166366488486, 290.068237304688, 2006368, 4, 56
2021.19872818, 42.9279709420248, 127.166360222971, 290.045837402344, 2006368, 4, 56
2021.19872818, 42.9280219609255, 127.166353938965, 290.066223144531, 2006368, 4, 55
2021.19872818, 42.928092061746, 127.166345317913, 290.044097900391, 2006368, 4, 55
2021.19872818, 42.9281621098765, 127.166336586938, 290.059020996094, 2006368, 4, 55
2021.19872818, 42.9282384598253, 127.166327088341, 290.057098388672, 2006368, 4, 55
2021.19872818, 42.9283147412266, 127.166317567131, 290.055938720703, 2006368, 4, 65
2021.19872818, 42.9283845971504, 127.166308925733, 290.050842285156, 2006368, 4, 65
2021.19872818, 42.9284544079968, 127.166300182871, 290.084045410156, 2006368, 4, 65
2021.19872818, 42.9285241667507, 127.166291444427, 290.079284667969, 2006368, 4, 73
2021.19872818, 42.9285875389749, 127.166283489024, 290.054748535156, 2006368, 4, 73
2021.19872818, 42.928657205298, 127.166274758888, 290.053314208984, 2006368, 4, 73
2021.19872818, 42.9287397454979, 127.166264359187, 290.070983886719, 2006368, 4, 73
2021.19872818, 42.9288279690693, 127.16625348437, 290.057037353516, 2006368, 4, 66
2021.19872818, 42.9300756914027, 127.166101022574, 290.083618164062, 2006368, 4, 71
2021.19872818, 42.9302045207694, 127.166085235281, 290.073089599609, 2006368, 4, 71
2021.19872818, 42.9304885983682, 127.166050286339, 290.084075927734, 2006368, 4, 89
2021.19872818, 42.9308955266457, 127.165999364222, 290.098205566406, 2006368, 4, 92
2021.19872818, 42.9312946635328, 127.165948602176, 290.089111328125, 2006368, 4, 94
2021.19872818, 42.9316109616326, 127.165907585679, 290.042663574219, 2006368, 4, 92
2021.19872818, 42.9319740282358, 127.16586018498, 290.077362060547, 171987, 4, 91
2021.19872818, 42.9326523085143, 127.165772201169, 290.092437744141, 171987, 4, 92
2021.19872818, 42.9332721492359, 127.165693794515, 290.057556152344, 171987, 4, 93
2021.19872818, 42.9339818846656, 127.165605076961, 290.096343994141, 171987, 4, 93
2021.19872818, 42.9346818625182, 127.16551732766, 290.054565429688, 171987, 4, 95
2021.19872818, 42.9354822354969, 127.165416425796, 290.067504882812, 171987, 4, 95
2021.19872818, 42.9362956321271, 127.165311727931, 290.071014404297, 171987, 4, 93
2021.19872818, 42.9371477698383, 127.165198379171, 290.067047119141, 171987, 4, 94
2021.19872818, 42.9380030355117, 127.16508444515, 290.056823730469, 171987, 4, 94
2021.19872818, 42.9386741206748, 127.164996719566, 290.070068359375, 171987, 4, 94
2021.19872818, 42.9391901283118, 127.164930018005, 290.055755615234, 171987, 4, 90
2021.19872818, 42.9400169198703, 127.164822165208, 291.949554443359, 171987, 4, 85
2021.19872833, 43.2411607850396, 127.124986952898, 257.5283203125, 1297, 4, 71
2021.19872834, 43.2429644957708, 127.124766588908, 257.488586425781, 1297, 4, 95
2021.19872834, 43.2451999474038, 127.124497072621, 257.54345703125, 1297, 4, 93
2021.19872834, 43.2466188778189, 127.124327940085, 257.569854736328, 1297, 4, 65
2021.19872834, 43.2476154116383, 127.124208485355, 257.543975830078, 1297, 4, 80
2021.19872834, 43.2482465927863, 127.124137287096, 257.089294433594, 1297, 4, 77
2021.19872834, 43.2488282560589, 127.124069298259, 257.553527832031, 1297, 4, 81
2021.19872834, 43.2496359578422, 127.123970670382, 257.546997070312, 1297, 4, 79
2021.19872836, 43.2837858661207, 127.119769432625, 257.482177734375, 1297, 4, 90
2021.19872836, 43.2850862694796, 127.119591402908, 257.401000976562, 1297, 4, 90
2021.19872836, 43.2866130919153, 127.119391567321, 257.193206787109, 1297, 4, 90
2021.19872836, 43.29151314094, 127.118734118767, 257.49658203125, 1297, 4, 88
2021.19872836, 43.2928490681863, 127.118547606239, 257.47119140625, 1297, 4, 92
2021.19872836, 43.2952644112711, 127.1182197562, 257.496368408203, 1297, 4, 95
2021.19872836, 43.2970121478717, 127.117982681289, 257.522674560547, 1297, 4, 94
2021.19872836, 43.2983912860701, 127.117792726192, 257.549774169922, 1297, 4, 95
2021.19872836, 43.2998927743582, 127.11757288926, 257.500061035156, 1297, 4, 95
2021.19872836, 43.3011442661184, 127.117404271082, 257.503448486328, 1297, 4, 94
2021.19872836, 43.3022397277813, 127.117255179805, 257.530456542969, 1297, 4, 94
2021.19872837, 43.3031898713955, 127.117113403156, 257.512634277344, 1297, 4, 94
2021.19872837, 43.3040951086151, 127.11698736279, 257.515777587891, 1297, 4, 92
2021.19872839, 43.3601391238773, 127.109385235319, 257.401977539062, 1297, 4, 95
2021.19872841, 43.3849863194474, 127.106298283779, 257.603759765625, 1297, 4, 93
2021.19872841, 43.3856152466508, 127.10622013618, 257.59033203125, 1297, 4, 94
2021.19872841, 43.3866281526349, 127.106100668749, 257.595520019531, 1297, 4, 95
2021.19872841, 43.3891131956345, 127.105789108193, 257.081726074219, 1297, 4, 92
2021.19872841, 43.4024188619659, 127.104113279218, 257.633422851562, 1297, 4, 91
2021.19872842, 43.409425702826, 127.103218368282, 257.522552490234, 1297, 4, 95
2021.19872842, 43.4115197984041, 127.102942249004, 257.347106933594, 1297, 4, 89
2021.19872842, 43.4135872951363, 127.102676108924, 257.555297851562, 1297, 4, 71
2021.19872842, 43.4150589793811, 127.102489915412, 257.560394287109, 1297, 4, 93
2021.19872928, 45.1393126616119, 126.87215907002, 153.739791870117, 2009593, 4, 78
2021.19872928, 45.1397648980288, 126.872097118405, 153.630798339844, 2009593, 4, 68
2021.19872928, 45.1401034231529, 126.872051806142, 153.643173217773, 2009593, 4, 65
2021.19872928, 45.1401929003858, 126.872039946232, 153.620147705078, 2009593, 4, 65
2021.19872928, 45.1403018478484, 126.872025939419, 153.615020751953, 2009593, 4, 65
2021.19872928, 45.1404493198768, 126.872007091765, 153.65266418457, 2009593, 4, 65
2021.19872959, 45.7575600217437, 126.788065525483, 118.29239654541, 2009593, 4, 51
2021.19872959, 45.7576362376265, 126.788055183204, 118.195007324219, 2009593, 4, 51
2021.19872959, 45.7587148074958, 126.787911844801, 118.200874328613, 2009593, 4, 52
2021.19872959, 45.7595691243792, 126.787795392065, 117.486175537109, 2009593, 4, 54
2021.19872966, 45.9080844442697, 126.767370674013, 116.02131652832, 2009593, 4, 70
2021.19872966, 45.9096214413612, 126.767155402482, 116.042503356934, 2009593, 4, 88
2021.19872966, 45.9106015454917, 126.76701500135, 116.007011413574, 2009593, 4, 84
2021.19872966, 45.9114492711354, 126.766887113589, 116.055267333984, 2009593, 4, 83
2021.19872966, 45.9122277302863, 126.766772188651, 116.055511474609, 2009593, 4, 68
2021.19872966, 45.912934048071, 126.766673072341, 116.024307250977, 2009593, 4, 58
2021.19872967, 45.9134968983339, 126.766597193373, 116.0615234375, 2009593, 4, 54
2021.19872967, 45.914897998394, 126.766398346015, 116.186813354492, 2009593, 4, 51
2021.19872967, 45.9155464984733, 126.766301670092, 116.068061828613, 2009593, 4, 56
2021.19872967, 45.9162639834725, 126.766200869521, 116.092651367188, 2009593, 4, 64
2021.19872967, 45.9191490079612, 126.765800070381, 116.077629089355, 2009593, 4, 57
2021.19872967, 45.9208340483613, 126.765551614693, 116.033767700195, 2009593, 4, 52
2021.19872967, 45.9211915688301, 126.765502276111, 116.005950927734, 2009593, 4, 61
2021.19872967, 45.9234129302493, 126.765189244078, 116.083221435547, 2009593, 4, 51
2021.19872967, 45.928615897705, 126.76445735772, 116.050064086914, 2009593, 4, 76
2021.19872967, 45.9293664930404, 126.764355418281, 116.096755981445, 2009593, 4, 89
2021.19872967, 45.9299948627363, 126.764268086992, 116.053329467773, 2009593, 4, 80
2021.19873005, 46.6868693502893, 126.659563171262, 135.494857788086, 2009593, 4, 70
2021.198731, 48.5931047175796, 126.388280164925, 258.220001220703, 2009593, 4, 66
2021.198731, 48.5931999213052, 126.38826678872, 258.260040283203, 2009593, 4, 66
2021.19872806, 42.7142581687935, 127.232281882395, 408.227142333984, 2006365, 5, 78
2021.19872806, 42.7145199279315, 127.232249252744, 408.181671142578, 2006365, 5, 92
2021.19872806, 42.7148551948487, 127.232207817391, 408.129486083984, 2006365, 5, 92
2021.19872806, 42.7159561660053, 127.232071823016, 408.171813964844, 14396, 5, 95
2021.19872806, 42.7182964217929, 127.231783485235, 408.159820556641, 14396, 5, 95
2021.19872813, 42.8648088329214, 127.212918668842, 289.995452880859, 171987, 5, 93
2021.19872813, 42.8653859259831, 127.212839225369, 289.986999511719, 171987, 5, 92
2021.19872834, 43.2810374662983, 127.158633079707, 257.489135742188, 1297, 5, 96
2021.19872834, 43.2828869645176, 127.158414199645, 257.538513183594, 1297, 5, 94
2021.1987284, 43.3971821517013, 127.143377560677, 257.530883789062, 1297, 5, 95
2021.19872843, 43.4499436459787, 127.136710024204, 257.590911865234, 1297, 5, 96
2021.19872843, 43.4524520696284, 127.136374725347, 257.004272460938, 1297, 5, 83
2021.19872843, 43.4627365179821, 127.134987913311, 257.552398681641, 1297, 5, 96
2021.19872843, 43.4653491681455, 127.134634381039, 257.544830322266, 1297, 5, 96
2021.19872844, 43.4719069073378, 127.133737196452, 257.551300048828, 1297, 5, 90
2021.19872966, 45.9292877997136, 126.80503853533, 116.120819091797, 2009593, 5, 66
2021.19872966, 45.9316450268903, 126.804705686417, 116.067344665527, 2009593, 5, 56
2021.19872966, 45.9330759693088, 126.804503279749, 116.06867980957, 2009593, 5, 64
2021.19872966, 45.9357809121511, 126.804125051398, 116.001350402832, 2009593, 5, 53
2021.19872967, 45.943971773766, 126.802967760659, 116.019477844238, 2009593, 5, 95
2021.19872967, 45.948206648094, 126.802366892273, 116.034523010254, 2009593, 5, 91
2021.19872801, 42.5957020867364, 127.248703493657, 408.095794677734, 14396, 6, 83
2021.19872801, 42.5966677891003, 127.24858294067, 408.148712158203, 14396, 6, 92
2021.19872801, 42.5977537734123, 127.24843871017, 408.157592773438, 14396, 6, 93
2021.19872801, 42.5992968341428, 127.248236566325, 408.686920166016, 14396, 6, 70
2021.19872801, 42.6015503138336, 127.247945376524, 408.141448974609, 14396, 6, 96
2021.19872802, 42.6038898992532, 127.247636061779, 408.1064453125, 14396, 6, 92
2021.19872802, 42.6050576326161, 127.247491602052, 408.106689453125, 14396, 6, 92
2021.19872805, 42.6692070555012, 127.238994691889, 408.175018310547, 14396, 6, 84
2021.19872805, 42.6702301510854, 127.238868949046, 408.138275146484, 14396, 6, 92
2021.19872805, 42.6712575360058, 127.238742817684, 408.167388916016, 14396, 6, 94
2021.19872805, 42.6722375396951, 127.238622719826, 408.147064208984, 14396, 6, 94
2021.19872805, 42.673403862102, 127.238474448097, 408.135406494141, 14396, 6, 95
2021.19872805, 42.6747329847096, 127.23831161665, 408.111297607422, 14396, 6, 94
2021.19872805, 42.6760094586277, 127.238146103653, 408.150299072266, 14396, 6, 93
2021.19872805, 42.6770119776978, 127.238031165569, 408.063781738281, 14396, 6, 91
2021.19872805, 42.6794896258673, 127.237721708698, 408.129486083984, 14396, 6, 94
2021.19872805, 42.6809712628869, 127.237538540527, 408.179718017578, 14396, 6, 92
2021.19872807, 42.714032361148, 127.233422455202, 408.122863769531, 2006365, 6, 62
2021.19872807, 42.7142307349474, 127.233394440453, 408.116363525391, 2006365, 6, 62
2021.19872807, 42.7143267767567, 127.233381088752, 408.145324707031, 2006365, 6, 84
2021.19872807, 42.7144100345102, 127.233369527881, 408.11865234375, 2006365, 6, 84
2021.19872807, 42.714499706961, 127.233357082368, 408.145904541016, 2006365, 6, 84
2021.19872807, 42.7146918577804, 127.233330609672, 408.142272949219, 2006365, 6, 91
2021.19872807, 42.7149894189111, 127.233291114571, 408.09716796875, 2006365, 6, 91
2021.19872807, 42.7154210957492, 127.233235110215, 408.0849609375, 14396, 6, 93
2021.19872807, 42.7160245765743, 127.233158581425, 408.105773925781, 14396, 6, 94
2021.19872807, 42.7166371794185, 127.233080697626, 408.126129150391, 14396, 6, 93
2021.19872807, 42.7172600692613, 127.232999844567, 408.126373291016, 14396, 6, 94
2021.19872807, 42.7178129648226, 127.232926871594, 408.104736328125, 14396, 6, 93
2021.19872807, 42.7183209000858, 127.232861640709, 408.095184326172, 14396, 6, 92
2021.19872807, 42.7187044374912, 127.232814495643, 408.11669921875, 14396, 6, 93
2021.19872807, 42.7189588298246, 127.232784040041, 408.128143310547, 14396, 6, 89
2021.19872814, 42.8641715204803, 127.213821807055, 290.036041259766, 2006365, 6, 82
2021.19872814, 42.8642351995941, 127.21381271741, 290.049194335938, 2006365, 6, 82
2021.19872814, 42.8642988629181, 127.213803776502, 290.005432128906, 2006365, 6, 91
2021.19872815, 42.8643625259865, 127.213794686656, 289.993988037109, 2006365, 6, 91
2021.19872815, 42.8644452797589, 127.213782838899, 289.998657226562, 2006365, 6, 91
2021.19872815, 42.8646107658343, 127.213759138004, 290.00341796875, 171987, 6, 92
2021.19872815, 42.8648462753454, 127.213725238082, 290.019683837891, 171987, 6, 93
2021.19872815, 42.8650755250519, 127.213692334485, 289.988433837891, 171987, 6, 94
2021.19872815, 42.8652731592749, 127.213664025412, 290.011505126953, 171987, 6, 93
2021.19872815, 42.8654708191818, 127.213636021965, 290.001892089844, 171987, 6, 93
2021.19872835, 43.2808465219211, 127.159893959743, 257.517669677734, 1297, 6, 94
2021.19872835, 43.2812406577882, 127.159840507201, 257.487884521484, 1297, 6, 95
2021.19872835, 43.2815652932783, 127.159796998742, 257.472137451172, 1297, 6, 95
2021.19872835, 43.2819419840035, 127.159747878335, 257.506896972656, 1297, 6, 96
2021.19872835, 43.2822873177863, 127.159703965052, 257.475372314453, 1297, 6, 96
2021.19872835, 43.2826517426131, 127.159658212309, 257.521148681641, 1297, 6, 95
2021.19872835, 43.2830283622429, 127.159611341437, 257.518493652344, 1297, 6, 94
2021.19872835, 43.2834293476708, 127.159561443199, 257.527465820312, 1297, 6, 94
2021.19872835, 43.2838685797425, 127.159506320156, 257.517456054688, 1297, 6, 88
2021.19872835, 43.2842701528925, 127.159455275259, 257.512664794922, 1297, 6, 56
2021.1987284, 43.3864180850362, 127.145918300429, 257.584014892578, 1297, 6, 66
2021.19872841, 43.3880777592717, 127.145718473984, 257.561553955078, 1297, 6, 92
2021.19872841, 43.3895461547493, 127.145533372407, 257.519714355469, 1297, 6, 95
2021.19872841, 43.3908964115918, 127.145364234941, 257.532928466797, 1297, 6, 95
2021.19872841, 43.3922190460589, 127.145201271058, 257.532287597656, 1297, 6, 95
2021.19872841, 43.3936286850171, 127.145028592307, 257.517272949219, 1297, 6, 95
2021.19872841, 43.3948856411722, 127.144879085655, 257.533233642578, 1297, 6, 94
2021.19872841, 43.3959183143475, 127.144747128189, 257.569000244141, 1297, 6, 95
2021.19872841, 43.3968200420969, 127.144631405496, 257.536407470703, 1297, 6, 94
2021.19872841, 43.3975324785626, 127.144542307492, 257.552703857422, 1297, 6, 92
2021.19872841, 43.3983756735331, 127.14443734024, 257.534271240234, 1297, 6, 63
2021.19872843, 43.430103943386, 127.140347387251, 257.578430175781, 1297, 6, 84
2021.19872843, 43.4314066170854, 127.140173712399, 257.495971679688, 1297, 6, 96
2021.19872843, 43.432592313134, 127.140013772328, 257.524047851562, 1297, 6, 95
2021.19872843, 43.43363570026, 127.139870767521, 257.550415039062, 1297, 6, 95
2021.19872843, 43.4347496267415, 127.139722876894, 257.097351074219, 1297, 6, 94
2021.19872843, 43.4395569848654, 127.139082119905, 257.501007080078, 1297, 6, 84
2021.19872843, 43.440342592031, 127.138976669723, 257.537384033203, 1297, 6, 86
2021.19872843, 43.4440192383966, 127.138474160056, 257.519195556641, 1297, 6, 96
2021.19872843, 43.4450974312005, 127.138329717796, 257.557312011719, 1297, 6, 94
2021.19872843, 43.4462232142924, 127.138172301065, 257.572082519531, 1297, 6, 95
2021.19872844, 43.4476222937748, 127.137975653523, 257.520202636719, 1297, 6, 95
2021.19872844, 43.4488473658766, 127.137809712501, 257.537139892578, 1297, 6, 95
2021.19872844, 43.4499589921064, 127.137654007549, 257.542266845703, 1297, 6, 95
2021.19872844, 43.4510341030735, 127.137498765202, 257.514678955078, 1297, 6, 96
2021.19872844, 43.4555179795712, 127.136896332474, 257.550628662109, 1297, 6, 73
2021.19872844, 43.4615339228719, 127.136059261844, 257.493591308594, 1297, 6, 80
2021.19872844, 43.4621691029072, 127.135971970013, 257.528747558594, 1297, 6, 93
2021.19872844, 43.4628999742696, 127.135873030907, 257.517211914062, 1297, 6, 93
2021.19872844, 43.4635614113579, 127.135783579797, 257.533599853516, 1297, 6, 97
2021.19872844, 43.4641966806371, 127.135697757403, 257.519165039062, 1297, 6, 96
2021.19872844, 43.4648006405469, 127.135615523799, 257.525512695312, 1297, 6, 96
2021.19872844, 43.4655028107186, 127.13551850712, 257.552154541016, 1297, 6, 96
2021.19872844, 43.4662366133272, 127.135415346563, 257.542358398438, 1297, 6, 96
2021.19872844, 43.4668638949409, 127.135325859116, 257.534301757812, 1297, 6, 93
2021.19872845, 43.4700637039907, 127.134898919501, 257.5458984375, 1297, 6, 67
2021.19872845, 43.4706344801736, 127.134822402403, 257.5712890625, 1297, 6, 86
2021.19872845, 43.4713764122419, 127.134721656509, 257.530487060547, 1297, 6, 89
2021.19872845, 43.4722004115566, 127.134600705963, 257.532196044922, 1297, 6, 87
2021.19872967, 45.9268318753966, 126.806387496871, 116.074981689453, 2009593, 6, 52
2021.19872967, 45.9302087410681, 126.805908031107, 116.089424133301, 2009593, 6, 92
2021.19872967, 45.93071590198, 126.805837300412, 116.083213806152, 2009593, 6, 94
2021.19872967, 45.9313176903196, 126.805755237118, 116.122016906738, 2009593, 6, 86
2021.19872967, 45.9318206232719, 126.805687108906, 116.115386962891, 2009593, 6, 55
2021.19872967, 45.9321949189637, 126.805635565197, 116.116981506348, 2009593, 6, 53
2021.19872967, 45.9325744050821, 126.80558150607, 116.066345214844, 2009593, 6, 52
2021.19872967, 45.9330047518543, 126.805519878947, 116.068130493164, 2009593, 6, 53
2021.19872967, 45.9335380105228, 126.805444596855, 116.043281555176, 2009593, 6, 53
2021.19872967, 45.9341059107965, 126.80536702031, 116.079574584961, 2009593, 6, 57
2021.19872967, 45.934659753992, 126.805290095038, 116.036994934082, 2009593, 6, 64
2021.19872968, 45.938584059213, 126.804742607523, 116.033218383789, 2009593, 6, 90
2021.19872968, 45.9390081816401, 126.804687097241, 116.031524658203, 2009593, 6, 95
2021.19872968, 45.9401495828954, 126.804531506704, 116.117881774902, 2009593, 6, 97
2021.19872968, 45.9413561468755, 126.804360972888, 116.04817199707, 2009593, 6, 97
2021.19872968, 45.9427054051447, 126.804178577504, 116.070877075195, 2009593, 6, 97
2021.19872968, 45.9439259762372, 126.803999622434, 116.022766113281, 2009593, 6, 96
2021.19872968, 45.9445884915657, 126.803906063461, 116.01734161377, 2009593, 6, 97
2021.19872968, 45.9452058614625, 126.8038237903, 116.058403015137, 2009593, 6, 95
2021.19872968, 45.9456911432836, 126.803761361086, 116.068199157715, 2009593, 6, 95
2021.19872968, 45.9460943754834, 126.803709257155, 116.002906799316, 2009593, 6, 94
2021.19872968, 45.9465439701019, 126.803649487036, 116.090255737305, 2009593, 6, 80
2021.19872968, 45.9469896982405, 126.803588320744, 116.185119628906, 2009593, 6, 51
2021.19872968, 45.9477249763847, 126.803484121888, 116.024185180664, 2009593, 6, 87
2021.19872968, 45.9499791711298, 126.803185051741, 116.044998168945, 2009593, 6, 86
2021.19872968, 45.9509174445194, 126.803053930161, 116.003364562988, 2009593, 6, 53
2021.19872968, 45.9520488289138, 126.802904533008, 116.060745239258, 2009593, 6, 61
2021.19872968, 45.9528959096149, 126.802790636802, 116.07999420166, 2009593, 6, 64
2021.19872968, 45.9542221936023, 126.802607551301, 115.744491577148, 2009593, 6, 57
2021.19872968, 45.9552678003195, 126.802468826306, 115.636009216309, 2009593, 6, 54
