2020.75915887, 53.1115216741132, 127.332912587229, 191.829528808594, 2009603, 1, 97
2020.75915887, 53.1123148925656, 127.332780991681, 191.878723144531, 2009603, 1, 96
2020.75915887, 53.1131813152908, 127.332641930172, 191.913040161133, 2009603, 1, 95
2020.75915917, 53.7079644390029, 127.234456385709, 220.394836425781, 2009603, 1, 92
2020.75915917, 53.7085996783106, 127.234350886147, 220.400436401367, 2009603, 1, 94
2020.75915917, 53.7089411058191, 127.234292942915, 220.402252197266, 2009603, 1, 93
2020.75915917, 53.7093574291778, 127.234221502614, 220.385238647461, 2009603, 1, 94
2020.75915917, 53.7095656989103, 127.234185830238, 220.3828125, 2009603, 1, 94
2020.75915917, 53.709786879868, 127.234148228823, 220.374588012695, 2009603, 1, 93
2020.75915917, 53.7100211618741, 127.234108776088, 220.380142211914, 2009603, 1, 93
2020.75915917, 53.7102054081264, 127.234078106831, 220.391189575195, 2009603, 1, 93
2020.75915917, 53.710339041666, 127.234056088891, 220.400100708008, 2009603, 1, 92
2020.75915917, 53.7105493878242, 127.234021689431, 220.378356933594, 2009603, 1, 93
2020.75915941, 54.1975398895428, 127.152450026316, 315.852752685547, 2009604, 1, 88
2020.75915941, 54.1977736847543, 127.152410894435, 315.826995849609, 2009604, 1, 92
2020.75915941, 54.1980727707529, 127.152361428124, 315.826141357422, 2009604, 1, 94
2020.75915941, 54.1983355133254, 127.152318475528, 315.815643310547, 2009604, 1, 93
2020.75915941, 54.1986114502719, 127.152273345561, 315.832672119141, 2009604, 1, 92
2020.75915941, 54.1988999389343, 127.152225865549, 315.800140380859, 2009604, 1, 91
2020.75915941, 54.1991749722708, 127.152180399865, 315.827789306641, 2009604, 1, 91
2020.75915941, 54.1994286942397, 127.152137712896, 315.8203125, 2009604, 1, 92
2020.75915941, 54.1996374456931, 127.1521023103, 315.838714599609, 2009604, 1, 92
2020.75915941, 54.1998837453881, 127.152060264965, 315.848510742188, 2009604, 1, 92
2020.75915941, 54.2001109709496, 127.152021398937, 315.837554931641, 2009604, 1, 93
2020.75915941, 54.2002625155486, 127.151995459635, 315.838043212891, 2009604, 1, 90
2020.75915942, 54.2004013912335, 127.151971700208, 315.818481445312, 2009604, 1, 90
2020.75915942, 54.2005154379486, 127.151952213883, 315.832336425781, 2009604, 1, 84
2020.75915942, 54.2006232486944, 127.151933792337, 315.815612792969, 2009604, 1, 84
2020.75915942, 54.2007121144644, 127.151918569907, 315.838958740234, 2009604, 1, 84
2020.75915959, 54.551024574621, 127.092579263134, 324.822113037109, 2007667, 1, 63
2020.75915959, 54.5510816071948, 127.092569861367, 324.806091308594, 2007667, 1, 63
2020.75915959, 54.5511325784055, 127.092561124116, 324.778686523438, 2007667, 1, 63
2020.75915959, 54.5511772000256, 127.092553462602, 324.785461425781, 2007667, 1, 63
2020.75915959, 54.5512218443667, 127.092545754219, 324.787872314453, 2007667, 1, 63
2020.7591596, 54.5697937551099, 127.089383994572, 333.796051025391, 2007667, 1, 63
2020.7591596, 54.569963984811, 127.08935568461, 333.795745849609, 2007667, 1, 63
2020.7591596, 54.5740256953778, 127.088658409355, 336.296783447266, 2007667, 1, 54
2020.7591596, 54.5740894784842, 127.088647695044, 336.304809570312, 2007667, 1, 54
2020.7591596, 54.5741596395599, 127.088636141259, 336.311706542969, 2007667, 1, 54
2020.7591596, 54.5742106782198, 127.088627640287, 336.299407958984, 2007667, 1, 54
2020.7591596, 54.5800421570097, 127.087640214321, 337.419342041016, 2007667, 1, 59
2020.7591596, 54.5800929732229, 127.087631645677, 337.497589111328, 2007667, 1, 59
2020.75915961, 54.584028716817, 127.086954717454, 338.373443603516, 2007667, 1, 63
2020.75915961, 54.584117907695, 127.0869400127, 338.335235595703, 2007667, 1, 63
2020.75915961, 54.5841816310389, 127.086929779972, 338.342834472656, 2007667, 1, 63
2020.75915961, 54.5842389766127, 127.086920651612, 338.353820800781, 2007667, 1, 63
2020.75915976, 54.8835326012265, 127.035610081336, 355.11865234375, 2007669, 1, 60
2020.75915976, 54.8835897696412, 127.035600085409, 355.100830078125, 2007669, 1, 60
2020.75915976, 54.8836469561269, 127.035590041947, 355.098388671875, 2007669, 1, 60
2020.75915976, 54.8837105184354, 127.035578874164, 355.146667480469, 2007669, 1, 60
2020.75915976, 54.888532631439, 127.0347515538, 356.020172119141, 2007669, 1, 51
2020.75915976, 54.8885961340825, 127.034741014764, 356.00146484375, 2007669, 1, 75
2020.75915976, 54.8886469399635, 127.034732434356, 356.005950927734, 2007669, 1, 75
2020.75915976, 54.8886977331273, 127.034723948927, 356.016204833984, 2007669, 1, 75
2020.75915976, 54.8887421766199, 127.034716472986, 356.043548583984, 2007669, 1, 75
2020.75915976, 54.888786614473, 127.034709017667, 356.011627197266, 2007669, 1, 71
2020.75915976, 54.8888247051799, 127.034702564969, 356.047210693359, 2007669, 1, 71
2020.75915976, 54.8888627924757, 127.034696113818, 356.050384521484, 2007669, 1, 71
2020.75915976, 54.8889008779359, 127.034689622472, 356.028900146484, 2007669, 1, 71
2020.75915976, 54.8889326173092, 127.034684126859, 356.021331787109, 2007669, 1, 71
2020.75915976, 54.8889706983183, 127.03467761876, 356.046630859375, 2007669, 1, 71
2020.75915976, 54.8890087484285, 127.034671423921, 356.062896728516, 2007669, 1, 53
2020.75915976, 54.8890404937308, 127.034665793987, 356.082366943359, 2007669, 1, 53
2020.75915976, 54.8890785814661, 127.03465907521, 356.035339355469, 2007669, 1, 53
2020.75915976, 54.8891166633475, 127.034652377851, 356.072906494141, 2007669, 1, 53
2020.75915976, 54.889154738457, 127.034645701464, 356.076080322266, 2007669, 1, 53
2020.75915976, 54.8891928168129, 127.034638944389, 356.064331054688, 2007669, 1, 53
2020.75915976, 54.8892245513764, 127.034633255184, 356.081756591797, 2007669, 1, 53
2020.75915976, 54.8927579731188, 127.034018331487, 356.550079345703, 2007669, 1, 60
2020.75915976, 54.8927898546722, 127.034012879706, 356.585144042969, 2007669, 1, 60
2020.75915976, 54.8928154405545, 127.034008315958, 356.567749023438, 2007669, 1, 60
2020.75915976, 54.8928472707667, 127.034002925683, 356.558654785156, 2007669, 1, 60
2020.75915976, 54.8928727326371, 127.033998523804, 356.56396484375, 2007669, 1, 60
2020.75915976, 54.8929045431046, 127.033993126681, 356.545471191406, 2007669, 1, 60
2020.75915976, 54.8929363439908, 127.033987678843, 356.555023193359, 2007669, 1, 60
2020.75915976, 54.8929617801408, 127.033983284618, 356.561248779297, 2007669, 1, 60
2020.75915976, 54.8929935564361, 127.033977865171, 356.559204101562, 2007669, 1, 60
2020.75915976, 54.8930253232936, 127.033972457531, 356.55322265625, 2007669, 1, 76
2020.75915976, 54.8930570782923, 127.033967038773, 356.543548583984, 2007669, 1, 76
2020.75915976, 54.8930888251139, 127.033961597043, 356.547302246094, 2007669, 1, 76
2020.75915976, 54.8931205516561, 127.033956272862, 356.555267333984, 2007669, 1, 76
2020.75915976, 54.8931459323088, 127.033951901815, 356.557373046875, 2007669, 1, 76
2020.75915976, 54.8931776415864, 127.033946548374, 356.531646728516, 2007669, 1, 76
2020.75915976, 54.8932093401681, 127.033941143825, 356.539703369141, 2007669, 1, 76
2020.75915976, 54.8932346957573, 127.033936783563, 356.555084228516, 2007669, 1, 76
2020.75915976, 54.8932663742276, 127.033931441465, 356.536773681641, 2007669, 1, 53
2020.75915976, 54.8932917129444, 127.033927095871, 356.540588378906, 2007669, 1, 53
2020.75915976, 54.8933233762477, 127.033921699183, 356.533874511719, 2007669, 1, 53
2020.75915976, 54.8933550252627, 127.033916376106, 356.553009033203, 2007669, 1, 53
2020.75915976, 54.8933803435226, 127.033912016949, 356.542388916016, 2007669, 1, 53
2020.75915976, 54.8934056525636, 127.033907710495, 356.54931640625, 2007669, 1, 53
2020.75915976, 54.8934372748638, 127.033902376014, 356.550476074219, 2007669, 1, 53
2020.75915976, 54.8934625720261, 127.03389805008, 356.530303955078, 2007669, 1, 53
2020.75915976, 54.8934878630576, 127.033893733819, 356.523529052734, 2007669, 1, 53
2020.75915977, 54.915517626588, 127.030090108159, 360.925079345703, 2007669, 1, 66
2020.75915977, 54.9155493130553, 127.030084421518, 360.948944091797, 2007669, 1, 66
2020.75915977, 54.9155746623041, 127.03007985312, 360.934936523438, 2007669, 1, 66
2020.75915977, 54.9156063447904, 127.030074170986, 360.930694580078, 2007669, 1, 66
2020.75915977, 54.915638019531, 127.030068576874, 360.920501708984, 2007669, 1, 66
2020.75915977, 54.9156634682558, 127.030063827728, 360.925231933594, 2007669, 1, 66
2020.75915977, 54.9156951023954, 127.030058250974, 360.908325195312, 2007669, 1, 66
2020.75915977, 54.9157267359153, 127.030052681187, 360.928985595703, 2007669, 1, 66
2020.75915978, 54.9295197504992, 127.027676794304, 362.826171875, 2007669, 1, 54
2020.75915978, 54.9295768619017, 127.027666857343, 362.864990234375, 2007669, 1, 54
2020.75915978, 54.9296340373042, 127.027656808845, 362.843292236328, 2007669, 1, 54
2020.75915978, 54.9296974175931, 127.027645798171, 362.859252929688, 2007669, 1, 54
2020.75915978, 54.9297481177379, 127.027636866055, 362.835479736328, 2007669, 1, 54
2020.75915888, 53.1121535123383, 127.334168778883, 191.802322387695, 2009603, 2, 96
2020.75915918, 53.70882387123, 127.235694586681, 220.350723266602, 2009603, 2, 92
2020.75915918, 53.7101008262754, 127.235477979329, 220.361770629883, 2009603, 2, 92
2020.75915918, 53.710789095901, 127.235369330203, 220.35546875, 2009603, 2, 94
2020.75915942, 54.1968381971139, 127.153971585629, 315.811492919922, 2009604, 2, 53
2020.75915942, 54.197991144355, 127.15377470648, 315.808685302734, 2009604, 2, 91
2020.75915943, 54.1992472028149, 127.153565080488, 315.810516357422, 2009604, 2, 91
2020.75915943, 54.2000268137522, 127.15343225732, 315.789489746094, 2009604, 2, 94
2020.75915943, 54.2007326957018, 127.153311625185, 315.793334960938, 2009604, 2, 92
2020.75915961, 54.5696138026589, 127.090828347219, 333.805480957031, 2007667, 2, 67
2020.75915961, 54.5740649006354, 127.090076849151, 336.238891601562, 2007667, 2, 62
2020.75915961, 54.5741982480094, 127.090053372634, 336.258758544922, 2007667, 2, 62
2020.75915977, 54.894018995529, 127.035221950171, 356.533508300781, 2007669, 2, 51
2020.75915977, 54.8941397117659, 127.035200797434, 356.507049560547, 2007669, 2, 51
2020.75915977, 54.8942794942791, 127.035176221277, 356.585327148438, 2007669, 2, 73
2020.75915977, 54.8944574292558, 127.035144939772, 356.609252929688, 2007669, 2, 73
2020.75915977, 54.8947116796727, 127.035100360373, 356.594604492188, 2007669, 2, 66
2020.75915978, 54.9158048356637, 127.031466001633, 360.846435546875, 2007669, 2, 64
2020.75915978, 54.9159193401944, 127.031445633575, 360.848114013672, 2007669, 2, 64
2020.75915979, 54.9304197557414, 127.028934503493, 362.858917236328, 2007669, 2, 61
2020.75915888, 53.1295455881872, 127.378422499464, 191.200714111328, 2009603, 3, 84
2020.75915888, 53.129634659336, 127.378407372424, 191.194732666016, 2009603, 3, 84
2020.75915888, 53.1297491162833, 127.378388033461, 191.207397460938, 2009603, 3, 84
2020.75915888, 53.1298571320635, 127.378369886093, 191.161056518555, 2009603, 3, 97
2020.75915888, 53.1299460205995, 127.378355053924, 191.183609008789, 2009603, 3, 97
2020.75915888, 53.1300221541581, 127.378342437956, 191.177978515625, 2009603, 3, 97
2020.75915888, 53.1301045694253, 127.378328881595, 191.150131225586, 2009603, 3, 97
2020.75915888, 53.1301805931659, 127.378316441937, 191.190505981445, 2009603, 3, 97
2020.75915888, 53.1302565554237, 127.378304124745, 191.1845703125, 2009603, 3, 96
2020.75915888, 53.1303261407484, 127.378292900816, 191.187942504883, 2009603, 3, 96
2020.75915888, 53.1303893607156, 127.378282765859, 191.138442993164, 2009603, 3, 96
2020.75915888, 53.1304525428335, 127.378272702696, 191.131317138672, 2009603, 3, 96
2020.75915888, 53.1305032876248, 127.378264386138, 191.162948608398, 2009603, 3, 97
2020.75915888, 53.1305473282009, 127.3782576023, 191.15690612793, 2009603, 3, 97
2020.75915888, 53.1305976434422, 127.378249874144, 191.190231323242, 2009603, 3, 97
2020.75915888, 53.1306667948685, 127.378239338709, 191.217758178711, 2009603, 3, 97
2020.75915888, 53.1307296444554, 127.378229775442, 191.155807495117, 2009603, 3, 97
2020.75915888, 53.1307924879847, 127.378220235865, 191.201095581055, 2009603, 3, 95
2020.75915888, 53.1308678911495, 127.37820883685, 191.213272094727, 2009603, 3, 95
2020.75915888, 53.1309118811851, 127.378202173135, 191.151184082031, 2009603, 3, 95
2020.75915888, 53.1309558778518, 127.378195515862, 191.141708374023, 2009603, 3, 95
2020.75915888, 53.1309998838114, 127.3781888416, 191.167068481445, 2009603, 3, 95
2020.75915888, 53.1310564708432, 127.37818028908, 191.157211303711, 2009603, 3, 95
2020.75915888, 53.1311067956916, 127.378172633597, 191.161376953125, 2009603, 3, 95
2020.75915888, 53.1311760120058, 127.378162127519, 191.221145629883, 2009603, 3, 95
2020.75915888, 53.1312452804763, 127.378151553225, 191.198547363281, 2009603, 3, 95
2020.75915888, 53.1313209048868, 127.378139953498, 191.192764282227, 2009603, 3, 95
2020.75915888, 53.1313965990116, 127.378128269212, 191.169052124023, 2009603, 3, 95
2020.75915888, 53.1314786842558, 127.378115543553, 191.155914306641, 2009603, 3, 95
2020.75915888, 53.1315608705842, 127.378102687128, 191.159042358398, 2009603, 3, 95
2020.75915888, 53.1316241652629, 127.378092700074, 191.216323852539, 2009603, 3, 95
2020.75915888, 53.1317065410637, 127.378079625742, 191.149261474609, 2009603, 3, 95
2020.75915888, 53.1317825031211, 127.378067685524, 191.164581298828, 2009603, 3, 95
2020.75915888, 53.1318462485182, 127.378057116566, 191.143142700195, 2009603, 3, 95
2020.75915888, 53.1319355905419, 127.37804221303, 191.162857055664, 2009603, 3, 95
2020.75915888, 53.1320058507649, 127.378030454026, 191.198196411133, 2009603, 3, 95
2020.75915918, 53.7300181277802, 127.279947943327, 221.653915405273, 2009603, 3, 91
2020.75915918, 53.7300499226042, 127.279942917452, 221.644714355469, 2009603, 3, 91
2020.75915918, 53.7300753663617, 127.279938868922, 221.667083740234, 2009603, 3, 91
2020.75915918, 53.7301071670738, 127.279933836592, 221.64924621582, 2009603, 3, 91
2020.75915918, 53.7301326152373, 127.279929786479, 221.64860534668, 2009603, 3, 91
2020.75915918, 53.7301644215703, 127.279924754163, 221.655136108398, 2009603, 3, 91
2020.75915918, 53.7301898757507, 127.279920691873, 221.63737487793, 2009603, 3, 91
2020.75915918, 53.7302216837863, 127.279915666678, 221.658386230469, 2009603, 3, 91
2020.75915918, 53.7302471395881, 127.279911601961, 221.660247802734, 2009603, 3, 91
2020.75915918, 53.7302789541332, 127.279906565943, 221.655868530273, 2009603, 3, 92
2020.75915918, 53.7303044131835, 127.279902505865, 221.651641845703, 2009603, 3, 92
2020.75915918, 53.7303361480438, 127.279897451293, 221.650634765625, 2009603, 3, 92
2020.75915918, 53.7303616380233, 127.279893375643, 221.64387512207, 2009603, 3, 92
2020.75915918, 53.7303934923386, 127.279888330081, 221.641815185547, 2009603, 3, 92
2020.75915918, 53.7304189833381, 127.279884257808, 221.636978149414, 2009603, 3, 92
2020.75915918, 53.7304508382862, 127.279879197301, 221.657867431641, 2009603, 3, 92
2020.75915918, 53.7304763317777, 127.279875111178, 221.639923095703, 2009603, 3, 92
2020.75915918, 53.7305018210773, 127.279871043199, 221.639114379883, 2009603, 3, 92
2020.75915918, 53.7305336789108, 127.279865967257, 221.632385253906, 2009603, 3, 92
2020.75915918, 53.7305591730349, 127.279861870646, 221.649368286133, 2009603, 3, 92
2020.75915918, 53.7305910310351, 127.279856778757, 221.658172607422, 2009603, 3, 92
2020.75915918, 53.7306165212755, 127.279852682276, 221.641571044922, 2009603, 3, 92
2020.75915918, 53.7306420111136, 127.279848579255, 221.659790039062, 2009603, 3, 92
2020.75915918, 53.7306738625142, 127.279843477407, 221.671829223633, 2009603, 3, 92
2020.75915918, 53.7306993535199, 127.279839351011, 221.674819946289, 2009603, 3, 92
2020.75915918, 53.7307312033321, 127.279834235221, 221.674392700195, 2009603, 3, 92
2020.75915918, 53.7307566890071, 127.279830098957, 221.662033081055, 2009603, 3, 93
2020.75915918, 53.7307821718348, 127.279825972182, 221.684921264648, 2009603, 3, 93
2020.75915918, 53.7308140198722, 127.27982081049, 221.67658996582, 2009603, 3, 93
2020.75915918, 53.7308458595054, 127.279815670076, 221.686584472656, 2009603, 3, 93
2020.75915918, 53.7308713373085, 127.279811509225, 221.685363769531, 2009603, 3, 93
2020.75915918, 53.7309031688993, 127.279806347101, 221.680068969727, 2009603, 3, 93
2020.75915918, 53.730928641537, 127.279802171467, 221.691253662109, 2009603, 3, 93
2020.75915918, 53.7309604700697, 127.279796985291, 221.661560058594, 2009603, 3, 93
2020.75915918, 53.7309859355808, 127.279792801067, 221.673751831055, 2009603, 3, 93
2020.75915918, 53.7310177535019, 127.279787609971, 221.684204101562, 2009603, 3, 92
2020.75915918, 53.7310432137099, 127.279783399696, 221.674499511719, 2009603, 3, 92
2020.75915918, 53.731075025609, 127.27977817713, 221.690414428711, 2009603, 3, 92
2020.75915918, 53.7311004747748, 127.27977396632, 221.689987182617, 2009603, 3, 92
2020.75915918, 53.7311322741492, 127.27976874075, 221.68830871582, 2009603, 3, 92
2020.75915918, 53.7311577181476, 127.27976450726, 221.681350708008, 2009603, 3, 92
2020.75915918, 53.7311895095157, 127.27975925351, 221.681915283203, 2009603, 3, 92
2020.75915918, 53.731214945216, 127.279755009947, 221.680938720703, 2009603, 3, 92
2020.75915918, 53.7312403726451, 127.279750781991, 221.684234619141, 2009603, 3, 92
2020.75915918, 53.7312721478374, 127.279745506078, 221.677261352539, 2009603, 3, 92
2020.75915918, 53.7312975700245, 127.279741242021, 221.659332275391, 2009603, 3, 92
2020.75915918, 53.731329332631, 127.279735946544, 221.667694091797, 2009603, 3, 92
2020.75915918, 53.7313547466864, 127.279731668858, 221.675354003906, 2009603, 3, 92
2020.75915918, 53.7313864986086, 127.279726356958, 221.680603027344, 2009603, 3, 92
2020.75915918, 53.7314119010122, 127.279722077253, 221.683609008789, 2009603, 3, 92
2020.75915918, 53.7314436401189, 127.279716758999, 221.675643920898, 2009603, 3, 92
2020.75915918, 53.7314690349326, 127.279712453061, 221.67951965332, 2009603, 3, 92
2020.75915918, 53.7314944231478, 127.27970816239, 221.683975219727, 2009603, 3, 92
2020.75915918, 53.7315261433717, 127.279702817686, 221.672622680664, 2009603, 3, 93
2020.75915918, 53.7315515243385, 127.279698499853, 221.667221069336, 2009603, 3, 93
2020.75915918, 53.7315832360456, 127.279693137888, 221.68278503418, 2009603, 3, 93
2020.75915918, 53.7316087391025, 127.279688935193, 221.668579101562, 2009603, 3, 93
2020.75915918, 53.7316403863064, 127.279683515235, 221.679534912109, 2009603, 3, 93
2020.75915918, 53.7316657088028, 127.279679129297, 221.66276550293, 2009603, 3, 93
2020.75915918, 53.7316973459548, 127.279673694303, 221.681777954102, 2009603, 3, 93
2020.75915918, 53.731722656874, 127.279669316552, 221.660415649414, 2009603, 3, 93
2020.75915918, 53.7317479613776, 127.279664937322, 221.683685302734, 2009603, 3, 93
2020.75915918, 53.7317795859835, 127.279659484066, 221.661178588867, 2009603, 3, 92
2020.75915918, 53.7318048877999, 127.279655092111, 221.665939331055, 2009603, 3, 92
2020.75915918, 53.7318365028497, 127.279649636369, 221.685745239258, 2009603, 3, 92
2020.75915918, 53.731861801079, 127.279645229451, 221.671081542969, 2009603, 3, 92
2020.75915918, 53.7318934133167, 127.279639760362, 221.68229675293, 2009603, 3, 92
2020.75915918, 53.7319187047541, 127.27963535667, 221.671936035156, 2009603, 3, 92
2020.75915918, 53.7319503068143, 127.279629891648, 221.68586730957, 2009603, 3, 92
2020.75915918, 53.7319755951524, 127.279625488963, 221.700317382812, 2009603, 3, 92
2020.75915918, 53.7320071965719, 127.279620021517, 221.685653686523, 2009603, 3, 92
2020.75915918, 53.7320324840515, 127.279615611386, 221.683288574219, 2009603, 3, 92
2020.75915918, 53.7320640839335, 127.279610141662, 221.701202392578, 2009603, 3, 92
2020.75915918, 53.7320893677561, 127.279605740392, 221.693176269531, 2009603, 3, 92
2020.75915918, 53.7321146498578, 127.279601352218, 221.686218261719, 2009603, 3, 92
2020.75915918, 53.7321462520387, 127.279595871504, 221.698654174805, 2009603, 3, 92
2020.75915918, 53.7321778492812, 127.279590406695, 221.692337036133, 2009603, 3, 92
2020.75915918, 53.7322031347241, 127.279586017798, 221.704010009766, 2009603, 3, 92
2020.75915918, 53.7322347361737, 127.279580557154, 221.689559936523, 2009603, 3, 92
2020.75915918, 53.73226002585, 127.279576158733, 221.701324462891, 2009603, 3, 93
2020.75915918, 53.7322916292027, 127.279570716612, 221.693313598633, 2009603, 3, 93
2020.75915918, 53.7323169220574, 127.279566320278, 221.685699462891, 2009603, 3, 93
2020.75915918, 53.732342212257, 127.279561953322, 221.700637817383, 2009603, 3, 93
2020.75915918, 53.7323738243742, 127.279556516221, 221.682739257812, 2009603, 3, 93
2020.75915918, 53.7323991178103, 127.279552150923, 221.702438354492, 2009603, 3, 93
2020.75915918, 53.732430737495, 127.279546723768, 221.688613891602, 2009603, 3, 93
2020.75915918, 53.732456041466, 127.279542352292, 221.693588256836, 2009603, 3, 93
2020.75915918, 53.7324813417881, 127.279538021274, 221.70832824707, 2009603, 3, 93
2020.75915918, 53.7325129706849, 127.279532617239, 221.703308105469, 2009603, 3, 93
2020.75915918, 53.7325382831985, 127.279528266058, 221.706954956055, 2009603, 3, 93
2020.75915918, 53.7325699210412, 127.279522876392, 221.688461303711, 2009603, 3, 93
2020.75915918, 53.7325952408655, 127.279518534121, 221.685852050781, 2009603, 3, 93
2020.75915918, 53.7326268859966, 127.279513168148, 221.712463378906, 2009603, 3, 93
2020.75915918, 53.7326522155175, 127.279508844593, 221.686004638672, 2009603, 3, 93
2020.75915918, 53.7326838744378, 127.279503484377, 221.699111938477, 2009603, 3, 93
2020.75915918, 53.7327092104682, 127.279499176973, 221.68293762207, 2009603, 3, 92
2020.75915918, 53.7327408799616, 127.279493838316, 221.705444335938, 2009603, 3, 92
2020.75915918, 53.7327662237807, 127.279489557874, 221.684921264648, 2009603, 3, 93
2020.75915918, 53.732791573531, 127.279485271226, 221.703186035156, 2009603, 3, 93
2020.75915918, 53.7328232582114, 127.279479961732, 221.697265625, 2009603, 3, 93
2020.75915918, 53.7328486209565, 127.279475679966, 221.696762084961, 2009603, 3, 93
2020.75915918, 53.7328802298908, 127.279470248884, 221.684753417969, 2009603, 3, 93
2020.75915918, 53.7329056329089, 127.279466032775, 221.696243286133, 2009603, 3, 93
2020.75915918, 53.7329373836601, 127.27946081865, 221.690551757812, 2009603, 3, 93
2020.75915918, 53.7329627955451, 127.279456624572, 221.696319580078, 2009603, 3, 93
2020.75915918, 53.7329882084063, 127.279452453688, 221.690658569336, 2009603, 3, 93
2020.75915918, 53.7330199750143, 127.279447263003, 221.673873901367, 2009603, 3, 93
2020.75915918, 53.7330454004084, 127.279443092284, 221.704147338867, 2009603, 3, 93
2020.75915918, 53.7330771819907, 127.279437916943, 221.706298828125, 2009603, 3, 93
2020.75915918, 53.7331026180823, 127.279433752489, 221.699188232422, 2009603, 3, 93
2020.75915918, 53.7331344108207, 127.279428594181, 221.69499206543, 2009603, 3, 93
2020.75915918, 53.733159850671, 127.279424462321, 221.682434082031, 2009603, 3, 93
2020.75915918, 53.7331852983748, 127.279420319903, 221.696441650391, 2009603, 3, 93
2020.75915918, 53.7332107480918, 127.279416190401, 221.682647705078, 2009603, 3, 93
2020.75915918, 53.7332425563532, 127.279411065014, 221.693862915039, 2009603, 3, 93
2020.75915918, 53.7332680118794, 127.279406955434, 221.689407348633, 2009603, 3, 93
2020.75915918, 53.7332934729558, 127.279402838792, 221.687774658203, 2009603, 3, 93
2020.75915918, 53.7333189364073, 127.279398730165, 221.694412231445, 2009603, 3, 93
2020.75915918, 53.7333444021669, 127.27939462842, 221.677200317383, 2009603, 3, 93
2020.75915918, 53.7333698681783, 127.279390538579, 221.687789916992, 2009603, 3, 93
2020.75915918, 53.7333953389358, 127.27938644667, 221.691177368164, 2009603, 3, 93
2020.75915918, 53.7334208134043, 127.279382352362, 221.680526733398, 2009603, 3, 93
2020.75915918, 53.7334399234241, 127.279379270978, 221.687957763672, 2009603, 3, 93
2020.75915918, 53.7334653972894, 127.279375191599, 221.738235473633, 2009603, 3, 93
2020.75915918, 53.7334972502115, 127.279370076091, 221.726028442383, 2009603, 3, 93
2020.75915918, 53.7335418373567, 127.27936297943, 221.839370727539, 2009603, 3, 92
2020.75915923, 53.8309199957792, 127.263250883095, 315.952117919922, 115, 3, 73
2020.75915923, 53.8330200846235, 127.262903000226, 315.925811767578, 115, 3, 90
2020.75915923, 53.8345976589684, 127.262638950215, 315.944610595703, 115, 3, 91
2020.75915923, 53.8361832878677, 127.262372810539, 315.915618896484, 115, 3, 92
2020.75915923, 53.83809339591, 127.262056573149, 315.933959960938, 115, 3, 93
2020.75915923, 53.8416062488368, 127.261474923198, 315.93798828125, 115, 3, 92
2020.75915924, 53.857274583663, 127.258866863949, 315.918487548828, 115, 3, 75
2020.75915924, 53.8584263537315, 127.258687793572, 315.895233154297, 115, 3, 89
2020.75915924, 53.8609842212435, 127.258254171386, 315.903991699219, 115, 3, 92
2020.75915925, 53.868460320026, 127.257014323416, 315.883026123047, 115, 3, 89
2020.75915939, 54.1607809192451, 127.208326419238, 315.817321777344, 2009604, 3, 94
2020.75915939, 54.1618549759348, 127.208147656122, 315.8291015625, 2009604, 3, 93
2020.75915939, 54.1626714870989, 127.208011508462, 315.820831298828, 2009604, 3, 92
2020.75915939, 54.1632048179829, 127.207922634538, 315.813262939453, 2009604, 3, 89
2020.75915939, 54.1634277302153, 127.207885792602, 315.803100585938, 2009604, 3, 53
2020.7591594, 54.1730765314309, 127.2062723301, 315.785461425781, 2009604, 3, 77
2020.7591594, 54.1738972204762, 127.206134709373, 315.814422607422, 2009604, 3, 91
2020.7591594, 54.1746697759389, 127.206004833726, 315.811431884766, 2009604, 3, 93
2020.7591594, 54.1752317927761, 127.205912978378, 315.819702148438, 2009604, 3, 92
2020.7591594, 54.1757785690962, 127.205825782934, 315.767181396484, 2009604, 3, 93
2020.7591594, 54.1762673064307, 127.205747330718, 315.777801513672, 2009604, 3, 93
2020.7591594, 54.1768197921785, 127.205656210049, 315.807708740234, 2009604, 3, 92
2020.7591594, 54.1773022471251, 127.205573967051, 315.806762695312, 2009604, 3, 93
2020.7591594, 54.1778158210303, 127.205483983987, 315.795806884766, 2009604, 3, 93
2020.7591594, 54.1782402861124, 127.205408970544, 315.810638427734, 2009604, 3, 92
2020.7591594, 54.1786335319048, 127.205341177288, 315.789611816406, 2009604, 3, 92
2020.75915957, 54.5055083126447, 127.150422081134, 315.809661865234, 2007667, 3, 71
2020.75915957, 54.5055337107679, 127.150417728716, 315.797821044922, 2007667, 3, 71
2020.75915957, 54.5055591093251, 127.150413373695, 315.801971435547, 2007667, 3, 71
2020.75915957, 54.5055845048683, 127.150409016267, 315.797058105469, 2007667, 3, 71
2020.75915957, 54.5056098994356, 127.150404660786, 315.807708740234, 2007667, 3, 71
2020.75915957, 54.5056352926802, 127.150400305361, 315.802612304688, 2007667, 3, 71
2020.75915957, 54.5056606826076, 127.150395951727, 315.817504882812, 2007667, 3, 71
2020.75915957, 54.505686074408, 127.150391593205, 315.80322265625, 2007667, 3, 71
2020.75915957, 54.5057114633582, 127.150387240797, 315.776519775391, 2007667, 3, 71
2020.75915957, 54.5057368534698, 127.150382883995, 315.780731201172, 2007667, 3, 71
2020.75915966, 54.6985516563043, 127.117719454045, 322.772094726562, 2007669, 3, 87
2020.75915966, 54.6986153676169, 127.117708751281, 322.747100830078, 2007669, 3, 87
2020.75915966, 54.698666350492, 127.117700238386, 322.770874023438, 2007669, 3, 87
2020.75915966, 54.6987300860471, 127.11768969449, 322.776092529297, 2007669, 3, 87
2020.75915966, 54.6987874593101, 127.117680242162, 322.795349121094, 2007669, 3, 89
2020.75915966, 54.6988512288188, 127.117669751495, 322.775329589844, 2007669, 3, 89
2020.75915966, 54.6989405020635, 127.117655228535, 322.784515380859, 2007669, 3, 89
2020.75915966, 54.6990297902983, 127.117640750007, 322.785339355469, 2007669, 3, 72
2020.75915966, 54.6991382200868, 127.11762323893, 322.8232421875, 2007669, 3, 72
2020.75915966, 54.6992083807515, 127.117611928467, 322.8046875, 2007669, 3, 72
2020.75915967, 54.7111220462477, 127.115596269983, 323.668548583984, 2007669, 3, 53
2020.75915973, 54.8300017620199, 127.095333528062, 345.684631347656, 2007669, 3, 53
2020.75915973, 54.830027056926, 127.095329522821, 345.675048828125, 2007669, 3, 53
2020.75915973, 54.8300586560749, 127.095324565044, 345.693084716797, 2007669, 3, 53
2020.75915973, 54.830083940593, 127.095320547593, 345.695739746094, 2007669, 3, 53
2020.75915973, 54.8301155278852, 127.095315580009, 345.697143554688, 2007669, 3, 53
2020.75915973, 54.8301471131932, 127.095310582733, 345.700653076172, 2007669, 3, 53
2020.75915973, 54.8301786895078, 127.095305586815, 345.693878173828, 2007669, 3, 53
2020.75915973, 54.8302102582615, 127.09530058533, 345.683441162109, 2007669, 3, 53
2020.75915973, 54.8302418234353, 127.095295573311, 345.726196289062, 2007669, 3, 53
2020.75915973, 54.8302733841904, 127.095290542357, 345.701477050781, 2007669, 3, 66
2020.75915973, 54.8303112420671, 127.095284538112, 345.740905761719, 2007669, 3, 66
2020.75915973, 54.8303491000779, 127.09527848013, 345.749542236328, 2007669, 3, 66
2020.75915973, 54.8304121721185, 127.095268399198, 345.753936767578, 2007669, 3, 66
2020.75915973, 54.8415394133758, 127.093353375058, 347.350463867188, 2007669, 3, 54
2020.75915973, 54.8416415450382, 127.09333598752, 347.344299316406, 2007669, 3, 54
2020.75915973, 54.8418075003417, 127.09330800473, 347.375274658203, 2007669, 3, 54
2020.75915973, 54.8419733861177, 127.093280371029, 347.387786865234, 2007669, 3, 54
2020.75915973, 54.8420691805102, 127.093264473884, 347.383117675781, 2007669, 3, 71
2020.75915973, 54.8421200711123, 127.093256182758, 347.351135253906, 2007669, 3, 71
2020.75915973, 54.8421582303073, 127.093249982581, 347.348846435547, 2007669, 3, 71
2020.75915973, 54.8421900306949, 127.093244793812, 347.376373291016, 2007669, 3, 71
2020.75915973, 54.8422281727843, 127.093238629083, 347.406280517578, 2007669, 3, 71
2020.75915974, 54.8650240415259, 127.08935202333, 351.140991210938, 2007669, 3, 67
2020.75915974, 54.8650557116233, 127.089346677115, 351.159332275391, 2007669, 3, 67
2020.75915974, 54.865087389118, 127.089341319436, 351.148223876953, 2007669, 3, 67
2020.75915974, 54.8651254055006, 127.089334903483, 351.191558837891, 2007669, 3, 67
2020.75915974, 54.8651634311852, 127.089328473341, 351.17529296875, 2007669, 3, 67
2020.75915974, 54.8651951329379, 127.089323091654, 351.121734619141, 2007669, 3, 67
2020.75915974, 54.8652268397988, 127.089317720761, 351.126831054688, 2007669, 3, 67
2020.75915974, 54.8652585500866, 127.089312357144, 351.138092041016, 2007669, 3, 79
2020.75915974, 54.8652966150544, 127.089305904322, 351.185424804688, 2007669, 3, 79
2020.75915974, 54.8653346932062, 127.089299442286, 351.135192871094, 2007669, 3, 79
2020.75915974, 54.8653727811099, 127.089292976356, 351.177886962891, 2007669, 3, 79
2020.75915974, 54.8654108791588, 127.089286524303, 351.130584716797, 2007669, 3, 79
2020.75915974, 54.8654426389812, 127.089281130037, 351.154235839844, 2007669, 3, 79
2020.75915974, 54.8654744102102, 127.089275723733, 351.137512207031, 2007669, 3, 79
2020.75915974, 54.8654998415267, 127.089271357338, 351.125579833984, 2007669, 3, 79
2020.75915974, 54.8656397848214, 127.089247450671, 351.151763916016, 2007669, 3, 78
2020.75915974, 54.8656716176531, 127.089242004405, 351.14892578125, 2007669, 3, 78
2020.75915974, 54.8657034559011, 127.089236564969, 351.142456054688, 2007669, 3, 78
2020.75915974, 54.8657289422985, 127.089232169804, 351.145446777344, 2007669, 3, 78
2020.75915975, 54.8807504007955, 127.086661302772, 352.574798583984, 2007669, 3, 76
2020.75915975, 54.8807820048157, 127.086655943629, 352.572265625, 2007669, 3, 76
2020.75915975, 54.8808136153772, 127.086650598665, 352.6015625, 2007669, 3, 76
2020.75915975, 54.8808452375151, 127.086645232166, 352.592102050781, 2007669, 3, 76
2020.75915975, 54.8808705414616, 127.086640930225, 352.582580566406, 2007669, 3, 76
2020.75915975, 54.8809021760094, 127.086635575216, 352.571594238281, 2007669, 3, 76
2020.75915975, 54.8809338118861, 127.086630249891, 352.583465576172, 2007669, 3, 76
2020.75915975, 54.8809654620394, 127.086624892271, 352.583129882812, 2007669, 3, 76
2020.75915975, 54.8809971172169, 127.086619549563, 352.58935546875, 2007669, 3, 76
2020.75915975, 54.8810224557802, 127.08661524022, 352.593719482422, 2007669, 3, 56
2020.75915975, 54.8810604698231, 127.086608808296, 352.60888671875, 2007669, 3, 56
2020.75915975, 54.8811048278864, 127.086601351389, 352.634613037109, 2007669, 3, 56
2020.75915975, 54.8811745885874, 127.08658955567, 352.646148681641, 2007669, 3, 56
2020.75915978, 54.9438737005505, 127.075841572625, 366.499450683594, 2007669, 3, 76
2020.75915978, 54.9441844994147, 127.07578908504, 366.537231445312, 2007669, 3, 81
2020.7591598, 54.9692744485336, 127.071485356606, 373.024932861328, 2007669, 3, 68
2020.7591598, 54.9693948712382, 127.071465039798, 373.040008544922, 2007669, 3, 68
2020.75915982, 55.0260324853536, 127.061739904441, 388.753173828125, 2007669, 3, 65
2020.75915982, 55.0261154303899, 127.061726247373, 388.783477783203, 2007669, 3, 65
2020.75915982, 55.0262047315492, 127.061711562152, 388.802001953125, 2007669, 3, 65
2020.75915982, 55.0262430235658, 127.061705128379, 388.808013916016, 2007669, 3, 65
2020.75915984, 55.0652368934314, 127.054998221739, 405.059234619141, 2007669, 3, 73
2020.75915984, 55.0652684493397, 127.054992932102, 405.068328857422, 2007669, 3, 67
2020.75915984, 55.065293702605, 127.054988679697, 405.066162109375, 2007669, 3, 67
2020.75915984, 55.0653189670968, 127.054984391925, 405.078643798828, 2007669, 3, 67
2020.75915984, 55.0653505494872, 127.05497906623, 405.059478759766, 2007669, 3, 67
2020.75915984, 55.065375833835, 127.054974752881, 405.075988769531, 2007669, 3, 67
2020.75915984, 55.0654074375259, 127.054969398793, 405.077972412109, 2007669, 3, 67
2020.75915984, 55.0654390601978, 127.054964000874, 405.105133056641, 2007669, 3, 67
2020.75915984, 55.0654706960419, 127.054958584098, 405.086578369141, 2007669, 3, 67
2020.75915889, 53.1301834950149, 127.379679398462, 191.24870300293, 2009603, 4, 93
2020.75915889, 53.1303925905421, 127.379645753868, 191.219299316406, 2009603, 4, 97
2020.75915889, 53.1305768890997, 127.379615826216, 191.20735168457, 2009603, 4, 96
2020.75915889, 53.1307613403025, 127.379585721494, 191.223236083984, 2009603, 4, 96
2020.75915889, 53.1309586228105, 127.379553314868, 191.222366333008, 2009603, 4, 96
2020.75915889, 53.1311177689338, 127.379527044455, 191.203506469727, 2009603, 4, 96
2020.75915889, 53.1312960178765, 127.37949746927, 191.223129272461, 2009603, 4, 97
2020.75915889, 53.1314997075257, 127.379463573501, 191.227905273438, 2009603, 4, 97
2020.75915889, 53.1316779326351, 127.379433854784, 191.232711791992, 2009603, 4, 96
2020.75915889, 53.131868462242, 127.379401876375, 191.222732543945, 2009603, 4, 96
2020.75915889, 53.1321161177751, 127.37936040875, 191.238388061523, 2009603, 4, 96
2020.75915889, 53.1323574788847, 127.379320249659, 191.235824584961, 2009603, 4, 95
2020.75915889, 53.1325989695347, 127.379280412579, 191.217880249023, 2009603, 4, 95
2020.75915919, 53.7302500760976, 127.281282557157, 221.712097167969, 2009603, 4, 82
2020.75915919, 53.7303643665956, 127.281263342933, 221.704544067383, 2009603, 4, 82
2020.75915919, 53.730472245674, 127.281245172124, 221.705825805664, 2009603, 4, 82
2020.75915919, 53.7305864101339, 127.28122591059, 221.71174621582, 2009603, 4, 91
2020.75915919, 53.7307005264966, 127.281206664075, 221.710830688477, 2009603, 4, 91
2020.75915919, 53.7308082651753, 127.28118852684, 221.722991943359, 2009603, 4, 92
2020.75915919, 53.7309223144363, 127.281169381339, 221.724029541016, 2009603, 4, 92
2020.75915919, 53.7310363428164, 127.281150317626, 221.716430664062, 2009603, 4, 93
2020.75915919, 53.7311503658318, 127.281131354505, 221.712677001953, 2009603, 4, 93
2020.75915919, 53.7312643889132, 127.281112501072, 221.715560913086, 2009603, 4, 92
2020.75915919, 53.7313784312213, 127.281093785646, 221.715209960938, 2009603, 4, 92
2020.75915919, 53.7315114622586, 127.28107189729, 221.708221435547, 2009603, 4, 93
2020.75915919, 53.7316383362213, 127.281051898772, 221.717346191406, 2009603, 4, 93
2020.75915919, 53.7317652342313, 127.281031955306, 221.725509643555, 2009603, 4, 92
2020.75915919, 53.7319048574061, 127.281010043566, 221.741973876953, 2009603, 4, 92
2020.75915919, 53.7320318183752, 127.280990082413, 221.720458984375, 2009603, 4, 92
2020.75915919, 53.7321587974008, 127.280970016563, 221.721588134766, 2009603, 4, 92
2020.75915919, 53.7322857983769, 127.280949813812, 221.730667114258, 2009603, 4, 93
2020.75915919, 53.7324064542841, 127.280930426101, 221.721405029297, 2009603, 4, 93
2020.75915919, 53.7325271177113, 127.280910847329, 221.726089477539, 2009603, 4, 93
2020.75915919, 53.7326414370669, 127.280892098923, 221.723892211914, 2009603, 4, 93
2020.75915919, 53.7327557716269, 127.280873420758, 221.715087890625, 2009603, 4, 93
2020.75915919, 53.732870058908, 127.280853787006, 221.717422485352, 2009603, 4, 93
2020.75915919, 53.7329779928772, 127.280835084145, 221.731369018555, 2009603, 4, 93
2020.75915919, 53.7330922744432, 127.280815142176, 221.729293823242, 2009603, 4, 93
2020.75915919, 53.7332065563643, 127.280795114739, 221.771408081055, 2009603, 4, 93
2020.75915919, 53.7333271843393, 127.28077390605, 221.761520385742, 2009603, 4, 92
2020.75915919, 53.7334414664652, 127.280753824142, 221.772537231445, 2009603, 4, 92
2020.75915919, 53.7335494077957, 127.280734897637, 221.767822265625, 2009603, 4, 92
2020.75915919, 53.7336700466233, 127.28071381458, 221.7646484375, 2009603, 4, 92
2020.75915919, 53.7337843497333, 127.280693966118, 221.760437011719, 2009603, 4, 93
2020.75915919, 53.7338669095167, 127.280679736908, 221.808898925781, 2009603, 4, 93
2020.7591594, 54.1620585635177, 127.209505328919, 315.830352783203, 2009604, 4, 93
2020.75915941, 54.1760612205018, 127.207161631271, 315.818878173828, 2009604, 4, 56
2020.75915958, 54.5048404636004, 127.151943193396, 315.807312011719, 2007667, 4, 79
2020.75915958, 54.5049546679572, 127.151924166939, 315.817718505859, 2007667, 4, 79
2020.75915967, 54.6985302312845, 127.119143226407, 322.576232910156, 2007669, 4, 90
2020.75915974, 54.8302659065868, 127.096701699687, 345.687225341797, 2007669, 4, 74
2020.75915974, 54.830373814046, 127.096683079473, 345.683563232422, 2007669, 4, 74
2020.75915974, 54.8304880108607, 127.096663391027, 345.697998046875, 2007669, 4, 74
2020.75915974, 54.8423549392878, 127.094637312344, 347.459136962891, 2007669, 4, 70
2020.75915974, 54.8426212633372, 127.094589916299, 347.533264160156, 2007669, 4, 77
2020.75915975, 54.8646218202592, 127.090834000985, 351.16064453125, 2007669, 4, 76
2020.75915975, 54.8647425758935, 127.090813643086, 351.158081054688, 2007669, 4, 76
2020.75915975, 54.8648570189527, 127.090794231634, 351.169219970703, 2007669, 4, 84
2020.75915975, 54.8649717421401, 127.090774279262, 351.169616699219, 2007669, 4, 84
2020.75915976, 54.8755297471482, 127.08896339082, 352.109375, 2007669, 4, 72
2020.75915976, 54.8810426489532, 127.088021002492, 352.570404052734, 2007669, 4, 53
2020.75915976, 54.8811757375719, 127.087998032613, 352.558074951172, 2007669, 4, 54
2020.75915976, 54.881327847139, 127.087971847558, 352.587921142578, 2007669, 4, 75
2020.75915976, 54.8814861018194, 127.087944586457, 352.616271972656, 2007669, 4, 75
2020.75915979, 54.9437344417317, 127.077284352832, 366.81787109375, 2007669, 4, 51
2020.75915979, 54.943981564826, 127.077243045571, 366.827026367188, 2007669, 4, 87
2020.75915979, 54.9441839135236, 127.077209111445, 366.851440429688, 2007669, 4, 58
2020.7591598, 54.9486753897301, 127.076434113717, 368.989410400391, 2007669, 4, 57
2020.75915981, 54.9704435017829, 127.072705671856, 373.051025390625, 2007669, 4, 57
2020.75915983, 55.0188654225112, 127.064387786214, 386.900817871094, 2007669, 4, 60
2020.75915986, 55.082035012443, 127.053513393981, 410.438446044922, 2007669, 4, 55
2020.75915987, 55.0980465966641, 127.050753974121, 412.857482910156, 2007669, 4, 56
2020.75915999, 55.3418063607235, 127.008613463622, 491.075317382812, 2007669, 4, 65
2020.75915999, 55.3419268719271, 127.008592542568, 491.081481933594, 2007669, 4, 65
2020.75915999, 55.3420410200019, 127.00857271574, 491.084503173828, 2007669, 4, 60
2020.75915999, 55.3421614738938, 127.008551733219, 491.103851318359, 2007669, 4, 60
2020.75915883, 53.0295709240697, 127.442991147013, 189.205276489258, 2009603, 5, 78
2020.75915883, 53.0296467841836, 127.44297902719, 189.21955871582, 2009603, 5, 78
2020.75915883, 53.029728948745, 127.442965966751, 189.212600708008, 2009603, 5, 78
2020.75915883, 53.0298174468943, 127.442951982708, 189.212677001953, 2009603, 5, 94
2020.75915883, 53.0299438684263, 127.442932153172, 189.232635498047, 2009603, 5, 94
2020.75915883, 53.0300703297207, 127.442912491288, 189.235015869141, 2009603, 5, 97
2020.75915883, 53.030184187639, 127.442894832742, 189.20475769043, 2009603, 5, 97
2020.75915883, 53.0302790919326, 127.442880589994, 189.220596313477, 2009603, 5, 95
2020.75915883, 53.0303613646178, 127.442868285988, 189.200912475586, 2009603, 5, 95
2020.75915883, 53.0304373395121, 127.442856946164, 189.210266113281, 2009603, 5, 95
2020.75915883, 53.0305070107362, 127.442846555329, 189.228561401367, 2009603, 5, 95
2020.75915883, 53.0305640519049, 127.442838049517, 189.202224731445, 2009603, 5, 95
2020.75915883, 53.0306211018973, 127.442829534318, 189.219177246094, 2009603, 5, 95
2020.75915883, 53.0307035417373, 127.442817208308, 189.226181030273, 2009603, 5, 95
2020.75915883, 53.0308114316532, 127.442801020708, 189.229583740234, 2009603, 5, 95
2020.75915883, 53.0309448289254, 127.442780875613, 189.200714111328, 2009603, 5, 95
2020.75915883, 53.0311547114487, 127.442748783287, 189.212432861328, 2009603, 5, 95
2020.75915883, 53.0325277443707, 127.442524323058, 189.232757568359, 2009603, 5, 94
2020.75915887, 53.1226632507948, 127.427995187552, 190.449142456055, 2009603, 5, 68
2020.75915887, 53.1226887801913, 127.427991252841, 190.424194335938, 2009603, 5, 68
2020.75915887, 53.1227143158588, 127.427987315977, 190.461868286133, 2009603, 5, 68
2020.75915887, 53.1227462310996, 127.427982391831, 190.455627441406, 2009603, 5, 68
2020.75915887, 53.1227717684385, 127.427978449681, 190.442352294922, 2009603, 5, 75
2020.75915887, 53.1227973198281, 127.427974504211, 190.450225830078, 2009603, 5, 75
2020.75915887, 53.1228292542539, 127.427969568145, 190.446044921875, 2009603, 5, 75
2020.75915887, 53.1228548054497, 127.427965615525, 190.449661254883, 2009603, 5, 75
2020.75915887, 53.1228803702456, 127.427961659349, 190.441040039062, 2009603, 5, 75
2020.75915887, 53.1229121595002, 127.427956983614, 190.425323486328, 2009603, 5, 75
2020.75915887, 53.1229377734471, 127.42795293219, 190.429794311523, 2009603, 5, 75
2020.75915887, 53.1229633980108, 127.427948876815, 190.419219970703, 2009603, 5, 75
2020.75915887, 53.1229954160168, 127.427943803128, 190.414947509766, 2009603, 5, 75
2020.75915888, 53.1230210440434, 127.427939739751, 190.440780639648, 2009603, 5, 78
2020.75915888, 53.1230530706152, 127.427934656123, 190.430953979492, 2009603, 5, 78
2020.75915888, 53.1230787053825, 127.427930585572, 190.44172668457, 2009603, 5, 78
2020.75915888, 53.1231107364755, 127.427925493736, 190.435882568359, 2009603, 5, 78
2020.75915888, 53.1231363701056, 127.427921417064, 190.44841003418, 2009603, 5, 78
2020.75915888, 53.12316840269, 127.427916318011, 190.455505371094, 2009603, 5, 78
2020.75915888, 53.1231940371801, 127.427912236588, 190.434661865234, 2009603, 5, 78
2020.75915888, 53.1232196683369, 127.427908152737, 190.434341430664, 2009603, 5, 78
2020.75915888, 53.1232516959107, 127.427903045998, 190.435897827148, 2009603, 5, 77
2020.75915888, 53.1232773301069, 127.427898958635, 190.442245483398, 2009603, 5, 77
2020.75915888, 53.12330935462, 127.427893847996, 190.444458007812, 2009603, 5, 77
2020.75915888, 53.1233349845845, 127.427889758343, 190.431503295898, 2009603, 5, 77
2020.75915888, 53.1233670073994, 127.427884645304, 190.44482421875, 2009603, 5, 77
2020.75915888, 53.1233926289283, 127.42788055428, 190.441787719727, 2009603, 5, 77
2020.75915888, 53.1234246404232, 127.427875440839, 190.410842895508, 2009603, 5, 77
2020.75915888, 53.1234502572492, 127.427871349514, 190.445358276367, 2009603, 5, 77
2020.75915888, 53.1234822602129, 127.427866236339, 190.432189941406, 2009603, 5, 77
2020.75915888, 53.1235078674347, 127.427862146188, 190.451187133789, 2009603, 5, 72
2020.75915888, 53.1235398593755, 127.42785703485, 190.441223144531, 2009603, 5, 72
2020.75915888, 53.1235654575231, 127.427852946957, 190.427352905273, 2009603, 5, 72
2020.75915888, 53.1235974346638, 127.427847839015, 190.434860229492, 2009603, 5, 72
2020.75915888, 53.123623018401, 127.427843754558, 190.450256347656, 2009603, 5, 72
2020.75915888, 53.1236549818087, 127.42783865131, 190.437576293945, 2009603, 5, 72
2020.75915888, 53.1236805540041, 127.427834570852, 190.444030761719, 2009603, 5, 72
2020.75915888, 53.1237125032151, 127.427829473695, 190.430526733398, 2009603, 5, 72
2020.75915888, 53.1237380549115, 127.427825398617, 190.459014892578, 2009603, 5, 72
2020.75915888, 53.1237636095852, 127.427821326049, 190.439224243164, 2009603, 5, 63
2020.75915888, 53.1237955299045, 127.427816239554, 190.465911865234, 2009603, 5, 63
2020.75915888, 53.1238210670759, 127.427812173759, 190.443710327148, 2009603, 5, 63
2020.75915888, 53.1238529655465, 127.427807096346, 190.451644897461, 2009603, 5, 63
2020.75915888, 53.1238784878595, 127.427803037812, 190.454254150391, 2009603, 5, 63
2020.75915888, 53.1239103716618, 127.427797969895, 190.431167602539, 2009603, 5, 63
2020.75915888, 53.123942238182, 127.427792907594, 190.463272094727, 2009603, 5, 63
2020.75915888, 53.1239677354059, 127.427788862125, 190.436920166016, 2009603, 5, 63
2020.75915888, 53.1239995811073, 127.427783810956, 190.456939697266, 2009603, 5, 63
2020.75915923, 53.830156069683, 127.312639641113, 315.960998535156, 115, 5, 90
2020.75915936, 54.0883717406731, 127.270003329548, 315.846649169922, 2009604, 5, 89
2020.75915936, 54.088777225218, 127.269933701942, 315.875762939453, 2009604, 5, 84
2020.75915936, 54.0894981855722, 127.26980775991, 315.861297607422, 2009604, 5, 89
2020.75915936, 54.0904045906623, 127.269659404151, 315.852752685547, 2009604, 5, 92
2020.75915936, 54.0916498406653, 127.269459253906, 315.842376708984, 2009604, 5, 91
2020.75915936, 54.0934461322527, 127.269154242838, 315.868041992188, 2009604, 5, 91
2020.75915936, 54.0943652757486, 127.269005112074, 315.855010986328, 2009604, 5, 93
2020.75915936, 54.0949681220895, 127.268906454281, 315.846160888672, 2009604, 5, 93
2020.75915936, 54.0963752704905, 127.268668359141, 315.864440917969, 2009604, 5, 92
2020.75915936, 54.0986681731824, 127.268292353389, 315.863494873047, 2009604, 5, 90
2020.75915936, 54.1001129671413, 127.26805142894, 315.896423339844, 2009604, 5, 92
2020.75915936, 54.1014791302967, 127.267822608653, 315.854797363281, 2009604, 5, 87
2020.75915956, 54.493009328197, 127.202609080242, 315.794708251953, 2007667, 5, 83
2020.75915956, 54.4930220547667, 127.202606827899, 315.801422119141, 2007667, 5, 83
2020.75915956, 54.49304113585, 127.202603447395, 315.816375732422, 2007667, 5, 83
2020.75915956, 54.4930538628147, 127.202601192905, 315.828643798828, 2007667, 5, 83
2020.75915956, 54.4930729478292, 127.202597810105, 315.823913574219, 2007667, 5, 83
2020.75915956, 54.4930920325046, 127.202594425729, 315.834381103516, 2007667, 5, 83
2020.75915956, 54.4931111188393, 127.202591040388, 315.836669921875, 2007667, 5, 83
2020.75915956, 54.4931302060902, 127.202587654225, 315.805084228516, 2007667, 5, 83
2020.75915956, 54.4931492928225, 127.202584267314, 315.802886962891, 2007667, 5, 83
2020.75915956, 54.4931620217639, 127.202582009456, 315.797515869141, 2007667, 5, 83
2020.75915956, 54.4931811078058, 127.202578621781, 315.789154052734, 2007667, 5, 83
2020.75915956, 54.4932001934129, 127.202575233908, 315.785339355469, 2007667, 5, 83
2020.75915956, 54.4932256437184, 127.202570717802, 315.763580322266, 2007667, 5, 83
2020.75915956, 54.4932447275699, 127.202567330173, 315.747619628906, 2007667, 5, 83
2020.75915956, 54.4932638159836, 127.202563943411, 315.730895996094, 2007667, 5, 93
2020.75915956, 54.4932829077274, 127.202560557607, 315.711395263672, 2007667, 5, 93
2020.75915956, 54.4933083547395, 127.202556044139, 315.685974121094, 2007667, 5, 93
2020.75915956, 54.4933401628119, 127.202550404808, 315.708770751953, 2007667, 5, 93
2020.75915956, 54.4933656102955, 127.202545896274, 315.691162109375, 2007667, 5, 93
2020.75915956, 54.4933974188062, 127.202540264796, 315.734283447266, 2007667, 5, 93
2020.75915956, 54.4934355862013, 127.202533514372, 315.747497558594, 2007667, 5, 93
2020.75915956, 54.4934737633205, 127.202526774293, 315.735992431641, 2007667, 5, 93
2020.75915956, 54.4935246430684, 127.202517801992, 315.731994628906, 2007667, 5, 94
2020.75915956, 54.4935882486079, 127.202506617965, 315.727996826172, 2007667, 5, 94
2020.75915956, 54.4936582001522, 127.202494361127, 315.741424560547, 2007667, 5, 94
2020.75915956, 54.4937217892764, 127.202483264815, 315.69921875, 2007667, 5, 94
2020.75915956, 54.4937599376095, 127.202476630104, 315.666076660156, 2007667, 5, 93
2020.75915956, 54.4937853742467, 127.20247221788, 315.697937011719, 2007667, 5, 93
2020.75915956, 54.4938107981593, 127.202467812897, 315.740295410156, 2007667, 5, 93
2020.75915956, 54.4938298712304, 127.2024645153, 315.799194335938, 2007667, 5, 93
2020.75915956, 54.4938489366956, 127.20246122208, 315.843353271484, 2007667, 5, 93
2020.75915956, 54.4938616534867, 127.20245902993, 315.836547851562, 2007667, 5, 93
2020.75915956, 54.4938807161369, 127.202455745702, 315.832366943359, 2007667, 5, 93
2020.75915956, 54.4938934333146, 127.202453559331, 315.796081542969, 2007667, 5, 93
2020.75915956, 54.4939188546264, 127.202449192528, 315.753143310547, 2007667, 5, 93
2020.75915956, 54.4939379249305, 127.202445923976, 315.725616455078, 2007667, 5, 93
2020.75915956, 54.4939633466723, 127.202441573838, 315.717864990234, 2007667, 5, 93
2020.75915956, 54.493995238103, 127.202435772156, 315.695037841797, 2007667, 5, 93
2020.75915956, 54.4940206293461, 127.202431542316, 315.684509277344, 2007667, 5, 92
2020.75915956, 54.4940586962796, 127.20242521387, 315.682647705078, 115, 5, 92
2020.75915956, 54.4941094639928, 127.202416810288, 315.71728515625, 115, 5, 92
2020.75915956, 54.4941665710749, 127.202407396734, 315.665893554688, 115, 5, 92
2020.75915956, 54.4942046374362, 127.202401143449, 315.678405761719, 115, 5, 92
2020.75915956, 54.4942427027186, 127.202394907197, 315.676818847656, 115, 5, 92
2020.75915956, 54.4942871058499, 127.202387650565, 315.707122802734, 115, 5, 68
2020.75915956, 54.4943251756114, 127.202381447617, 315.665618896484, 115, 5, 68
2020.75915956, 54.494369576338, 127.202374225212, 315.724090576172, 115, 5, 68
2020.75915956, 54.4944139897967, 127.202367019437, 315.676940917969, 115, 5, 68
2020.75915956, 54.4944584097151, 127.202359827971, 315.716583251953, 115, 5, 68
2020.75915956, 54.5075541342137, 127.200164931842, 315.732330322266, 2007667, 5, 90
2020.75915956, 54.5075924405162, 127.200158324839, 315.68896484375, 2007667, 5, 90
2020.75915956, 54.5076243753281, 127.200152829636, 315.6787109375, 2007667, 5, 90
2020.75915956, 54.5076563151503, 127.200147345333, 315.709655761719, 2007667, 5, 90
2020.75915956, 54.5076882633785, 127.200141872, 315.735565185547, 2007667, 5, 90
2020.75915956, 54.5077266134404, 127.200135319769, 315.733032226562, 2007667, 5, 90
2020.75915956, 54.5077649760889, 127.20012878489, 315.708587646484, 2007667, 5, 92
2020.75915956, 54.5077969527031, 127.20012335295, 315.684539794922, 2007667, 5, 92
2020.75915956, 54.5078289384649, 127.200117934837, 315.737915039062, 2007667, 5, 92
2020.75915956, 54.5079121212189, 127.200103907844, 315.782562255859, 2007667, 5, 92
2020.75915956, 54.5081492074648, 127.200064680524, 315.723937988281, 2007667, 5, 86
2020.75915957, 54.5122706565194, 127.199379471274, 315.687530517578, 2007667, 5, 82
2020.75915957, 54.5123026210273, 127.199373769888, 315.707885742188, 2007667, 5, 82
2020.75915957, 54.5123282100868, 127.199369213107, 315.692108154297, 2007667, 5, 82
2020.75915957, 54.5123601827352, 127.199363520956, 315.688781738281, 2007667, 5, 82
2020.75915957, 54.5123921631194, 127.199357835668, 315.689056396484, 2007667, 5, 82
2020.75915957, 54.5124241525456, 127.199352158081, 315.718536376953, 2007667, 5, 82
2020.75915957, 54.5124561401873, 127.199346488238, 315.686889648438, 2007667, 5, 82
2020.75915957, 54.5124881266575, 127.199340826365, 315.691802978516, 2007667, 5, 82
2020.75915957, 54.5125201132091, 127.199335174229, 315.692108154297, 2007667, 5, 92
2020.75915957, 54.5125648860202, 127.199327275767, 315.726257324219, 2007667, 5, 92
2020.75915957, 54.5126032810437, 127.199320523403, 315.711456298828, 2007667, 5, 92
2020.75915957, 54.512641663904, 127.199313786001, 315.709869384766, 2007667, 5, 92
2020.75915957, 54.5126800372288, 127.199307064665, 315.721771240234, 2007667, 5, 92
2020.75915957, 54.5127120202756, 127.19930147773, 315.69287109375, 2007667, 5, 92
2020.75915957, 54.5127376135646, 127.199297018193, 315.680816650391, 2007667, 5, 92
2020.75915957, 54.5127695810315, 127.199291452919, 315.697448730469, 2007667, 5, 91
2020.75915957, 54.5128015562144, 127.199285901969, 315.716613769531, 2007667, 5, 91
2020.75915957, 54.5128335260238, 127.199280364102, 315.695556640625, 2007667, 5, 91
2020.75915957, 54.5128591095288, 127.199275944561, 315.697174072266, 2007667, 5, 91
2020.75915957, 54.5128910722165, 127.199270431888, 315.674957275391, 2007667, 5, 91
2020.75915957, 54.5129230251684, 127.199264932698, 315.714080810547, 2007667, 5, 91
2020.75915957, 54.5129485969985, 127.199260545225, 315.690246582031, 2007667, 5, 91
2020.75915957, 54.5129805390798, 127.199255072021, 315.719116210938, 2007667, 5, 91
2020.75915957, 54.5130124875717, 127.199249614113, 315.725677490234, 2007667, 5, 72
2020.75915957, 54.5130444351156, 127.19924417097, 315.764556884766, 2007667, 5, 72
2020.75915957, 54.5130893136253, 127.19923637771, 315.791259765625, 2007667, 5, 72
2020.75915957, 54.5131593454997, 127.199224729015, 315.786773681641, 2007667, 5, 72
2020.75915965, 54.676270382729, 127.171817038667, 317.690338134766, 2007669, 5, 57
2020.75915965, 54.6763086931814, 127.17181040512, 317.698364257812, 2007669, 5, 57
2020.75915965, 54.6763533725668, 127.171802658397, 317.688812255859, 2007669, 5, 57
2020.75915965, 54.6763852981204, 127.171797123613, 317.634674072266, 2007669, 5, 57
2020.75915965, 54.6764299740559, 127.171789370533, 317.701080322266, 2007669, 5, 57
2020.75915965, 54.6764682739657, 127.171782724671, 317.670776367188, 2007669, 5, 57
2020.75915965, 54.6765065624215, 127.171776077282, 317.685333251953, 2007669, 5, 76
2020.75915965, 54.6765512186591, 127.171768322233, 317.693115234375, 2007669, 5, 76
2020.75915965, 54.6765894964657, 127.171761676959, 317.700592041016, 2007669, 5, 76
2020.75915965, 54.6766213980336, 127.171756141451, 317.635437011719, 2007669, 5, 76
2020.75915967, 54.7280828487579, 127.163073927955, 328.084838867188, 2007669, 5, 65
2020.75915967, 54.7282235221267, 127.163050325572, 328.082458496094, 2007669, 5, 65
2020.75915967, 54.7282618560595, 127.163043895279, 328.071807861328, 2007669, 5, 74
2020.75915967, 54.7283320683092, 127.163032114241, 328.162292480469, 2007669, 5, 74
2020.75915968, 54.7422650345883, 127.160679622091, 330.780029296875, 2007669, 5, 70
2020.75915968, 54.742290414281, 127.160675421397, 330.796661376953, 2007669, 5, 70
2020.75915968, 54.7423094518883, 127.160672269329, 330.838928222656, 2007669, 5, 70
2020.75915968, 54.7423284881362, 127.16066911544, 330.823150634766, 2007669, 5, 70
2020.75915968, 54.7423475264845, 127.160665959201, 330.845397949219, 2007669, 5, 70
2020.75915968, 54.7423792892365, 127.160660696975, 329.962493896484, 2007669, 5, 70
2020.75915968, 54.7423983015839, 127.160657532252, 330.845764160156, 2007669, 5, 70
2020.75915968, 54.7424109992321, 127.16065542348, 330.871459960938, 2007669, 5, 70
2020.75915968, 54.7424236970725, 127.160653313105, 330.876983642578, 2007669, 5, 70
2020.75915968, 54.7424427406421, 127.160650145657, 330.865844726562, 2007669, 5, 70
2020.75915968, 54.7424617908937, 127.160646975927, 330.839782714844, 2007669, 5, 70
2020.75915968, 54.7424808398722, 127.160643803244, 330.840942382812, 2007669, 5, 70
2020.75915968, 54.7424935453751, 127.16064168715, 330.855987548828, 2007669, 5, 70
2020.75915968, 54.7425125985965, 127.160638509998, 330.850189208984, 2007669, 5, 70
2020.75915968, 54.742531649553, 127.160635329801, 330.851623535156, 2007669, 5, 70
2020.75915968, 54.7425507036279, 127.160632147035, 330.838775634766, 2007669, 5, 70
2020.75915968, 54.742569761804, 127.160628960952, 330.843658447266, 2007669, 5, 70
2020.75915968, 54.7425888245768, 127.160625772019, 330.840179443359, 2007669, 5, 70
2020.75915968, 54.7426078886545, 127.160622579587, 330.828643798828, 2007669, 5, 70
2020.75915968, 54.7426333034928, 127.160618318124, 330.839691162109, 2007669, 5, 70
2020.75915968, 54.7426587223752, 127.160614050012, 330.841278076172, 2007669, 5, 70
2020.75915968, 54.7426777897848, 127.160610845512, 330.837890625, 2007669, 5, 70
2020.75915968, 54.7426968595109, 127.160607637075, 330.816619873047, 2007669, 5, 70
2020.75915968, 54.7427222879924, 127.160603354206, 330.796295166016, 2007669, 5, 70
2020.75915968, 54.7427477192602, 127.160599064671, 330.793365478516, 2007669, 5, 70
2020.75915971, 54.8043234840386, 127.150182293129, 336.943267822266, 2007669, 5, 67
2020.75915971, 54.804413294937, 127.150167170679, 336.9775390625, 2007669, 5, 67
2020.75915972, 54.8112558434895, 127.149004170931, 338.377777099609, 2007669, 5, 81
2020.75915972, 54.8112685491912, 127.149002114148, 338.373657226562, 2007669, 5, 81
2020.75915972, 54.8115035607201, 127.148963965586, 338.385192871094, 2007669, 5, 80
2020.75915972, 54.8115162923665, 127.148961898499, 337.481231689453, 2007669, 5, 80
2020.75915972, 54.8115353475572, 127.148958791154, 337.482757568359, 2007669, 5, 80
2020.75915972, 54.8115480243147, 127.148956715511, 338.392822265625, 2007669, 5, 80
2020.75915972, 54.8115797852878, 127.148951528461, 338.388702392578, 2007669, 5, 80
2020.75915972, 54.8115925208549, 127.148949454601, 337.465667724609, 2007669, 5, 80
2020.75915972, 54.8116115777055, 127.148946336248, 337.483551025391, 2007669, 5, 80
2020.75915972, 54.8116241513363, 127.148944392926, 338.384460449219, 2007669, 5, 80
2020.75915972, 54.8116432289628, 127.148941242368, 338.383819580078, 2007669, 5, 80
2020.75915972, 54.8116559790244, 127.148939143443, 337.480072021484, 2007669, 5, 80
2020.75915972, 54.8116750598064, 127.148935987188, 337.486694335938, 2007669, 5, 80
2020.75915972, 54.8116877811606, 127.148933881668, 337.477996826172, 2007669, 5, 80
2020.75915972, 54.8117004773932, 127.148931771614, 338.379241943359, 2007669, 5, 80
2020.75915972, 54.8117322835315, 127.148926496966, 338.372039794922, 2007669, 5, 80
2020.75915972, 54.8117513647702, 127.148923327251, 338.381103515625, 2007669, 5, 52
2020.75915972, 54.81176409035, 127.148921212661, 338.359100341797, 2007669, 5, 52
2020.75915972, 54.811783169441, 127.148918037578, 338.371673583984, 2007669, 5, 52
2020.75915972, 54.8118022557324, 127.148914858904, 338.462829589844, 2007669, 5, 52
2020.75915972, 54.8118213419158, 127.148911676598, 338.456268310547, 2007669, 5, 52
2020.75915972, 54.811846789788, 127.148907427811, 338.451507568359, 2007669, 5, 52
2020.75915972, 54.8118722368932, 127.148903172674, 338.414031982422, 2007669, 5, 52
2020.75915972, 54.811897690098, 127.14889891109, 338.44140625, 2007669, 5, 52
2020.75915972, 54.8119422251374, 127.148891437304, 338.4951171875, 2007669, 5, 52
2020.7591598, 54.983250328637, 127.11978142531, 380.352661132812, 2007669, 5, 51
2020.7591598, 54.9833325973544, 127.11976757877, 380.402130126953, 2007669, 5, 51
2020.7591598, 54.9834211459066, 127.119752690935, 380.400390625, 2007669, 5, 51
2020.7591598, 54.9835412435573, 127.11973250838, 380.430297851562, 2007669, 5, 59
2020.7591598, 54.983636036038, 127.119716578595, 380.430267333984, 2007669, 5, 59
2020.7591598, 54.9837118623935, 127.119703829189, 380.462493896484, 2007669, 5, 59
2020.75916002, 55.4257750856195, 127.043837204507, 517.405334472656, 2007669, 5, 54
2020.75916002, 55.4258068379381, 127.043831834725, 517.422668457031, 2007669, 5, 54
2020.75916002, 55.4258322523219, 127.043827539776, 517.4169921875, 2007669, 5, 54
2020.75916002, 55.4258640131583, 127.043822167223, 517.410400390625, 2007669, 5, 54
2020.75916002, 55.4258957653637, 127.043816791088, 517.412963867188, 2007669, 5, 54
2020.75916002, 55.4259211830021, 127.043812489936, 517.410034179688, 2007669, 5, 54
2020.75916002, 55.4259529354058, 127.043807108354, 517.427368164062, 2007669, 5, 54
2020.75916002, 55.4259783514497, 127.043802802463, 517.420715332031, 2007669, 5, 54
2020.75916002, 55.4260101136058, 127.043797415605, 517.43359375, 2007669, 5, 54
2020.75916002, 55.4260418721117, 127.043792025157, 517.438354492188, 2007669, 5, 54
2020.75916002, 55.4260799844177, 127.043785550291, 517.464477539062, 2007669, 5, 54
2020.75916002, 55.4261180933981, 127.043779068817, 517.425720214844, 2007669, 5, 54
2020.75916002, 55.4261435108618, 127.043774745329, 517.448425292969, 2007669, 5, 54
2020.75916002, 55.4261689185505, 127.04377041787, 517.457763671875, 2007669, 5, 54
2020.75916002, 55.4261943291484, 127.043766087411, 517.485534667969, 2007669, 5, 54
2020.75916002, 55.4262197355143, 127.043761753088, 517.531921386719, 2007669, 5, 54
2020.75916002, 55.4262387938184, 127.043758500725, 517.54638671875, 2007669, 5, 54
2020.75916002, 55.4295591051458, 127.043190010103, 518.832275390625, 2007669, 5, 57
2020.75915884, 53.029121494115, 127.444398294937, 189.21321105957, 2009603, 6, 84
2020.75915884, 53.0294196586487, 127.444349618715, 189.227005004883, 2009603, 6, 97
2020.75915884, 53.029635089643, 127.444314675007, 189.228332519531, 2009603, 6, 96
2020.75915884, 53.0298250354597, 127.44428406925, 189.198608398438, 2009603, 6, 95
2020.75915884, 53.0300402390609, 127.444249563811, 189.213287353516, 2009603, 6, 95
2020.75915884, 53.0303310490031, 127.444203842609, 189.206436157227, 2009603, 6, 95
2020.75915884, 53.0309262053284, 127.444110483614, 189.21208190918, 2009603, 6, 94
2020.75915884, 53.0326649793445, 127.443828711569, 189.215576171875, 2009603, 6, 93
2020.75915937, 54.0889236597004, 127.271275924343, 315.880523681641, 2009604, 6, 91
2020.75915937, 54.0920855888612, 127.270750962388, 315.847442626953, 2009604, 6, 91
2020.75915937, 54.0954424766142, 127.270196607942, 315.818359375, 2009604, 6, 93
2020.75915957, 54.4932801837663, 127.203945622945, 315.926635742188, 2007667, 6, 70
2020.75915957, 54.4933627307082, 127.203932058235, 315.913116455078, 2007667, 6, 70
2020.75915957, 54.4934071811893, 127.203924761192, 315.901733398438, 2007667, 6, 70
2020.75915957, 54.4934516410677, 127.20391746531, 315.898071289062, 2007667, 6, 70
2020.75915957, 54.4935024570511, 127.203909131367, 315.880889892578, 2007667, 6, 93
2020.75915957, 54.4935469271054, 127.203901840387, 315.871887207031, 2007667, 6, 93
2020.75915957, 54.4935914026792, 127.203894550249, 315.845062255859, 2007667, 6, 93
2020.75915957, 54.4936485948899, 127.203885178473, 315.812316894531, 2007667, 6, 93
2020.75915957, 54.4937375820475, 127.203870598664, 315.733245849609, 2007667, 6, 93
2020.75915957, 54.4938584010778, 127.203850794262, 315.7490234375, 2007667, 6, 95
2020.75915957, 54.4940366723719, 127.203821562543, 315.762664794922, 2007667, 6, 93
2020.75915957, 54.4941323246704, 127.203805867808, 315.837219238281, 2007667, 6, 93
2020.75915957, 54.4941897195435, 127.203796436226, 315.929443359375, 2007667, 6, 93
2020.75915957, 54.494234355707, 127.203789093456, 315.877716064453, 2007667, 6, 93
2020.75915957, 54.4943108733374, 127.203776488353, 315.802795410156, 2007667, 6, 93
2020.75915957, 54.4943810081835, 127.203764909398, 315.852783203125, 2007667, 6, 93
2020.75915957, 54.4944383817039, 127.203755419982, 315.924194335938, 2007667, 6, 93
2020.75915957, 54.4945020866501, 127.203744880074, 315.131500244141, 115, 6, 90
2020.75915957, 54.4945594153206, 127.203735372856, 315.095489501953, 115, 6, 90
2020.75915957, 54.4946740749693, 127.203716269501, 315.128967285156, 115, 6, 90
2020.75915957, 54.494795033569, 127.203696028137, 315.229644775391, 115, 6, 58
2020.75915957, 54.4948840747991, 127.203681084394, 315.5830078125, 115, 6, 58
2020.75915958, 54.5080731850934, 127.20147143568, 315.719360351562, 2007667, 6, 89
2020.75915958, 54.508174735529, 127.20145407839, 315.768341064453, 2007667, 6, 89
2020.75915958, 54.5082761780485, 127.201436752488, 315.731048583984, 2007667, 6, 92
2020.75915958, 54.508383851351, 127.201418383755, 315.726440429688, 2007667, 6, 92
2020.75915958, 54.5084914337188, 127.201400059728, 315.691589355469, 2007667, 6, 92
2020.75915958, 54.5085989340438, 127.201381789272, 315.690216064453, 2007667, 6, 89
2020.75915958, 54.5087126888634, 127.201362506689, 315.685455322266, 2007667, 6, 89
2020.75915958, 54.508826393358, 127.201343289077, 315.685760498047, 2007667, 6, 52
2020.75915958, 54.5089463795355, 127.20132308034, 315.683044433594, 2007667, 6, 52
2020.75915958, 54.5115298882032, 127.200890966863, 315.708923339844, 2007667, 6, 71
2020.75915958, 54.5116252953416, 127.20087481359, 315.766876220703, 2007667, 6, 71
2020.75915958, 54.5116953207383, 127.200862899126, 315.851135253906, 2007667, 6, 71
2020.75915958, 54.5117524528323, 127.200853319234, 315.865783691406, 2007667, 6, 88
2020.75915958, 54.5118095707545, 127.200843750112, 315.839660644531, 2007667, 6, 88
2020.75915958, 54.511879368978, 127.20083206772, 315.801208496094, 2007667, 6, 88
2020.75915958, 54.5119808660083, 127.200815098661, 315.766967773438, 2007667, 6, 88
2020.75915958, 54.5120633163737, 127.200801324975, 315.833343505859, 2007667, 6, 91
2020.75915958, 54.5121203916586, 127.200791796341, 315.862854003906, 2007667, 6, 91
2020.75915958, 54.512171121013, 127.200783330152, 315.882995605469, 2007667, 6, 91
2020.75915958, 54.5122598932994, 127.20076851979, 315.883239746094, 2007667, 6, 91
2020.75915958, 54.512304279932, 127.200761115437, 315.204833984375, 2007667, 6, 91
2020.75915958, 54.5123486680898, 127.200753711343, 315.184783935547, 2007667, 6, 91
2020.75915958, 54.5123993719748, 127.200745270283, 315.279663085938, 2007667, 6, 91
2020.75915958, 54.5124501293898, 127.200736787465, 315.345977783203, 2007667, 6, 91
2020.75915958, 54.5125262370143, 127.200724089733, 315.713012695312, 2007667, 6, 90
2020.75915958, 54.5126657979835, 127.200700795386, 315.741546630859, 2007667, 6, 90
2020.75915966, 54.6773606555159, 127.173021951411, 317.614807128906, 2007669, 6, 60
2020.75915966, 54.6774748929777, 127.173002842615, 317.605224609375, 2007669, 6, 60
2020.75915966, 54.6778051723127, 127.17294774741, 317.604705810547, 2007669, 6, 81
2020.75915966, 54.6779132619751, 127.172929741574, 317.634887695312, 2007669, 6, 81
2020.75915966, 54.6780150480868, 127.172912785765, 317.652313232422, 2007669, 6, 69
2020.75915966, 54.6781230910157, 127.172894801804, 317.650573730469, 2007669, 6, 69
2020.75915966, 54.6782316167004, 127.172876670863, 317.667846679688, 2007669, 6, 69
2020.75915969, 54.7412954558053, 127.162234544741, 330.876403808594, 2007669, 6, 75
2020.75915969, 54.7413525370933, 127.162224975698, 330.926025390625, 2007669, 6, 75
2020.75915969, 54.7413969363163, 127.162217519479, 330.927856445312, 2007669, 6, 75
2020.75915969, 54.7414476877406, 127.162208981846, 330.950164794922, 2007669, 6, 75
2020.75915969, 54.7414921026885, 127.162201495138, 330.966156005859, 2007669, 6, 75
2020.75915969, 54.7415428694361, 127.162192922906, 330.963012695312, 2007669, 6, 75
2020.75915969, 54.7415872972854, 127.162185406121, 330.959411621094, 2007669, 6, 75
2020.75915969, 54.7416316328641, 127.16217809879, 330.958709716797, 2007669, 6, 75
2020.75915969, 54.7417269837318, 127.162161659847, 330.967864990234, 2007669, 6, 75
2020.75915969, 54.7417714909299, 127.162153967389, 330.962524414062, 2007669, 6, 89
2020.75915969, 54.7418160052036, 127.162146263053, 330.962799072266, 2007669, 6, 89
2020.75915969, 54.74186688166, 127.162137447428, 330.972412109375, 2007669, 6, 89
2020.75915969, 54.7419114054674, 127.162129723504, 330.974731445312, 2007669, 6, 89
2020.75915969, 54.7419559336789, 127.162121992878, 330.990234375, 2007669, 6, 89
2020.75915969, 54.7420068260143, 127.162113152013, 330.989776611328, 2007669, 6, 89
2020.75915969, 54.7421022556126, 127.162096563201, 330.976593017578, 2007669, 6, 89
2020.75915969, 54.7421467936558, 127.162088818991, 330.974884033203, 2007669, 6, 89
2020.75915969, 54.742197666839, 127.162079991443, 330.275604248047, 2007669, 6, 89
2020.75915969, 54.7422422048848, 127.162072250597, 330.287780761719, 2007669, 6, 89
2020.75915969, 54.7422867682684, 127.162064490927, 330.170867919922, 2007669, 6, 65
2020.75915969, 54.7423376379094, 127.162055676738, 330.469757080078, 2007669, 6, 65
2020.75915969, 54.7424203670849, 127.162041314356, 330.876220703125, 2007669, 6, 65
2020.75915972, 54.804886500851, 127.151476467373, 337.010284423828, 2007669, 6, 52
2020.75915973, 54.8097715982772, 127.150649617586, 338.579376220703, 2007669, 6, 54
2020.75915973, 54.8098223460785, 127.150640646602, 338.566253662109, 2007669, 6, 54
2020.75915973, 54.8098667557404, 127.150632804711, 338.561553955078, 2007669, 6, 54
2020.75915973, 54.809911167949, 127.150624973006, 338.567535400391, 2007669, 6, 54
2020.75915973, 54.8099619287569, 127.150616037474, 338.539642333984, 2007669, 6, 54
2020.75915973, 54.8100126927143, 127.150607118189, 338.536499023438, 2007669, 6, 78
2020.75915973, 54.8101078967752, 127.150590441212, 338.544158935547, 2007669, 6, 78
2020.75915973, 54.8101586817962, 127.150581575153, 338.552795410156, 2007669, 6, 78
2020.75915973, 54.8102031218529, 127.150573834801, 338.53564453125, 2007669, 6, 78
2020.75915973, 54.8102539473502, 127.150564839705, 338.542907714844, 2007669, 6, 79
2020.75915973, 54.8103047305056, 127.150556166906, 338.5400390625, 2007669, 6, 79
2020.75915973, 54.8103555206641, 127.150547515434, 338.575073242188, 2007669, 6, 79
2020.75915973, 54.8103999435631, 127.150539983081, 337.092193603516, 2007669, 6, 79
2020.75915973, 54.8104443960756, 127.150532444438, 337.097290039062, 2007669, 6, 79
2020.75915973, 54.8104888854842, 127.150524896503, 338.596374511719, 2007669, 6, 79
2020.75915973, 54.8105333558854, 127.150517382557, 338.591735839844, 2007669, 6, 60
2020.75915973, 54.8106222930162, 127.150502408594, 337.115631103516, 2007669, 6, 60
2020.75915973, 54.8106668129227, 127.150494902514, 338.618041992188, 2007669, 6, 82
2020.75915973, 54.8107685423422, 127.150477826391, 338.601684570312, 2007669, 6, 82
2020.75915973, 54.8108194246176, 127.150469298474, 338.610015869141, 2007669, 6, 82
2020.75915973, 54.8108766788709, 127.150459711008, 338.637176513672, 2007669, 6, 82
2020.75915973, 54.8109339236663, 127.150450149172, 337.816833496094, 2007669, 6, 82
2020.75915973, 54.8109848711213, 127.150441609361, 337.865081787109, 2007669, 6, 82
2020.75915973, 54.8110421226218, 127.150432065107, 337.862121582031, 2007669, 6, 68
2020.75915973, 54.8111249545958, 127.150418183137, 338.379211425781, 2007669, 6, 68
2020.75915973, 54.8112268892396, 127.150401124735, 338.420104980469, 2007669, 6, 68
2020.75916003, 55.4205410222495, 127.046161393198, 516.098510742188, 2007669, 6, 53
2020.75916003, 55.4206301830225, 127.046146204752, 516.092224121094, 2007669, 6, 53
2020.75916003, 55.4206811407834, 127.0461375158, 516.073059082031, 2007669, 6, 53
2020.75916003, 55.4207321056989, 127.046128817067, 516.087890625, 2007669, 6, 53
