2020.39920168, 48.9832626424815, 130.016281282929, 86.7059326171875, 2009603, 1, 96
2020.39920168, 48.9840009860693, 130.016177814428, 86.7160568237305, 2009603, 1, 96
2020.39920168, 48.9841538179568, 130.016155945231, 86.7158050537109, 2009603, 1, 96
2020.39920168, 48.9843958564656, 130.016121041604, 86.7081985473633, 2009603, 1, 96
2020.39920168, 48.9848227038443, 130.016059588177, 86.6720581054688, 2009603, 1, 95
2020.39920168, 48.9849437688854, 130.016042166714, 86.6608428955078, 2009603, 1, 95
2020.39920168, 48.9851667991681, 130.016009955646, 86.6543045043945, 2009603, 1, 94
2020.39920168, 48.9886893155222, 130.015510280565, 86.5105667114258, 2009603, 1, 54
2020.39920168, 48.9889767513582, 130.015469146679, 86.5262222290039, 2009603, 1, 64
2020.39920168, 48.9896084494628, 130.01537839875, 86.5239486694336, 2009603, 1, 53
2020.39920169, 49.0065639510127, 130.012958865631, 87.1368103027344, 2009603, 1, 67
2020.39920169, 49.0066210473721, 130.012950498934, 87.1270217895508, 2009603, 1, 67
2020.39920169, 49.0066654341511, 130.012943997693, 87.1438446044922, 2009603, 1, 67
2020.39920169, 49.0067161331415, 130.012936725755, 87.1507186889648, 2009603, 1, 67
2020.39920169, 49.0110271733299, 130.012322730896, 87.2353973388672, 2009603, 1, 97
2020.39920169, 49.0127547789782, 130.012071326161, 87.3173675537109, 2009603, 1, 97
2020.39920169, 49.0129573327689, 130.012042374872, 87.3274230957031, 2009603, 1, 97
2020.39920169, 49.0130775737086, 130.012025268544, 87.2808303833008, 2009603, 1, 97
2020.39920169, 49.0131535265613, 130.012014337158, 87.3114166259766, 2009603, 1, 97
2020.39920169, 49.013229507496, 130.012003539781, 87.2849273681641, 2009603, 1, 97
2020.39920169, 49.0132927954905, 130.011994488596, 87.2684020996094, 2009603, 1, 97
2020.39920169, 49.0133497598632, 130.011986506395, 87.2815628051758, 2009603, 1, 97
2020.39920169, 49.0133877471348, 130.011981132863, 87.2593612670898, 2009603, 1, 97
2020.39920169, 49.0134194130663, 130.011976560822, 87.2686386108398, 2009603, 1, 97
2020.39920169, 49.0134574085851, 130.011971234166, 87.2588043212891, 2009603, 1, 97
2020.39920169, 49.0135017520394, 130.011964986472, 87.3153839111328, 2009603, 1, 97
2020.39920169, 49.0135461139612, 130.011958610792, 87.3122177124023, 2009603, 1, 97
2020.39920169, 49.0135968232661, 130.011951428294, 87.3354187011719, 2009603, 1, 97
2020.39920169, 49.0137300239084, 130.011932592964, 87.2787246704102, 2009603, 1, 97
2020.39920169, 49.0139587256622, 130.011900007495, 87.3350448608398, 2009603, 1, 97
2020.39920169, 49.0140541503814, 130.01188655625, 87.3387756347656, 2009603, 1, 97
2020.39920169, 49.0141114519081, 130.011878299166, 87.3368453979492, 2009603, 1, 97
2020.39920169, 49.0141751501192, 130.011869289175, 87.306396484375, 2009603, 1, 97
2020.39920169, 49.0142197695949, 130.011862811908, 87.3016738891602, 2009603, 1, 97
2020.39920169, 49.0142707741755, 130.011855600816, 87.3489379882812, 2009603, 1, 97
2020.39920169, 49.0143154235944, 130.011849184938, 87.3144378662109, 2009603, 1, 97
2020.39920169, 49.0143537105985, 130.011843674023, 87.3133773803711, 2009603, 1, 97
2020.39920169, 49.0143983896647, 130.011837304657, 87.3447647094727, 2009603, 1, 97
2020.39920169, 49.0144430871625, 130.011830891384, 87.3250198364258, 2009603, 1, 97
2020.39920169, 49.0144811923225, 130.011825411315, 87.3125305175781, 2009603, 1, 97
2020.39920169, 49.0145196236443, 130.011819841717, 87.318115234375, 2009603, 1, 96
2020.39920169, 49.0145644711795, 130.011813421597, 87.3390502929688, 2009603, 1, 96
2020.39920169, 49.0146029263408, 130.011807774566, 87.3138122558594, 2009603, 1, 96
2020.39920169, 49.0146413846537, 130.011802213388, 87.2889709472656, 2009603, 1, 96
2020.39920169, 49.014679847808, 130.011796654352, 87.2893905639648, 2009603, 1, 96
2020.39920169, 49.0147311370895, 130.011789231429, 87.2953567504883, 2009603, 1, 96
2020.39920169, 49.0147824300785, 130.01178178272, 87.2808609008789, 2009603, 1, 97
2020.39920169, 49.0148337209189, 130.011774404483, 87.2840118408203, 2009603, 1, 97
2020.39920169, 49.0149170692516, 130.01176227918, 87.3025512695312, 2009603, 1, 97
2020.39920169, 49.0150003933392, 130.011750178218, 87.3221588134766, 2009603, 1, 97
2020.39920169, 49.0151349259563, 130.011730582041, 87.2909698486328, 2009603, 1, 96
2020.3992017, 49.0152885072757, 130.011708288907, 87.3176193237305, 2009603, 1, 96
2020.3992017, 49.0154099302662, 130.011690642109, 87.3274459838867, 2009603, 1, 96
2020.3992017, 49.0155311833748, 130.011673144754, 87.3247375488281, 2009603, 1, 96
2020.3992017, 49.0156267780933, 130.011659346377, 87.3369979858398, 2009603, 1, 96
2020.3992017, 49.0157222590034, 130.011645509075, 87.3302612304688, 2009603, 1, 96
2020.3992017, 49.0158113966293, 130.011632678507, 87.3151321411133, 2009603, 1, 96
2020.3992017, 49.0158999604888, 130.01161990171, 87.3017272949219, 2009603, 1, 96
2020.3992017, 49.0159884422497, 130.011607232095, 87.3252563476562, 2009603, 1, 96
2020.3992017, 49.0160768571856, 130.011594606942, 87.3366088867188, 2009603, 1, 96
2020.3992017, 49.0161589182002, 130.011582897666, 87.3519439697266, 2009603, 1, 96
2020.3992017, 49.0162409565062, 130.011571205991, 87.3415145874023, 2009603, 1, 96
2020.3992017, 49.0162977443679, 130.011563098652, 87.3143615722656, 2009603, 1, 96
2020.3992017, 49.0163545293185, 130.01155512568, 87.3489074707031, 2009603, 1, 96
2020.3992017, 49.0164050105841, 130.011547992633, 87.3449325561523, 2009603, 1, 96
2020.3992017, 49.0164365707325, 130.011543429741, 87.3333206176758, 2009603, 1, 96
2020.3992017, 49.0164681265883, 130.011538990213, 87.3207702636719, 2009603, 1, 96
2020.3992017, 49.0164996891626, 130.011534541107, 87.3059158325195, 2009603, 1, 96
2020.3992017, 49.0165375675263, 130.011529254775, 87.3239135742188, 2009603, 1, 96
2020.3992017, 49.0165691449571, 130.011524748564, 87.3199844360352, 2009603, 1, 96
2020.3992017, 49.0166070399444, 130.011519459182, 87.3101043701172, 2009603, 1, 96
2020.3992017, 49.0166386281431, 130.011515043855, 87.3317489624023, 2009603, 1, 96
2020.3992017, 49.0166639084907, 130.01151142622, 87.3079528808594, 2009603, 1, 96
2020.3992017, 49.0167018302145, 130.01150612378, 87.3340759277344, 2009603, 1, 96
2020.3992017, 49.0167397681778, 130.011500809529, 87.2702178955078, 2009603, 1, 96
2020.3992017, 49.0167713926778, 130.011496399422, 87.3200454711914, 2009603, 1, 97
2020.3992017, 49.0168030326554, 130.011491877485, 87.2684631347656, 2009603, 1, 97
2020.3992017, 49.0168410039819, 130.011486643063, 87.2667999267578, 2009603, 1, 97
2020.3992017, 49.016872662273, 130.011482222183, 87.272087097168, 2009603, 1, 97
2020.3992017, 49.0169043297623, 130.011477802851, 87.2624053955078, 2009603, 1, 97
2020.3992017, 49.0169360149534, 130.011473293465, 87.2759323120117, 2009603, 1, 97
2020.3992017, 49.016967706766, 130.011468870523, 87.2678527832031, 2009603, 1, 97
2020.3992017, 49.0169994111141, 130.011464452658, 87.2700805664062, 2009603, 1, 97
2020.3992017, 49.0170307941845, 130.011460045146, 87.2564544677734, 2009603, 1, 97
2020.3992017, 49.0170626578992, 130.011455586686, 87.2668685913086, 2009603, 1, 97
2020.3992017, 49.0170945298028, 130.011451181398, 87.2461471557617, 2009603, 1, 97
2020.3992017, 49.0171264127027, 130.011446758737, 87.2570419311523, 2009603, 1, 97
2020.3992017, 49.017164684928, 130.01144151954, 87.2670135498047, 2009603, 1, 97
2020.3992017, 49.017190212304, 130.011437908325, 87.2910690307617, 2009603, 1, 97
2020.3992017, 49.0172221274899, 130.011433462989, 87.2868881225586, 2009603, 1, 97
2020.3992017, 49.0172540505425, 130.01142902798, 87.2746353149414, 2009603, 1, 97
2020.3992017, 49.0172923655642, 130.011423760775, 87.2673873901367, 2009603, 1, 97
2020.3992017, 49.0173243012223, 130.011419335344, 87.2842483520508, 2009603, 1, 97
2020.3992017, 49.0173562489378, 130.011414842709, 87.3093643188477, 2009603, 1, 97
2020.3992017, 49.0173945864254, 130.011409587945, 87.2934036254883, 2009603, 1, 97
2020.3992017, 49.0174265425842, 130.011405138749, 87.2602996826172, 2009603, 1, 97
2020.3992017, 49.0174584993366, 130.011400731441, 87.2755279541016, 2009603, 1, 97
2020.3992017, 49.0174904638895, 130.011396241209, 87.284049987793, 2009603, 1, 97
2020.3992017, 49.0175224304674, 130.011391752875, 87.2966613769531, 2009603, 1, 97
2020.3992017, 49.0175607841572, 130.011386468311, 87.2721633911133, 2009603, 1, 97
2020.3992017, 49.0175991485711, 130.011381033704, 87.288818359375, 2009603, 1, 97
2020.3992017, 49.0176438955524, 130.011374909591, 87.2972259521484, 2009603, 1, 97
2020.3992017, 49.0176886451999, 130.011368652487, 87.2709503173828, 2009603, 1, 97
2020.3992017, 49.0177333933535, 130.011362344482, 87.2807922363281, 2009603, 1, 97
2020.3992017, 49.0177845153774, 130.011355290443, 87.2794647216797, 2009603, 1, 96
2020.3992017, 49.0178292494871, 130.011348930452, 87.276237487793, 2009603, 1, 96
2020.3992017, 49.0178739680273, 130.01134267698, 87.2646865844727, 2009603, 1, 96
2020.3992017, 49.0179314456803, 130.011334609805, 87.2852172851562, 2009603, 1, 96
2020.3992017, 49.017995277693, 130.011325729625, 87.2771301269531, 2009603, 1, 96
2020.3992017, 49.0180654658847, 130.011315771937, 87.2734909057617, 2009603, 1, 95
2020.3992017, 49.0181356053633, 130.011305938621, 87.2714920043945, 2009603, 1, 95
2020.3992017, 49.0181929635445, 130.011297705681, 87.2756729125977, 2009603, 1, 95
2020.3992017, 49.0182502843767, 130.011289597691, 87.2752075195312, 2009603, 1, 95
2020.3992017, 49.0183395723946, 130.011276867119, 87.3076629638672, 2009603, 1, 95
2020.3992017, 49.018434576799, 130.011263324844, 87.291015625, 2009603, 1, 95
2020.3992017, 49.018504200603, 130.011253354336, 87.2901153564453, 2009603, 1, 95
2020.3992017, 49.0185737899735, 130.011243363395, 87.2733688354492, 2009603, 1, 95
2020.3992017, 49.0186686416098, 130.011229718752, 87.2761306762695, 2009603, 1, 95
2020.3992017, 49.0187571493602, 130.011216854548, 87.3304824829102, 2009603, 1, 95
2020.3992017, 49.0188203598342, 130.011207711858, 87.3238372802734, 2009603, 1, 95
2020.3992017, 49.0188582880645, 130.011202122924, 87.296272277832, 2009603, 1, 95
2020.3992017, 49.0188962135767, 130.011196674497, 87.2739791870117, 2009603, 1, 95
2020.3992017, 49.0189278262211, 130.011192007805, 87.2915496826172, 2009603, 1, 95
2020.3992017, 49.0189657577867, 130.011186532516, 87.291389465332, 2009603, 1, 95
2020.3992017, 49.0189973737469, 130.011181928372, 87.2659606933594, 2009603, 1, 95
2020.3992017, 49.0190226736301, 130.011178157156, 87.2647323608398, 2009603, 1, 96
2020.3992017, 49.0190542935438, 130.011173571146, 87.2470626831055, 2009603, 1, 96
2020.3992017, 49.0190859217781, 130.01116897786, 87.2940292358398, 2009603, 1, 96
2020.3992017, 49.0191238920117, 130.011163310413, 87.2726898193359, 2009603, 1, 96
2020.3992017, 49.0191618658897, 130.011157738523, 87.2654495239258, 2009603, 1, 96
2020.3992017, 49.0192061815356, 130.011151246399, 87.2915573120117, 2009603, 1, 96
2020.3992017, 49.0192568413282, 130.011143869626, 87.2936782836914, 2009603, 1, 95
2020.3992017, 49.0193138687906, 130.011135473822, 87.2872772216797, 2009603, 1, 95
2020.3992017, 49.0193963003886, 130.011123315254, 87.3102722167969, 2009603, 1, 95
2020.3992017, 49.0195296097045, 130.01110369164, 87.3256378173828, 2009603, 1, 95
2020.3992017, 49.0197014576848, 130.011078281454, 87.3331527709961, 2009603, 1, 95
2020.3992017, 49.0199635331283, 130.011039477998, 87.3319091796875, 2009603, 1, 95
2020.3992017, 49.0201043729689, 130.011018653462, 87.3203887939453, 2009603, 1, 91
2020.3992017, 49.0202260631913, 130.01100094126, 87.3211441040039, 2009603, 1, 91
2020.3992017, 49.0203349768069, 130.010985071781, 87.3418197631836, 2009603, 1, 89
2020.3992017, 49.0204567028625, 130.010967483107, 87.3244552612305, 2009603, 1, 89
2020.3992017, 49.0206424239498, 130.010940903039, 87.335823059082, 2009603, 1, 89
2020.3992017, 49.0210832825294, 130.010879388442, 87.3372497558594, 2009603, 1, 87
2020.3992017, 49.0216238217425, 130.010805333049, 87.3694458007812, 2009603, 1, 89
2020.3992017, 49.0219092300511, 130.010765304143, 87.355354309082, 2009603, 1, 89
2020.3992017, 49.0242052837205, 130.010433298109, 87.3411483764648, 2009603, 1, 96
2020.3992017, 49.0252660821851, 130.01028452023, 87.370979309082, 2009603, 1, 95
2020.3992017, 49.025514951913, 130.010248140968, 87.3419036865234, 2009603, 1, 95
2020.3992017, 49.0255850068312, 130.01023786603, 87.3185424804688, 2009603, 1, 95
2020.3992017, 49.0256422723064, 130.010229481383, 87.369010925293, 2009603, 1, 95
2020.3992017, 49.0257185620381, 130.010218140407, 87.3313064575195, 2009603, 1, 95
2020.3992017, 49.0258264873174, 130.010202346609, 87.3788604736328, 2009603, 1, 95
2020.3992017, 49.0259724845147, 130.010180835998, 87.3485870361328, 2009603, 1, 95
2020.3992017, 49.0261613016722, 130.010153502815, 87.3526229858398, 2009603, 1, 95
2020.3992017, 49.0263876709722, 130.01012075094, 87.3736038208008, 2009603, 1, 96
2020.3992017, 49.0266835736481, 130.01007797985, 87.358512878418, 2009603, 1, 96
2020.3992017, 49.0267908633574, 130.010062413869, 87.3551483154297, 2009603, 1, 96
2020.3992017, 49.0268603925423, 130.010052282703, 87.3683319091797, 2009603, 1, 96
2020.3992017, 49.0269426778548, 130.010040308034, 87.3606262207031, 2009603, 1, 96
2020.3992017, 49.0270124068715, 130.010030119774, 87.3716506958008, 2009603, 1, 95
2020.3992017, 49.0270695341479, 130.010021809351, 87.3384094238281, 2009603, 1, 95
2020.3992017, 49.0271076584214, 130.010016246524, 87.3438415527344, 2009603, 1, 95
2020.3992017, 49.0271521756084, 130.010009748604, 87.3276290893555, 2009603, 1, 95
2020.3992017, 49.0272026403163, 130.010002538146, 87.3387680053711, 2009603, 1, 95
2020.3992017, 49.0272795860544, 130.009991148115, 87.3543243408203, 2009603, 1, 95
2020.3992017, 49.0273823593072, 130.00997595081, 87.3648834228516, 2009603, 1, 95
2020.3992017, 49.0275046139734, 130.009957869744, 87.37646484375, 2009603, 1, 95
2020.3992017, 49.0276463859914, 130.009936870498, 87.3945617675781, 2009603, 1, 95
2020.3992017, 49.0278011835911, 130.009914053082, 87.3915786743164, 2009603, 1, 94
2020.3992017, 49.02799467874, 130.009885654133, 87.3893966674805, 2009603, 1, 94
2020.3992017, 49.0281943824304, 130.009856559494, 87.3453750610352, 2009603, 1, 96
2020.3992017, 49.0283294042838, 130.009837123475, 87.3763275146484, 2009603, 1, 95
2020.3992017, 49.02848387797, 130.009814856288, 87.3898239135742, 2009603, 1, 95
2020.3992017, 49.028611162908, 130.009797035751, 87.379997253418, 2009603, 1, 95
2020.3992017, 49.0288460253991, 130.009764488487, 87.4653778076172, 2009603, 1, 95
2020.3992017, 49.0313979438797, 130.009397699653, 87.4412536621094, 2009603, 1, 87
2020.3992017, 49.0322087883234, 130.009283484067, 87.3503265380859, 2009603, 1, 93
2020.3992017, 49.0324688179711, 130.009247532365, 87.4047470092773, 2009603, 1, 93
2020.3992017, 49.0327690551042, 130.009205919089, 87.4166564941406, 2009603, 1, 93
2020.3992017, 49.0333957887494, 130.009118157267, 90.1235122680664, 2009603, 1, 94
2020.3992017, 49.0065897507867, 130.014231960472, 87.2035903930664, 2009603, 2, 68
2020.39920171, 49.013659838342, 130.013216744251, 87.3339004516602, 2009603, 2, 97
2020.39920171, 49.0138569877785, 130.01318707492, 87.2958297729492, 2009603, 2, 97
2020.39920171, 49.0140222173568, 130.013162473952, 87.3129577636719, 2009603, 2, 97
2020.39920171, 49.0141492316135, 130.013143724242, 87.3131713867188, 2009603, 2, 97
2020.39920171, 49.0142888809658, 130.013123438673, 87.3193130493164, 2009603, 2, 97
2020.39920171, 49.0144348088689, 130.013102586467, 87.3119583129883, 2009603, 2, 97
2020.39920171, 49.0148022272405, 130.013052716226, 87.356559753418, 2009603, 2, 97
2020.39920171, 49.0154109721774, 130.012971744212, 87.3077850341797, 2009603, 2, 97
2020.39920171, 49.0156526673896, 130.012938602778, 87.3375244140625, 2009603, 2, 97
2020.39920171, 49.01590776968, 130.012901928108, 87.3035049438477, 2009603, 2, 96
2020.39920171, 49.0161891875684, 130.012859686464, 87.3225631713867, 2009603, 2, 97
2020.39920171, 49.0166885105103, 130.012784294372, 87.3207092285156, 2009603, 2, 96
2020.39920171, 49.0169635379415, 130.012743442102, 87.3038787841797, 2009603, 2, 97
2020.39920171, 49.0171359775987, 130.012718533743, 87.3167343139648, 2009603, 2, 96
2020.39920171, 49.0174291431606, 130.01267785469, 87.3452529907227, 2009603, 2, 96
2020.39920171, 49.0175946330155, 130.012655102313, 87.3264465332031, 2009603, 2, 96
2020.39920171, 49.0177409093896, 130.012634974639, 87.2952041625977, 2009603, 2, 96
2020.39920171, 49.0178807532978, 130.012615732856, 87.2644424438477, 2009603, 2, 96
2020.39920171, 49.0180014882488, 130.012599094224, 87.2743835449219, 2009603, 2, 95
2020.39920171, 49.0181285241743, 130.012581371029, 87.2920379638672, 2009603, 2, 95
2020.39920171, 49.0182745840336, 130.012561058572, 87.2802200317383, 2009603, 2, 94
2020.39920171, 49.0184143100139, 130.012540803128, 87.2994003295898, 2009603, 2, 94
2020.39920171, 49.0185540390705, 130.012520321005, 87.2996215820312, 2009603, 2, 94
2020.39920171, 49.0187319080119, 130.012493971222, 87.311149597168, 2009603, 2, 96
2020.39920171, 49.0188844316956, 130.012471271685, 87.3016967773438, 2009603, 2, 95
2020.39920171, 49.0190306570222, 130.012449407545, 87.2870330810547, 2009603, 2, 90
2020.39920171, 49.0192087571158, 130.012422681061, 87.323486328125, 2009603, 2, 90
2020.39920171, 49.0196481534668, 130.01235707314, 87.3246383666992, 2009603, 2, 71
2020.39920171, 49.0199734182745, 130.012309559555, 87.3460083007812, 2009603, 2, 68
2020.39920171, 49.0202031510116, 130.012276272767, 87.3446197509766, 2009603, 2, 67
2020.39920171, 49.020452083815, 130.012240421332, 87.3518142700195, 2009603, 2, 71
2020.39920171, 49.0207584168096, 130.012196471077, 87.3514404296875, 2009603, 2, 68
2020.39920171, 49.0210518744129, 130.012154362548, 87.3400726318359, 2009603, 2, 68
2020.39920171, 49.0213960388124, 130.012104858979, 87.3413619995117, 2009603, 2, 69
2020.39920171, 49.021873160462, 130.012036473448, 87.3685455322266, 2009603, 2, 72
2020.39920171, 49.0222223580185, 130.01198647729, 87.3658981323242, 2009603, 2, 72
2020.39920171, 49.0257957094909, 130.011478811946, 87.3667602539062, 2009603, 2, 96
2020.39920171, 49.026222728719, 130.011414466763, 87.4081497192383, 2009603, 2, 96
2020.39920171, 49.0270674950678, 130.011282656232, 87.3783111572266, 2009603, 2, 95
2020.39920171, 49.0276035013639, 130.011204420187, 87.4138107299805, 2009603, 2, 95
2020.39920171, 49.0280170094446, 130.011147171808, 87.4448928833008, 2009603, 2, 95
2020.39920171, 49.0282521255239, 130.011115022663, 87.4167022705078, 2009603, 2, 95
2020.39920171, 49.0284109351581, 130.011093330303, 87.4107666015625, 2009603, 2, 95
2020.39920171, 49.0285443229587, 130.011075063027, 87.3730773925781, 2009603, 2, 95
2020.39920171, 49.0286841322384, 130.01105562532, 87.3702545166016, 2009603, 2, 95
2020.39920171, 49.0288176007755, 130.01103701504, 87.3848114013672, 2009603, 2, 95
2020.39920171, 49.0289510731222, 130.011018232889, 87.405029296875, 2009603, 2, 95
2020.39920171, 49.0291036255431, 130.010996589204, 87.3958282470703, 2009603, 2, 94
2020.39920171, 49.0293070500409, 130.010967358785, 87.406379699707, 2009603, 2, 95
