2019.26154093, 49.1506257422247, 124.847367349111, 212.391693115234, 2009589, 1, 59
2019.26154093, 49.1502014096803, 124.847302867303, 212.389694213867, 2009589, 1, 65
2019.26154093, 49.1494505928014, 124.847190556962, 212.391250610352, 2009589, 1, 52
2019.26154093, 49.1491436118982, 124.847145939702, 212.426712036133, 2009589, 1, 56
2019.26154093, 49.1489453653524, 124.847117369911, 212.39274597168, 2009589, 1, 58
2019.26154093, 49.1486643695812, 124.847076852279, 212.429061889648, 2009589, 1, 55
2019.26154093, 49.148396736564, 124.84703819078, 212.428298950195, 2009589, 1, 53
2019.26154093, 49.146811894439, 124.846802661678, 212.423767089844, 2009589, 1, 52
2019.26154093, 49.1465566237261, 124.846764024942, 212.426315307617, 2009589, 1, 56
2019.26154093, 49.1463076669632, 124.846726501363, 212.397338867188, 2009589, 1, 62
2019.26154093, 49.1460524835925, 124.846688305374, 212.388488769531, 2009589, 1, 62
2019.26154093, 49.1457148769336, 124.846638468344, 212.35285949707, 2009589, 1, 85
2019.26154093, 49.1454167784467, 124.846595336055, 212.402359008789, 2009589, 1, 88
2019.26154093, 49.1450996931164, 124.846549798277, 212.350891113281, 2009589, 1, 90
2019.26154093, 49.1448585196249, 124.846515088967, 212.297714233398, 2009589, 1, 90
2019.26154093, 49.1445851676489, 124.846475626776, 212.386703491211, 2009589, 1, 89
2019.26154093, 49.1443236661142, 124.846437478093, 212.358825683594, 2009589, 1, 90
2019.26154093, 49.144042377946, 124.846395987976, 212.356994628906, 2009589, 1, 91
2019.26154094, 49.1437547237506, 124.846353498834, 212.349075317383, 2009589, 1, 92
2019.26154094, 49.1434483837224, 124.846308193046, 212.346450805664, 2009589, 1, 91
2019.26154094, 49.1431682803842, 124.846266907928, 212.409774780273, 2009589, 1, 92
2019.26154094, 49.1429337383583, 124.846232754271, 212.368911743164, 2009589, 1, 93
2019.26154094, 49.1426995561391, 124.846198591137, 212.382171630859, 2009589, 1, 93
2019.26154094, 49.1424402304601, 124.846160677799, 212.421829223633, 2009589, 1, 92
2019.26154094, 49.1421998458753, 124.846125383102, 212.448440551758, 2009589, 1, 91
2019.26154094, 49.1419085565216, 124.846082368905, 212.414505004883, 2009589, 1, 91
2019.26154094, 49.141597425245, 124.846035760181, 212.41877746582, 2009589, 1, 91
2019.26154094, 49.1413494824375, 124.845998556665, 212.401763916016, 2009589, 1, 92
2019.26154094, 49.1410949534344, 124.845960508473, 212.39599609375, 2009589, 1, 92
2019.26154094, 49.1407957707282, 124.845915933549, 212.392120361328, 2009589, 1, 93
2019.26154094, 49.1405474815175, 124.845879328356, 212.373397827148, 2009589, 1, 92
2019.26154094, 49.1400512201383, 124.845806721807, 212.405014038086, 2009589, 1, 89
2019.26154094, 49.1397779487684, 124.845766524924, 212.465530395508, 2009589, 1, 90
2019.26154094, 49.1395556617166, 124.845733608447, 212.409698486328, 2009589, 1, 89
2019.26154094, 49.1393145368099, 124.845697524511, 212.443756103516, 2009589, 1, 89
2019.26154094, 49.1390610242032, 124.845659066634, 212.452041625977, 2009589, 1, 91
2019.26154094, 49.1387945335058, 124.845618414949, 212.413772583008, 2009589, 1, 92
2019.26154094, 49.1385529707223, 124.845581520652, 212.456954956055, 2009589, 1, 93
2019.26154094, 49.1383172682994, 124.845545591169, 212.476425170898, 2009589, 1, 92
2019.26154094, 49.1381002376473, 124.845512645052, 212.424331665039, 2009589, 1, 92
2019.26154094, 49.1379142761463, 124.845484628962, 212.400360107422, 2009589, 1, 92
2019.26154094, 49.1377539201804, 124.845460575978, 212.456497192383, 2009589, 1, 92
2019.26154094, 49.1375231241419, 124.845426187751, 212.440643310547, 2009589, 1, 92
2019.26154094, 49.1372799417936, 124.845390199715, 212.419479370117, 2009589, 1, 92
2019.26154094, 49.1370693113854, 124.845359189039, 212.439376831055, 2009589, 1, 91
2019.26154094, 49.1366946619263, 124.845304487225, 212.429626464844, 2009589, 1, 92
2019.26154094, 49.1364610229619, 124.845270519325, 212.409866333008, 2009589, 1, 92
2019.26154094, 49.1362401774375, 124.845238321286, 212.44709777832, 2009589, 1, 91
2019.26154094, 49.1359623508746, 124.845197466206, 212.421905517578, 2009589, 1, 91
2019.26154094, 49.1358042146577, 124.845174016514, 212.448348999023, 2009589, 1, 91
2019.26154094, 49.1355951044284, 124.845142804928, 212.446578979492, 2009589, 1, 92
2019.26154094, 49.135429450319, 124.845117704979, 212.462524414062, 2009589, 1, 91
2019.26154094, 49.1352315104418, 124.845087539805, 212.436904907227, 2009589, 1, 91
2019.26154094, 49.1350139609796, 124.845054305606, 212.443817138672, 2009589, 1, 91
2019.26154094, 49.134802463693, 124.845022090129, 212.408981323242, 2009589, 1, 91
2019.26154094, 49.1345907938773, 124.844990003592, 212.429534912109, 2009589, 1, 92
2019.26154094, 49.1343790797446, 124.844958093725, 212.435882568359, 2009589, 1, 92
2019.26154094, 49.1341354981749, 124.844922091947, 212.465682983398, 2009589, 1, 91
2019.26154094, 49.13391144489, 124.844889353193, 212.453033447266, 2009589, 1, 91
2019.26154094, 49.1337452419492, 124.844865313394, 212.453903198242, 2009589, 1, 91
2019.26154094, 49.1335728913938, 124.844840578295, 212.436111450195, 2009589, 1, 91
2019.26154094, 49.1334007941232, 124.844816080758, 212.414047241211, 2009589, 1, 91
2019.26154094, 49.1332226081623, 124.844790835026, 212.446746826172, 2009589, 1, 91
2019.26154094, 49.1330318976921, 124.844764005881, 212.390502929688, 2009589, 1, 91
2019.26154094, 49.1328544863379, 124.844739070999, 212.410354614258, 2009589, 1, 92
2019.26154094, 49.1326391855791, 124.844708839238, 212.438766479492, 2009589, 1, 90
2019.26154094, 49.1324112101004, 124.844676733865, 212.422912597656, 2009589, 1, 90
2019.26154094, 49.1322147613872, 124.844648913223, 212.440689086914, 2009589, 1, 87
2019.26154094, 49.1320180648641, 124.844620931992, 212.437850952148, 2009589, 1, 87
2019.26154094, 49.1318149487258, 124.844591798386, 212.399017333984, 2009589, 1, 79
2019.26154094, 49.1315980287192, 124.844560334993, 212.415313720703, 2009589, 1, 66
2019.26154094, 49.1311573422484, 124.844495576019, 212.410003662109, 2009589, 1, 86
2019.26154094, 49.1308956876851, 124.844456578607, 212.436950683594, 2009589, 1, 74
2019.26154094, 49.1305388477401, 124.844402985501, 212.39111328125, 2009589, 1, 62
2019.26154097, 49.0816505468522, 124.837174494126, 212.386657714844, 1342666, 1, 71
2019.26154097, 49.0757322800364, 124.83630123951, 212.155181884766, 1342733, 1, 65
2019.26154097, 49.0749254883018, 124.836182298817, 212.212158203125, 1342733, 1, 71
2019.26154097, 49.0738876753069, 124.836022820285, 212.13410949707, 1342733, 1, 72
2019.26154097, 49.0728611881389, 124.83586779219, 212.126190185547, 1342733, 1, 68
2019.2615427, 45.5944968496872, 124.340751082328, 127.259094238281, 1357791, 1, 52
2019.2615427, 45.5941969931931, 124.340709865094, 127.191589355469, 1357791, 1, 51
2019.26154273, 45.5446337285393, 124.33390561381, 124.677322387695, 2009593, 1, 80
2019.26154273, 45.5443905477331, 124.333871745975, 124.691108703613, 2009593, 1, 96
2019.26154273, 45.5441540095362, 124.333838743792, 124.708320617676, 2009593, 1, 96
2019.26154273, 45.5438985699592, 124.333803237035, 124.691497802734, 2009593, 1, 96
2019.26154273, 45.5438156157851, 124.333791755105, 124.624397277832, 2009593, 1, 96
2019.26154273, 45.5437837362564, 124.333787306927, 124.631675720215, 2009593, 1, 96
2019.26154273, 45.543758228453, 124.333783775317, 124.633506774902, 2009593, 1, 96
2019.26154273, 45.5437327320713, 124.333780223768, 124.628791809082, 2009593, 1, 95
2019.26154273, 45.5436753504146, 124.333772300651, 124.711776733398, 2009593, 1, 95
2019.26154273, 45.5435351627444, 124.33375297639, 124.645782470703, 2009593, 1, 95
2019.26154273, 45.5434523577041, 124.333741500726, 124.626113891602, 2009593, 1, 96
2019.26154273, 45.5434205342686, 124.33373714664, 124.611991882324, 2009593, 1, 96
2019.26154273, 45.5433950779296, 124.333733670058, 124.613288879395, 2009593, 1, 96
2019.26154273, 45.5433696227346, 124.333730198212, 124.622360229492, 2009593, 1, 96
2019.26154273, 45.5433441737357, 124.333726724159, 124.609596252441, 2009593, 1, 96
2019.26154273, 45.5433187275908, 124.333723257208, 124.608474731445, 2009593, 1, 96
2019.26154273, 45.5432869297497, 124.333718907414, 124.597900390625, 2009593, 1, 96
2019.26154273, 45.5432551338531, 124.333714567997, 124.602996826172, 2009593, 1, 96
2019.26154273, 45.5432233360231, 124.333710244941, 124.61759185791, 2009593, 1, 95
2019.26154273, 45.5431915381287, 124.333705935916, 124.63387298584, 2009593, 1, 95
2019.26154273, 45.5431661107318, 124.333702473558, 124.639778137207, 2009593, 1, 95
2019.26154273, 45.5431343377783, 124.333698129734, 124.65892791748, 2009593, 1, 95
2019.26154273, 45.5431089011794, 124.333694703707, 124.649147033691, 2009593, 1, 95
2019.26154273, 45.5430771337991, 124.333690374897, 124.623458862305, 2009593, 1, 95
2019.26154273, 45.5430453647183, 124.333686052852, 124.637840270996, 2009593, 1, 95
2019.26154273, 45.5430136120073, 124.333681708129, 124.635093688965, 2009593, 1, 95
2019.26154273, 45.5429818506023, 124.333677389312, 124.63111114502, 2009593, 1, 93
2019.26154273, 45.5429437417127, 124.333672209731, 124.697685241699, 2009593, 1, 93
2019.26154273, 45.5428929262865, 124.333665333963, 124.663581848145, 2009593, 1, 93
2019.26154273, 45.5428485050944, 124.333659243541, 124.659446716309, 2009593, 1, 93
2019.26154273, 45.5428167656119, 124.333654923913, 124.625205993652, 2009593, 1, 93
2019.26154273, 45.5427913696533, 124.333651480097, 124.664199829102, 2009593, 1, 93
2019.26154273, 45.5427596411797, 124.333647147605, 124.665817260742, 2009593, 1, 93
2019.26154273, 45.5427342488756, 124.333643707704, 124.675788879395, 2009593, 1, 88
2019.26154082, 49.3953021995922, 124.882402657863, 244.030868530273, 2009589, 2, 88
2019.26154095, 49.1418217814883, 124.844851099205, 212.329650878906, 2009589, 2, 88
2019.26154095, 49.1407417093012, 124.84469839629, 212.328811645508, 2009589, 2, 93
2019.26154095, 49.139626572853, 124.844529546852, 212.339431762695, 2009589, 2, 89
2019.26154095, 49.1386718258885, 124.844384936694, 212.358413696289, 2009589, 2, 82
2019.26154095, 49.1377433846015, 124.84424870975, 212.365081787109, 2009589, 2, 78
2019.26154095, 49.1369934125837, 124.844139823204, 212.423812866211, 2009589, 2, 79
2019.26154095, 49.1361352577173, 124.844013272818, 212.422103881836, 2009589, 2, 87
2019.26154095, 49.1352489284014, 124.843879787793, 212.426132202148, 2009589, 2, 92
2019.26154095, 49.1343008008475, 124.843739410848, 212.452743530273, 2009589, 2, 89
2019.26154095, 49.1334069709461, 124.843609641367, 212.429580688477, 2009589, 2, 92
2019.26154095, 49.1324771871287, 124.843469000866, 212.438125610352, 2009589, 2, 93
2019.26154095, 49.1314828858036, 124.843320511996, 212.438781738281, 2009589, 2, 93
2019.26154095, 49.1306944767688, 124.843206657034, 212.418014526367, 2009589, 2, 90
2019.26154095, 49.1298241033695, 124.843080631931, 212.425079345703, 2009589, 2, 90
2019.26154095, 49.128951016693, 124.842951685811, 212.434875488281, 2009589, 2, 74
2019.26154095, 49.1282880948726, 124.842852395827, 212.411392211914, 2009589, 2, 51
2019.26154274, 45.5442617569867, 124.332717311242, 124.674407958984, 2009593, 2, 74
2019.26154274, 45.5437519065636, 124.332648549442, 124.670860290527, 2009593, 2, 96
2019.26154274, 45.5436307485252, 124.332632180075, 124.645446777344, 2009593, 2, 96
2019.26154274, 45.5434645400653, 124.332608949965, 124.694900512695, 2009593, 2, 95
2019.26154274, 45.5433366302955, 124.332590990054, 124.644958496094, 2009593, 2, 95
2019.26154274, 45.5432278883719, 124.332575634764, 124.640396118164, 2009593, 2, 95
2019.26154274, 45.5431127424799, 124.332559372016, 124.645645141602, 2009593, 2, 95
2019.26154274, 45.5429976069312, 124.332543092364, 124.644958496094, 2009593, 2, 95
2019.26154274, 45.542799379395, 124.332515102114, 124.674224853516, 2009593, 2, 95
2019.26154274, 45.5425374247487, 124.33247831219, 124.721984863281, 2009593, 2, 94
2019.26154048, 50.0543765739441, 124.937109134619, 281.530303955078, 2009589, 3, 63
2019.2615408, 49.4129838685149, 124.841697646994, 245.751831054688, 2009589, 3, 91
2019.2615408, 49.4129136225926, 124.841686671849, 245.713729858398, 2009589, 3, 91
2019.2615408, 49.4128752959572, 124.841680694398, 245.67741394043, 2009589, 3, 91
2019.2615408, 49.4128497382936, 124.841676716012, 245.676193237305, 2009589, 3, 91
2019.2615408, 49.4128178057717, 124.841671740088, 245.652404785156, 2009589, 3, 91
2019.2615408, 49.4127858813211, 124.841666766611, 245.691757202148, 2009589, 3, 91
2019.2615408, 49.4127539449097, 124.841661805973, 245.689056396484, 2009589, 3, 91
2019.2615408, 49.4127283889617, 124.841657846293, 245.671813964844, 2009589, 3, 87
2019.2615408, 49.4126900830241, 124.841651905625, 245.678985595703, 2009589, 3, 87
2019.2615408, 49.4126581563808, 124.84164696723, 245.690399169922, 2009589, 3, 87
2019.2615408, 49.412626232027, 124.84164203899, 245.680084228516, 2009589, 3, 87
2019.2615408, 49.4126006869335, 124.841638107703, 245.679641723633, 2009589, 3, 87
2019.2615408, 49.4125687750313, 124.841633195183, 245.674041748047, 2009589, 3, 87
2019.2615408, 49.4125368661501, 124.841628294884, 245.710052490234, 2009589, 3, 87
2019.2615408, 49.4123901158618, 124.841605932025, 246.027191162109, 2009589, 3, 87
2019.2615408, 49.4121350056082, 124.841567579321, 246.08869934082, 2009589, 3, 67
2019.26154097, 49.0736930607725, 124.791767442912, 212.413375854492, 2009589, 3, 85
2019.26154097, 49.0723449048951, 124.791569979591, 212.443939208984, 2009589, 3, 87
2019.26154097, 49.0720385204301, 124.791523813271, 212.405029296875, 2009589, 3, 87
2019.26154097, 49.0718854282632, 124.791500684132, 212.439468383789, 2009589, 3, 88
2019.26154097, 49.0715987907576, 124.791457361177, 212.447280883789, 2009589, 3, 69
2019.26154097, 49.0713445574593, 124.791419019731, 212.439956665039, 2009589, 3, 61
2019.26154097, 49.0708828502679, 124.791349931084, 212.416152954102, 2009589, 3, 53
2019.26154097, 49.0707126165936, 124.791324655811, 212.450210571289, 2009589, 3, 65
2019.26154097, 49.0705674731978, 124.791303150335, 212.435333251953, 2009589, 3, 65
2019.26154097, 49.0704158524327, 124.791280688984, 212.444488525391, 2009589, 3, 74
2019.26154097, 49.0702385768237, 124.791254464229, 212.418670654297, 2009589, 3, 74
2019.26154097, 49.0699781522464, 124.791215956644, 212.422500610352, 2009589, 3, 82
2019.26154097, 49.0697096670486, 124.791176131598, 212.414947509766, 2009589, 3, 90
2019.26154097, 49.0694204259609, 124.79113318702, 212.431564331055, 2009589, 3, 92
2019.26154097, 49.0691441028644, 124.791092516433, 212.43586730957, 2009589, 3, 92
2019.26154097, 49.0688877420755, 124.791055187681, 212.441543579102, 2009589, 3, 92
2019.26154097, 49.0686446591584, 124.791019988088, 212.436050415039, 2009589, 3, 92
2019.26154097, 49.0684044161332, 124.790986257299, 212.442779541016, 2009589, 3, 83
2019.26154097, 49.0673651419735, 124.790839530873, 212.312271118164, 2009589, 3, 93
2019.26154097, 49.0661002526985, 124.790649899732, 212.302993774414, 2009589, 3, 91
2019.26154098, 49.0649025111752, 124.79047554101, 212.347366333008, 2009589, 3, 91
2019.26154098, 49.0637437496251, 124.790302372159, 212.313720703125, 2009589, 3, 91
2019.26154098, 49.0625089476128, 124.790117927104, 212.321624755859, 2009589, 3, 83
2019.26154098, 49.0612695499021, 124.789943936181, 212.29670715332, 2009589, 3, 90
2019.26154098, 49.0600416818722, 124.789760695762, 212.336822509766, 2009589, 3, 70
2019.26154098, 49.0586944361033, 124.789566618904, 212.288986206055, 2009589, 3, 52
2019.26154098, 49.0574169513003, 124.78938056049, 212.269302368164, 2009589, 3, 65
2019.26154098, 49.055963351279, 124.789155505249, 212.286163330078, 2009589, 3, 57
2019.26154098, 49.0549969901596, 124.789019462109, 212.395721435547, 2009589, 3, 53
2019.26154098, 49.0541569262104, 124.788898581631, 212.367126464844, 2009589, 3, 90
2019.26154098, 49.0535050109368, 124.788800438431, 212.362899780273, 2009589, 3, 90
2019.26154098, 49.05282809853, 124.788699404603, 212.364456176758, 2009589, 3, 80
2019.26154098, 49.0522956295869, 124.788621627325, 212.406585693359, 2009589, 3, 73
2019.26154098, 49.0516853561164, 124.788534005264, 212.397155761719, 2009589, 3, 53
2019.26154098, 49.0510354737658, 124.788440403033, 212.38916015625, 2009589, 3, 79
2019.26154098, 49.0502323972434, 124.788321259331, 212.435348510742, 2009589, 3, 60
2019.26154098, 49.0495326430313, 124.788217051449, 212.388168334961, 2009589, 3, 59
2019.26154098, 49.0489550314616, 124.788133893781, 212.377944946289, 2009589, 3, 52
2019.26154098, 49.0460798976715, 124.787716658458, 212.42741394043, 2009589, 3, 86
2019.26154098, 49.0455019677372, 124.787633999868, 212.395156860352, 2009589, 3, 84
2019.26154099, 49.0450343099558, 124.787564474833, 212.393402099609, 2009589, 3, 72
2019.26154099, 49.0445414332304, 124.787488956363, 212.389724731445, 2009589, 3, 58
2019.26154101, 49.0029171812744, 124.781391197237, 212.374481201172, 2009589, 3, 84
2019.26154101, 49.0025794555499, 124.781342692696, 212.379501342773, 2009589, 3, 83
2019.26154101, 48.9989700563307, 124.780806818721, 212.464401245117, 2009589, 3, 62
2019.26154101, 48.9986452194366, 124.780758607101, 212.410507202148, 2009589, 3, 76
2019.26154101, 48.9982708679987, 124.780703809531, 212.427429199219, 2009589, 3, 77
2019.26154101, 48.9979415724805, 124.780655791089, 212.42887878418, 2009589, 3, 79
2019.26154101, 48.9974670821563, 124.780586547453, 212.442810058594, 2009589, 3, 80
2019.26154101, 48.9967324832961, 124.78047822738, 212.427734375, 2009589, 3, 69
2019.26154101, 48.9965550493948, 124.780451847082, 212.427642822266, 2009589, 3, 69
2019.2615427, 45.6078881829796, 124.301230701517, 127.363868713379, 170532, 3, 51
2019.2615427, 45.6074552779656, 124.301171054265, 127.278800964355, 170532, 3, 54
2019.2615427, 45.6070792761021, 124.301119228094, 127.212303161621, 170532, 3, 54
2019.2615427, 45.6068047616421, 124.301081447509, 126.273788452148, 170532, 3, 54
2019.2615427, 45.606740882026, 124.301072654659, 126.346061706543, 170532, 3, 54
2019.2615427, 45.6060948617087, 124.300983829008, 127.132164001465, 170532, 3, 52
2019.26154271, 45.585681719753, 124.298190875224, 127.244209289551, 170563, 3, 51
2019.26154271, 45.5809544228718, 124.297548304413, 126.644035339355, 170563, 3, 56
2019.26154271, 45.5806352169676, 124.297503373003, 126.325042724609, 170563, 3, 60
2019.26154271, 45.5804821917488, 124.297481088389, 126.436828613281, 170563, 3, 60
2019.26154271, 45.5800872050425, 124.29742342383, 126.509101867676, 170563, 3, 62
2019.26154271, 45.5796544881549, 124.297361424778, 126.520660400391, 170563, 3, 60
2019.26154271, 45.5791649399377, 124.297295091796, 126.545768737793, 170563, 3, 61
2019.26154271, 45.5787450706898, 124.297240683461, 126.391960144043, 170563, 3, 62
2019.26154271, 45.5783244867647, 124.297186399041, 126.498489379883, 170563, 3, 62
2019.26154271, 45.5776086483977, 124.297090708332, 126.548187255859, 170563, 3, 62
2019.26154271, 45.5770919327299, 124.297019438628, 126.659881591797, 170563, 3, 60
2019.26154271, 45.576635015864, 124.296955776839, 126.916023254395, 170563, 3, 53
2019.26154271, 45.5747650692159, 124.296701005868, 126.674407958984, 170563, 3, 60
2019.26154271, 45.5744200793888, 124.296654371864, 126.74552154541, 170563, 3, 59
2019.26154271, 45.574203467073, 124.296624666333, 125.812431335449, 170563, 3, 59
2019.26154271, 45.5739044885371, 124.296583337473, 126.968734741211, 170563, 3, 59
2019.26154271, 45.573072116282, 124.296467742806, 128.265869140625, 170563, 3, 53
2019.26154273, 45.5382906876898, 124.291713796204, 127.037185668945, 2009593, 3, 53
2019.26154273, 45.5380176339331, 124.291677783271, 126.627014160156, 2009593, 3, 53
2019.26154273, 45.5377373669791, 124.291640641892, 125.817741394043, 2009593, 3, 80
2019.26154273, 45.5332050969883, 124.291024087221, 128.326431274414, 2009593, 3, 56
2019.26154273, 45.5331420831038, 124.291015382217, 128.323883056641, 2009593, 3, 56
2019.26154273, 45.5330853506249, 124.291007548917, 128.31657409668, 2009593, 3, 56
2019.26154273, 45.5330160292693, 124.29099794841, 128.326049804688, 2009593, 3, 56
2019.26154273, 45.5329403560066, 124.290987472418, 128.328979492188, 2009593, 3, 52
2019.26154273, 45.5328772724455, 124.290978729573, 128.330642700195, 2009593, 3, 52
2019.26154273, 45.5328078246853, 124.290969107351, 128.325531005859, 2009593, 3, 52
2019.26154081, 49.4133240913326, 124.840510545536, 245.144592285156, 2009589, 4, 84
2019.26154081, 49.413279691437, 124.840503818601, 245.035629272461, 2009589, 4, 84
2019.26154081, 49.4132352861069, 124.840497083606, 245.127670288086, 2009589, 4, 87
2019.26154099, 49.0580877913464, 124.78823498779, 212.387054443359, 2009589, 4, 86
2019.26154099, 49.0525205384891, 124.787419127345, 212.412734985352, 2009589, 4, 67
2019.26154099, 49.0492532698286, 124.786941228106, 212.355621337891, 2009589, 4, 72
2019.26154099, 49.0477751929595, 124.786725366401, 212.401580810547, 2009589, 4, 76
2019.261541, 49.0462636334452, 124.786501406324, 212.362884521484, 2009589, 4, 73
2019.261541, 49.0447684717113, 124.786281098645, 212.402191162109, 2009589, 4, 60
2019.261541, 49.0429274823282, 124.78601896679, 212.401992797852, 2009589, 4, 67
2019.261541, 49.0410525975037, 124.785736830629, 212.30973815918, 2009589, 4, 88
2019.26154102, 48.9984045123248, 124.779486702723, 212.369674682617, 2009589, 4, 54
2019.26154102, 48.997193836626, 124.779312374649, 212.413040161133, 2009589, 4, 94
2019.26154102, 48.9965168828912, 124.779208479685, 212.337814331055, 2009589, 4, 91
2019.26154271, 45.6077262789038, 124.300040888557, 127.271850585938, 170532, 4, 53
2019.26154271, 45.6062263066294, 124.299835125623, 127.154891967773, 170532, 4, 52
2019.26154272, 45.5808405776725, 124.296367517047, 126.555976867676, 170563, 4, 62
2019.26154272, 45.5797767892963, 124.296222551178, 126.496734619141, 170563, 4, 61
2019.26154272, 45.5786301128107, 124.296065849541, 126.408767700195, 170563, 4, 61
2019.26154272, 45.5775849640944, 124.29592552241, 126.674011230469, 170563, 4, 57
2019.26154272, 45.5748914742376, 124.295557916263, 126.580612182617, 170563, 4, 55
2019.26154273, 45.5740069107165, 124.295436488589, 126.83952331543, 170563, 4, 56
2019.26154273, 45.573535044607, 124.295370010366, 125.931053161621, 170563, 4, 60
2019.26154274, 45.5376252921983, 124.290463515966, 126.369094848633, 2009593, 4, 76
2019.26154274, 45.5374730483143, 124.290442492489, 125.253150939941, 2009593, 4, 87
2019.26154274, 45.5373778924752, 124.29042936541, 125.12133026123, 2009593, 4, 87
2019.26154274, 45.5373334795364, 124.29042322887, 125.196502685547, 2009593, 4, 87
2019.26154274, 45.5372827193423, 124.290416274531, 125.171875, 2009593, 4, 87
2019.26154274, 45.5372319549974, 124.290409397207, 125.190963745117, 2009593, 4, 96
2019.26154274, 45.5371875256504, 124.29040327429, 125.289283752441, 2009593, 4, 96
2019.26154274, 45.5371367425581, 124.290396398523, 125.243476867676, 2009593, 4, 96
2019.26154274, 45.5370922956569, 124.290390321509, 125.180541992188, 2009593, 4, 96
2019.26154274, 45.5370414886558, 124.290383431735, 125.352584838867, 2009593, 4, 96
2019.26154274, 45.5369843149237, 124.290375694823, 124.824058532715, 2009593, 4, 95
2019.26154274, 45.5369016996152, 124.290364546696, 124.762176513672, 2009593, 4, 95
2019.26154274, 45.536806316974, 124.290351707896, 124.763023376465, 2009593, 4, 95
2019.26154274, 45.5367045090621, 124.290338051143, 124.744529724121, 2009593, 4, 87
2019.26154274, 45.536596252277, 124.29032356445, 124.733276367188, 2009593, 4, 87
2019.26154274, 45.5364942850387, 124.2903099417, 124.768730163574, 2009593, 4, 81
2019.26154274, 45.5364179395577, 124.290299739335, 123.39933013916, 2009593, 4, 81
2019.26154274, 45.5363731751681, 124.290293803084, 123.383674621582, 2009593, 4, 81
2019.26154274, 45.5363283980478, 124.290287825767, 124.90552520752, 2009593, 4, 81
2019.26154274, 45.5362772103636, 124.290281079872, 123.379951477051, 2009593, 4, 81
2019.26154274, 45.5362260060144, 124.290274253411, 124.804229736328, 2009593, 4, 80
2019.26154274, 45.5361619849454, 124.290265761049, 124.764518737793, 2009593, 4, 80
2019.26154274, 45.5360787409101, 124.290254706753, 124.724449157715, 2009593, 4, 80
2019.26154274, 45.5359698596485, 124.290240222238, 124.720542907715, 2009593, 4, 80
2019.26154274, 45.5358609756485, 124.290225695679, 124.713493347168, 2009593, 4, 80
2019.26154274, 45.535752105588, 124.290211112389, 124.687828063965, 2009593, 4, 80
2019.26154274, 45.5356368718661, 124.290195615219, 124.697944641113, 2009593, 4, 72
2019.26154274, 45.5355152967336, 124.290179177692, 124.696403503418, 2009593, 4, 72
2019.2615408, 49.4153267362759, 124.797489114027, 247.704498291016, 2009589, 5, 55
2019.2615408, 49.4137752997859, 124.797252075898, 247.578857421875, 2009589, 5, 72
2019.2615408, 49.4134509183953, 124.797205858842, 247.56884765625, 2009589, 5, 52
2019.2615408, 49.4134064056409, 124.797199570348, 247.467651367188, 2009589, 5, 52
2019.2615408, 49.4133746329659, 124.797195120393, 247.478912353516, 2009589, 5, 52
2019.2615408, 49.4133492096942, 124.797191550291, 247.481903076172, 2009589, 5, 52
2019.2615408, 49.4133237796963, 124.797187973101, 247.494506835938, 2009589, 5, 52
2019.2615408, 49.4132983583404, 124.797184414047, 247.51545715332, 2009589, 5, 52
2019.2615408, 49.4132729344288, 124.797180850277, 247.481185913086, 2009589, 5, 52
2019.2615408, 49.413247513201, 124.797177293179, 247.495483398438, 2009589, 5, 56
2019.2615408, 49.4132157460879, 124.7971728637, 247.475646972656, 2009589, 5, 56
2019.2615408, 49.4131839688529, 124.797168418324, 247.510482788086, 2009589, 5, 56
2019.2615408, 49.4131331276435, 124.797161306605, 247.584625244141, 2009589, 5, 56
2019.2615408, 49.4128789297435, 124.797125753062, 247.058853149414, 2009589, 5, 63
2019.2615408, 49.409337343831, 124.79660470073, 247.988037109375, 2009589, 5, 60
2019.26154105, 48.9201274272575, 124.725142706346, 212.340072631836, 2009589, 5, 60
2019.26154105, 48.919437167199, 124.725046455796, 212.39990234375, 2009589, 5, 95
2019.26154105, 48.918569554708, 124.7249226934, 212.392364501953, 2009589, 5, 95
2019.26154105, 48.9177820000415, 124.724805606445, 212.384658813477, 2009589, 5, 94
2019.26154105, 48.9171726430644, 124.724715326197, 212.24919128418, 2009589, 5, 65
2019.26154269, 45.6327716527499, 124.263215949465, 128.469085693359, 1357648, 5, 92
2019.26154269, 45.6325938799021, 124.263192066614, 128.455230712891, 1357648, 5, 92
2019.26154269, 45.6323906188777, 124.263164715521, 128.465606689453, 1357648, 5, 92
2019.26154269, 45.6322380945898, 124.263144142226, 128.470794677734, 1357648, 5, 93
2019.26154269, 45.6321745761306, 124.263135574745, 128.444366455078, 1357648, 5, 93
2019.26154269, 45.6321300326713, 124.26312954185, 128.424057006836, 1357648, 5, 93
2019.26154269, 45.6320918386549, 124.263124348216, 128.426818847656, 1357648, 5, 93
2019.26154269, 45.6320409262653, 124.263117452523, 128.463714599609, 1357648, 5, 93
2019.26154269, 45.6319136234497, 124.26310018788, 128.448287963867, 1357648, 5, 93
2019.26154269, 45.6317735454891, 124.26308112453, 128.459533691406, 1357648, 5, 93
2019.26154269, 45.6316398208127, 124.26306289104, 128.461776733398, 1357648, 5, 92
2019.26154269, 45.6315315679204, 124.263048113835, 128.445739746094, 1357648, 5, 92
2019.26154269, 45.6314742625806, 124.263040288072, 128.42170715332, 1357648, 5, 92
2019.26154269, 45.6314360467557, 124.263035043419, 128.418670654297, 1357648, 5, 92
2019.26154269, 45.6313851067136, 124.263028071754, 128.465744018555, 1357648, 5, 92
2019.26154269, 45.6313341624344, 124.263021086295, 128.396713256836, 1357648, 5, 92
2019.26154269, 45.6312959623735, 124.263015853773, 128.409698486328, 1357648, 5, 92
2019.26154269, 45.6312577661389, 124.263010624207, 128.416244506836, 1357648, 5, 92
2019.26154269, 45.6312259347258, 124.263006257207, 128.423446655273, 1357648, 5, 92
2019.26154269, 45.6311940973936, 124.263001879956, 128.421646118164, 1357648, 5, 92
2019.26154269, 45.631155903917, 124.262996641899, 128.438888549805, 1357648, 5, 91
2019.26154269, 45.6311177105708, 124.262991399058, 128.422805786133, 1357648, 5, 91
2019.26154269, 45.6310795193718, 124.262986153963, 128.434646606445, 1357648, 5, 91
2019.26154269, 45.6310349492786, 124.262980006378, 128.437881469727, 1357648, 5, 91
2019.26154269, 45.6309330276858, 124.262966003476, 128.466232299805, 1357648, 5, 91
2019.26154269, 45.6307296158441, 124.262937991526, 128.48681640625, 1357648, 5, 92
2019.26154269, 45.6305325757051, 124.262910829598, 128.448547363281, 1357648, 5, 92
2019.26154269, 45.6303291477759, 124.262882783554, 128.469390869141, 1357648, 5, 91
2019.26154269, 45.6301638125134, 124.262860016516, 128.480285644531, 1357648, 5, 91
2019.26154269, 45.6299729458505, 124.262833760746, 128.475036621094, 1357648, 5, 90
2019.26154269, 45.6297883335104, 124.262808426595, 128.492782592773, 1357648, 5, 90
2019.26154269, 45.6295844845599, 124.262780508886, 128.479095458984, 1357648, 5, 91
2019.26154269, 45.6294313944743, 124.262759621757, 128.474456787109, 1357648, 5, 90
2019.26154269, 45.6292462987302, 124.262734392945, 128.483093261719, 1357648, 5, 90
2019.26154269, 45.6290483708905, 124.262707484124, 128.484725952148, 1357648, 5, 90
2019.26154269, 45.6288631763484, 124.262682340699, 128.480712890625, 1357648, 5, 90
2019.26154269, 45.6286779755924, 124.262657192508, 128.470901489258, 1357648, 5, 90
2019.26154269, 45.6285375264908, 124.262638151415, 128.458740234375, 1357648, 5, 90
2019.26154269, 45.6284290099918, 124.262623415547, 128.470565795898, 1357648, 5, 90
2019.26154269, 45.6283524571588, 124.262613010878, 128.448959350586, 1357648, 5, 90
2019.26154269, 45.6281993191555, 124.262592239001, 128.482711791992, 1357648, 5, 90
2019.26154269, 45.6280654224034, 124.26257408572, 128.456161499023, 1357648, 5, 90
2019.26154269, 45.6279825612076, 124.26256281966, 128.470779418945, 1357648, 5, 90
2019.26154269, 45.627848802607, 124.262544636632, 128.476165771484, 1357648, 5, 90
2019.26154269, 45.627664278955, 124.26251954577, 128.476928710938, 1357648, 5, 90
2019.26154269, 45.6275689137313, 124.262506560188, 128.470489501953, 1357648, 5, 90
2019.26154269, 45.6274227953255, 124.262486642277, 128.456909179688, 1357648, 5, 90
2019.26154269, 45.6272704521954, 124.262465849732, 128.488174438477, 1357648, 5, 90
2019.26154269, 45.6269472033645, 124.262421655549, 128.48356628418, 1357648, 5, 92
2019.26154269, 45.6266118358324, 124.262375590849, 128.441909790039, 1357648, 5, 91
2019.26154269, 45.6265105719831, 124.262361757658, 128.476745605469, 1357648, 5, 91
2019.26154269, 45.6261239507571, 124.262309163252, 128.466384887695, 1357648, 5, 90
2019.26154269, 45.6254999294725, 124.262225733566, 128.451553344727, 1357648, 5, 87
2019.26154269, 45.624949872347, 124.262152175301, 128.46501159668, 1357648, 5, 51
2019.26154269, 45.6248474894852, 124.262138214991, 128.427734375, 1357648, 5, 51
2019.26154269, 45.6248026944379, 124.262132064524, 128.492767333984, 1357648, 5, 51
2019.26154269, 45.6236860908452, 124.261972964489, 128.471343994141, 1357648, 5, 73
2019.26154269, 45.6234635322146, 124.261941978567, 128.434310913086, 1357648, 5, 60
2019.26154269, 45.6234063225418, 124.261934127926, 128.409210205078, 1357648, 5, 60
2019.26154269, 45.6233554953485, 124.26192722921, 128.473846435547, 1357648, 5, 60
2019.2615427, 45.5962232435239, 124.258248118288, 126.231071472168, 2009593, 5, 72
2019.2615427, 45.596197772796, 124.25824448695, 126.238677978516, 2009593, 5, 72
2019.2615427, 45.5961722994181, 124.258240846552, 126.248596191406, 2009593, 5, 72
2019.2615427, 45.5961468178698, 124.258237186926, 126.233276367188, 2009593, 5, 72
2019.2615427, 45.5961213463118, 124.258233535517, 126.208793640137, 2009593, 5, 72
2019.2615427, 45.5960895085506, 124.258228972084, 126.235565185547, 2009593, 5, 72
2019.2615427, 45.5960640332253, 124.258225306441, 126.228843688965, 2009593, 5, 72
2019.2615427, 45.5960385581542, 124.25822163675, 126.232177734375, 2009593, 5, 72
2019.2615427, 45.5960130836202, 124.258217964144, 126.250885009766, 2009593, 5, 72
2019.2615427, 45.5959876061968, 124.258214281979, 126.234756469727, 2009593, 5, 71
2019.2615427, 45.5959621322072, 124.25821060278, 126.244522094727, 2009593, 5, 71
2019.2615427, 45.5959366535228, 124.258206910801, 126.230895996094, 2009593, 5, 71
2019.2615427, 45.5959111812902, 124.258203222883, 126.230140686035, 2009593, 5, 71
2019.2615427, 45.5958857058815, 124.258199529248, 126.240432739258, 2009593, 5, 71
2019.2615427, 45.5958602324163, 124.258195836401, 126.242065429688, 2009593, 5, 71
2019.2615427, 45.5958283989527, 124.258191228928, 126.211227416992, 2009593, 5, 71
2019.2615427, 45.5958029276098, 124.258187533779, 126.235168457031, 2009593, 5, 71
2019.2615427, 45.5957774542071, 124.258183831444, 126.224090576172, 2009593, 5, 71
2019.2615427, 45.5957456280163, 124.25817922646, 126.226280212402, 2009593, 5, 70
2019.2615427, 45.59572016191, 124.258175531217, 126.216278076172, 2009593, 5, 70
2019.2615427, 45.5956946936947, 124.258171828147, 126.209808349609, 2009593, 5, 70
2019.2615427, 45.595662873703, 124.258167226175, 126.217292785645, 2009593, 5, 70
2019.2615427, 45.5956374154226, 124.25816353881, 126.23755645752, 2009593, 5, 70
2019.2615427, 45.5956119532793, 124.258159844209, 126.232597351074, 2009593, 5, 70
2019.2615427, 45.5955864985158, 124.258156162188, 126.249870300293, 2009593, 5, 70
2019.2615427, 45.5955610443307, 124.25815247918, 126.233764648438, 2009593, 5, 70
2019.2615427, 45.5955228679685, 124.258146963183, 126.285469055176, 2009593, 5, 70
2019.2615427, 45.5954783467323, 124.25814055285, 126.262962341309, 2009593, 5, 65
2019.2615427, 45.5954274700858, 124.258133240879, 126.267951965332, 2009593, 5, 65
2019.2615427, 45.5953765862762, 124.258125920222, 126.259216308594, 2009593, 5, 65
2019.2615427, 45.5952112701626, 124.258102278883, 126.471954345703, 2009593, 5, 57
2019.2615427, 45.595059129794, 124.258081224251, 126.271492004395, 2009593, 5, 57
2019.2615427, 45.5950210919566, 124.258075974676, 126.291786193848, 2009593, 5, 57
2019.26154271, 45.5939353635888, 124.257929539697, 126.037078857422, 2009593, 5, 54
2019.26154271, 45.5937564683883, 124.257905247178, 126.015663146973, 2009593, 5, 54
2019.26154271, 45.5936541348295, 124.257891270501, 126.057632446289, 2009593, 5, 51
2019.26154271, 45.5935197314113, 124.257872818248, 126.064682006836, 2009593, 5, 51
2019.26154271, 45.5933532422621, 124.257849836905, 126.001022338867, 2009593, 5, 51
2019.26154271, 45.5932571488681, 124.257836473961, 126.02677154541, 2009593, 5, 51
2019.26154271, 45.5921893812616, 124.257685217098, 127.001220703125, 2009593, 5, 61
2019.26154271, 45.5921065608808, 124.257673469493, 126.913131713867, 2009593, 5, 61
2019.26154271, 45.5917755834066, 124.257626928816, 124.894317626953, 2009593, 5, 84
2019.26154271, 45.5916548560837, 124.257610312421, 124.878128051758, 2009593, 5, 96
2019.26154271, 45.591508793463, 124.257590408834, 124.872756958008, 2009593, 5, 96
2019.26154271, 45.5913564568693, 124.257569871579, 124.888336181641, 2009593, 5, 96
2019.26154271, 45.5911535627673, 124.257543571092, 124.877250671387, 2009593, 5, 96
2019.26154271, 45.5909950737166, 124.257523157452, 124.876792907715, 2009593, 5, 96
2019.26154271, 45.5908556023506, 124.25750521801, 124.853004455566, 2009593, 5, 96
2019.26154271, 45.5907858341473, 124.257496198742, 124.82804107666, 2009593, 5, 97
2019.26154271, 45.5907477875872, 124.257491292214, 124.821113586426, 2009593, 5, 96
2019.26154271, 45.5907224070931, 124.257487990633, 124.821655273438, 2009593, 5, 96
2019.26154271, 45.5906906972927, 124.257483892296, 124.777603149414, 2009593, 5, 96
2019.26154271, 45.5906653226901, 124.257480600819, 124.809425354004, 2009593, 5, 96
2019.26154271, 45.5906399411041, 124.257477297361, 124.797836303711, 2009593, 5, 96
2019.26154271, 45.5906145605789, 124.2574739942, 124.800010681152, 2009593, 5, 96
2019.26154271, 45.5905891738381, 124.257470678724, 124.786277770996, 2009593, 5, 96
2019.26154271, 45.5905637813299, 124.257467352938, 124.800895690918, 2009593, 5, 96
2019.26154271, 45.5905383919326, 124.257464030384, 124.790901184082, 2009593, 5, 96
2019.26154271, 45.5905129959692, 124.257460694583, 124.780952453613, 2009593, 5, 96
2019.26154271, 45.590487604174, 124.257457360787, 124.77611541748, 2009593, 5, 95
2019.26154271, 45.5904558633233, 124.257453193021, 124.798217773438, 2009593, 5, 95
2019.26154271, 45.5904304611427, 124.257449840217, 124.796684265137, 2009593, 5, 95
2019.26154271, 45.5904050465709, 124.257446465737, 124.789337158203, 2009593, 5, 95
2019.26154271, 45.5903732946376, 124.257442269886, 124.778877258301, 2009593, 5, 95
2019.26154271, 45.5903478779048, 124.257438885694, 124.784790039062, 2009593, 5, 95
2019.26154271, 45.590322458117, 124.257435495411, 124.791610717773, 2009593, 5, 95
2019.26154271, 45.5902970396271, 124.257432103319, 124.774559020996, 2009593, 5, 95
2019.26154271, 45.5902652708583, 124.257427863743, 124.773948669434, 2009593, 5, 95
2019.26154271, 45.5902398441379, 124.257424452929, 124.777961730957, 2009593, 5, 91
2019.26154271, 45.590214405481, 124.257421019381, 124.792289733887, 2009593, 5, 91
2019.26154271, 45.5901827880006, 124.257417230768, 124.78784942627, 2009593, 5, 91
2019.26154271, 45.5901572986234, 124.257413655159, 124.79598236084, 2009593, 5, 91
2019.26154271, 45.5901254540261, 124.257409210514, 124.815864562988, 2009593, 5, 91
2019.26154271, 45.5900999709369, 124.257405639196, 124.80689239502, 2009593, 5, 91
2019.26154271, 45.5900744741961, 124.257402040688, 124.793350219727, 2009593, 5, 91
2019.26154271, 45.5900426162389, 124.257397564309, 124.798767089844, 2009593, 5, 91
2019.26154271, 45.5900171151932, 124.257393957941, 124.794227600098, 2009593, 5, 91
2019.26154271, 45.5899852504034, 124.25738946568, 124.805068969727, 2009593, 5, 91
2019.26154271, 45.589959741751, 124.257385844397, 124.782699584961, 2009593, 5, 91
2019.26154271, 45.5899278738483, 124.257381343073, 124.804870605469, 2009593, 5, 91
2019.26154271, 45.5899023567334, 124.257377705931, 124.789848327637, 2009593, 5, 91
2019.26154271, 45.5898768510355, 124.257374085273, 124.810760498047, 2009593, 5, 91
2019.26154271, 45.5898449779112, 124.257369570916, 124.815956115723, 2009593, 5, 91
2019.26154271, 45.5898130897284, 124.257365035612, 124.813133239746, 2009593, 5, 91
2019.26154271, 45.5897875672801, 124.25736138766, 124.816116333008, 2009593, 5, 91
2019.26154271, 45.5897556755569, 124.257356847052, 124.804626464844, 2009593, 5, 91
2019.26154271, 45.5897237803098, 124.257352302568, 124.824089050293, 2009593, 5, 78
2019.26154271, 45.5896918829148, 124.257347756308, 124.802230834961, 2009593, 5, 78
2019.26154271, 45.5896600045426, 124.257343242298, 124.807609558105, 2009593, 5, 78
2019.26154271, 45.5896281100762, 124.257338702076, 124.805641174316, 2009593, 5, 78
2019.26154271, 45.5895962023754, 124.257334147149, 124.839576721191, 2009593, 5, 78
2019.26154271, 45.5895515581658, 124.257327818495, 124.836975097656, 2009593, 5, 78
2019.26154271, 45.5895132827452, 124.257322386548, 124.82479095459, 2009593, 5, 78
2019.26154271, 45.58947500751, 124.257316960314, 124.831123352051, 2009593, 5, 61
2019.26154271, 45.5894494839373, 124.2573133377, 124.82234954834, 2009593, 5, 61
2019.26154271, 45.5894112140274, 124.257307930399, 124.9013671875, 2009593, 5, 61
2019.26154272, 45.5706388512249, 124.25476694818, 126.849906921387, 2009593, 5, 55
2019.26154272, 45.5703000567827, 124.254719662999, 126.74779510498, 2009593, 5, 56
2019.26154272, 45.5697455140184, 124.254642335101, 126.502098083496, 2009593, 5, 77
2019.26154272, 45.5692124646935, 124.254569455045, 126.686477661133, 2009593, 5, 83
2019.26154272, 45.568547689632, 124.254478638446, 127.290908813477, 2009593, 5, 91
2019.26154272, 45.5682310678674, 124.254434852409, 127.300895690918, 2009593, 5, 81
2019.26154272, 45.567990178702, 124.25440140748, 127.288230895996, 2009593, 5, 78
2019.26154272, 45.5677298200068, 124.254365279462, 127.279098510742, 2009593, 5, 75
2019.26154272, 45.5674753363073, 124.254330158231, 127.319038391113, 2009593, 5, 75
2019.26154272, 45.5672332168241, 124.254296897509, 127.333000183105, 2009593, 5, 76
2019.26154272, 45.56700942136, 124.254266605285, 127.368141174316, 2009593, 5, 76
2019.26154272, 45.5667982187988, 124.254238183808, 127.321311950684, 2009593, 5, 78
2019.26154272, 45.5665613732393, 124.254206508692, 127.26424407959, 2009593, 5, 78
2019.26154272, 45.5663501976722, 124.254178370982, 127.200164794922, 2009593, 5, 79
2019.26154272, 45.5661264145514, 124.254148655158, 127.146209716797, 2009593, 5, 80
2019.26154272, 45.5659410229144, 124.25412410828, 127.15274810791, 2009593, 5, 80
2019.26154272, 45.5657691444068, 124.254101198999, 127.132606506348, 2009593, 5, 80
2019.26154272, 45.5655910015984, 124.254077491436, 127.108070373535, 2009593, 5, 81
2019.26154272, 45.5654128569441, 124.254053789461, 127.038009643555, 2009593, 5, 81
2019.26154272, 45.5652346547686, 124.254030110733, 127.028381347656, 2009593, 5, 81
2019.26154272, 45.5650563297302, 124.254006444131, 127.049034118652, 2009593, 5, 81
2019.26154272, 45.5648650791464, 124.25398108439, 127.047164916992, 2009593, 5, 81
2019.26154272, 45.5646930279269, 124.253958133465, 127.036170959473, 2009593, 5, 80
2019.26154272, 45.5645135769302, 124.253934596121, 127.008255004883, 2009593, 5, 80
2019.26154272, 45.5643404453148, 124.25391179723, 126.960838317871, 2009593, 5, 80
2019.26154272, 45.5641224744589, 124.253882886324, 126.90283203125, 2009593, 5, 81
2019.26154272, 45.5639111377013, 124.253854536724, 126.787437438965, 2009593, 5, 82
2019.26154272, 45.5636874204592, 124.253824132618, 126.65315246582, 2009593, 5, 83
2019.26154272, 45.5634324386452, 124.253788943805, 126.597274780273, 2009593, 5, 84
2019.26154272, 45.5632230324012, 124.253759353676, 126.378875732422, 2009593, 5, 85
2019.26154272, 45.5629764963033, 124.253723996419, 126.189834594727, 2009593, 5, 87
2019.26154272, 45.5627554189463, 124.25369233809, 126.036697387695, 2009593, 5, 87
2019.26154272, 45.5625216241412, 124.253659193507, 125.842140197754, 2009593, 5, 89
2019.26154272, 45.5622811840392, 124.253625699344, 125.650047302246, 2009593, 5, 89
2019.26154272, 45.5620974336426, 124.253600440323, 125.084358215332, 2009593, 5, 92
2019.26154272, 45.5619827769784, 124.253585329074, 124.842399597168, 2009593, 5, 94
2019.26154272, 45.5619063044943, 124.25357535862, 124.77995300293, 2009593, 5, 94
2019.26154272, 45.5618552952967, 124.253568732429, 124.778984069824, 2009593, 5, 94
2019.26154272, 45.5618170130558, 124.253563749565, 124.774780273438, 2009593, 5, 94
2019.26154272, 45.561778744309, 124.253558809966, 124.715637207031, 2009593, 5, 94
2019.26154272, 45.5617532160652, 124.253555502024, 124.713035583496, 2009593, 5, 94
2019.26154272, 45.5617213002708, 124.253551370382, 124.768646240234, 2009593, 5, 95
2019.26154272, 45.561663846475, 124.253543945288, 124.801124572754, 2009593, 5, 95
2019.26154272, 45.5615808431937, 124.253533242521, 124.764656066895, 2009593, 5, 95
2019.26154272, 45.5615489031721, 124.253529108847, 124.700157165527, 2009593, 5, 95
2019.26154272, 45.561523359728, 124.253525818809, 124.744621276855, 2009593, 5, 95
2019.26154272, 45.5614978164017, 124.253522528299, 124.783554077148, 2009593, 5, 96
2019.26154272, 45.561478657565, 124.253520055285, 124.765022277832, 2009593, 5, 96
2019.26154272, 45.5614531053421, 124.253516749929, 124.756156921387, 2009593, 5, 96
2019.26154272, 45.561427556269, 124.253513449822, 124.772705078125, 2009593, 5, 96
2019.26154272, 45.5614020058598, 124.253510144251, 124.752143859863, 2009593, 5, 96
2019.26154272, 45.5613764593135, 124.253506842878, 124.736015319824, 2009593, 5, 96
2019.26154272, 45.5613509083009, 124.253503530219, 124.725311279297, 2009593, 5, 96
2019.26154272, 45.5613253490661, 124.253500200241, 124.731025695801, 2009593, 5, 96
2019.26154272, 45.5612934200417, 124.253496064372, 124.723533630371, 2009593, 5, 93
2019.26154272, 45.5612614911306, 124.253491916606, 124.733779907227, 2009593, 5, 93
2019.26154272, 45.5612295597613, 124.253487758057, 124.734436035156, 2009593, 5, 95
2019.26154272, 45.5611976198374, 124.253483575413, 124.732597351074, 2009593, 5, 95
2019.26154272, 45.5611656932989, 124.253479401739, 124.673080444336, 2009593, 5, 95
2019.26154272, 45.561140155236, 124.253476059878, 124.706367492676, 2009593, 5, 95
2019.26154272, 45.5611082444465, 124.253471887548, 124.729957580566, 2009593, 5, 95
2019.26154272, 45.5610890896632, 124.253469364125, 124.742401123047, 2009593, 5, 95
2019.26154272, 45.5610635638787, 124.253466012789, 124.739112854004, 2009593, 5, 95
2019.26154272, 45.5610444158891, 124.253463484505, 124.743545532227, 2009593, 5, 95
2019.26154272, 45.5610188952723, 124.253460123402, 124.732872009277, 2009593, 5, 95
2019.26154272, 45.5609933739688, 124.253456750996, 124.732383728027, 2009593, 5, 96
2019.26154272, 45.5609678549064, 124.253453370249, 124.719108581543, 2009593, 5, 96
2019.26154272, 45.5609423384282, 124.253449983498, 124.718925476074, 2009593, 5, 96
2019.26154272, 45.560916828099, 124.253446593379, 124.716041564941, 2009593, 5, 96
2019.26154272, 45.5608913176578, 124.253443190903, 124.714431762695, 2009593, 5, 96
2019.26154272, 45.5608656681882, 124.253440059171, 124.71891784668, 2009593, 5, 96
2019.26154272, 45.560840213732, 124.253436557911, 124.695861816406, 2009593, 5, 96
2019.26154272, 45.5608147626088, 124.253433046885, 124.703605651855, 2009593, 5, 96
2019.26154272, 45.5607893178046, 124.253429538312, 124.698341369629, 2009593, 5, 96
2019.26154272, 45.5607638773296, 124.253426023769, 124.730773925781, 2009593, 5, 96
2019.26154272, 45.5607384467667, 124.253422514108, 124.74144744873, 2009593, 5, 96
2019.26154272, 45.5607130143043, 124.253418991371, 124.77188873291, 2009593, 5, 96
2019.26154272, 45.5606939384548, 124.253416340241, 124.760963439941, 2009593, 5, 96
2019.26154272, 45.5606685137352, 124.253412811698, 124.738975524902, 2009593, 5, 96
2019.26154272, 45.5606430871527, 124.253409271434, 124.737312316895, 2009593, 5, 96
2019.26154272, 45.5606176665817, 124.253405731279, 124.729194641113, 2009593, 5, 96
2019.26154272, 45.5605922525422, 124.25340219049, 124.725021362305, 2009593, 5, 96
2019.26154272, 45.5605731856938, 124.253399522108, 124.746635437012, 2009593, 5, 96
2019.26154272, 45.5605477716614, 124.2533959714, 124.736488342285, 2009593, 5, 96
2019.26154272, 45.5605160149359, 124.253391540226, 124.735694885254, 2009593, 5, 96
2019.26154272, 45.5604906068451, 124.253387985008, 124.723022460938, 2009593, 5, 96
2019.26154272, 45.5604715474721, 124.253385308271, 124.719825744629, 2009593, 5, 96
2019.26154272, 45.5604461422954, 124.253381747505, 124.72721862793, 2009593, 5, 96
2019.26154272, 45.5604207423955, 124.253378189894, 124.73664855957, 2009593, 5, 96
2019.26154272, 45.5603953469884, 124.253374632654, 124.739479064941, 2009593, 5, 96
2019.26154272, 45.5603699497121, 124.253371072368, 124.737426757812, 2009593, 5, 96
2019.26154272, 45.5603509018262, 124.253368400312, 124.747741699219, 2009593, 5, 96
2019.26154272, 45.5603255066048, 124.253364838012, 124.751197814941, 2009593, 5, 96
2019.26154272, 45.5603001178211, 124.253361284104, 124.739303588867, 2009593, 5, 96
2019.26154272, 45.560281067803, 124.253358605367, 124.737831115723, 2009593, 5, 96
2019.26154272, 45.5602556760283, 124.2533550447, 124.748634338379, 2009593, 5, 96
2019.26154272, 45.5602302885408, 124.253351492066, 124.738891601562, 2009593, 5, 96
2019.26154272, 45.5602049009097, 124.253347938091, 124.73405456543, 2009593, 5, 96
2019.26154272, 45.5601795123019, 124.253344380608, 124.702949523926, 2009593, 5, 96
2019.26154272, 45.5601541240284, 124.253340828005, 124.704399108887, 2009593, 5, 96
2019.26154272, 45.5601287289296, 124.253337266964, 124.713790893555, 2009593, 5, 96
2019.26154272, 45.5601033399427, 124.253333717676, 124.704940795898, 2009593, 5, 96
2019.26154272, 45.5600779500487, 124.253330171442, 124.697708129883, 2009593, 5, 96
2019.26154272, 45.5600525603396, 124.25332662778, 124.70923614502, 2009593, 5, 96
2019.26154272, 45.5600271695211, 124.253323086531, 124.712196350098, 2009593, 5, 96
2019.26154272, 45.5600017810166, 124.253319554456, 124.727905273438, 2009593, 5, 96
2019.26154272, 45.5599763849334, 124.253316015484, 124.69310760498, 2009593, 5, 96
2019.26154272, 45.5599509950831, 124.253312488746, 124.692161560059, 2009593, 5, 96
2019.26154272, 45.5599255978624, 124.253308959834, 124.70108795166, 2009593, 5, 96
2019.26154272, 45.5599002047758, 124.253305443639, 124.698471069336, 2009593, 5, 96
2019.26154272, 45.5598748083693, 124.253301929272, 124.689628601074, 2009593, 5, 96
2019.26154272, 45.5598494063604, 124.253298414894, 124.709175109863, 2009593, 5, 96
2019.26154272, 45.5598176624117, 124.253294044916, 124.70378112793, 2009593, 5, 96
2019.26154272, 45.5597922608553, 124.253290550161, 124.717475891113, 2009593, 5, 96
2019.26154272, 45.5597668466567, 124.253287042471, 124.702499389648, 2009593, 5, 96
2019.26154272, 45.5597414391058, 124.253283552127, 124.703033447266, 2009593, 5, 96
2019.26154272, 45.5597160305165, 124.253280072669, 124.709190368652, 2009593, 5, 96
2019.26154272, 45.5596842688317, 124.253275736952, 124.711456298828, 2009593, 5, 96
2019.26154272, 45.5596588514873, 124.253272266556, 124.693115234375, 2009593, 5, 96
2019.26154272, 45.5596334299347, 124.253268801587, 124.715888977051, 2009593, 5, 96
2019.26154272, 45.5596080452094, 124.253265050737, 124.694190979004, 2009593, 5, 96
2019.26154272, 45.5595762567765, 124.253260853789, 124.702278137207, 2009593, 5, 96
2019.26154272, 45.5595508069631, 124.253257477618, 124.703498840332, 2009593, 5, 96
2019.26154272, 45.5595253594154, 124.253254113669, 124.694732666016, 2009593, 5, 96
2019.26154272, 45.5594935538605, 124.253249935915, 124.691184997559, 2009593, 5, 95
2019.26154272, 45.5594680953543, 124.253246582176, 124.697578430176, 2009593, 5, 95
2019.26154272, 45.5594362784195, 124.253242415631, 124.685195922852, 2009593, 5, 95
2019.26154272, 45.5594108060373, 124.253239064481, 124.693244934082, 2009593, 5, 95
2019.26154272, 45.5593789733338, 124.253234902173, 124.674491882324, 2009593, 5, 95
2019.26154272, 45.5593471434536, 124.253230761167, 124.721450805664, 2009593, 5, 95
2019.26154272, 45.5593216690257, 124.253227441898, 124.697784423828, 2009593, 5, 95
2019.26154272, 45.5592961824074, 124.253224109851, 124.691444396973, 2009593, 5, 95
2019.26154272, 45.5592643369057, 124.2532199833, 124.713394165039, 2009593, 5, 95
2019.26154272, 45.5592388465976, 124.25321666987, 124.704666137695, 2009593, 5, 95
2019.26154272, 45.559213345644, 124.253213348159, 124.728736877441, 2009593, 5, 95
2019.26154272, 45.5591814811872, 124.253209226434, 124.705574035645, 2009593, 5, 95
2019.26154272, 45.5591559712595, 124.253205908589, 124.720542907715, 2009593, 5, 95
2019.26154272, 45.5591240876324, 124.253201779512, 124.73112487793, 2009593, 5, 95
2019.26154272, 45.5590921996345, 124.253197651757, 124.728935241699, 2009593, 5, 95
2019.26154272, 45.5590539373846, 124.25319272308, 124.741889953613, 2009593, 5, 95
2019.26154272, 45.5590220228114, 124.253188579254, 124.707725524902, 2009593, 5, 95
2019.26154272, 45.558983747109, 124.253183655786, 124.764915466309, 2009593, 5, 95
2019.26154272, 45.55895181573, 124.253179505767, 124.730819702148, 2009593, 5, 95
2019.26154272, 45.5589135062411, 124.253174550935, 124.741821289062, 2009593, 5, 95
2019.26154272, 45.5588688205025, 124.253168794034, 124.76628112793, 2009593, 5, 95
2019.26154272, 45.5588304782443, 124.253163808672, 124.744720458984, 2009593, 5, 95
2019.26154272, 45.558792150258, 124.253158854167, 124.765823364258, 2009593, 5, 95
2019.26154272, 45.5587538053314, 124.253153880277, 124.761032104492, 2009593, 5, 95
2019.26154272, 45.5587154487487, 124.253148893735, 124.774139404297, 2009593, 5, 94
2019.26154272, 45.5586707134591, 124.253143103425, 124.754989624023, 2009593, 5, 94
2019.26154272, 45.5586387328794, 124.253138924674, 124.743560791016, 2009593, 5, 94
2019.26154272, 45.558593976801, 124.253133109243, 124.759483337402, 2009593, 5, 94
2019.26154272, 45.5585427819214, 124.253126391403, 124.760704040527, 2009593, 5, 94
2019.26154272, 45.5584788149255, 124.253118035993, 124.798385620117, 2009593, 5, 92
2019.26154272, 45.5584276090125, 124.253111291564, 124.753578186035, 2009593, 5, 92
2019.26154272, 45.5583700047684, 124.253103704869, 124.769508361816, 2009593, 5, 92
2019.26154272, 45.5583252267916, 124.253097992791, 124.756057739258, 2009593, 5, 92
2019.26154272, 45.5582867816464, 124.253092782004, 124.745079040527, 2009593, 5, 92
2019.26154272, 45.5582547562195, 124.253088454694, 124.684951782227, 2009593, 5, 92
2019.26154272, 45.5582227132081, 124.253084090363, 124.6796875, 2009593, 5, 83
2019.26154272, 45.5581906730635, 124.253079728914, 124.698951721191, 2009593, 5, 83
2019.26154272, 45.5581586339511, 124.253075363014, 124.668876647949, 2009593, 5, 83
2019.26154272, 45.5581266016852, 124.253071003095, 124.687210083008, 2009593, 5, 83
2019.26154272, 45.5581009677477, 124.253067497084, 124.699249267578, 2009593, 5, 83
2019.26154272, 45.5580753275487, 124.253063977789, 124.698181152344, 2009593, 5, 83
2019.26154272, 45.5580496943185, 124.253060465801, 124.721794128418, 2009593, 5, 83
2019.26154272, 45.5580240638828, 124.25305695358, 124.724937438965, 2009593, 5, 83
2019.26154272, 45.557998432075, 124.253053432283, 124.727798461914, 2009593, 5, 92
2019.26154272, 45.5579727970288, 124.253049905694, 124.725715637207, 2009593, 5, 92
2019.26154272, 45.5579471666061, 124.253046380887, 124.743927001953, 2009593, 5, 92
2019.26154272, 45.5579215318027, 124.25304284465, 124.74243927002, 2009593, 5, 92
2019.26154272, 45.5579023104028, 124.253040197708, 124.749351501465, 2009593, 5, 92
2019.26154272, 45.5578766765357, 124.25303665592, 124.748847961426, 2009593, 5, 92
2019.26154272, 45.5578574467308, 124.253033988787, 124.739540100098, 2009593, 5, 92
2019.26154272, 45.5578318249815, 124.253030458625, 124.757011413574, 2009593, 5, 92
2019.26154272, 45.5578125982362, 124.253027791204, 124.774887084961, 2009593, 5, 92
2019.26154272, 45.5577933788474, 124.253025132245, 124.768630981445, 2009593, 5, 92
2019.26154272, 45.5577741598766, 124.253022468494, 124.760765075684, 2009593, 5, 92
2019.26154272, 45.5577549413178, 124.253019806974, 124.77205657959, 2009593, 5, 92
2019.26154272, 45.5577357246815, 124.253017144463, 124.765045166016, 2009593, 5, 90
2019.26154272, 45.5577101063633, 124.253013596714, 124.74186706543, 2009593, 5, 90
2019.26154272, 45.5576972911617, 124.253011811608, 124.74649810791, 2009593, 5, 90
2019.26154272, 45.5576780835433, 124.253009156203, 124.770980834961, 2009593, 5, 90
2019.26154272, 45.5576588700049, 124.25300648847, 124.765686035156, 2009593, 5, 90
2019.26154272, 45.5576396575022, 124.253003819026, 124.75203704834, 2009593, 5, 90
2019.26154272, 45.557620448131, 124.253001153168, 124.752326965332, 2009593, 5, 90
2019.26154081, 49.4134417499898, 124.795983730464, 247.51953125, 2009589, 6, 81
2019.26154081, 49.413270763351, 124.795959366402, 247.524353027344, 2009589, 6, 81
2019.2615427, 45.6330976381959, 124.262116614359, 128.458908081055, 1357648, 6, 91
2019.2615427, 45.6326968850918, 124.262061100254, 128.459686279297, 1357648, 6, 91
2019.2615427, 45.6323034845207, 124.262006616531, 128.452987670898, 1357648, 6, 91
2019.2615427, 45.6319619358774, 124.261959558496, 128.462417602539, 1357648, 6, 91
2019.2615427, 45.6316582175843, 124.261917790324, 128.461029052734, 1357648, 6, 91
2019.2615427, 45.6313539466723, 124.261875996603, 128.456237792969, 1357648, 6, 91
2019.2615427, 45.6310041835695, 124.261828003937, 128.435287475586, 1357648, 6, 91
2019.2615427, 45.6305759750691, 124.261769266863, 128.458557128906, 1357648, 6, 90
2019.2615427, 45.6301338394913, 124.261709415042, 128.453155517578, 1357648, 6, 90
2019.2615427, 45.629710791439, 124.261653083478, 128.448654174805, 1357648, 6, 91
2019.2615427, 45.6292310043317, 124.261590326531, 128.475677490234, 1357648, 6, 90
2019.2615427, 45.6285046002306, 124.261493596691, 128.465698242188, 1357648, 6, 89
2019.2615427, 45.6266574566221, 124.261239071056, 128.42414855957, 1357648, 6, 91
2019.26154271, 45.5991315951719, 124.257497889354, 126.327590942383, 1357768, 6, 73
2019.26154271, 45.5990362703256, 124.257484499606, 126.333999633789, 1357768, 6, 73
2019.26154271, 45.5989091904967, 124.257466551204, 126.279769897461, 1357768, 6, 76
2019.26154271, 45.598750353309, 124.25744404754, 126.247062683105, 1357768, 6, 76
2019.26154271, 45.5985597672097, 124.257417008436, 126.285415649414, 1357768, 6, 78
2019.26154271, 45.5983755331233, 124.257390963568, 126.258354187012, 1357768, 6, 80
2019.26154271, 45.5982167000135, 124.25736865132, 126.264808654785, 1357768, 6, 79
2019.26154271, 45.598051490544, 124.257345629932, 126.250473022461, 1357768, 6, 79
2019.26154271, 45.5978735515011, 124.257321189498, 126.283332824707, 1357768, 6, 77
2019.26154271, 45.5976574752824, 124.25729216952, 126.3212890625, 1357768, 6, 74
2019.26154271, 45.5974221797323, 124.257260923209, 126.315093994141, 1357768, 6, 74
2019.26154271, 45.5972248881507, 124.257234891098, 126.329895019531, 1357768, 6, 73
2019.26154271, 45.5970656702731, 124.25721394016, 126.281059265137, 1357768, 6, 73
2019.26154271, 45.5969127255573, 124.257193799198, 126.289657592773, 1357768, 6, 73
2019.26154271, 45.5967533108835, 124.257172765699, 126.315223693848, 1357768, 6, 73
2019.26154271, 45.5965107287031, 124.257140456874, 126.328125, 1357768, 6, 72
2019.26154272, 45.5963382249055, 124.257117269638, 126.278091430664, 1357768, 6, 68
2019.26154272, 45.5962002919216, 124.257098618157, 126.244300842285, 1357768, 6, 59
2019.26154272, 45.5959229459042, 124.257060852874, 126.671394348145, 2009593, 6, 53
2019.26154272, 45.5921318174306, 124.256542414007, 126.803550720215, 2009593, 6, 61
2019.26154272, 45.5915719538491, 124.256468029015, 124.808692932129, 2009593, 6, 95
2019.26154272, 45.5912033468807, 124.256418587439, 124.787796020508, 2009593, 6, 95
2019.26154272, 45.5910444737475, 124.256397167956, 124.810585021973, 2009593, 6, 95
2019.26154272, 45.5909427850412, 124.256383426527, 124.86710357666, 2009593, 6, 95
2019.26154272, 45.5908601572738, 124.256372235757, 124.921234130859, 2009593, 6, 95
2019.26154272, 45.5907965899767, 124.256363609742, 124.901222229004, 2009593, 6, 95
2019.26154272, 45.5907266585271, 124.256354109232, 124.883590698242, 2009593, 6, 94
2019.26154272, 45.5906376443469, 124.256342004944, 124.831062316895, 2009593, 6, 94
2019.26154272, 45.5905295326692, 124.256327275413, 124.801002502441, 2009593, 6, 94
2019.26154272, 45.5904150360384, 124.25631165121, 124.798461914062, 2009593, 6, 93
2019.26154272, 45.590306882818, 124.256296850425, 124.80256652832, 2009593, 6, 93
2019.26154272, 45.5901986573226, 124.256282081875, 124.791816711426, 2009593, 6, 86
2019.26154272, 45.5900840370169, 124.256266411002, 124.781692504883, 2009593, 6, 86
2019.26154272, 45.5899439170566, 124.256247221179, 124.808441162109, 2009593, 6, 84
2019.26154272, 45.5897782837724, 124.256224492976, 124.816345214844, 2009593, 6, 84
2019.26154272, 45.5896126251914, 124.256201700583, 124.825325012207, 2009593, 6, 69
2019.26154272, 45.5894342157398, 124.256177086131, 124.881187438965, 2009593, 6, 56
2019.26154273, 45.572212442226, 124.2538363268, 126.806503295898, 2009593, 6, 59
2019.26154273, 45.5721106755116, 124.253822431591, 126.774223327637, 2009593, 6, 59
2019.26154273, 45.5719962249757, 124.253806791711, 126.734977722168, 2009593, 6, 53
2019.26154273, 45.5718563877949, 124.253787681279, 126.82593536377, 2009593, 6, 53
2019.26154273, 45.5703575258772, 124.253580714275, 126.445587158203, 2009593, 6, 51
2019.26154273, 45.5701599852981, 124.253553643627, 126.4072265625, 2009593, 6, 53
2019.26154273, 45.569975068445, 124.253528396971, 126.36262512207, 2009593, 6, 56
2019.26154273, 45.5698022043753, 124.253505116951, 126.267623901367, 2009593, 6, 56
2019.26154273, 45.5696484294113, 124.253484542852, 126.239799499512, 2009593, 6, 59
2019.26154273, 45.5694817916228, 124.253462297105, 126.212356567383, 2009593, 6, 64
2019.26154273, 45.5692190983969, 124.253427402254, 126.201446533203, 2009593, 6, 64
2019.26154273, 45.5690334791645, 124.253402781905, 126.208465576172, 2009593, 6, 64
2019.26154273, 45.5689311726393, 124.253389219121, 126.259902954102, 2009593, 6, 72
2019.26154273, 45.5688481097361, 124.253378201419, 126.255447387695, 2009593, 6, 72
2019.26154273, 45.5687778776081, 124.253368873989, 126.232627868652, 2009593, 6, 72
2019.26154273, 45.5687011512823, 124.25335870702, 126.244239807129, 2009593, 6, 77
2019.26154273, 45.5686438704667, 124.253351067305, 126.26879119873, 2009593, 6, 77
2019.26154273, 45.5685802633951, 124.253342569337, 126.232627868652, 2009593, 6, 77
2019.26154273, 45.5684912715747, 124.253330663193, 126.191932678223, 2009593, 6, 85
2019.26154273, 45.568395993537, 124.253317901393, 126.213111877441, 2009593, 6, 85
2019.26154273, 45.5683071280952, 124.25330597512, 126.218772888184, 2009593, 6, 85
2019.26154273, 45.5682056250135, 124.253292315719, 126.150947570801, 2009593, 6, 88
2019.26154273, 45.5680978341592, 124.253277793949, 126.140716552734, 2009593, 6, 88
2019.26154273, 45.5679837440226, 124.253262381659, 126.358535766602, 2009593, 6, 87
2019.26154273, 45.5678253260524, 124.253240934894, 126.516006469727, 2009593, 6, 83
2019.26154273, 45.5670511867661, 124.2531353707, 127.265815734863, 2009593, 6, 81
2019.26154273, 45.5657193601146, 124.252951439318, 127.222396850586, 2009593, 6, 74
2019.26154273, 45.564838885592, 124.252831079359, 127.122230529785, 2009593, 6, 77
2019.26154273, 45.5626375592072, 124.252532737819, 126.188758850098, 2009593, 6, 91
2019.26154273, 45.5611401156085, 124.252328952835, 126.151512145996, 2009593, 6, 88
2019.26154273, 45.5601512083487, 124.252195355374, 125.300476074219, 2009593, 6, 92
2019.26154273, 45.5596996553506, 124.252134740835, 124.960868835449, 2009593, 6, 94
2019.26154273, 45.5595917533203, 124.252120375664, 124.866371154785, 2009593, 6, 94
2019.26154273, 45.5595092707392, 124.252109406558, 124.56079864502, 2009593, 6, 94
2019.26154273, 45.5594521912618, 124.252101717054, 124.37532043457, 2009593, 6, 87
2019.26154273, 45.5594014463221, 124.252095059368, 124.471946716309, 2009593, 6, 87
2019.26154273, 45.5593443816594, 124.252087371943, 124.391845703125, 2009593, 6, 87
2019.26154273, 45.559293652911, 124.252080657394, 124.438812255859, 2009593, 6, 87
2019.26154273, 45.5592239100481, 124.252071423381, 124.785606384277, 2009593, 6, 59
2019.26154273, 45.5590337309735, 124.252046056624, 125.456298828125, 2009593, 6, 59
