2019.84793933, 47.2869577322138, 134.089200409264, 43.7025527954102, 2009603, 1, 68
2019.84794002, 48.6616456012816, 133.891395729481, 43.7632064819336, 2009587, 1, 93
2019.84794002, 48.6620089066013, 133.891336560652, 43.7742881774902, 2009587, 1, 93
2019.84794002, 48.662433229934, 133.891266510583, 43.7681121826172, 2009587, 1, 92
2019.84794002, 48.6627307794792, 133.891216933493, 43.7626037597656, 2009587, 1, 92
2019.84794186, 52.3601384095174, 133.325812443315, 784.842956542969, 2009603, 1, 72
2019.8479387, 45.9900081415078, 134.272364307952, 83.9059295654297, 2009603, 2, 57
2019.8479387, 45.9900462822052, 134.27235830055, 83.9347839355469, 2009603, 2, 57
2019.8479387, 45.9900905511954, 134.272351288826, 83.9139785766602, 2009603, 2, 57
2019.8479387, 45.990141671015, 134.272343344456, 83.9189147949219, 2009603, 2, 57
2019.8479387, 45.9901992178377, 134.272334339226, 83.9537506103516, 2009603, 2, 57
2019.84793923, 47.064213907869, 134.121518534351, 44.7055740356445, 2009603, 2, 51
2019.84793934, 47.2872907497508, 134.089923863929, 43.7091369628906, 2009603, 2, 90
2019.84793983, 48.2680530027123, 133.950078119182, 39.7257118225098, 2009603, 2, 57
2019.84793983, 48.268370916964, 133.950033793319, 39.7646484375, 2009603, 2, 65
2019.84793983, 48.2686948131616, 133.949988191141, 38.9443321228027, 2009603, 2, 65
2019.84793983, 48.2689548032706, 133.949951329157, 38.6381149291992, 2009603, 2, 76
2019.84793983, 48.2692275257487, 133.949913041004, 38.6333770751953, 2009603, 2, 86
2019.84793983, 48.269411544818, 133.949887354751, 38.6285514831543, 2009603, 2, 92
2019.84793983, 48.2696402077361, 133.949856228246, 38.6345672607422, 2009603, 2, 94
2019.84793983, 48.2699835604089, 133.949810391927, 38.571460723877, 2009603, 2, 95
2019.84793983, 48.2703855753643, 133.949758985792, 38.5765914916992, 2009603, 2, 95
2019.84793983, 48.2707489603463, 133.949712409804, 38.5818634033203, 2009603, 2, 96
2019.84793983, 48.2710860596081, 133.94966821787, 38.5519027709961, 2009603, 2, 96
2019.84793984, 48.2714471211343, 133.949619008096, 38.5419731140137, 2009603, 2, 96
2019.84793984, 48.2717945551917, 133.949569539717, 38.5708541870117, 2009603, 2, 96
2019.84793984, 48.2721110850783, 133.949523726884, 38.599781036377, 2009603, 2, 96
2019.84793984, 48.2727744872616, 133.949427377371, 38.5820083618164, 2009603, 2, 96
2019.84793984, 48.2730572851642, 133.949386942121, 38.6194114685059, 2009603, 2, 95
2019.84793984, 48.2733657972242, 133.949343027067, 38.5826683044434, 2009603, 2, 96
2019.84793984, 48.273705660679, 133.949294807491, 38.5697708129883, 2009603, 2, 96
2019.84793984, 48.2739926900744, 133.94925424826, 38.5785026550293, 2009603, 2, 96
2019.84793984, 48.2742847618368, 133.949212788054, 38.6163673400879, 2009603, 2, 96
2019.84793984, 48.2745257188938, 133.949178690736, 38.5900497436523, 2009603, 2, 93
2019.84793984, 48.2747412808957, 133.949148151388, 38.6185035705566, 2009603, 2, 93
2019.84793984, 48.2749696645296, 133.949115599357, 38.5959167480469, 2009603, 2, 83
2019.84793984, 48.2752112886741, 133.949081131144, 38.6102600097656, 2009603, 2, 56
2019.84793985, 48.3007666064791, 133.94504406103, 38.5140647888184, 2009603, 2, 63
2019.84793985, 48.3010204939136, 133.945003324193, 38.4831314086914, 2009603, 2, 82
2019.84793985, 48.3012934290542, 133.944959281792, 38.4638786315918, 2009603, 2, 92
2019.84793985, 48.301553795413, 133.944917025011, 38.4621620178223, 2009603, 2, 95
2019.84793985, 48.3018333969573, 133.944870862707, 38.4486389160156, 2009603, 2, 96
2019.84793985, 48.3020940182928, 133.944826510114, 38.4566383361816, 2009603, 2, 95
2019.84793985, 48.302310412112, 133.94478917949, 38.4800300598145, 2009603, 2, 95
2019.84793985, 48.3024824569249, 133.944759340083, 38.5178184509277, 2009603, 2, 95
2019.84793985, 48.3026993250487, 133.944721357986, 38.4773101806641, 2009603, 2, 96
2019.84793985, 48.3029164199582, 133.944683255966, 38.4838714599609, 2009603, 2, 96
2019.84793985, 48.3031401865706, 133.944644045602, 38.4982643127441, 2009603, 2, 96
2019.84793985, 48.3033451154029, 133.944608232176, 38.4882011413574, 2009603, 2, 96
2019.84793985, 48.3035881850302, 133.944566100017, 38.4793891906738, 2009603, 2, 96
2019.84793985, 48.3038179372355, 133.944526695856, 38.4902610778809, 2009603, 2, 96
2019.84793985, 48.304002521612, 133.94449536163, 38.4953765869141, 2009603, 2, 96
2019.84793985, 48.3041929774543, 133.94446360086, 38.4819374084473, 2009603, 2, 96
2019.84793985, 48.3044080014734, 133.944428017095, 38.4642601013184, 2009603, 2, 96
2019.84793985, 48.304634513136, 133.944391316019, 38.4835662841797, 2009603, 2, 96
2019.84793985, 48.3048983877459, 133.944348275014, 38.4815330505371, 2009603, 2, 96
2019.84793985, 48.3051309040378, 133.944309972284, 38.4985694885254, 2009603, 2, 96
2019.84793985, 48.3053322692, 133.944276091465, 38.467830657959, 2009603, 2, 95
2019.84793985, 48.3055591572053, 133.944237361328, 38.4686737060547, 2009603, 2, 94
2019.84793985, 48.3057557102592, 133.944202173166, 38.4889907836914, 2009603, 2, 71
2019.84793985, 48.3059399892336, 133.944168848294, 38.4800834655762, 2009603, 2, 71
2019.84794003, 48.6612581290645, 133.892215148793, 43.7755165100098, 2009587, 2, 92
2019.84794003, 48.6613090549518, 133.892206384158, 43.7893981933594, 2009587, 2, 92
2019.84794003, 48.6613536248828, 133.892198763536, 43.8056373596191, 2009587, 2, 92
2019.84794003, 48.6613982106541, 133.892191235068, 43.8105049133301, 2009587, 2, 92
2019.84794003, 48.6614491625946, 133.892182557905, 43.8094139099121, 2009587, 2, 92
2019.84794003, 48.6615128582233, 133.892171687083, 43.7865562438965, 2009587, 2, 93
2019.84794003, 48.6616084385312, 133.892155458607, 43.8116607666016, 2009587, 2, 93
2019.84794003, 48.6617167665179, 133.892136756291, 43.8323516845703, 2009587, 2, 93
2019.84794003, 48.6618251857505, 133.892118390194, 43.8243064880371, 2009587, 2, 94
2019.84794003, 48.6619207915188, 133.89210216349, 43.8214492797852, 2009587, 2, 94
2019.84794003, 48.6620359536581, 133.892082392473, 43.7973442077637, 2009587, 2, 93
2019.84794003, 48.6621511505967, 133.892062704618, 43.8144111633301, 2009587, 2, 93
2019.84794003, 48.6622727526826, 133.892041913058, 43.810245513916, 2009587, 2, 85
2019.84794003, 48.6624071392832, 133.892019070154, 43.8131675720215, 2009587, 2, 85
2019.84794003, 48.6625286908168, 133.891998557762, 43.804256439209, 2009587, 2, 85
2019.84794003, 48.6626373906246, 133.891980306822, 43.7622184753418, 2009587, 2, 85
2019.84794175, 52.1207927625709, 133.36545290642, 733.100341796875, 2009603, 2, 91
2019.84794175, 52.1214546355157, 133.365338869128, 733.120056152344, 2009603, 2, 89
2019.84794187, 52.3602874090424, 133.327068449255, 783.686828613281, 2009603, 2, 59
2019.84794187, 52.3604463291679, 133.327041271178, 783.718566894531, 2009603, 2, 59
2019.84794187, 52.3605987532826, 133.327015187784, 783.719116210938, 2009603, 2, 59
2019.84793868, 45.9858797403279, 134.313802550989, 86.31201171875, 2009603, 3, 61
2019.84793868, 45.9860326066492, 134.313781822551, 86.3161239624023, 2009603, 3, 76
2019.84793868, 45.986223571679, 134.313755834409, 86.2844543457031, 2009603, 3, 76
2019.84793868, 45.9871064678978, 134.313636101178, 86.1169128417969, 2009603, 3, 79
2019.84793868, 45.9873416285416, 134.313604068694, 86.1399993896484, 2009603, 3, 94
2019.84793868, 45.9875643378009, 134.313573663962, 86.1660995483398, 2009603, 3, 94
2019.84793868, 45.9877554951103, 134.313547400646, 86.1590957641602, 2009603, 3, 85
2019.84793868, 45.9879407362154, 134.313521874639, 86.2935256958008, 2009603, 3, 85
2019.84793981, 48.2540605080599, 133.993642769345, 37.9455604553223, 2009603, 3, 91
2019.84793981, 48.2549190546679, 133.993530423989, 39.1960029602051, 2009603, 3, 68
2019.84793981, 48.2558833387455, 133.993403473072, 38.2549057006836, 2009603, 3, 84
2019.84793982, 48.2568587936178, 133.993276480747, 37.8525695800781, 2009603, 3, 91
2019.84793982, 48.2579266063496, 133.993140982717, 37.8461112976074, 2009603, 3, 96
2019.84793982, 48.2587737965906, 133.993034856548, 38.1188926696777, 2009603, 3, 93
2019.84793982, 48.2736928005152, 133.991211006413, 38.1053657531738, 2009603, 3, 97
2019.84793982, 48.2747161460647, 133.991090487231, 38.148738861084, 2009603, 3, 96
2019.84793982, 48.275833015938, 133.9909542622, 38.401496887207, 2009603, 3, 97
2019.84793983, 48.2769074153351, 133.990823320183, 38.4294395446777, 2009603, 3, 96
2019.84793983, 48.2778247969326, 133.990714598429, 38.4247398376465, 2009603, 3, 97
2019.84793983, 48.2786026611125, 133.990621709462, 38.4456214904785, 2009603, 3, 92
2019.84793983, 48.2944473882187, 133.98861834158, 38.7585296630859, 2009603, 3, 83
2019.84793983, 48.2948627529975, 133.988564130614, 38.7597312927246, 2009603, 3, 69
2019.84793983, 48.2962620267334, 133.988375239035, 38.7648773193359, 2009603, 3, 89
2019.84793983, 48.2967246174386, 133.988310834917, 38.7463493347168, 2009603, 3, 88
2019.84793984, 48.2971688901973, 133.988249730143, 38.7783660888672, 2009603, 3, 78
2019.84793984, 48.2994381195709, 133.98793400024, 38.3060569763184, 2009603, 3, 96
2019.84793984, 48.3007154763604, 133.987754994455, 38.2759628295898, 2009603, 3, 97
2019.84793984, 48.3019701790464, 133.987576679514, 38.447509765625, 2009603, 3, 96
2019.84793984, 48.3033256386997, 133.98738066981, 38.4149780273438, 2009603, 3, 97
2019.84793984, 48.3042800051691, 133.987244418304, 39.2233581542969, 2009603, 3, 75
2019.84794001, 48.6386845134059, 133.938713009149, 45.1586265563965, 2009587, 3, 51
2019.84794001, 48.6428384221736, 133.938156456952, 43.1845932006836, 2009587, 3, 88
2019.84794001, 48.6430103105739, 133.93813362727, 43.1576919555664, 2009587, 3, 90
2019.84794001, 48.6432204510919, 133.938105087216, 43.1622276306152, 2009587, 3, 90
2019.84794001, 48.6434814464236, 133.938069393891, 43.1754264831543, 2009587, 3, 90
2019.84794001, 48.6436596251692, 133.938044767938, 43.1601524353027, 2009587, 3, 90
2019.84794001, 48.6438122956817, 133.938023591785, 43.1273307800293, 2009587, 3, 93
2019.84794001, 48.6439839875069, 133.937999781287, 43.1402854919434, 2009587, 3, 93
2019.84794001, 48.6441174862401, 133.937981201293, 43.0751419067383, 2009587, 3, 94
2019.84794001, 48.6442636824111, 133.937960835848, 43.1189460754395, 2009587, 3, 95
2019.84794001, 48.644428788928, 133.9379378533, 43.1045837402344, 2009587, 3, 95
2019.84794001, 48.6445621227284, 133.937919359987, 43.0675811767578, 2009587, 3, 95
2019.84794001, 48.6447589463296, 133.937892099922, 43.0819320678711, 2009587, 3, 93
2019.84794001, 48.6449303978958, 133.93786826972, 43.0979385375977, 2009587, 3, 93
2019.84794001, 48.6450701229195, 133.937848986898, 43.0727424621582, 2009587, 3, 76
2019.84794001, 48.645381488462, 133.937805958618, 43.0816802978516, 2009587, 3, 76
2019.84794175, 52.1381073216926, 133.408646083268, 740.7783203125, 2009603, 3, 84
2019.84794175, 52.1406678196374, 133.40823364073, 741.633666992188, 2009603, 3, 79
2019.84793869, 45.9855065272458, 134.314871447732, 86.3426971435547, 2009603, 4, 75
2019.84793869, 45.9855570495379, 134.31486376335, 86.3824234008789, 2009603, 4, 75
2019.84793869, 45.9856138910537, 134.314855094031, 86.3607482910156, 2009603, 4, 75
2019.84793869, 45.9856644260848, 134.314847406655, 86.351936340332, 2009603, 4, 75
2019.84793869, 45.9857149750547, 134.314839746123, 86.3338928222656, 2009603, 4, 75
2019.84793869, 45.9857718442162, 134.314831045868, 86.3600540161133, 2009603, 4, 62
2019.84793869, 45.9858350819337, 134.31482158298, 86.3640975952148, 2009603, 4, 62
2019.84793869, 45.9858919985983, 134.314812908883, 86.3225021362305, 2009603, 4, 62
2019.84793869, 45.9859489260973, 134.314804145562, 86.3471069335938, 2009603, 4, 62
2019.84793869, 45.9859995521581, 134.314796343828, 86.3281097412109, 2009603, 4, 62
2019.84793869, 45.9860502125739, 134.314788634696, 86.3310546875, 2009603, 4, 67
2019.84793869, 45.9861008873485, 134.314780847672, 86.3320770263672, 2009603, 4, 67
2019.84793869, 45.9861579251344, 134.314772072879, 86.3153228759766, 2009603, 4, 67
2019.84793869, 45.9862086586285, 134.314764296305, 86.3195114135742, 2009603, 4, 67
2019.84793869, 45.9863545585035, 134.314741779018, 86.3578643798828, 2009603, 4, 87
2019.84793869, 45.9865456641719, 134.31471134359, 86.3109283447266, 2009603, 4, 84
2019.84793869, 45.9866860332104, 134.314689073584, 86.3030624389648, 2009603, 4, 84
2019.84793869, 45.9867434716497, 134.314679719103, 86.3256530761719, 2009603, 4, 84
2019.84793869, 45.9868392809502, 134.314664378636, 86.2079086303711, 2009603, 4, 86
2019.8479387, 45.9869478977351, 134.31464677947, 86.1686630249023, 2009603, 4, 86
2019.8479387, 45.9870437852044, 134.314631346482, 86.1632308959961, 2009603, 4, 94
2019.8479387, 45.9871204992114, 134.314618874817, 86.1375579833984, 2009603, 4, 94
2019.8479387, 45.9871844565745, 134.314608660823, 86.1620788574219, 2009603, 4, 94
2019.8479387, 45.9872675698084, 134.314595111007, 86.1922073364258, 2009603, 4, 94
2019.8479387, 45.9873570884817, 134.314580613096, 86.1952514648438, 2009603, 4, 94
2019.8479387, 45.9874466110071, 134.314566224387, 86.1922836303711, 2009603, 4, 94
2019.8479387, 45.987542513034, 134.314550851006, 86.2381896972656, 2009603, 4, 94
2019.8479387, 45.987606554977, 134.31454049898, 86.2101745605469, 2009603, 4, 94
2019.8479387, 45.9876639606778, 134.314531267901, 86.190673828125, 2009603, 4, 94
2019.8479387, 45.987753267775, 134.314517153311, 86.1858825683594, 2009603, 4, 91
2019.8479387, 45.9878616856272, 134.314499998906, 86.202278137207, 2009603, 4, 91
2019.8479387, 45.9879318185741, 134.314488863803, 86.1907806396484, 2009603, 4, 91
2019.8479387, 45.9879955711737, 134.314478745446, 86.1995010375977, 2009603, 4, 91
2019.84793935, 47.3030662162224, 134.13049325195, 42.871524810791, 2009603, 4, 83
2019.84793982, 48.2539311310429, 133.995356311118, 38.6724014282227, 2009603, 4, 90
2019.84793982, 48.2541766366664, 133.995326403119, 38.6333961486816, 2009603, 4, 95
2019.84793982, 48.2544610484276, 133.995291941231, 38.6340713500977, 2009603, 4, 92
2019.84793982, 48.2546893944157, 133.995264307099, 38.7127571105957, 2009603, 4, 83
2019.84793983, 48.2552546875668, 133.995198713033, 40.3577728271484, 2009603, 4, 65
2019.84793983, 48.256124415122, 133.995096293195, 38.6551284790039, 2009603, 4, 86
2019.84793983, 48.2564761026443, 133.995053635733, 38.3936767578125, 2009603, 4, 84
2019.84793983, 48.2568516353206, 133.995007850114, 38.3864059448242, 2009603, 4, 91
2019.84793983, 48.2572004508985, 133.994965546802, 38.3833236694336, 2009603, 4, 94
2019.84793983, 48.2574662713021, 133.99493362116, 38.4019088745117, 2009603, 4, 95
2019.84793983, 48.2577762025694, 133.994896679731, 38.3911514282227, 2009603, 4, 95
2019.84793983, 48.2580610840847, 133.994862639302, 38.4232025146484, 2009603, 4, 95
2019.84793983, 48.2583210686793, 133.994831254971, 38.389949798584, 2009603, 4, 96
2019.84793983, 48.2586197743696, 133.994794843956, 38.4000663757324, 2009603, 4, 96
2019.84793983, 48.2588876186738, 133.994761409192, 38.3919105529785, 2009603, 4, 95
2019.84793983, 48.2591110841534, 133.994733345211, 38.4325523376465, 2009603, 4, 90
2019.84793983, 48.2731296388629, 133.992950217913, 38.6104164123535, 2009603, 4, 83
2019.84793983, 48.273496981449, 133.992906469292, 38.5751724243164, 2009603, 4, 96
2019.84793983, 48.2738771382834, 133.992858175271, 38.5767822265625, 2009603, 4, 96
2019.84793983, 48.2742454225859, 133.99280526882, 38.5804748535156, 2009603, 4, 97
2019.84793983, 48.2746453911702, 133.99274544607, 38.5906867980957, 2009603, 4, 96
2019.84793983, 48.2750897751962, 133.992678717349, 38.5934829711914, 2009603, 4, 96
2019.84793984, 48.2754758068146, 133.992624914433, 38.4230117797852, 2009603, 4, 96
2019.84793984, 48.275805691603, 133.992579812701, 38.4377861022949, 2009603, 4, 96
2019.84793984, 48.2762391006836, 133.992520157381, 38.4307136535645, 2009603, 4, 97
2019.84793984, 48.2766694010897, 133.992459110014, 38.4308319091797, 2009603, 4, 97
2019.84793984, 48.2770368582529, 133.992405593071, 38.4352149963379, 2009603, 4, 97
2019.84793984, 48.2773007343285, 133.992367369447, 38.4250335693359, 2009603, 4, 97
2019.84793984, 48.2775060814645, 133.992337830609, 38.3979873657227, 2009603, 4, 97
2019.84793984, 48.2776471467441, 133.99231775479, 38.446907043457, 2009603, 4, 97
2019.84793984, 48.2778316283318, 133.992292248348, 38.4477233886719, 2009603, 4, 97
2019.84793984, 48.2780535550675, 133.992262072635, 38.4688720703125, 2009603, 4, 97
2019.84793984, 48.2782053454858, 133.992241588161, 38.4493675231934, 2009603, 4, 96
2019.84793984, 48.2783884766813, 133.992217166086, 38.4345855712891, 2009603, 4, 96
2019.84793984, 48.278609243573, 133.992187869954, 38.4330749511719, 2009603, 4, 97
2019.84793984, 48.2788173324884, 133.992160247941, 38.4352836608887, 2009603, 4, 97
2019.84793984, 48.2790066147945, 133.992134982042, 38.4388999938965, 2009603, 4, 91
2019.84793984, 48.2791836652873, 133.992111086409, 38.448673248291, 2009603, 4, 91
2019.84793984, 48.2908199995806, 133.990374007192, 38.9056854248047, 2009603, 4, 67
2019.84793984, 48.2909283790365, 133.990357872639, 38.8564376831055, 2009603, 4, 67
2019.84793984, 48.2910494539606, 133.990339489645, 38.8130187988281, 2009603, 4, 83
2019.84793984, 48.2911959452153, 133.990316878151, 38.8118858337402, 2009603, 4, 83
2019.84793984, 48.2915522438458, 133.990260131286, 38.7681121826172, 2009603, 4, 57
2019.84793984, 48.2916347515858, 133.990246810527, 38.7534027099609, 2009603, 4, 89
2019.84793984, 48.2917047394292, 133.990235154023, 38.7516326904297, 2009603, 4, 89
2019.84793984, 48.2917810378875, 133.99022221929, 38.7543182373047, 2009603, 4, 88
2019.84793984, 48.2918700290124, 133.99020717666, 38.7588424682617, 2009603, 4, 88
2019.84793984, 48.2919589593248, 133.990192008195, 38.7704162597656, 2009603, 4, 88
2019.84793984, 48.292041483037, 133.990177866085, 38.7459297180176, 2009603, 4, 87
2019.84793984, 48.2921366338107, 133.990161461364, 38.7599678039551, 2009603, 4, 87
2019.84793984, 48.2922253776215, 133.990146166679, 38.7969093322754, 2009603, 4, 87
2019.84793984, 48.2923140615475, 133.99013090532, 38.7560577392578, 2009603, 4, 86
2019.84793984, 48.292390031528, 133.990117897528, 38.7609367370605, 2009603, 4, 86
2019.84793984, 48.2924659367108, 133.990104792031, 38.7315902709961, 2009603, 4, 86
2019.84793984, 48.2925291689767, 133.99009399001, 38.7847900390625, 2009603, 4, 79
2019.84793984, 48.2925986897544, 133.990082151727, 38.7740707397461, 2009603, 4, 79
2019.84793984, 48.2926808067628, 133.990068249153, 38.7807655334473, 2009603, 4, 79
2019.84793984, 48.2927628757031, 133.990054379329, 38.7516174316406, 2009603, 4, 79
2019.84793984, 48.2928512171244, 133.99003958622, 38.756404876709, 2009603, 4, 79
2019.84793984, 48.29293340721, 133.99002592914, 38.7928733825684, 2009603, 4, 79
2019.84793984, 48.2930339725517, 133.990009559787, 38.8080139160156, 2009603, 4, 58
2019.84793984, 48.2931471008876, 133.98999130278, 38.788646697998, 2009603, 4, 86
2019.84793984, 48.2932602757065, 133.989973268115, 38.782039642334, 2009603, 4, 73
2019.84793984, 48.2934050201898, 133.989950494029, 38.8925285339355, 2009603, 4, 73
2019.84793985, 48.29890139143, 133.989062759827, 38.530876159668, 2009603, 4, 88
2019.84793985, 48.2992852294024, 133.989001564689, 38.5598793029785, 2009603, 4, 97
2019.84793985, 48.2997431529714, 133.988929123398, 38.5158576965332, 2009603, 4, 97
2019.84793985, 48.3002672025151, 133.988844329722, 38.5512008666992, 2009603, 4, 97
2019.84793985, 48.3007018888391, 133.988771712449, 38.4594535827637, 2009603, 4, 97
2019.84793985, 48.3010078404117, 133.988718892595, 38.3099594116211, 2009603, 4, 97
2019.84793985, 48.3013384897891, 133.988661444538, 38.3080863952637, 2009603, 4, 96
2019.84793985, 48.3017570505984, 133.988589107918, 38.2916564941406, 2009603, 4, 97
2019.84793985, 48.3020859024091, 133.988533289512, 38.2900047302246, 2009603, 4, 96
2019.84793985, 48.3024209936616, 133.988477487525, 38.3094673156738, 2009603, 4, 97
2019.84793985, 48.3028393291769, 133.988408280203, 38.2717704772949, 2009603, 4, 97
2019.84793985, 48.3032341486927, 133.988343186593, 38.2768974304199, 2009603, 4, 97
2019.84793985, 48.303560595285, 133.988289014479, 38.2771987915039, 2009603, 4, 96
2019.84793985, 48.3039120724293, 133.988230652961, 38.2961502075195, 2009603, 4, 95
2019.84793985, 48.3042176485269, 133.988179948077, 38.4757766723633, 2009603, 4, 90
2019.84793985, 48.3045087692584, 133.988131852031, 38.9705657958984, 2009603, 4, 79
2019.84793985, 48.3048670449073, 133.988072766394, 39.2635841369629, 2009603, 4, 69
2019.84793985, 48.3051882847316, 133.988018882997, 39.6061172485352, 2009603, 4, 59
2019.84794002, 48.6438466695983, 133.939152318977, 43.1069717407227, 2009587, 4, 57
2019.84794002, 48.6439172139274, 133.939141349877, 43.0854034423828, 2009587, 4, 57
2019.84794002, 48.6439748943759, 133.939132379119, 43.0998039245605, 2009587, 4, 57
2019.84794002, 48.6440261395335, 133.939124467445, 43.1302452087402, 2009587, 4, 82
2019.84794002, 48.6441029353558, 133.939112463956, 43.1457557678223, 2009587, 4, 82
2019.84794002, 48.6442180330345, 133.939094431059, 43.1444206237793, 2009587, 4, 82
2019.84794002, 48.6443515271505, 133.939072868864, 43.1059913635254, 2009587, 4, 83
2019.84794002, 48.6444657801647, 133.939054378858, 43.1000061035156, 2009587, 4, 83
2019.84794002, 48.6445989011093, 133.939032726349, 43.1134643554688, 2009587, 4, 82
2019.84794002, 48.6447381804423, 133.939009822617, 43.1120948791504, 2009587, 4, 82
2019.84794002, 48.6448963017332, 133.93898362058, 43.0976524353027, 2009587, 4, 90
2019.84794002, 48.6450796621028, 133.938953340845, 43.0944671630859, 2009587, 4, 93
2019.84794002, 48.6452250624254, 133.938929073572, 43.080883026123, 2009587, 4, 93
2019.84794002, 48.6453325668321, 133.93891111636, 43.0715789794922, 2009587, 4, 93
2019.84794002, 48.6454083425311, 133.938898397638, 43.0857849121094, 2009587, 4, 93
2019.84794002, 48.6454653862392, 133.938888887862, 43.074348449707, 2009587, 4, 93
2019.84794002, 48.6455097764918, 133.938881575862, 43.0751457214355, 2009587, 4, 94
2019.84794002, 48.6455478423369, 133.938875382473, 43.0722160339355, 2009587, 4, 94
2019.84794002, 48.6455859052403, 133.938869079122, 43.0268478393555, 2009587, 4, 94
2019.84794002, 48.6456303144823, 133.938861662338, 43.0839958190918, 2009587, 4, 94
2019.84794002, 48.6456810927013, 133.938853269071, 43.0820007324219, 2009587, 4, 94
2019.84794002, 48.6457763364714, 133.938837478764, 43.0854911804199, 2009587, 4, 93
2019.84794002, 48.6458589294596, 133.938823829873, 43.086311340332, 2009587, 4, 93
2019.84794002, 48.6462341422879, 133.938761294444, 43.0811729431152, 2009587, 4, 93
2019.84794002, 48.646437850783, 133.938727132536, 43.0686836242676, 2009587, 4, 92
2019.84794002, 48.646552455951, 133.938707721556, 43.0501480102539, 2009587, 4, 88
2019.84794002, 48.6467371310045, 133.938676548637, 43.0834655761719, 2009587, 4, 88
2019.84794176, 52.1368374493869, 133.409996797157, 739.555969238281, 2009603, 4, 58
2019.84794176, 52.1374271389315, 133.409892020333, 739.481262207031, 2009603, 4, 74
2019.84793868, 45.9753128303406, 134.356807466539, 89.1725540161133, 2009603, 5, 72
2019.84793868, 45.9764555659764, 134.35667132903, 88.8086166381836, 2009603, 5, 66
2019.84793868, 45.9782682872899, 134.356452674112, 88.7019805908203, 2009603, 5, 80
2019.8479393, 47.2197258839592, 134.183817561252, 43.2140274047852, 2009603, 5, 89
2019.8479393, 47.2200059057848, 134.183784146352, 43.1866607666016, 2009603, 5, 87
2019.8479393, 47.2202037413631, 134.183760118254, 43.1748886108398, 2009603, 5, 87
2019.8479393, 47.2204464064931, 134.183730681003, 43.1747398376465, 2009603, 5, 89
2019.8479393, 47.2209061880107, 134.183675097471, 43.204647064209, 2009603, 5, 91
2019.8479393, 47.2213525308162, 134.183621883339, 43.1959037780762, 2009603, 5, 92
2019.8479393, 47.2221601441412, 134.183527878741, 43.1741981506348, 2009603, 5, 95
2019.8479393, 47.2227278794988, 134.183461693823, 43.1856575012207, 2009603, 5, 96
2019.8479393, 47.2230543373419, 134.183423126563, 43.1689453125, 2009603, 5, 96
2019.8479393, 47.2233487456711, 134.183388288224, 43.1778259277344, 2009603, 5, 96
2019.8479393, 47.2236300676874, 134.183354855038, 43.1881256103516, 2009603, 5, 96
2019.8479393, 47.2240444755324, 134.183305751999, 43.1749534606934, 2009603, 5, 97
2019.8479393, 47.2242797770258, 134.183277926713, 43.1420822143555, 2009603, 5, 97
2019.8479393, 47.22452140604, 134.183249598013, 43.1756439208984, 2009603, 5, 96
2019.8479393, 47.2248777691615, 134.183208285632, 43.1768074035645, 2009603, 5, 96
2019.8479393, 47.2257658429742, 134.183108049488, 43.1980781555176, 2009603, 5, 95
2019.8479393, 47.226717072953, 134.182999313999, 43.1842193603516, 2009603, 5, 95
2019.8479393, 47.232828360822, 134.182304008416, 43.0854949951172, 2009603, 5, 63
2019.84793934, 47.3104061131937, 134.17103577481, 42.6782417297363, 2009603, 5, 53
2019.84793934, 47.3107744432816, 134.170979290564, 42.680347442627, 2009603, 5, 94
2019.84793934, 47.3123225443113, 134.170742901221, 42.6622047424316, 2009603, 5, 96
2019.84793934, 47.3134031155366, 134.170577854825, 42.6797103881836, 2009603, 5, 95
2019.84793934, 47.3152444800739, 134.170298113898, 42.6557464599609, 2009603, 5, 95
2019.84793934, 47.3169124790695, 134.170054601795, 42.6412086486816, 2009603, 5, 98
2019.84793935, 47.3173141516238, 134.169994166365, 42.6412391662598, 2009603, 5, 96
2019.84793935, 47.3174352348153, 134.169975934456, 42.6322822570801, 2009603, 5, 96
2019.84793935, 47.317556285685, 134.169957703603, 42.6470794677734, 2009603, 5, 96
2019.84793935, 47.3176900280783, 134.169937613124, 42.6358604431152, 2009603, 5, 96
2019.84793935, 47.3178109866187, 134.169919498501, 42.6315574645996, 2009603, 5, 97
2019.84793935, 47.317931899651, 134.169901500747, 42.6304512023926, 2009603, 5, 97
2019.84793935, 47.3180527668184, 134.169883562826, 42.6429557800293, 2009603, 5, 97
2019.84793935, 47.3181861537454, 134.169863998744, 42.6438407897949, 2009603, 5, 97
2019.84793935, 47.3183131773834, 134.169845410262, 42.6396636962891, 2009603, 5, 97
2019.84793935, 47.3184846569978, 134.169820592916, 42.6933898925781, 2009603, 5, 97
2019.84793935, 47.3187833044745, 134.16977776237, 42.649227142334, 2009603, 5, 97
2019.84793935, 47.3190568068291, 134.16973902342, 42.6542625427246, 2009603, 5, 97
2019.84793935, 47.3192159655164, 134.169716686117, 42.6336135864258, 2009603, 5, 97
2019.84793935, 47.3193561843417, 134.16969705192, 42.6222724914551, 2009603, 5, 97
2019.84793935, 47.3195158082724, 134.169674803196, 42.6160583496094, 2009603, 5, 97
2019.84793935, 47.3197010088523, 134.169649063851, 42.655460357666, 2009603, 5, 97
2019.84793935, 47.3201733204578, 134.16958325894, 42.613883972168, 2009603, 5, 97
2019.84793935, 47.3207523063622, 134.169501741907, 42.605884552002, 2009603, 5, 97
2019.84793935, 47.321075678902, 134.169455689612, 42.6118698120117, 2009603, 5, 97
2019.84793935, 47.321392703255, 134.169410356217, 42.610652923584, 2009603, 5, 96
2019.84793935, 47.3216528992883, 134.169373148152, 42.6210899353027, 2009603, 5, 96
2019.84793935, 47.3222130868956, 134.169293443606, 42.606128692627, 2009603, 5, 97
2019.84793935, 47.3226022209266, 134.169238955821, 42.6197204589844, 2009603, 5, 95
2019.84793935, 47.3229275442611, 134.169194022408, 42.6171989440918, 2009603, 5, 93
2019.84793935, 47.3232079415, 134.169155854237, 42.6308975219727, 2009603, 5, 89
2019.84793935, 47.323538797626, 134.169111444278, 42.6208839416504, 2009603, 5, 82
2019.84793935, 47.3237867722696, 134.169078289648, 42.6013145446777, 2009603, 5, 79
2019.84793935, 47.3239965360522, 134.169050245355, 42.6084594726562, 2009603, 5, 79
2019.84793935, 47.3242317168296, 134.169018719573, 42.6177825927734, 2009603, 5, 74
2019.84793935, 47.3260793311169, 134.168766640459, 42.6441650390625, 2009603, 5, 94
2019.84793935, 47.3263027028065, 134.168736446403, 42.6267852783203, 2009603, 5, 95
2019.84793935, 47.326576805634, 134.16869970569, 42.6405982971191, 2009603, 5, 95
2019.84793985, 48.3264224783879, 134.02743684565, 38.3327293395996, 2009603, 5, 70
2019.84793985, 48.3316945829821, 134.026558541283, 38.0025291442871, 2009603, 5, 53
2019.84793985, 48.3325445022523, 134.026413278504, 37.9901504516602, 2009603, 5, 80
2019.84793985, 48.3334185219912, 134.026267115082, 37.9756393432617, 2009603, 5, 86
2019.84793985, 48.3342786427311, 134.026122282656, 37.9510498046875, 2009603, 5, 93
2019.84793985, 48.3351165851852, 134.025979806898, 37.9572296142578, 2009603, 5, 93
2019.84793985, 48.3361314034509, 134.025808192351, 37.9266662597656, 2009603, 5, 95
2019.84793985, 48.3371363834931, 134.025640886819, 37.9038200378418, 2009603, 5, 96
2019.84793985, 48.3382707051391, 134.025454801571, 37.893367767334, 2009603, 5, 96
2019.84793985, 48.3393259381873, 134.025276193993, 37.9434013366699, 2009603, 5, 95
2019.84793985, 48.3403190739522, 134.025107496754, 37.9627227783203, 2009603, 5, 96
2019.84793986, 48.341301829577, 134.024945862665, 37.9516220092773, 2009603, 5, 96
2019.84793986, 48.3422814185412, 134.024782791553, 37.9693412780762, 2009603, 5, 96
2019.84793986, 48.3431016154821, 134.02464543015, 37.9572830200195, 2009603, 5, 86
2019.84793986, 48.3438700926688, 134.0245173517, 37.9819641113281, 2009603, 5, 66
2019.84794001, 48.6458668731538, 133.981623482271, 42.6139450073242, 2009587, 5, 56
2019.84794001, 48.6462661160865, 133.981569569886, 42.1257247924805, 2009587, 5, 92
2019.84794001, 48.6464878390649, 133.981539578546, 42.1354331970215, 2009587, 5, 92
2019.84794001, 48.6466272812892, 133.981520619022, 42.1404685974121, 2009587, 5, 88
2019.84793869, 45.9742561854749, 134.358263660411, 89.3578720092773, 2009603, 6, 51
2019.84793869, 45.974288082278, 134.358259173161, 89.3519592285156, 2009603, 6, 51
2019.84793869, 45.9743327169686, 134.358252883802, 89.3729019165039, 2009603, 6, 51
2019.84793869, 45.9745174343414, 134.358227041207, 89.3261871337891, 2009603, 6, 59
2019.84793869, 45.9745619741648, 134.358220845759, 89.3324737548828, 2009603, 6, 59
2019.84793869, 45.9746128444586, 134.358213706097, 89.3586578369141, 2009603, 6, 59
2019.84793869, 45.9746700540513, 134.358205757197, 89.3231353759766, 2009603, 6, 59
2019.84793869, 45.9747145340399, 134.358199590723, 89.3216171264648, 2009603, 6, 59
2019.84793869, 45.9747653572775, 134.358192618319, 89.3051376342773, 2009603, 6, 89
2019.84793869, 45.9748225021062, 134.358184724234, 89.3180694580078, 2009603, 6, 89
2019.84793869, 45.9749051529908, 134.358173241884, 89.31201171875, 2009603, 6, 89
2019.84793869, 45.9749684309702, 134.358164568437, 89.2856903076172, 2009603, 6, 89
2019.84793869, 45.9777789162212, 134.357764833711, 88.807975769043, 2009603, 6, 60
2019.84793869, 45.977847801667, 134.357755001107, 88.7763671875, 2009603, 6, 60
2019.84793869, 45.9780106246351, 134.357731898435, 88.7622375488281, 2009603, 6, 80
2019.84793869, 45.9780544703375, 134.357725616614, 88.7805938720703, 2009603, 6, 80
2019.84793869, 45.9780920659611, 134.357720242109, 88.7635498046875, 2009603, 6, 80
2019.84793869, 45.9781234125232, 134.357715829853, 88.7937927246094, 2009603, 6, 80
2019.84793869, 45.9781610284394, 134.357710411209, 88.7961502075195, 2009603, 6, 80
2019.84793869, 45.9781986745542, 134.357705081874, 88.8156433105469, 2009603, 6, 80
2019.8479391, 46.8012176750043, 134.243959331511, 51.7815361022949, 2009603, 6, 88
2019.8479391, 46.802542700871, 134.24374891972, 51.7000885009766, 2009603, 6, 96
2019.84793924, 47.0871662365036, 134.203663914808, 44.2205429077148, 2009603, 6, 94
2019.84793924, 47.0877217030337, 134.203598126844, 44.2120475769043, 2009603, 6, 91
2019.84793925, 47.0965905645756, 134.20260286896, 44.1205711364746, 2009603, 6, 96
2019.84793925, 47.1001819940817, 134.202199698423, 44.1161651611328, 2009603, 6, 94
2019.84793925, 47.1009166238804, 134.20211451282, 44.0925102233887, 2009603, 6, 96
2019.84793925, 47.1019504561165, 134.201999670655, 44.1192588806152, 2009603, 6, 90
2019.84793931, 47.2176417829395, 134.185792590835, 43.2270202636719, 2009603, 6, 76
2019.84793931, 47.2181859459716, 134.185732731967, 43.3147811889648, 2009603, 6, 71
2019.84793931, 47.2183775769254, 134.185711884835, 43.2816352844238, 2009603, 6, 91
2019.84793931, 47.2184796395207, 134.185700758568, 43.2388496398926, 2009603, 6, 91
2019.84793931, 47.2185242641358, 134.185695913409, 43.2411079406738, 2009603, 6, 91
2019.84793931, 47.218562504017, 134.185691800645, 43.2057037353516, 2009603, 6, 91
2019.84793931, 47.2186070838712, 134.185686895434, 43.2019195556641, 2009603, 6, 91
2019.84793931, 47.2186452933006, 134.185682805848, 43.2200469970703, 2009603, 6, 91
2019.84793931, 47.2186900569493, 134.18567788177, 43.2166519165039, 2009603, 6, 91
2019.84793931, 47.2187281430314, 134.185673830271, 43.229175567627, 2009603, 6, 91
2019.84793931, 47.2187725401126, 134.185668956446, 43.248291015625, 2009603, 6, 90
2019.84793931, 47.2188105852911, 134.185664808988, 43.2152290344238, 2009603, 6, 90
2019.84793931, 47.2188549429214, 134.185659892067, 43.2559394836426, 2009603, 6, 90
2019.84793931, 47.2188929644419, 134.185655740789, 43.2211647033691, 2009603, 6, 90
2019.84793931, 47.2189373061137, 134.185650859154, 43.2364082336426, 2009603, 6, 90
2019.84793931, 47.2189816373795, 134.185645985144, 43.2299194335938, 2009603, 6, 90
2019.84793931, 47.2190196367805, 134.18564185807, 43.227970123291, 2009603, 6, 90
2019.84793931, 47.2190576185417, 134.185637662386, 43.2212867736816, 2009603, 6, 90
2019.84793931, 47.2190955934175, 134.185633430908, 43.2311401367188, 2009603, 6, 90
2019.84793931, 47.2191398988641, 134.185628537188, 43.2422218322754, 2009603, 6, 90
2019.84793931, 47.2191778676111, 134.185624299765, 43.2228240966797, 2009603, 6, 90
2019.84793931, 47.2192221715457, 134.185619409806, 43.2400131225586, 2009603, 6, 90
2019.84793931, 47.2192601507349, 134.18561525045, 43.2308158874512, 2009603, 6, 89
2019.84793931, 47.2193044494978, 134.185610317825, 43.2101669311523, 2009603, 6, 89
2019.84793931, 47.2193487453799, 134.185605328113, 43.2476272583008, 2009603, 6, 89
2019.84793931, 47.2193930578283, 134.185600414026, 43.2378044128418, 2009603, 6, 89
2019.84793931, 47.219443704739, 134.18559476107, 43.2303352355957, 2009603, 6, 89
2019.84793931, 47.2195006853605, 134.185588345673, 43.2370491027832, 2009603, 6, 90
2019.84793931, 47.2195703566277, 134.185580511782, 43.2409553527832, 2009603, 6, 90
2019.84793931, 47.219678078072, 134.185568298195, 43.2247772216797, 2009603, 6, 90
2019.84793931, 47.2197668543182, 134.185558229891, 43.2282943725586, 2009603, 6, 94
2019.84793931, 47.2198430077428, 134.185549624958, 43.2466011047363, 2009603, 6, 94
2019.84793931, 47.2199443488936, 134.185538090033, 43.2301750183105, 2009603, 6, 94
2019.84793931, 47.2200782040277, 134.185522694491, 43.2365913391113, 2009603, 6, 96
2019.84793931, 47.2202185775036, 134.185506434526, 43.2465858459473, 2009603, 6, 96
2019.84793931, 47.2203079790838, 134.185496082838, 43.2402191162109, 2009603, 6, 95
2019.84793931, 47.2204421495771, 134.185480509942, 43.2596397399902, 2009603, 6, 95
2019.84793931, 47.2206019389944, 134.185461881562, 43.2419166564941, 2009603, 6, 95
2019.84793931, 47.2207425897752, 134.185445572671, 43.2470970153809, 2009603, 6, 95
2019.84793931, 47.2208704333152, 134.18543073993, 43.2373313903809, 2009603, 6, 96
2019.84793931, 47.2209918521557, 134.185416674197, 43.2182769775391, 2009603, 6, 96
2019.84793931, 47.2210812772481, 134.185406289949, 43.1908645629883, 2009603, 6, 95
2019.84793931, 47.2211515270233, 134.185398210208, 43.2186851501465, 2009603, 6, 95
2019.84793931, 47.2212283069492, 134.185389214703, 43.205753326416, 2009603, 6, 95
2019.84793931, 47.2213174672054, 134.185379084131, 43.2600440979004, 2009603, 6, 95
2019.84793931, 47.2214193165589, 134.185367526102, 43.2213287353516, 2009603, 6, 95
2019.84793931, 47.2215083901235, 134.185357362079, 43.2123374938965, 2009603, 6, 95
2019.84793931, 47.221578365317, 134.185349421158, 43.214054107666, 2009603, 6, 95
2019.84793931, 47.2216356160954, 134.185342971049, 43.2047729492188, 2009603, 6, 95
2019.84793931, 47.2216864837276, 134.185337139436, 43.2138328552246, 2009603, 6, 95
2019.84793931, 47.2217373601562, 134.185331381207, 43.2271308898926, 2009603, 6, 95
2019.84793931, 47.2218136556923, 134.185322621415, 43.2258262634277, 2009603, 6, 96
2019.84793931, 47.221889954077, 134.185313893104, 43.2216987609863, 2009603, 6, 96
2019.84793931, 47.221940828172, 134.185308100572, 43.219482421875, 2009603, 6, 96
2019.84793931, 47.2219917015211, 134.18530226926, 43.2441864013672, 2009603, 6, 96
2019.84793931, 47.2220743798996, 134.185292774867, 43.272533416748, 2009603, 6, 96
2019.84793931, 47.2221761576453, 134.18528103221, 43.2523536682129, 2009603, 6, 96
2019.84793931, 47.2222461536796, 134.18527294516, 43.2619972229004, 2009603, 6, 96
2019.84793931, 47.2223161610574, 134.185264801089, 43.2399063110352, 2009603, 6, 96
2019.84793931, 47.2223989235782, 134.18525510393, 43.215747833252, 2009603, 6, 96
2019.84793931, 47.22247535786, 134.185246178242, 43.2050132751465, 2009603, 6, 96
2019.84793931, 47.2225326564274, 134.185239545434, 43.2105178833008, 2009603, 6, 95
2019.84793931, 47.2225836809661, 134.18523346902, 43.202709197998, 2009603, 6, 95
2019.84793931, 47.2226347155479, 134.185227347313, 43.2160911560059, 2009603, 6, 95
2019.84793931, 47.2226985240174, 134.185219650233, 43.1692924499512, 2009603, 6, 95
2019.84793931, 47.222775123234, 134.185210414191, 43.2148323059082, 2009603, 6, 95
2019.84793931, 47.2228325918061, 134.185203456725, 43.2160720825195, 2009603, 6, 95
2019.84793931, 47.2229092489344, 134.185194225195, 43.218448638916, 2009603, 6, 95
2019.84793931, 47.2229923223627, 134.18518421103, 43.223518371582, 2009603, 6, 95
2019.84793931, 47.2230626374975, 134.185175721756, 43.239185333252, 2009603, 6, 95
2019.84793931, 47.2231521571943, 134.185164931928, 43.1987380981445, 2009603, 6, 95
2019.84793931, 47.2232097079796, 134.1851579359, 43.1819496154785, 2009603, 6, 95
2019.84793931, 47.2232672855954, 134.185151054732, 43.2289543151855, 2009603, 6, 95
2019.84793931, 47.223318474704, 134.18514496354, 43.200309753418, 2009603, 6, 95
2019.84793931, 47.2234208499954, 134.185132700954, 43.1925010681152, 2009603, 6, 95
2019.84793931, 47.2235488478868, 134.185117519413, 43.2226905822754, 2009603, 6, 96
2019.84793931, 47.223644844458, 134.185106187948, 43.217529296875, 2009603, 6, 96
2019.84793931, 47.2237088411107, 134.185098675881, 43.196533203125, 2009603, 6, 96
2019.84793931, 47.2243548924465, 134.185025352961, 43.2535934448242, 2009603, 6, 96
2019.84793931, 47.2251115575652, 134.184938650706, 43.285026550293, 2009603, 6, 96
2019.84793931, 47.2252756699754, 134.184918685527, 43.2362365722656, 2009603, 6, 95
2019.84793931, 47.2253702807328, 134.184907070229, 43.2159233093262, 2009603, 6, 95
2019.84793931, 47.2254459484132, 134.184897701941, 43.1716194152832, 2009603, 6, 95
2019.84793931, 47.2255279299389, 134.184887600273, 43.1732711791992, 2009603, 6, 96
2019.84793931, 47.2256036066399, 134.184878208778, 43.1630554199219, 2009603, 6, 96
2019.84793931, 47.225679305993, 134.184868810093, 43.1516227722168, 2009603, 6, 96
2019.84793931, 47.2258497735715, 134.184847764412, 43.2382774353027, 2009603, 6, 95
2019.84793931, 47.2325411838423, 134.184023078519, 43.151180267334, 2009603, 6, 63
2019.84793931, 47.2325919557976, 134.184016428182, 43.1418266296387, 2009603, 6, 63
2019.84793931, 47.2326427763049, 134.184009900384, 43.1727828979492, 2009603, 6, 63
2019.84793931, 47.2327124086151, 134.18400082385, 43.1311187744141, 2009603, 6, 63
2019.84793935, 47.3124811427112, 134.171974482866, 42.695499420166, 2009603, 6, 74
2019.84793935, 47.3131729363068, 134.171892797185, 42.6971282958984, 2009603, 6, 90
2019.84793935, 47.3134272107087, 134.171861794533, 42.6714515686035, 2009603, 6, 93
2019.84793935, 47.313490825783, 134.171853992172, 42.6569633483887, 2009603, 6, 93
2019.84793935, 47.3135353604059, 134.171848473097, 42.6930389404297, 2009603, 6, 94
2019.84793935, 47.3139938973371, 134.171791159012, 42.7017669677734, 2009603, 6, 93
2019.84793935, 47.3143893970701, 134.171741049127, 42.6930084228516, 2009603, 6, 95
2019.84793935, 47.3144340718452, 134.171735299768, 42.6894340515137, 2009603, 6, 95
2019.84793935, 47.3144787559942, 134.171729625998, 42.694637298584, 2009603, 6, 95
2019.84793935, 47.3145361981695, 134.171722321181, 42.6980323791504, 2009603, 6, 95
2019.84793935, 47.3152374482367, 134.171634294082, 42.6971168518066, 2009603, 6, 95
2019.84793935, 47.3155236278444, 134.171599421365, 42.6957626342773, 2009603, 6, 95
2019.84793935, 47.3156124415419, 134.171588810192, 42.747013092041, 2009603, 6, 95
2019.84793936, 47.3158788801988, 134.171557228842, 42.693962097168, 2009603, 6, 95
2019.84793936, 47.3176096369776, 134.171351217368, 42.711353302002, 2009603, 6, 96
2019.84793936, 47.3182922433169, 134.171272713562, 42.6627159118652, 2009603, 6, 97
2019.84793936, 47.3184573577718, 134.171254328855, 42.6413764953613, 2009603, 6, 97
2019.84793936, 47.3184954601999, 134.171250105726, 42.6562576293945, 2009603, 6, 97
2019.84793936, 47.3185589600908, 134.171243015946, 42.6706123352051, 2009603, 6, 96
2019.84793936, 47.3186224665226, 134.171235940542, 42.6245193481445, 2009603, 6, 96
2019.84793936, 47.3186605754842, 134.171231680258, 42.6238975524902, 2009603, 6, 96
2019.84793936, 47.3186923351656, 134.17122812152, 42.6069564819336, 2009603, 6, 96
2019.84793936, 47.3187240953933, 134.171224534329, 42.6319618225098, 2009603, 6, 96
2019.84793936, 47.3187495158779, 134.171221729616, 42.6371231079102, 2009603, 6, 96
2019.84793936, 47.3187812794379, 134.171218104783, 42.6310234069824, 2009603, 6, 96
2019.84793936, 47.3188067079458, 134.171215302736, 42.6219253540039, 2009603, 6, 96
2019.84793936, 47.3188384789768, 134.171211674737, 42.6287384033203, 2009603, 6, 96
2019.84793936, 47.3188639154062, 134.171208863645, 42.620792388916, 2009603, 6, 96
2019.84793936, 47.3188956974127, 134.171205218762, 42.6040916442871, 2009603, 6, 96
2019.84793936, 47.3189211397079, 134.171202384328, 42.6275787353516, 2009603, 6, 96
2019.84793936, 47.3189529351012, 134.171198737484, 42.6178436279297, 2009603, 6, 96
2019.84793936, 47.3189783864926, 134.171195892907, 42.6003150939941, 2009603, 6, 96
2019.84793936, 47.3190101957265, 134.17119225013, 42.6396827697754, 2009603, 6, 96
2019.84793936, 47.319035656097, 134.171189389881, 42.6366958618164, 2009603, 6, 96
2019.84793936, 47.3190674764487, 134.171185741474, 42.631893157959, 2009603, 6, 96
2019.84793936, 47.3190993048245, 134.171182074788, 42.644832611084, 2009603, 6, 96
2019.84793936, 47.3191311488494, 134.171178461412, 42.6379318237305, 2009603, 6, 96
2019.84793936, 47.31916299525, 134.17117480244, 42.6138648986816, 2009603, 6, 96
2019.84793936, 47.3191948435763, 134.171171100459, 42.6306228637695, 2009603, 6, 96
2019.84793936, 47.319226379983, 134.171167667059, 42.6294631958008, 2009603, 6, 96
2019.84793936, 47.3192519850766, 134.171164687195, 42.6066818237305, 2009603, 6, 96
2019.84793936, 47.3192839795713, 134.171160840135, 42.629810333252, 2009603, 6, 96
2019.84793936, 47.3193095928114, 134.17115783736, 42.6057472229004, 2009603, 6, 96
2019.84793936, 47.3193416065514, 134.171154030917, 42.6346130371094, 2009603, 6, 96
2019.84793936, 47.3193736289487, 134.171150234397, 42.6273956298828, 2009603, 6, 96
2019.84793936, 47.3194120484764, 134.171145589069, 42.6267547607422, 2009603, 6, 96
2019.84793936, 47.3194440843392, 134.17114183072, 42.6407737731934, 2009603, 6, 96
2019.84793936, 47.319482514582, 134.171137215491, 42.6417922973633, 2009603, 6, 96
2019.84793936, 47.3195273485531, 134.17113178008, 42.6497077941895, 2009603, 6, 96
2019.84793936, 47.3195657927929, 134.171127225974, 42.6515426635742, 2009603, 6, 96
2019.84793936, 47.3196170300603, 134.171121005029, 42.6889839172363, 2009603, 6, 96
2019.84793936, 47.3196682733514, 134.171114863322, 42.6699066162109, 2009603, 6, 96
2019.84793936, 47.3197259098868, 134.171107950927, 42.6396369934082, 2009603, 6, 96
2019.84793936, 47.3197771266224, 134.171101783657, 42.6394271850586, 2009603, 6, 97
2019.84793936, 47.3198347200938, 134.171094798281, 42.6702041625977, 2009603, 6, 97
2019.84793936, 47.3198858995594, 134.171088625889, 42.6484794616699, 2009603, 6, 97
2019.84793936, 47.3199306618925, 134.171083236543, 42.6544303894043, 2009603, 6, 97
2019.84793936, 47.3199754170139, 134.171077909853, 42.6490936279297, 2009603, 6, 97
2019.84793936, 47.3200201397897, 134.171072505057, 42.6572914123535, 2009603, 6, 97
2019.84793936, 47.3200648386545, 134.171067098213, 42.6694755554199, 2009603, 6, 97
2019.84793936, 47.3201031422172, 134.171062524082, 42.6615600585938, 2009603, 6, 97
2019.84793936, 47.3201350504159, 134.171058748548, 42.6174659729004, 2009603, 6, 97
2019.84793936, 47.3201669420555, 134.17105493513, 42.6372299194336, 2009603, 6, 97
2019.84793936, 47.3202051855912, 134.171050307038, 42.6437911987305, 2009603, 6, 97
2019.84793936, 47.3202370551027, 134.171046555807, 42.6298370361328, 2009603, 6, 97
2019.84793936, 47.3202752633546, 134.171041948948, 42.617301940918, 2009603, 6, 97
2019.84793936, 47.3203070966606, 134.171038174231, 42.6189804077148, 2009603, 6, 97
2019.84793936, 47.3203389152653, 134.171034407177, 42.6420822143555, 2009603, 6, 97
2019.84793936, 47.3203707233037, 134.171030687651, 42.6255378723145, 2009603, 6, 97
2019.84793936, 47.3204088648756, 134.171026156794, 42.6433181762695, 2009603, 6, 97
2019.84793936, 47.3204406425449, 134.171022452875, 42.6596450805664, 2009603, 6, 97
2019.84793936, 47.3204787399024, 134.171017901897, 42.6620750427246, 2009603, 6, 97
2019.84793936, 47.3205360762532, 134.171011093551, 42.6645393371582, 2009603, 6, 97
2019.84793936, 47.3206559797892, 134.170997368712, 42.6448593139648, 2009603, 6, 97
2019.84793936, 47.3207883482556, 134.17098240457, 42.6354866027832, 2009603, 6, 97
2019.84793936, 47.320958379844, 134.170963194062, 42.6338005065918, 2009603, 6, 97
2019.84793936, 47.3210150514023, 134.170956862204, 42.611213684082, 2009603, 6, 96
2019.84793936, 47.3210906160561, 134.170948363621, 42.6636390686035, 2009603, 6, 96
2019.84793936, 47.3212733349286, 134.170927767893, 42.6345596313477, 2009603, 6, 96
2019.84793936, 47.3215575396465, 134.170895733498, 42.6436157226562, 2009603, 6, 96
2019.84793936, 47.3216461905452, 134.170885687896, 42.6276512145996, 2009603, 6, 96
2019.84793936, 47.3216969035653, 134.170879897666, 42.6138038635254, 2009603, 6, 96
2019.84793936, 47.321753666454, 134.170873658924, 42.6233406066895, 2009603, 6, 96
2019.84793936, 47.3218812592672, 134.170858745375, 42.6393775939941, 2009603, 6, 96
2019.84793936, 47.3219515454855, 134.170850478138, 42.6465034484863, 2009603, 6, 96
2019.84793936, 47.32201550362, 134.170842923444, 42.6303215026855, 2009603, 6, 98
2019.84793936, 47.3221692252046, 134.170824801214, 42.6836585998535, 2009603, 6, 98
2019.84793936, 47.322310360223, 134.170808212155, 42.6654510498047, 2009603, 6, 97
2019.84793936, 47.322400245937, 134.170797600694, 42.6483268737793, 2009603, 6, 97
2019.84793936, 47.3225223056711, 134.170783306281, 42.6755485534668, 2009603, 6, 97
2019.84793936, 47.3226315459122, 134.170770523278, 42.6977958679199, 2009603, 6, 97
2019.84793936, 47.3228307346029, 134.17074738324, 42.6581764221191, 2009603, 6, 97
2019.84793936, 47.322946344003, 134.170734132164, 42.6507606506348, 2009603, 6, 97
2019.84793936, 47.3230233697757, 134.170725294346, 42.6689033508301, 2009603, 6, 97
2019.84793936, 47.3231068288344, 134.170715792431, 42.6418266296387, 2009603, 6, 97
2019.84793936, 47.3233562196991, 134.170688239745, 42.6398086547852, 2009603, 6, 96
2019.84793936, 47.3235541617843, 134.170666505256, 42.6285858154297, 2009603, 6, 96
2019.84793936, 47.323720016896, 134.170648343773, 42.6608428955078, 2009603, 6, 96
2019.84793936, 47.3238730110812, 134.170631549782, 42.6721458435059, 2009603, 6, 95
2019.84793936, 47.3239685957596, 134.17062100533, 42.6290588378906, 2009603, 6, 95
2019.84793936, 47.3240769113607, 134.170609084121, 42.6311454772949, 2009603, 6, 95
2019.84793936, 47.3241852031743, 134.170597014549, 42.6301307678223, 2009603, 6, 95
2019.84793936, 47.324268011925, 134.170587754464, 42.6222839355469, 2009603, 6, 93
2019.84793936, 47.3243508324267, 134.170578607873, 42.6033744812012, 2009603, 6, 93
2019.84793936, 47.3244591332635, 134.170566141552, 42.6569747924805, 2009603, 6, 93
2019.84793936, 47.3245419717738, 134.170556608311, 42.6415328979492, 2009603, 6, 88
2019.84793936, 47.3246057142672, 134.170549326108, 42.6487846374512, 2009603, 6, 88
2019.84793936, 47.3246503305524, 134.170544153825, 42.6136894226074, 2009603, 6, 88
2019.84793936, 47.3247013240189, 134.170538228235, 42.5941276550293, 2009603, 6, 88
2019.84793936, 47.3247523227225, 134.170532275501, 42.6401672363281, 2009603, 6, 86
2019.84793936, 47.324809712419, 134.170525618379, 42.622615814209, 2009603, 6, 86
2019.84793936, 47.3249436536544, 134.170510038205, 42.6975364685059, 2009603, 6, 86
2019.84793936, 47.3250776460108, 134.170494426881, 42.6417808532715, 2009603, 6, 81
2019.84793936, 47.3251478351307, 134.170486148146, 42.6384162902832, 2009603, 6, 81
2019.84793936, 47.325218053684, 134.17047798119, 42.6535263061523, 2009603, 6, 81
2019.84793936, 47.3253648956477, 134.170460872112, 42.6865615844727, 2009603, 6, 78
2019.84793936, 47.3255628570991, 134.170437907218, 42.6345252990723, 2009603, 6, 78
2019.84793936, 47.3256394026758, 134.170429048002, 42.6308288574219, 2009603, 6, 78
2019.84793936, 47.3257353983301, 134.17041808055, 42.6453170776367, 2009603, 6, 78
2019.84793936, 47.3258697554172, 134.170402892482, 42.6654319763184, 2009603, 6, 68
2019.84793936, 47.3259912159277, 134.170389105899, 42.6635627746582, 2009603, 6, 68
2019.84793936, 47.3261317297777, 134.17037331462, 42.6737518310547, 2009603, 6, 55
2019.84793936, 47.3270393122996, 134.170272516164, 42.6664810180664, 2009603, 6, 90
2019.84793936, 47.3273538779664, 134.170237679144, 42.6384048461914, 2009603, 6, 93
2019.84793936, 47.3277384427084, 134.170194903988, 42.6572685241699, 2009603, 6, 91
2019.84793985, 48.3054515632818, 134.031631774541, 39.7128257751465, 2009603, 6, 58
2019.84793986, 48.3271057770005, 134.028030633253, 38.8467597961426, 2009603, 6, 67
2019.84793986, 48.3272920118322, 134.028000701112, 38.530029296875, 2009603, 6, 67
2019.84793986, 48.3274527800841, 134.027974768076, 38.4589080810547, 2009603, 6, 67
2019.84793986, 48.3276070483133, 134.027949926065, 38.437915802002, 2009603, 6, 64
2019.84793986, 48.3277354961236, 134.027929220751, 38.456241607666, 2009603, 6, 64
2019.84793986, 48.3278573894221, 134.027909553566, 38.4762382507324, 2009603, 6, 54
2019.84793986, 48.3279599189062, 134.0278930165, 38.3703765869141, 2009603, 6, 54
2019.84793986, 48.3321802000097, 134.027227317009, 38.6920013427734, 2009603, 6, 54
2019.84793986, 48.3323591869087, 134.027199283349, 38.0751686096191, 2009603, 6, 62
2019.84793986, 48.3325430952583, 134.027170779517, 38.0306854248047, 2009603, 6, 65
2019.84793986, 48.3327139723903, 134.027144171354, 38.0078506469727, 2009603, 6, 65
2019.84793986, 48.3329415118096, 134.027108627669, 38.0269584655762, 2009603, 6, 70
2019.84793986, 48.3331942569268, 134.02706897977, 38.0076293945312, 2009603, 6, 72
2019.84793986, 48.3334346205781, 134.02703125339, 38.0075454711914, 2009603, 6, 75
2019.84793986, 48.3336944910345, 134.026990306455, 38.035758972168, 2009603, 6, 83
2019.84793986, 48.3339176344748, 134.026954806739, 38.0363693237305, 2009603, 6, 85
2019.84793986, 48.3340963406381, 134.026926529036, 38.0290031433105, 2009603, 6, 86
2019.84793986, 48.3342623390209, 134.026900489997, 38.0334701538086, 2009603, 6, 86
2019.84793986, 48.3344729659434, 134.02686774648, 37.9992713928223, 2009603, 6, 86
2019.84793986, 48.3346961521496, 134.026833650161, 38.0231170654297, 2009603, 6, 90
2019.84793986, 48.3349064643563, 134.02680182926, 37.9837951660156, 2009603, 6, 90
2019.84793986, 48.3351472133884, 134.026766934477, 37.953727722168, 2009603, 6, 90
2019.84793986, 48.3353623958039, 134.026735961196, 37.9385986328125, 2009603, 6, 92
2019.84793986, 48.3355838788722, 134.026704026419, 37.9488525390625, 2009603, 6, 93
2019.84793986, 48.3358688829563, 134.026662419566, 37.9569282531738, 2009603, 6, 95
2019.84793986, 48.3361542399206, 134.026620202198, 37.9407501220703, 2009603, 6, 95
2019.84793986, 48.3364219875302, 134.026578181856, 37.9496116638184, 2009603, 6, 95
2019.84793986, 48.3367731819424, 134.026522569894, 37.9428291320801, 2009603, 6, 96
2019.84793986, 48.3370925321463, 134.026472475554, 37.9289588928223, 2009603, 6, 96
2019.84793986, 48.3373158699962, 134.026438101717, 37.9648208618164, 2009603, 6, 95
2019.84793986, 48.3375452310972, 134.026403645789, 37.9683151245117, 2009603, 6, 95
2019.84793986, 48.3377867713551, 134.026369016332, 37.9729614257812, 2009603, 6, 95
2019.84793986, 48.3380151876443, 134.026336561081, 37.9784355163574, 2009603, 6, 95
2019.84793986, 48.3382179370124, 134.026307745638, 37.9443206787109, 2009603, 6, 95
2019.84793986, 48.3384457898743, 134.026275040182, 37.9422035217285, 2009603, 6, 95
2019.84793986, 48.3386355700037, 134.02624743325, 37.9607162475586, 2009603, 6, 95
2019.84793986, 48.3388378765134, 134.02621721129, 37.9547653198242, 2009603, 6, 95
2019.84793986, 48.3390527079937, 134.026184060693, 37.9475212097168, 2009603, 6, 96
2019.84793987, 48.3392489328252, 134.026153472947, 37.9854736328125, 2009603, 6, 96
2019.84793987, 48.3394901358006, 134.026115832906, 37.9846992492676, 2009603, 6, 96
2019.84793987, 48.339725814455, 134.026079222748, 37.9601211547852, 2009603, 6, 96
2019.84793987, 48.339968358283, 134.026041838137, 37.9964790344238, 2009603, 6, 96
2019.84793987, 48.3402582798393, 134.025998825435, 37.9583778381348, 2009603, 6, 97
2019.84793987, 48.340509733336, 134.025962183358, 37.9735565185547, 2009603, 6, 97
2019.84793987, 48.3407800570444, 134.025923562046, 37.979419708252, 2009603, 6, 96
2019.84793987, 48.3409917190615, 134.025893657371, 37.986888885498, 2009603, 6, 96
2019.84793987, 48.3411833915991, 134.025866707981, 37.9326057434082, 2009603, 6, 96
2019.84793987, 48.3413866838559, 134.025838262139, 37.9298400878906, 2009603, 6, 95
2019.84793987, 48.3416009612293, 134.025808254458, 37.9425506591797, 2009603, 6, 96
2019.84793987, 48.3418148266775, 134.025778199169, 37.936824798584, 2009603, 6, 96
2019.84793987, 48.342047558722, 134.025745260668, 37.9833984375, 2009603, 6, 96
2019.84793987, 48.342274432928, 134.025712910224, 37.9929275512695, 2009603, 6, 95
2019.84793987, 48.3424830566535, 134.025682903996, 37.9673919677734, 2009603, 6, 95
2019.84793987, 48.3426674313388, 134.025656142734, 38.0030097961426, 2009603, 6, 96
2019.84793987, 48.3428657422971, 134.025627140635, 37.9899597167969, 2009603, 6, 94
2019.84793987, 48.3430516077134, 134.025599975789, 37.9917488098145, 2009603, 6, 90
2019.84793987, 48.3432247714314, 134.025574687014, 37.994068145752, 2009603, 6, 90
2019.84793987, 48.3433978890952, 134.025549443279, 37.9867744445801, 2009603, 6, 86
2019.84793987, 48.3435772338674, 134.025523486376, 37.9801330566406, 2009603, 6, 83
2019.84793987, 48.3437562719399, 134.025497859594, 37.9759979248047, 2009603, 6, 77
2019.84793987, 48.3439410024636, 134.025471615003, 38.0174674987793, 2009603, 6, 77
2019.84793987, 48.3441312084588, 134.025444984369, 37.9865074157715, 2009603, 6, 69
2019.84793987, 48.3442768157099, 134.025424818419, 37.9939117431641, 2009603, 6, 55
2019.84793987, 48.3444223146701, 134.025404945361, 37.9791564941406, 2009603, 6, 55
2019.84793987, 48.3445551048164, 134.025386911827, 37.9752159118652, 2009603, 6, 55
2019.84793987, 48.3446815761798, 134.025369906062, 38.0141944885254, 2009603, 6, 55
2019.84794002, 48.6448168770795, 133.982929975192, 42.4478759765625, 2009587, 6, 52
2019.84794002, 48.6448806277511, 133.982920455135, 42.441478729248, 2009587, 6, 52
2019.84794002, 48.6449635483321, 133.982907946515, 42.4334373474121, 2009587, 6, 52
2019.84794002, 48.6463061808526, 133.982689721958, 42.6743545532227, 2009587, 6, 67
2019.84794002, 48.6463826982629, 133.982676747981, 42.3978538513184, 2009587, 6, 67
2019.84794002, 48.6464400529176, 133.982667043997, 42.2063674926758, 2009587, 6, 67
2019.84794002, 48.6464846664215, 133.982659688932, 42.2584342956543, 2009587, 6, 67
2019.84794002, 48.646535613115, 133.98265118808, 42.2151489257812, 2009587, 6, 92
2019.84794002, 48.6465801706891, 133.982643781083, 42.2137832641602, 2009587, 6, 92
2019.84794002, 48.6466183511618, 133.982637457079, 42.164608001709, 2009587, 6, 92
2019.84794002, 48.6466628709104, 133.982630057469, 42.188835144043, 2009587, 6, 92
2019.84794002, 48.6467266391861, 133.982619205026, 42.2231903076172, 2009587, 6, 92
2019.84794002, 48.6468280542183, 133.982603125026, 42.1942138671875, 2009587, 6, 92
2019.84794002, 48.6468850632792, 133.982594104077, 42.1958656311035, 2009587, 6, 92
2019.84794002, 48.6469420638244, 133.982585202475, 42.1762275695801, 2009587, 6, 92
2019.84794002, 48.646999041356, 133.9825763068, 42.1810493469238, 2009587, 6, 92
