2020.609237, 52.6330068013198, 120.468344428379, 376.367706298828, 2009603, 1, 55
2020.609237, 52.6330451234807, 120.468338003614, 376.312377929688, 2009603, 1, 55
2020.609237, 52.6330770502375, 120.468332658106, 376.352233886719, 2009603, 1, 55
2020.609237, 52.633108978499, 120.4683272984, 376.340850830078, 2009603, 1, 55
2020.609237, 52.6331472810465, 120.468320880343, 376.373291015625, 2009603, 1, 55
2020.609237, 52.6331855679238, 120.468314476987, 376.367614746094, 2009603, 1, 55
2020.609237, 52.6332174778073, 120.468309123161, 376.319885253906, 2009603, 1, 55
2020.609237, 52.6332557477314, 120.468302728094, 376.354888916016, 2009603, 1, 83
2020.609237, 52.6332940119716, 120.468296329701, 376.341278076172, 2009603, 1, 83
2020.609237, 52.6333322671261, 120.468289932692, 376.347930908203, 2009603, 1, 83
2020.609237, 52.6333705091952, 120.46828354314, 376.33935546875, 2009603, 1, 83
2020.609237, 52.633415112803, 120.468276088983, 376.351501464844, 2009603, 1, 83
2020.609237, 52.6334596888009, 120.468268668829, 376.327819824219, 2009603, 1, 83
2020.609237, 52.6335042546644, 120.468261245084, 376.354705810547, 2009603, 1, 83
2020.609237, 52.6335615227361, 120.468251726045, 376.336883544922, 2009603, 1, 83
2020.609237, 52.6336187624838, 120.468242218128, 376.329406738281, 2009603, 1, 83
2020.609237, 52.6337077337317, 120.468227488286, 376.336059570312, 2009603, 1, 83
2020.609237, 52.6338472586208, 120.468204540997, 376.339019775391, 2009603, 1, 87
2020.609237, 52.6339925632837, 120.468180931732, 376.327667236328, 2009603, 1, 87
2020.609237, 52.6340809604571, 120.468166625963, 376.333709716797, 2009603, 1, 89
2020.609237, 52.6341567188236, 120.468154397919, 376.321594238281, 2009603, 1, 89
2020.609237, 52.6342198535766, 120.468144218575, 376.312408447266, 2009603, 1, 89
2020.609237, 52.6342766845449, 120.468135058154, 376.297973632812, 2009603, 1, 89
2020.609237, 52.6343398322175, 120.468124912669, 376.313201904297, 2009603, 1, 89
2020.609237, 52.6344030047895, 120.468114762095, 376.290863037109, 2009603, 1, 89
2020.609237, 52.6344598803245, 120.468105624753, 376.290954589844, 2009603, 1, 89
2020.609237, 52.6345167727867, 120.468096505316, 376.283752441406, 2009603, 1, 91
2020.609237, 52.6345863579641, 120.468085333441, 376.283020019531, 2009603, 1, 91
2020.609237, 52.6346496418292, 120.468075198904, 376.271362304688, 2009603, 1, 91
2020.609237, 52.6347129653412, 120.468065061659, 376.268585205078, 2009603, 1, 91
2020.60923701, 52.6347763449799, 120.468054895101, 376.278900146484, 2009603, 1, 91
2020.60923701, 52.6348524453873, 120.468042716862, 376.254699707031, 2009603, 1, 91
2020.60923701, 52.6349159185798, 120.46803254689, 376.272827148438, 2009603, 1, 91
2020.60923701, 52.6349730871396, 120.468023386927, 376.260406494141, 2009603, 1, 91
2020.60923701, 52.6350237068827, 120.468015344811, 376.254333496094, 2009603, 1, 90
2020.60923701, 52.6350875824267, 120.468005026646, 376.245635986328, 2009603, 1, 90
2020.60923701, 52.6351387237993, 120.467996741226, 376.232055664062, 2009603, 1, 91
2020.60923701, 52.6351962722679, 120.467987445768, 376.229583740234, 2009603, 1, 91
2020.60923701, 52.6352474572516, 120.467979160779, 376.239685058594, 2009603, 1, 91
2020.60923701, 52.6352922476068, 120.467971930773, 376.242980957031, 2009603, 1, 91
2020.60923701, 52.6353370480986, 120.467964694065, 376.231811523438, 2009603, 1, 91
2020.60923701, 52.6353882623108, 120.467956421134, 376.213623046875, 2009603, 1, 91
2020.60923701, 52.6354394880551, 120.467948138396, 376.235412597656, 2009603, 1, 91
2020.60923701, 52.6354971030947, 120.467938858161, 376.217376708984, 2009603, 1, 91
2020.60923701, 52.6355483193276, 120.467930601024, 376.221313476562, 2009603, 1, 91
2020.60923701, 52.6356059337096, 120.467921320375, 376.217590332031, 2009603, 1, 91
2020.60923701, 52.6356635278493, 120.467912068411, 376.220153808594, 2009603, 1, 91
2020.60923701, 52.6357147173424, 120.467903835104, 376.194732666016, 2009603, 1, 91
2020.60923701, 52.6357722715078, 120.467894613058, 376.237579345703, 2009603, 1, 91
2020.60923701, 52.635836201224, 120.467884369726, 376.234375, 2009603, 1, 91
2020.60923701, 52.6359064802558, 120.467873130495, 376.227966308594, 2009603, 1, 91
2020.60923701, 52.6359894677998, 120.467859887304, 376.203369140625, 2009603, 1, 91
2020.60923701, 52.6360468758094, 120.46785074302, 376.205871582031, 2009603, 1, 92
2020.60923701, 52.6360978652538, 120.467842646441, 376.193328857422, 2009603, 1, 92
2020.60923701, 52.63613609322, 120.467836568078, 376.195068359375, 2009603, 1, 92
2020.60923701, 52.6361742908159, 120.467830516848, 376.184326171875, 2009603, 1, 92
2020.60923701, 52.6362124750232, 120.467824466862, 376.196899414062, 2009603, 1, 92
2020.60923701, 52.6362506372321, 120.467818430209, 376.138610839844, 2009603, 1, 95
2020.60923701, 52.6362827145304, 120.467813281933, 376.182434082031, 2009603, 1, 95
2020.60923701, 52.6363143615869, 120.467808314394, 376.143371582031, 2009603, 1, 95
2020.60923701, 52.6363523163925, 120.467802371336, 376.183166503906, 2009603, 1, 95
2020.60923701, 52.6363839380976, 120.467797410137, 376.148223876953, 2009603, 1, 95
2020.60923701, 52.6364155378499, 120.467792469242, 376.126586914062, 2009603, 1, 95
2020.60923701, 52.6364471297617, 120.467787530934, 376.153472900391, 2009603, 1, 95
2020.60923701, 52.636478712696, 120.467782591042, 376.172241210938, 2009603, 1, 95
2020.60923701, 52.6365102916306, 120.467777645814, 376.138580322266, 2009603, 1, 93
2020.60923701, 52.636548165872, 120.467771731434, 376.168243408203, 2009603, 1, 93
2020.60923701, 52.6365860283694, 120.46776581872, 376.153594970703, 2009603, 1, 93
2020.60923701, 52.6366238747025, 120.467759917534, 376.157897949219, 2009603, 1, 93
2020.60923701, 52.6366680217111, 120.467753032631, 376.160095214844, 2009603, 1, 93
2020.60923701, 52.6367121539736, 120.467746159335, 376.145904541016, 2009603, 1, 92
2020.60923701, 52.6367625860965, 120.467738292707, 376.147552490234, 2009603, 1, 92
2020.60923701, 52.6368193047647, 120.467729459823, 376.131774902344, 2009603, 1, 92
2020.60923701, 52.6368823249087, 120.467719634649, 376.163116455078, 2009603, 1, 92
2020.60923701, 52.6369327410936, 120.467711771781, 376.154510498047, 2009603, 1, 92
2020.60923701, 52.6369705607173, 120.467705858017, 376.116333007812, 2009603, 1, 92
2020.60923701, 52.637008381112, 120.467699947654, 376.119995117188, 2009603, 1, 92
2020.60923701, 52.6370461956019, 120.467694051619, 376.114898681641, 2009603, 1, 92
2020.60923701, 52.6370903283617, 120.467687151211, 376.164825439453, 2009603, 1, 92
2020.60923701, 52.6371281732197, 120.467681212936, 376.152496337891, 2009603, 1, 92
2020.60923701, 52.6371723241837, 120.467674303043, 376.144866943359, 2009603, 1, 92
2020.60923701, 52.6372101891415, 120.467668349779, 376.150756835938, 2009603, 1, 92
2020.60923701, 52.6372543663043, 120.467661415768, 376.142547607422, 2009603, 1, 78
2020.60923701, 52.6372922562291, 120.467655445413, 376.169677734375, 2009603, 1, 78
2020.60923701, 52.6373364700694, 120.467648483656, 376.133972167969, 2009603, 1, 78
2020.60923701, 52.6373807068063, 120.467641503291, 376.119689941406, 2009603, 1, 78
2020.60923701, 52.6374186483735, 120.467635492468, 376.128234863281, 2009603, 1, 78
2020.60923701, 52.6374629196522, 120.467628491314, 376.147033691406, 2009603, 1, 78
2020.60923717, 52.9708292305042, 120.413623282423, 342.297729492188, 2009603, 1, 70
2020.60923717, 52.9708859485284, 120.413614176978, 342.310211181641, 2009603, 1, 70
2020.60923717, 52.9709237510586, 120.413608127602, 342.239868164062, 2009603, 1, 70
2020.60923717, 52.9709552457222, 120.413603104774, 342.237579345703, 2009603, 1, 70
2020.60923717, 52.9709867323246, 120.413598103326, 342.231964111328, 2009603, 1, 70
2020.60923717, 52.9710119244042, 120.413594094354, 342.252044677734, 2009603, 1, 88
2020.60923717, 52.9710434065341, 120.413589112091, 342.246673583984, 2009603, 1, 88
2020.60923717, 52.9710685996739, 120.413585119845, 342.237426757812, 2009603, 1, 88
2020.60923717, 52.9711000826602, 120.413580152604, 342.244567871094, 2009603, 1, 88
2020.60923717, 52.9711252719602, 120.413576182333, 342.254913330078, 2009603, 1, 88
2020.60923717, 52.9711504678417, 120.413572206042, 342.256866455078, 2009603, 1, 88
2020.60923717, 52.9711819558833, 120.413567263391, 342.256683349609, 2009603, 1, 88
2020.60923717, 52.9712134519958, 120.413562317009, 342.255279541016, 2009603, 1, 88
2020.60923717, 52.9712386556551, 120.413558355342, 342.2490234375, 2009603, 1, 88
2020.60923717, 52.9712764599169, 120.413552443175, 342.251556396484, 2009603, 1, 93
2020.60923717, 52.9713016747647, 120.413548491387, 342.260864257812, 2009603, 1, 93
2020.60923717, 52.9713331978376, 120.413543560737, 342.239898681641, 2009603, 1, 93
2020.60923717, 52.9713710283085, 120.413537665312, 342.241516113281, 2009603, 1, 93
2020.60923717, 52.9713962658116, 120.413533717546, 342.262786865234, 2009603, 1, 93
2020.60923717, 52.9714278158824, 120.413528797979, 342.212829589844, 2009603, 1, 93
2020.60923717, 52.9714593716542, 120.413523885445, 342.227996826172, 2009603, 1, 93
2020.60923717, 52.9714846324676, 120.413519943535, 342.228271484375, 2009603, 1, 93
2020.60923717, 52.9715162121085, 120.413515032456, 342.238952636719, 2009603, 1, 90
2020.60923717, 52.9715414881528, 120.413511094665, 342.239044189453, 2009603, 1, 90
2020.60923717, 52.9715667739319, 120.41350715557, 342.237823486328, 2009603, 1, 90
2020.60923717, 52.9715920680234, 120.413503216796, 342.242797851562, 2009603, 1, 90
2020.60923717, 52.9716173740292, 120.4134992705, 342.230926513672, 2009603, 1, 94
2020.60923717, 52.9716426879284, 120.413495325791, 342.236755371094, 2009603, 1, 94
2020.60923717, 52.9716680072579, 120.413491382496, 342.241088867188, 2009603, 1, 94
2020.60923717, 52.9716996741401, 120.413486448829, 342.230285644531, 2009603, 1, 94
2020.60923717, 52.9717250204712, 120.413482495604, 342.230651855469, 2009603, 1, 94
2020.60923717, 52.97175038028, 120.413478532329, 342.233489990234, 2009603, 1, 93
2020.60923717, 52.9717757476447, 120.413474572054, 342.259552001953, 2009603, 1, 93
2020.60923717, 52.9718074691864, 120.413469619892, 342.250854492188, 2009603, 1, 93
2020.60923717, 52.9718328638648, 120.41346564333, 342.251037597656, 2009603, 1, 93
2020.60923717, 52.9718577713654, 120.41346178213, 342.234252929688, 2009603, 1, 93
2020.60923717, 52.9718897338628, 120.413456763282, 342.247863769531, 2009603, 1, 93
2020.60923717, 52.971915321087, 120.413452737148, 342.245849609375, 2009603, 1, 93
2020.60923717, 52.9719409164525, 120.413448705885, 342.245697021484, 2009603, 1, 93
2020.60923717, 52.9719665244301, 120.413444664041, 342.24462890625, 2009603, 1, 93
2020.60923717, 52.9719985425203, 120.413439613265, 342.247833251953, 2009603, 1, 93
2020.60923717, 52.9720241673888, 120.413435561848, 342.250854492188, 2009603, 1, 93
2020.60923717, 52.9720498013167, 120.413431503432, 342.226654052734, 2009603, 1, 93
2020.60923717, 52.972075443751, 120.413427435958, 342.250885009766, 2009603, 1, 93
2020.60923717, 52.972107497756, 120.413422354982, 342.247772216797, 2009603, 1, 93
2020.60923717, 52.9721331535871, 120.413418276739, 342.247161865234, 2009603, 1, 93
2020.60923717, 52.9721588146566, 120.413414188188, 342.238220214844, 2009603, 1, 93
2020.60923717, 52.9721844788891, 120.413410098394, 342.228363037109, 2009603, 1, 93
2020.60923717, 52.9722101465293, 120.413406003541, 342.244964599609, 2009603, 1, 93
2020.60923717, 52.972235819686, 120.413401897697, 342.23779296875, 2009603, 1, 93
2020.60923717, 52.97226149333, 120.413397790465, 342.2470703125, 2009603, 1, 94
2020.60923717, 52.9722935873425, 120.413392647754, 342.233673095703, 2009603, 1, 94
2020.60923717, 52.9723192654564, 120.413388521469, 342.216278076172, 2009603, 1, 94
2020.60923717, 52.9723449435876, 120.413384394295, 342.208587646484, 2009603, 1, 94
2020.60923717, 52.9723706224929, 120.413380257626, 342.215087890625, 2009603, 1, 94
2020.60923717, 52.9723963052524, 120.413376107354, 342.225219726562, 2009603, 1, 94
2020.60923717, 52.972428401353, 120.413370923564, 342.218933105469, 2009603, 1, 94
2020.60923717, 52.972454078349, 120.413366765248, 342.205047607422, 2009603, 1, 94
2020.60923717, 52.9724797520004, 120.413362603229, 342.205291748047, 2009603, 1, 94
2020.60923717, 52.9725054243171, 120.413358429824, 342.194732666016, 2009603, 1, 93
2020.60923717, 52.9725310902746, 120.413354254948, 342.203338623047, 2009603, 1, 93
2020.60923717, 52.9725567542946, 120.413350073657, 342.209381103516, 2009603, 1, 93
2020.60923717, 52.9725824155893, 120.41334588275, 342.188690185547, 2009603, 1, 93
2020.60923717, 52.9726080707411, 120.413341686711, 342.192993164062, 2009603, 1, 93
2020.60923717, 52.9726273117044, 120.413338532441, 342.189483642578, 2009603, 1, 93
2020.60923717, 52.9726529566868, 120.413334327152, 342.179901123047, 2009603, 1, 93
2020.60923717, 52.9726850034894, 120.41332906644, 342.183715820312, 2009603, 1, 93
2020.60923717, 52.9727106354356, 120.413324846959, 342.173492431641, 2009603, 1, 93
2020.60923717, 52.9727362562691, 120.41332062475, 342.177703857422, 2009603, 1, 93
2020.60923717, 52.9727618730039, 120.413316395278, 342.177490234375, 2009603, 1, 93
2020.60923717, 52.9727874814035, 120.413312161259, 342.169525146484, 2009603, 1, 93
2020.60923717, 52.9728130838612, 120.413307916787, 342.168975830078, 2009603, 1, 93
2020.60923717, 52.9728386756296, 120.413303671661, 342.185943603516, 2009603, 1, 93
2020.60923717, 52.9728706487729, 120.413298364518, 342.183044433594, 2009603, 1, 93
2020.60923717, 52.9728962179954, 120.413294112119, 342.175415039062, 2009603, 1, 93
2020.60923717, 52.9729217812839, 120.413289846821, 342.184875488281, 2009603, 1, 93
2020.60923717, 52.9729473315169, 120.413285583675, 342.188140869141, 2009603, 1, 93
2020.60923717, 52.9729728697935, 120.413281314171, 342.18408203125, 2009603, 1, 93
2020.60923717, 52.9729983995848, 120.413277041887, 342.183685302734, 2009603, 1, 93
2020.60923717, 52.9730239179591, 120.413272767315, 342.191986083984, 2009603, 1, 94
2020.60923717, 52.9730494248485, 120.413268488201, 342.180206298828, 2009603, 1, 94
2020.60923717, 52.9730812934473, 120.413263137343, 342.193206787109, 2009603, 1, 94
2020.60923717, 52.9731067752701, 120.413258850357, 342.182952880859, 2009603, 1, 94
2020.60923717, 52.9731327875004, 120.413254619565, 342.182800292969, 2009603, 1, 94
2020.60923717, 52.973158088812, 120.41325030641, 342.188568115234, 2009603, 1, 94
2020.60923717, 52.9731833750191, 120.413245993357, 342.190490722656, 2009603, 1, 93
2020.60923717, 52.9732149684889, 120.413240604265, 342.206146240234, 2009603, 1, 93
2020.60923717, 52.9732402354075, 120.413236282779, 342.1923828125, 2009603, 1, 93
2020.60923717, 52.9732654934042, 120.413231958037, 342.202758789062, 2009603, 1, 93
2020.60923717, 52.9732907422201, 120.413227632028, 342.180053710938, 2009603, 1, 93
2020.60923717, 52.9733159793297, 120.413223309814, 342.180419921875, 2009603, 1, 93
2020.60923717, 52.973341211934, 120.413218982856, 342.182281494141, 2009603, 1, 93
2020.60923717, 52.9733727368664, 120.413213580869, 342.177917480469, 2009603, 1, 93
2020.60923717, 52.9733979500398, 120.413209254976, 342.17333984375, 2009603, 1, 93
2020.60923717, 52.9734231611746, 120.413204923724, 342.166717529297, 2009603, 1, 93
2020.60923717, 52.9734483643083, 120.413200596135, 342.159637451172, 2009603, 1, 93
2020.60923717, 52.9734735631476, 120.41319626945, 342.170745849609, 2009603, 1, 93
2020.60923717, 52.9735050537208, 120.413190866297, 342.167510986328, 2009603, 1, 92
2020.60923717, 52.9735302454407, 120.413186535672, 342.167572021484, 2009603, 1, 92
2020.60923717, 52.9735554332729, 120.413182212139, 342.154541015625, 2009603, 1, 92
2020.60923717, 52.9735869116384, 120.413176812209, 342.151336669922, 2009603, 1, 92
2020.60923717, 52.9736120916766, 120.413172493602, 342.132843017578, 2009603, 1, 92
2020.60923717, 52.9736372761847, 120.413168168743, 342.135162353516, 2009603, 1, 92
2020.60923717, 52.9736624566277, 120.413163852078, 342.148529052734, 2009603, 1, 92
2020.60923717, 52.9736876390809, 120.413159535648, 342.12744140625, 2009603, 1, 92
2020.60923717, 52.9737191154613, 120.413154149872, 342.134307861328, 2009603, 1, 92
2020.60923717, 52.9737442999886, 120.413149840612, 342.119293212891, 2009603, 1, 92
2020.60923717, 52.9737694861493, 120.413145535107, 342.134887695312, 2009603, 1, 94
2020.60923717, 52.9737946759015, 120.413141228777, 342.115447998047, 2009603, 1, 94
2020.60923717, 52.9738198674716, 120.413136926864, 342.146270751953, 2009603, 1, 94
2020.60923717, 52.97385136045, 120.413131563007, 342.155944824219, 2009603, 1, 94
2020.60923717, 52.9738765628754, 120.413127269202, 342.148773193359, 2009603, 1, 94
2020.60923717, 52.973901768939, 120.413122982007, 342.139343261719, 2009603, 1, 94
2020.60923717, 52.9739269825249, 120.413118692474, 342.147491455078, 2009603, 1, 94
2020.60923717, 52.9739522006365, 120.413114411799, 342.12548828125, 2009603, 1, 94
2020.60923717, 52.9739774246957, 120.413110136314, 342.137023925781, 2009603, 1, 94
2020.60923717, 52.9740026546081, 120.413105867348, 342.142425537109, 2009603, 1, 93
2020.60923717, 52.9740341982932, 120.413100540493, 342.153594970703, 2009603, 1, 93
2020.60923717, 52.9740594459203, 120.413096280167, 342.147003173828, 2009603, 1, 93
2020.60923717, 52.9740847019162, 120.413092024219, 342.135192871094, 2009603, 1, 93
2020.60923717, 52.9741099669819, 120.413087770307, 342.147186279297, 2009603, 1, 93
2020.60923717, 52.9741352418367, 120.413083523116, 342.1318359375, 2009603, 1, 93
2020.60923717, 52.9741605227794, 120.413079284115, 342.137603759766, 2009603, 1, 93
2020.60923717, 52.9741858147031, 120.413075049099, 342.135314941406, 2009603, 1, 93
2020.60923717, 52.9742174416576, 120.413069766751, 342.135437011719, 2009603, 1, 93
2020.60923717, 52.9742427545279, 120.413065541494, 342.11962890625, 2009603, 1, 93
2020.60923717, 52.9742680799846, 120.413061322664, 342.131805419922, 2009603, 1, 92
2020.60923717, 52.9742997492449, 120.413056062578, 342.109130859375, 2009603, 1, 92
2020.60923717, 52.9743250973799, 120.413051859583, 342.113403320312, 2009603, 1, 92
2020.60923717, 52.9743504572528, 120.413047660723, 342.108367919922, 2009603, 1, 92
2020.60923717, 52.9743758307507, 120.413043460336, 342.090698242188, 2009603, 1, 92
2020.60923717, 52.9744007507731, 120.41303913994, 342.095977783203, 2009603, 1, 92
2020.60923717, 52.9744326764219, 120.413033972264, 342.116943359375, 2009603, 1, 92
2020.60923717, 52.9744582285589, 120.413029840442, 342.093933105469, 2009603, 1, 92
2020.60923717, 52.9744837941949, 120.413025713217, 342.101135253906, 2009603, 1, 92
2020.60923717, 52.9745093696487, 120.413021591838, 342.099822998047, 2009603, 1, 92
2020.60923717, 52.9745285596342, 120.413018499684, 342.094940185547, 2009603, 1, 92
2020.60923717, 52.9745605487502, 120.413013364626, 342.084289550781, 2009603, 1, 92
2020.60923717, 52.9745861539027, 120.413009253063, 342.084625244141, 2009603, 1, 92
2020.60923717, 52.9746117638618, 120.413005151438, 342.104949951172, 2009603, 1, 92
2020.60923717, 52.9746373826627, 120.41300105363, 342.100067138672, 2009603, 1, 92
2020.60923717, 52.9746694120245, 120.412995942176, 342.091400146484, 2009603, 1, 92
2020.60923717, 52.9746950448772, 120.412991856122, 342.097442626953, 2009603, 1, 92
2020.60923717, 52.974720687809, 120.412987762865, 342.095855712891, 2009603, 1, 92
2020.60923717, 52.9747527414922, 120.412982670013, 342.105285644531, 2009603, 1, 92
2020.60923717, 52.9747783952887, 120.412978587491, 342.083129882812, 2009603, 1, 92
2020.60923717, 52.9748104611334, 120.412973504435, 342.092590332031, 2009603, 1, 92
2020.60923717, 52.974836122111, 120.412969431658, 342.06298828125, 2009603, 1, 92
2020.60923717, 52.9748617879026, 120.412965355459, 342.051544189453, 2009603, 1, 92
2020.60923717, 52.9748938620026, 120.412960286976, 342.077087402344, 2009603, 1, 92
2020.60923717, 52.9749195321763, 120.412956216306, 342.082122802734, 2009603, 1, 92
2020.60923717, 52.9749452022629, 120.4129521541, 342.063140869141, 2009603, 1, 92
2020.60923717, 52.9749772883421, 120.412947081339, 342.073516845703, 2009603, 1, 92
2020.60923717, 52.975009373568, 120.412942010624, 342.059844970703, 2009603, 1, 86
2020.60923717, 52.9750414527883, 120.412936952206, 342.054595947266, 2009603, 1, 86
2020.60923717, 52.9750735345582, 120.412931888792, 342.057037353516, 2009603, 1, 86
2020.60923717, 52.975099198765, 120.412927829233, 342.053558349609, 2009603, 1, 86
2020.60923717, 52.9751312743574, 120.412922764882, 342.072692871094, 2009603, 1, 86
2020.60923717, 52.9751633421088, 120.412917707157, 342.041961669922, 2009603, 1, 86
2020.60923717, 52.975195403191, 120.412912649252, 342.053100585938, 2009603, 1, 86
2020.60923717, 52.9752338715215, 120.412906572427, 342.040069580078, 2009603, 1, 86
2020.60923717, 52.9752723293745, 120.412900492492, 342.083435058594, 2009603, 1, 73
2020.60923717, 52.97531717532, 120.41289340255, 342.061340332031, 2009603, 1, 73
2020.60923717, 52.9753620048723, 120.412886308032, 342.072967529297, 2009603, 1, 73
2020.60923717, 52.9754196019967, 120.412877198907, 342.080535888672, 2009603, 1, 73
2020.60923717, 52.975502736555, 120.412864001473, 342.080230712891, 2009603, 1, 73
2020.60923717, 52.9756112938097, 120.412846736549, 342.080474853516, 2009603, 1, 73
2020.60923717, 52.9758402246104, 120.412809892976, 342.0498046875, 2009603, 1, 65
2020.60923717, 52.9761245534299, 120.412763361081, 342.032806396484, 2009603, 1, 67
2020.60923717, 52.9763831203446, 120.412720889225, 341.98974609375, 2009603, 1, 79
2020.6092374, 53.4327575471418, 120.337914710859, 343.267425537109, 2009603, 1, 91
2020.6092374, 53.4327765027949, 120.337911670792, 343.265533447266, 2009603, 1, 91
2020.6092374, 53.4328017827452, 120.33790761647, 343.244323730469, 2009603, 1, 91
2020.6092374, 53.4328270693589, 120.337903552334, 343.229431152344, 2009603, 1, 91
2020.6092374, 53.4328523591234, 120.337899486247, 343.233764648438, 2009603, 1, 91
2020.6092374, 53.4328776569946, 120.337895409441, 343.234741210938, 2009603, 1, 91
2020.6092374, 53.4329029573211, 120.337891330903, 343.236206054688, 2009603, 1, 91
2020.6092374, 53.4329345883184, 120.337886228589, 343.233795166016, 2009603, 1, 91
2020.6092374, 53.4329598986927, 120.337882139223, 343.227752685547, 2009603, 1, 91
2020.6092374, 53.4329852144486, 120.33787804234, 343.247467041016, 2009603, 1, 91
2020.6092374, 53.4330042067769, 120.337874962475, 343.264068603516, 2009603, 1, 93
2020.6092374, 53.4330295334941, 120.337870858298, 343.263763427734, 2009603, 1, 93
2020.6092374, 53.4330485327939, 120.337867771612, 343.277069091797, 2009603, 1, 93
2020.6092374, 53.4330738701082, 120.337863653643, 343.2529296875, 2009603, 1, 93
2020.6092374, 53.4330992136598, 120.337859528652, 343.236419677734, 2009603, 1, 93
2020.6092374, 53.4331245642122, 120.337855395007, 343.240783691406, 2009603, 1, 93
2020.6092374, 53.433143581806, 120.337852286978, 343.254364013672, 2009603, 1, 93
2020.6092374, 53.4331689412477, 120.337848147984, 343.263275146484, 2009603, 1, 93
2020.6092374, 53.4331879659286, 120.337845033462, 343.264495849609, 2009603, 1, 93
2020.6092374, 53.433206992177, 120.337841917505, 343.260131835938, 2009603, 1, 93
2020.6092374, 53.4332260250558, 120.337838792686, 343.259643554688, 2009603, 1, 93
2020.6092374, 53.4332510598177, 120.337834938557, 343.243133544922, 2009603, 1, 92
2020.6092374, 53.433276558117, 120.337830663078, 343.236846923828, 2009603, 1, 92
2020.6092374, 53.433302063055, 120.337826381373, 343.244445800781, 2009603, 1, 92
2020.6092374, 53.4333275738266, 120.33782209272, 343.251190185547, 2009603, 1, 92
2020.6092374, 53.4333594671812, 120.337816726857, 343.249542236328, 2009603, 1, 92
2020.6092374, 53.4333849903226, 120.337812424146, 343.235229492188, 2009603, 1, 92
2020.6092374, 53.4334105141354, 120.337808116298, 343.224304199219, 2009603, 1, 92
2020.6092374, 53.4334360451222, 120.337803801942, 343.224273681641, 2009603, 1, 92
2020.6092374, 53.4334615780785, 120.33779948624, 343.249664306641, 2009603, 1, 92
2020.6092374, 53.433487115166, 120.337795163739, 343.249786376953, 2009603, 1, 92
2020.6092374, 53.4335062713828, 120.337791915492, 343.238037109375, 2009603, 1, 90
2020.6092374, 53.4335318111969, 120.337787587901, 343.240783691406, 2009603, 1, 90
2020.6092374, 53.4335573521041, 120.33778326051, 343.247802734375, 2009603, 1, 90
2020.6092374, 53.4335765119297, 120.337780005834, 343.250427246094, 2009603, 1, 90
2020.6092374, 53.4336020544428, 120.337775674802, 343.26611328125, 2009603, 1, 90
2020.6092374, 53.433621213595, 120.337772418945, 343.251068115234, 2009603, 1, 90
2020.6092374, 53.4336403720554, 120.337769161938, 343.259094238281, 2009603, 1, 90
2020.6092374, 53.4336595314076, 120.337765905899, 343.252838134766, 2009603, 1, 90
2020.6092374, 53.4336850747086, 120.337761568174, 343.252685546875, 2009603, 1, 90
2020.6092374, 53.4337106193373, 120.337757224837, 343.252258300781, 2009603, 1, 90
2020.6092374, 53.4337361625716, 120.337752881158, 343.227691650391, 2009603, 1, 90
2020.6092374, 53.4337617031241, 120.337748537616, 343.242919921875, 2009603, 1, 92
2020.6092374, 53.4337872422392, 120.337744196778, 343.252075195312, 2009603, 1, 92
2020.6092374, 53.4338063969973, 120.337740933493, 343.252899169922, 2009603, 1, 92
2020.6092374, 53.4338319294507, 120.337736596505, 343.235137939453, 2009603, 1, 92
2020.6092374, 53.4338574582489, 120.33773225586, 343.239013671875, 2009603, 1, 92
2020.6092374, 53.4338766060325, 120.337728997947, 343.231109619141, 2009603, 1, 92
2020.6092374, 53.4339021283743, 120.337724666211, 343.251403808594, 2009603, 1, 92
2020.6092374, 53.4339276491551, 120.337720330526, 343.232818603516, 2009603, 1, 92
2020.6092374, 53.433953164769, 120.337715998642, 343.230499267578, 2009603, 1, 92
2020.6092374, 53.4339786772887, 120.337711663482, 343.217163085938, 2009603, 1, 92
2020.6092374, 53.4340041825762, 120.337707337831, 343.209014892578, 2009603, 1, 92
2020.6092374, 53.4340360547367, 120.337701939109, 343.211090087891, 2009603, 1, 92
2020.6092374, 53.4340615443683, 120.33769762372, 343.204223632812, 2009603, 1, 92
2020.6092374, 53.4340870296731, 120.337693309889, 343.205963134766, 2009603, 1, 92
2020.6092374, 53.4341125093931, 120.337689000214, 343.194946289062, 2009603, 1, 92
2020.6092374, 53.4341379839299, 120.337684691487, 343.210662841797, 2009603, 1, 92
2020.6092374, 53.4341698120644, 120.337679323813, 343.200775146484, 2009603, 1, 92
2020.6092374, 53.4341952686058, 120.337675030307, 343.198181152344, 2009603, 1, 92
2020.6092374, 53.4342207180021, 120.337670739241, 343.177032470703, 2009603, 1, 92
2020.6092374, 53.4342461586726, 120.337666457993, 343.187561035156, 2009603, 1, 92
2020.6092374, 53.4342715909148, 120.33766218343, 343.198638916016, 2009603, 1, 92
2020.6092374, 53.4343033648814, 120.337656853692, 343.183044433594, 2009603, 1, 92
2020.6092374, 53.4343287799343, 120.337652591799, 343.194763183594, 2009603, 1, 92
2020.6092374, 53.4343541862315, 120.337648332995, 343.179565429688, 2009603, 1, 92
2020.6092374, 53.4343795823598, 120.337644086233, 343.1884765625, 2009603, 1, 92
2020.6092374, 53.4344049701706, 120.337639845307, 343.195037841797, 2009603, 1, 92
2020.6092374, 53.4344366894724, 120.337634560845, 343.198181152344, 2009603, 1, 92
2020.6092374, 53.4344620610186, 120.337630327367, 343.199127197266, 2009603, 1, 92
2020.6092374, 53.4344874163022, 120.337626111558, 343.200805664062, 2009603, 1, 92
2020.6092374, 53.4345195074552, 120.337620481877, 343.194152832031, 2009603, 1, 86
2020.6092374, 53.4345447265113, 120.337616390241, 343.199798583984, 2009603, 1, 86
2020.6092374, 53.4345699363419, 120.337612302945, 343.189117431641, 2009603, 1, 86
2020.6092374, 53.4345951375814, 120.337608225221, 343.195983886719, 2009603, 1, 86
2020.6092374, 53.434620332662, 120.337604150021, 343.189819335938, 2009603, 1, 86
2020.6092374, 53.434645519139, 120.337600083654, 343.180328369141, 2009603, 1, 86
2020.6092374, 53.4346706986088, 120.337596023229, 343.181823730469, 2009603, 1, 86
2020.6092374, 53.4346958719375, 120.337591965558, 343.175079345703, 2009603, 1, 86
2020.6092374, 53.4347210400253, 120.337587909337, 343.179504394531, 2009603, 1, 86
2020.6092374, 53.4347524895489, 120.337582857057, 343.21337890625, 2009603, 1, 67
2020.6092374, 53.4347776495827, 120.337578804888, 343.210327148438, 2009603, 1, 67
2020.6092374, 53.4348090861289, 120.337573765885, 343.2197265625, 2009603, 1, 67
2020.6092374, 53.4348342367979, 120.337569722252, 343.202301025391, 2009603, 1, 67
2020.6092374, 53.434859382189, 120.337565688171, 343.207489013672, 2009603, 1, 67
2020.6092374, 53.4348908065265, 120.337560657382, 343.219879150391, 2009603, 1, 67
2020.6092374, 53.4349159468996, 120.337556621972, 343.203033447266, 2009603, 1, 67
2020.6092374, 53.4349473674358, 120.337551593737, 343.197357177734, 2009603, 1, 67
2020.6092374, 53.4349725062315, 120.33754756505, 343.201873779297, 2009603, 1, 67
2020.6092374, 53.4349976503016, 120.337543524368, 343.205474853516, 2009603, 1, 67
2020.60923754, 53.7167642761953, 120.290868129957, 523.845520019531, 2009603, 1, 68
2020.60923754, 53.7168343731552, 120.290856955456, 523.849060058594, 2009603, 1, 68
2020.60923754, 53.7169299915964, 120.29084167235, 523.846496582031, 2009603, 1, 68
2020.60923701, 52.6325551525305, 120.469698174432, 376.447235107422, 2009603, 2, 64
2020.60923701, 52.6326949446667, 120.469675337804, 376.513732910156, 2009603, 2, 64
2020.60923701, 52.6328981818941, 120.469642200801, 376.458068847656, 2009603, 2, 87
2020.60923701, 52.6330695724089, 120.469614318604, 376.443145751953, 2009603, 2, 89
2020.60923702, 52.6332409228531, 120.469586545204, 376.4052734375, 2009603, 2, 89
2020.60923702, 52.6333805172473, 120.469563991647, 376.415985107422, 2009603, 2, 90
2020.60923702, 52.6335137554062, 120.469542531646, 376.387786865234, 2009603, 2, 90
2020.60923702, 52.6336532786784, 120.469520086036, 376.377655029297, 2009603, 2, 90
2020.60923702, 52.6338056664582, 120.469495774631, 376.376403808594, 2009603, 2, 91
2020.60923702, 52.6339580474613, 120.469471514707, 376.352264404297, 2009603, 2, 91
2020.60923702, 52.6341421875103, 120.469442266127, 376.323120117188, 2009603, 2, 90
2020.60923702, 52.6343834694024, 120.469403971293, 376.326385498047, 2009603, 2, 90
2020.60923702, 52.6345485263777, 120.469377728763, 376.289978027344, 2009603, 2, 90
2020.60923702, 52.6347326199212, 120.46934840818, 376.300811767578, 2009603, 2, 90
2020.60923702, 52.6349230855756, 120.469317953066, 376.284851074219, 2009603, 2, 92
2020.60923702, 52.6351070115947, 120.469288400187, 376.275085449219, 2009603, 2, 91
2020.60923702, 52.6353099677999, 120.469255613812, 376.257904052734, 2009603, 2, 82
2020.60923702, 52.6356017640723, 120.469208105033, 376.220489501953, 2009603, 2, 82
2020.60923702, 52.6358048355799, 120.469174804188, 376.219635009766, 2009603, 2, 87
2020.60923702, 52.6359952973094, 120.469143413618, 376.216125488281, 2009603, 2, 87
2020.60923718, 52.9725270333987, 120.414637511217, 342.249328613281, 2009603, 2, 63
2020.60923718, 52.9726100084594, 120.414624646284, 342.270660400391, 2009603, 2, 63
2020.60923718, 52.9726929740791, 120.414611734852, 342.252471923828, 2009603, 2, 63
2020.60923718, 52.9727759401787, 120.414598779568, 342.2451171875, 2009603, 2, 89
2020.60923718, 52.9728780351169, 120.414582749496, 342.222747802734, 2009603, 2, 89
2020.60923718, 52.9729801158081, 120.414566613752, 342.191192626953, 2009603, 2, 89
2020.60923718, 52.9730821641771, 120.414550600255, 342.180053710938, 2009603, 2, 94
2020.60923718, 52.9731842002603, 120.414533807338, 342.184112548828, 2009603, 2, 94
2020.60923718, 52.9732862045489, 120.414516907506, 342.180328369141, 2009603, 2, 93
2020.60923718, 52.9733881738623, 120.414499914718, 342.174621582031, 2009603, 2, 93
2020.60923718, 52.9734901029268, 120.414482854334, 342.180725097656, 2009603, 2, 93
2020.60923718, 52.973591994447, 120.414465749002, 342.184448242188, 2009603, 2, 94
2020.60923718, 52.973687477346, 120.414449687428, 342.167541503906, 2009603, 2, 94
2020.60923718, 52.9737829273541, 120.414433625859, 342.187225341797, 2009603, 2, 94
2020.60923718, 52.9738846962215, 120.414416507526, 342.177795410156, 2009603, 2, 94
2020.60923718, 52.9739737156982, 120.414401560337, 342.159027099609, 2009603, 2, 94
2020.60923718, 52.9740754129919, 120.414384525152, 342.136657714844, 2009603, 2, 93
2020.60923718, 52.9741834206778, 120.414366495458, 342.132934570312, 2009603, 2, 93
2020.60923718, 52.9742786974446, 120.414350667861, 342.138244628906, 2009603, 2, 92
2020.60923718, 52.9743803251314, 120.414333754242, 342.124389648438, 2009603, 2, 92
2020.60923718, 52.9744818036125, 120.41431737282, 342.119018554688, 2009603, 2, 92
2020.60923718, 52.9745832689653, 120.414301069213, 342.110565185547, 2009603, 2, 94
2020.60923718, 52.9746910724887, 120.414283808482, 342.122894287109, 2009603, 2, 94
2020.60923718, 52.9747925390554, 120.414267609106, 342.108459472656, 2009603, 2, 93
2020.60923719, 52.9749003616832, 120.414250416001, 342.073333740234, 2009603, 2, 93
2020.60923719, 52.9750082088011, 120.414233231489, 342.063262939453, 2009603, 2, 93
2020.60923719, 52.9751160909575, 120.414216027807, 342.054229736328, 2009603, 2, 93
2020.60923719, 52.9752176650862, 120.414199808739, 342.030639648438, 2009603, 2, 93
2020.60923719, 52.9753256300491, 120.414182520385, 342.036712646484, 2009603, 2, 92
2020.60923719, 52.9754463505911, 120.414163114624, 342.047058105469, 2009603, 2, 92
2020.60923719, 52.9755734999743, 120.414142580799, 342.037322998047, 2009603, 2, 92
2020.60923719, 52.9757007295413, 120.414121870834, 342.006652832031, 2009603, 2, 92
2020.60923719, 52.9758728172327, 120.414093377444, 342.047149658203, 2009603, 2, 92
2020.60923719, 52.9760895592937, 120.414057253633, 342.054321289062, 2009603, 2, 92
2020.60923719, 52.9763253301013, 120.414017745704, 342.043792724609, 2009603, 2, 93
2020.60923719, 52.9765481470413, 120.413980323417, 342.010284423828, 2009603, 2, 92
2020.60923719, 52.9768087910019, 120.413936598899, 342.010681152344, 2009603, 2, 93
2020.60923719, 52.9772395881379, 120.413865106086, 342.002655029297, 2009603, 2, 93
2020.60923719, 52.9776254234948, 120.413801812407, 341.942352294922, 2009603, 2, 92
2020.60923741, 53.4325940830504, 120.339241513652, 343.279571533203, 2009603, 2, 52
2020.60923741, 53.4326962292965, 120.339224718688, 343.283355712891, 2009603, 2, 52
2020.60923741, 53.4328047453184, 120.339206827752, 343.257537841797, 2009603, 2, 94
2020.60923741, 53.4329068578572, 120.339189959278, 343.272033691406, 2009603, 2, 94
2020.60923741, 53.4330089407236, 120.339173061005, 343.265228271484, 2009603, 2, 93
2020.60923741, 53.4331109738349, 120.339156129267, 343.252288818359, 2009603, 2, 93
2020.60923741, 53.433213012696, 120.339139203733, 343.220031738281, 2009603, 2, 93
2020.60923741, 53.4333211637402, 120.339121081512, 343.21826171875, 2009603, 2, 92
2020.60923741, 53.4334292574995, 120.339102945555, 343.216186523438, 2009603, 2, 92
2020.60923741, 53.4335436389161, 120.339083734662, 343.198699951172, 2009603, 2, 93
2020.60923741, 53.4336579727365, 120.33906453731, 343.214477539062, 2009603, 2, 93
2020.60923741, 53.4337659084572, 120.339046427137, 343.212280273438, 2009603, 2, 92
2020.60923741, 53.4338801533843, 120.339027272694, 343.204223632812, 2009603, 2, 92
2020.60923741, 53.4339880166771, 120.339009211856, 343.213958740234, 2009603, 2, 92
2020.60923741, 53.4340958611426, 120.338991186412, 343.210418701172, 2009603, 2, 92
2020.60923741, 53.4342036944753, 120.338973204228, 343.200561523438, 2009603, 2, 92
2020.60923741, 53.4343178621525, 120.338954205017, 343.198669433594, 2009603, 2, 92
2020.60923741, 53.4344319937552, 120.338935106913, 343.194000244141, 2009603, 2, 92
2020.60923741, 53.4345398884084, 120.338917426881, 343.257629394531, 2009603, 2, 80
2020.60923741, 53.4346541433134, 120.338898733938, 343.256011962891, 2009603, 2, 80
2020.60923755, 53.7172794009112, 120.292092416136, 523.744995117188, 2009603, 2, 74
2020.60923755, 53.7176728419293, 120.292028494094, 523.700622558594, 2009603, 2, 67
2020.60923699, 52.6100033141348, 120.519783079843, 378.202941894531, 2009603, 3, 85
2020.60923699, 52.6100349197268, 120.519778017075, 378.189147949219, 2009603, 3, 85
2020.60923699, 52.6100665193757, 120.519772917815, 378.210052490234, 2009603, 3, 85
2020.60923699, 52.6100918253988, 120.519768881542, 378.184387207031, 2009603, 3, 85
2020.60923699, 52.6101234444302, 120.519763784614, 378.229064941406, 2009603, 3, 85
2020.60923699, 52.6101487611749, 120.519759740398, 378.218566894531, 2009603, 3, 85
2020.60923699, 52.6101804096642, 120.519754660505, 378.213073730469, 2009603, 3, 85
2020.60923699, 52.6102120685473, 120.519749578256, 378.219940185547, 2009603, 3, 85
2020.60923699, 52.6102500817267, 120.519743489898, 378.225189208984, 2009603, 3, 91
2020.60923699, 52.6102817667809, 120.519738399818, 378.226806640625, 2009603, 3, 91
2020.60923699, 52.6103134670783, 120.519733313509, 378.228240966797, 2009603, 3, 91
2020.60923699, 52.6103515213693, 120.51972720663, 378.291137695312, 2009603, 3, 91
2020.60923699, 52.6104149958082, 120.519717027746, 378.261657714844, 2009603, 3, 91
2020.60923699, 52.6104785275982, 120.519706848143, 378.23828125, 2009603, 3, 91
2020.60923699, 52.6105357558182, 120.519697680778, 378.254638671875, 2009603, 3, 94
2020.60923699, 52.6105866702412, 120.519689547683, 378.270751953125, 2009603, 3, 94
2020.60923699, 52.6106376243251, 120.519681410041, 378.249328613281, 2009603, 3, 94
2020.60923699, 52.610675866956, 120.519675311043, 378.218292236328, 2009603, 3, 94
2020.60923699, 52.6107268879577, 120.519667175802, 378.251037597656, 2009603, 3, 94
2020.60923699, 52.6107843317286, 120.519658026846, 378.271209716797, 2009603, 3, 93
2020.60923699, 52.6108354378005, 120.519649905145, 378.218078613281, 2009603, 3, 93
2020.60923699, 52.6108801884534, 120.519642810431, 378.221984863281, 2009603, 3, 93
2020.60923699, 52.6109182148408, 120.519636685685, 378.243896484375, 2009603, 3, 93
2020.60923699, 52.6109825170085, 120.519626572037, 378.225494384766, 2009603, 3, 93
2020.60923699, 52.6110533079461, 120.519615476568, 378.211181640625, 2009603, 3, 93
2020.60923699, 52.6111048205866, 120.519607415046, 378.215728759766, 2009603, 3, 93
2020.60923699, 52.6111499052009, 120.519600362671, 378.220550537109, 2009603, 3, 93
2020.60923699, 52.6111950090263, 120.519593335919, 378.243774414062, 2009603, 3, 93
2020.60923699, 52.6112658696848, 120.519582248927, 378.279205322266, 2009603, 3, 93
2020.60923699, 52.611330305525, 120.519572211156, 378.2529296875, 2009603, 3, 93
2020.60923699, 52.6113882802913, 120.519563165965, 378.258575439453, 2009603, 3, 93
2020.60923699, 52.6114591110657, 120.519552110627, 378.232208251953, 2009603, 3, 93
2020.60923699, 52.6115620828204, 120.519536066107, 378.232116699219, 2009603, 3, 93
2020.60923699, 52.6116135300119, 120.519528051439, 378.209350585938, 2009603, 3, 93
2020.60923699, 52.6116456650966, 120.519523036417, 378.186157226562, 2009603, 3, 93
2020.60923699, 52.6116842104871, 120.519517030319, 378.228668212891, 2009603, 3, 93
2020.60923699, 52.6117227244311, 120.519510995222, 378.198577880859, 2009603, 3, 93
2020.60923699, 52.6117548105344, 120.519505986514, 378.187713623047, 2009603, 3, 94
2020.60923699, 52.6117868751066, 120.519500969721, 378.196197509766, 2009603, 3, 94
2020.60923699, 52.6118125263816, 120.519496982669, 378.197143554688, 2009603, 3, 94
2020.60923699, 52.6118445570938, 120.519491960165, 378.178344726562, 2009603, 3, 94
2020.60923699, 52.6118701746854, 120.519487962052, 378.185211181641, 2009603, 3, 94
2020.60923699, 52.6119021754003, 120.519482952155, 378.197357177734, 2009603, 3, 94
2020.60923699, 52.6119341586876, 120.519477945642, 378.195709228516, 2009603, 3, 94
2020.60923699, 52.6119661107548, 120.519472914237, 378.192443847656, 2009603, 3, 94
2020.60923699, 52.6119980503893, 120.51946790199, 378.190673828125, 2009603, 3, 94
2020.60923719, 53.0118508757561, 120.455112791434, 340.261016845703, 2009603, 3, 93
2020.60923719, 53.0132258123936, 120.454894867527, 340.195709228516, 2009603, 3, 94
2020.60923719, 53.0133961412393, 120.454866276712, 340.168182373047, 2009603, 3, 57
2020.6092374, 53.4325017512475, 120.386628822784, 342.260986328125, 2009603, 3, 85
2020.6092374, 53.4325270518288, 120.386624421594, 342.273559570312, 2009603, 3, 85
2020.6092374, 53.4325523534323, 120.386620031816, 342.275299072266, 2009603, 3, 85
2020.6092374, 53.432577646693, 120.38661563157, 342.275726318359, 2009603, 3, 85
2020.6092374, 53.4326029440297, 120.386611244909, 342.257904052734, 2009603, 3, 85
2020.6092374, 53.4326282435296, 120.386606864752, 342.270294189453, 2009603, 3, 85
2020.6092374, 53.4326535397614, 120.38660248774, 342.282928466797, 2009603, 3, 85
2020.6092374, 53.432678838937, 120.386598120972, 342.265563964844, 2009603, 3, 85
2020.6092374, 53.4326978177402, 120.386594859755, 342.277435302734, 2009603, 3, 85
2020.6092374, 53.4327231144473, 120.386590496981, 342.241119384766, 2009603, 3, 85
2020.6092374, 53.4327484149427, 120.386586148164, 342.246002197266, 2009603, 3, 85
2020.6092374, 53.4327800361206, 120.386580711148, 342.236541748047, 2009603, 3, 93
2020.6092374, 53.432805334609, 120.386576373398, 342.244659423828, 2009603, 3, 93
2020.6092374, 53.4328306372772, 120.386572045152, 342.252227783203, 2009603, 3, 93
2020.6092374, 53.432855941829, 120.386567725569, 342.251586914062, 2009603, 3, 93
2020.6092374, 53.4328812482089, 120.386563416631, 342.255554199219, 2009603, 3, 93
2020.6092374, 53.4329065542952, 120.386559108577, 342.245269775391, 2009603, 3, 93
2020.6092374, 53.4329255409475, 120.386555896258, 342.244293212891, 2009603, 3, 93
2020.6092374, 53.4329508535315, 120.386551609257, 342.247314453125, 2009603, 3, 93
2020.6092374, 53.4329761679213, 120.386547329847, 342.275787353516, 2009603, 3, 93
2020.6092374, 53.4330014811436, 120.386543057789, 342.274322509766, 2009603, 3, 94
2020.6092374, 53.4330331286559, 120.386537726702, 342.273010253906, 2009603, 3, 94
2020.6092374, 53.4330584514293, 120.386533475681, 342.252258300781, 2009603, 3, 94
2020.6092374, 53.4330837762955, 120.386529234133, 342.256134033203, 2009603, 3, 94
2020.6092374, 53.4331091052572, 120.386524999292, 342.277099609375, 2009603, 3, 94
2020.6092374, 53.4331281097103, 120.386521846403, 342.273345947266, 2009603, 3, 94
2020.6092374, 53.4331534454134, 120.386517632739, 342.276336669922, 2009603, 3, 94
2020.6092374, 53.4331787841987, 120.386513427683, 342.263763427734, 2009603, 3, 94
2020.6092374, 53.4332041287791, 120.386509237266, 342.268402099609, 2009603, 3, 94
2020.6092374, 53.433229471341, 120.386505050288, 342.262145996094, 2009603, 3, 94
2020.6092374, 53.4332548193679, 120.386500869792, 342.267150878906, 2009603, 3, 94
2020.6092374, 53.4332801730885, 120.386496703086, 342.268524169922, 2009603, 3, 92
2020.6092374, 53.4333055324123, 120.38649255193, 342.287872314453, 2009603, 3, 92
2020.6092374, 53.4333307230404, 120.386488133481, 342.280975341797, 2009603, 3, 92
2020.6092374, 53.4333561455233, 120.386484088412, 342.285003662109, 2009603, 3, 92
2020.6092374, 53.4333815715394, 120.386480049179, 342.276184082031, 2009603, 3, 92
2020.6092374, 53.4334070010607, 120.386476017998, 342.275115966797, 2009603, 3, 92
2020.6092374, 53.4334324335681, 120.386471998289, 342.278869628906, 2009603, 3, 92
2020.6092374, 53.4334515160539, 120.386469000927, 342.275177001953, 2009603, 3, 92
2020.6092374, 53.4334769548906, 120.386464990755, 342.240386962891, 2009603, 3, 92
2020.6092374, 53.4335023988012, 120.386460992249, 342.23828125, 2009603, 3, 92
2020.6092374, 53.4335278468175, 120.386457002983, 342.230499267578, 2009603, 3, 92
2020.6092374, 53.4335532974684, 120.386453019536, 342.238677978516, 2009603, 3, 92
2020.6092374, 53.4335787492048, 120.386449040643, 342.232574462891, 2009603, 3, 92
2020.6092374, 53.4336042059972, 120.386445068419, 342.242309570312, 2009603, 3, 92
2020.6092374, 53.4336360263838, 120.386440106521, 342.22314453125, 2009603, 3, 92
2020.6092374, 53.433661488292, 120.386436154438, 342.236480712891, 2009603, 3, 92
2020.6092374, 53.4336933157908, 120.386431203182, 342.240783691406, 2009603, 3, 92
2020.6092374, 53.4337124185216, 120.386428250181, 342.240875244141, 2009603, 3, 92
2020.6092374, 53.4337378864871, 120.386424303969, 342.260040283203, 2009603, 3, 92
2020.6092374, 53.4337633571666, 120.386420363546, 342.273742675781, 2009603, 3, 93
2020.6092374, 53.4337888265727, 120.38641641972, 342.262756347656, 2009603, 3, 93
2020.6092374, 53.4338143000974, 120.386412484876, 342.266052246094, 2009603, 3, 93
2020.6092374, 53.4338397717804, 120.386408547454, 342.280639648438, 2009603, 3, 93
2020.6092374, 53.4338716090701, 120.386403621562, 342.270599365234, 2009603, 3, 93
2020.6092374, 53.4338907192159, 120.386400683036, 342.263549804688, 2009603, 3, 93
2020.6092374, 53.4339161960707, 120.386396751394, 342.263122558594, 2009603, 3, 93
2020.6092374, 53.4339416697397, 120.386392816513, 342.260009765625, 2009603, 3, 93
2020.6092374, 53.4339671461914, 120.386388885123, 342.261657714844, 2009603, 3, 93
2020.6092374, 53.4339989881223, 120.386383961686, 342.26611328125, 2009603, 3, 93
2020.6092374, 53.4340244641686, 120.386380030175, 342.272491455078, 2009603, 3, 91
2020.6092374, 53.4340499414388, 120.386376096358, 342.268951416016, 2009603, 3, 91
2020.6092374, 53.4340754123804, 120.386372156666, 342.280487060547, 2009603, 3, 91
2020.6092374, 53.4341008920459, 120.38636822941, 342.266479492188, 2009603, 3, 91
2020.6092374, 53.4341327292076, 120.386363290835, 342.266235351562, 2009603, 3, 91
2020.6092374, 53.4341582006772, 120.386359345553, 342.2685546875, 2009603, 3, 91
2020.6092374, 53.4341836758233, 120.386355403216, 342.283325195312, 2009603, 3, 91
2020.6092374, 53.4342155097363, 120.386350456711, 342.261779785156, 2009603, 3, 91
2020.6092374, 53.4342409756933, 120.386346496472, 342.280364990234, 2009603, 3, 91
2020.6092374, 53.4342664440469, 120.386342536359, 342.261596679688, 2009603, 3, 92
2020.6092374, 53.4342919098469, 120.386338578953, 342.257476806641, 2009603, 3, 92
2020.6092374, 53.4343173710952, 120.386334603329, 342.258483886719, 2009603, 3, 92
2020.6092374, 53.4343491920282, 120.386329619768, 342.265686035156, 2009603, 3, 92
2020.6092374, 53.4343746535206, 120.386325645124, 342.255798339844, 2009603, 3, 92
2020.6092374, 53.4344064674859, 120.386320640964, 342.266174316406, 2009603, 3, 92
2020.6092374, 53.4344319246861, 120.386316654776, 342.270965576172, 2009603, 3, 92
2020.6092374, 53.4344637325386, 120.386311636541, 342.261657714844, 2009603, 3, 92
2020.6092374, 53.4344891786634, 120.386307620621, 342.264129638672, 2009603, 3, 92
2020.609237, 52.6095042608987, 120.52123640512, 378.321441650391, 2009603, 4, 86
2020.609237, 52.6096251179567, 120.521216948787, 378.327392578125, 2009603, 4, 86
2020.609237, 52.609752387943, 120.521196495263, 378.330657958984, 2009603, 4, 92
2020.609237, 52.6099115332576, 120.521171012459, 378.327575683594, 2009603, 4, 92
2020.609237, 52.6101153119786, 120.521138515618, 378.319305419922, 2009603, 4, 93
2020.609237, 52.6102809378039, 120.521112137826, 378.328735351562, 2009603, 4, 93
2020.609237, 52.6104657015879, 120.521082764327, 378.308898925781, 2009603, 4, 93
2020.609237, 52.6105995003702, 120.5210615044, 378.267150878906, 2009603, 4, 92
2020.609237, 52.610720563491, 120.521042236864, 378.285797119141, 2009603, 4, 92
2020.609237, 52.6108607233701, 120.521019934346, 378.291931152344, 2009603, 4, 93
2020.609237, 52.6109817625333, 120.521000525561, 378.290191650391, 2009603, 4, 93
2020.609237, 52.6110964086697, 120.520982136343, 378.272094726562, 2009603, 4, 92
2020.609237, 52.6112173922024, 120.520962748416, 378.289215087891, 2009603, 4, 92
2020.609237, 52.6113319818854, 120.520944385417, 378.276947021484, 2009603, 4, 94
2020.609237, 52.611452908058, 120.520924998027, 378.281677246094, 2009603, 4, 94
2020.6092372, 53.0134320200523, 120.456244678615, 340.204284667969, 2009603, 4, 94
2020.6092372, 53.0137187808572, 120.456198109589, 340.176635742188, 2009603, 4, 94
2020.6092372, 53.0146637849052, 120.456046181816, 340.296661376953, 2009603, 4, 73
2020.60923741, 53.4322843972681, 120.388054404997, 342.293121337891, 2009603, 4, 81
2020.60923741, 53.432392263013, 120.388037247594, 342.291778564453, 2009603, 4, 81
2020.60923741, 53.4325001433321, 120.388020051363, 342.296295166016, 2009603, 4, 93
2020.60923741, 53.4326143809104, 120.388001798403, 342.31884765625, 2009603, 4, 93
2020.60923741, 53.4327159417501, 120.387985500905, 342.305725097656, 2009603, 4, 93
2020.60923741, 53.4328175140447, 120.387969129381, 342.326812744141, 2009603, 4, 94
2020.60923741, 53.4329254504397, 120.387951646845, 342.311492919922, 2009603, 4, 94
2020.60923741, 53.4330334003739, 120.38793406158, 342.316619873047, 2009603, 4, 92
2020.60923741, 53.4331477179753, 120.387915326745, 342.319061279297, 2009603, 4, 92
2020.60923741, 53.4332620532157, 120.387896468711, 342.326171875, 2009603, 4, 93
2020.60923741, 53.4333700492288, 120.387878264185, 342.315551757812, 2009603, 4, 93
2020.60923741, 53.4334844080963, 120.387858916154, 342.320495605469, 2009603, 4, 93
2020.60923741, 53.4335987846385, 120.387839502793, 342.316802978516, 2009603, 4, 91
2020.60923741, 53.4337068170687, 120.387821136921, 342.319152832031, 2009603, 4, 91
2020.60923741, 53.4338148610092, 120.387802769821, 342.334411621094, 2009603, 4, 91
2020.60923741, 53.4339229094017, 120.387784420134, 342.356903076172, 2009603, 4, 91
2020.60923741, 53.434030967863, 120.387766107561, 342.358734130859, 2009603, 4, 92
2020.60923741, 53.4341390254739, 120.387747857525, 342.348266601562, 2009603, 4, 91
2020.60923741, 53.434253444383, 120.387728617909, 342.333831787109, 2009603, 4, 56
2020.60923741, 53.434367857409, 120.387709483693, 342.339172363281, 2009603, 4, 56
2020.60923741, 53.4344822481065, 120.387690374501, 342.35546875, 2009603, 4, 56
2020.60923698, 52.5915119666622, 120.570544815476, 379.53515625, 2009603, 5, 92
2020.60923698, 52.5915622678233, 120.570536406642, 379.579254150391, 2009603, 5, 92
2020.60923698, 52.5916125883401, 120.570528081896, 379.537902832031, 2009603, 5, 92
2020.60923698, 52.5916629190851, 120.570519806165, 379.496124267578, 2009603, 5, 92
2020.60923698, 52.5917069791569, 120.570512646194, 379.544769287109, 2009603, 5, 92
2020.60923698, 52.5917573319857, 120.570504439523, 379.527191162109, 2009603, 5, 94
2020.60923698, 52.5918138768563, 120.570494832405, 379.536224365234, 2009603, 5, 94
2020.60923698, 52.5918580288028, 120.570487957081, 379.528289794922, 2009603, 5, 94
2020.60923698, 52.5919148122517, 120.570479131419, 379.493438720703, 2009603, 5, 94
2020.60923698, 52.5919653236772, 120.570471396645, 379.523132324219, 2009603, 5, 94
2020.60923698, 52.5920221579464, 120.570462668856, 379.511962890625, 2009603, 5, 94
2020.60923698, 52.5920790548254, 120.570454127912, 379.494812011719, 2009603, 5, 94
2020.60923698, 52.5921359665426, 120.57044554651, 379.526641845703, 2009603, 5, 94
2020.60923698, 52.5921992299578, 120.570436022319, 379.509643554688, 2009603, 5, 94
2020.60923698, 52.5922562182477, 120.570427547262, 379.506652832031, 2009603, 5, 94
2020.60923698, 52.5923195808846, 120.570418175236, 379.513763427734, 2009603, 5, 94
2020.60923698, 52.5923893273213, 120.570407895929, 379.492401123047, 2009603, 5, 94
2020.60923698, 52.5924591192192, 120.570397623319, 379.505462646484, 2009603, 5, 94
2020.60923698, 52.5925162606206, 120.570389223625, 379.516357421875, 2009603, 5, 94
2020.60923698, 52.592579788268, 120.570379884954, 379.508666992188, 2009603, 5, 94
2020.60923698, 52.5926433603587, 120.570370580741, 379.508758544922, 2009603, 5, 94
2020.60923698, 52.5927069583189, 120.570361185466, 379.505065917969, 2009603, 5, 94
2020.60923698, 52.5927706064885, 120.570351834625, 379.501281738281, 2009603, 5, 93
2020.60923698, 52.5928406650077, 120.570341533076, 379.502197265625, 2009603, 5, 93
2020.60923698, 52.5929107590381, 120.570331179555, 379.499603271484, 2009603, 5, 93
2020.60923698, 52.592993646581, 120.570318868989, 379.505310058594, 2009603, 5, 93
2020.60923698, 52.5931339909078, 120.570297957023, 379.503295898438, 2009603, 5, 88
2020.6092372, 53.0349487090021, 120.499677727454, 338.150512695312, 2009603, 5, 95
2020.6092372, 53.0354718732568, 120.499593483873, 338.216583251953, 2009603, 5, 96
2020.6092372, 53.0357823295254, 120.499544083505, 338.161712646484, 2009603, 5, 94
2020.6092372, 53.0362249173982, 120.499472883308, 338.124725341797, 2009603, 5, 95
2020.6092372, 53.036680307648, 120.499397970645, 338.13671875, 2009603, 5, 95
2020.6092372, 53.0368894956093, 120.499362790625, 338.147766113281, 2009603, 5, 94
2020.6092372, 53.0370801701966, 120.499330135631, 338.124633789062, 2009603, 5, 95
2020.6092372, 53.0372455782638, 120.499301902426, 338.125274658203, 2009603, 5, 95
2020.6092372, 53.0373601357176, 120.499282358671, 338.113983154297, 2009603, 5, 93
2020.6092372, 53.0375065593436, 120.499257557002, 338.119140625, 2009603, 5, 58
2020.6092372, 53.0378185190767, 120.499205496301, 338.096649169922, 2009603, 5, 58
2020.6092374, 53.4320102558794, 120.435466171458, 341.194213867188, 2009603, 5, 64
2020.6092374, 53.4320423213986, 120.435460632658, 341.202697753906, 2009603, 5, 64
2020.6092374, 53.4320807947017, 120.43545448469, 341.188415527344, 2009603, 5, 64
2020.6092374, 53.4321128499746, 120.43544938174, 341.188781738281, 2009603, 5, 64
2020.6092374, 53.432151295594, 120.435443235634, 341.177856445312, 2009603, 5, 64
2020.6092374, 53.4321833284267, 120.43543816025, 341.184722900391, 2009603, 5, 64
2020.6092374, 53.4322217554307, 120.435432088439, 341.207763671875, 2009603, 5, 64
2020.6092374, 53.4322601670684, 120.435426038016, 341.202911376953, 2009603, 5, 95
2020.6092374, 53.4322921693328, 120.435421039874, 341.187164306641, 2009603, 5, 95
2020.6092374, 53.4323241478119, 120.435416003649, 341.184906005859, 2009603, 5, 95
2020.6092374, 53.4323561137856, 120.435410970051, 341.187408447266, 2009603, 5, 95
2020.6092374, 53.432381688781, 120.435407010852, 341.193084716797, 2009603, 5, 95
2020.6092374, 53.4324136377492, 120.43540202461, 341.187683105469, 2009603, 5, 95
2020.6092374, 53.4324455608679, 120.435397000707, 341.219116210938, 2009603, 5, 95
2020.6092374, 53.4324774800262, 120.435392029582, 341.210205078125, 2009603, 5, 95
2020.6092374, 53.4325030132738, 120.435388097946, 341.185943603516, 2009603, 5, 95
2020.6092374, 53.4325348957347, 120.435383106524, 341.203826904297, 2009603, 5, 95
2020.6092374, 53.4325667736311, 120.435378157702, 341.199371337891, 2009603, 5, 95
2020.6092374, 53.4325922768825, 120.435374259497, 341.181671142578, 2009603, 5, 95
2020.6092374, 53.4326241320213, 120.435369344508, 341.178405761719, 2009603, 5, 95
2020.6092374, 53.4326559572058, 120.435364371325, 341.198028564453, 2009603, 5, 95
2020.6092374, 53.4326814204253, 120.435360460063, 341.192016601562, 2009603, 5, 95
2020.6092374, 53.4327132263055, 120.435355531756, 341.178741455078, 2009603, 5, 95
2020.6092374, 53.4327386638495, 120.435351625398, 341.182891845703, 2009603, 5, 95
2020.6092374, 53.4327704331839, 120.43534665968, 341.190582275391, 2009603, 5, 95
2020.6092374, 53.4328021985247, 120.435341760753, 341.196258544922, 2009603, 5, 95
2020.6092374, 53.4328276077155, 120.435337877746, 341.202911376953, 2009603, 5, 95
2020.6092374, 53.4328593355901, 120.43533293233, 341.226928710938, 2009603, 5, 95
2020.6092374, 53.4328910564979, 120.435328026978, 341.22216796875, 2009603, 5, 95
2020.6092374, 53.4329164345917, 120.43532416582, 341.214538574219, 2009603, 5, 95
2020.6092374, 53.4329481191209, 120.435319226427, 341.195007324219, 2009603, 5, 95
2020.6092374, 53.4329734722886, 120.435315347969, 341.200500488281, 2009603, 5, 95
2020.6092374, 53.4330051386122, 120.43531043596, 341.205535888672, 2009603, 5, 95
2020.6092374, 53.4330367931507, 120.435305533627, 341.211944580078, 2009603, 5, 95
2020.6092374, 53.4330684229593, 120.435300577332, 341.212036132812, 2009603, 5, 95
2020.6092374, 53.4331000469451, 120.435295659313, 341.198883056641, 2009603, 5, 95
2020.6092374, 53.4331253433648, 120.435291745693, 341.194366455078, 2009603, 5, 95
2020.6092374, 53.4331569469154, 120.435286834363, 341.21484375, 2009603, 5, 95
2020.6092374, 53.4331885444737, 120.435281957491, 341.225463867188, 2009603, 5, 95
2020.6092374, 53.4332201213879, 120.435277020098, 341.190887451172, 2009603, 5, 95
2020.6092374, 53.4332516798414, 120.43527204295, 341.177032470703, 2009603, 5, 95
2020.6092374, 53.4332832354308, 120.435267097285, 341.209106445312, 2009603, 5, 95
2020.6092374, 53.4333084855454, 120.435263197402, 341.207489013672, 2009603, 5, 95
2020.6092374, 53.4333403346739, 120.435258270243, 341.218414306641, 2009603, 5, 95
2020.6092374, 53.4333717300945, 120.435253311708, 341.22265625, 2009603, 5, 95
2020.6092374, 53.4334093818044, 120.435247274, 341.232574462891, 2009603, 5, 96
2020.6092374, 53.4334407654823, 120.435242299968, 341.187255859375, 2009603, 5, 96
2020.6092374, 53.4334721401006, 120.435237301246, 341.204803466797, 2009603, 5, 96
2020.6092374, 53.4334972445112, 120.435233326066, 341.217468261719, 2009603, 5, 96
2020.6092374, 53.4335286091864, 120.435228283096, 341.188140869141, 2009603, 5, 94
2020.6092374, 53.4335599796165, 120.435223261921, 341.183929443359, 2009603, 5, 94
2020.6092374, 53.4335850797194, 120.435219267692, 341.203491210938, 2009603, 5, 94
2020.6092374, 53.4336164502809, 120.435214220718, 341.207550048828, 2009603, 5, 94
2020.6092374, 53.4336478201893, 120.435209146832, 341.200561523438, 2009603, 5, 94
2020.6092374, 53.4336791940864, 120.435204066115, 341.203369140625, 2009603, 5, 94
2020.6092374, 53.4337105779048, 120.435198991169, 341.194274902344, 2009603, 5, 94
2020.6092374, 53.4337419669266, 120.435193898129, 341.187652587891, 2009603, 5, 94
2020.6092374, 53.4337733667807, 120.435188807206, 341.227416992188, 2009603, 5, 91
2020.6092374, 53.4338047812731, 120.435183745023, 341.205322265625, 2009603, 5, 91
2020.6092374, 53.4338424830688, 120.435177594859, 341.219604492188, 2009603, 5, 91
2020.6092374, 53.4338802026145, 120.435171432523, 341.232757568359, 2009603, 5, 91
2020.6092374, 53.4339179365798, 120.435165233316, 341.235443115234, 2009603, 5, 91
2020.6092374, 53.4339619816925, 120.435157965773, 341.227630615234, 2009603, 5, 91
2020.60923699, 52.5914797618392, 120.571873562932, 379.669799804688, 2009603, 6, 54
2020.60923699, 52.5916950522878, 120.571838752352, 379.564300537109, 2009603, 6, 92
2020.60923699, 52.5919170121117, 120.571802622178, 379.623748779297, 2009603, 6, 94
2020.60923699, 52.5921329871742, 120.571767190964, 379.621643066406, 2009603, 6, 94
2020.60923699, 52.5923873433335, 120.571725590915, 379.63623046875, 2009603, 6, 94
2020.60923699, 52.5926801180435, 120.571678027571, 379.621612548828, 2009603, 6, 93
2020.60923699, 52.5929666667536, 120.571631900509, 379.594970703125, 2009603, 6, 93
2020.60923699, 52.593240520527, 120.571588593577, 379.631683349609, 2009603, 6, 90
2020.60923721, 53.0371282561611, 120.50065917237, 338.150482177734, 2009603, 6, 93
2020.60923721, 53.0373569426695, 120.50062372568, 338.139404296875, 2009603, 6, 94
2020.60923721, 53.037842940798, 120.500548093084, 338.266052246094, 2009603, 6, 94
2020.60923741, 53.4322766475319, 120.436764367852, 341.222351074219, 2009603, 6, 93
2020.60923741, 53.4324167384278, 120.43674147722, 341.229583740234, 2009603, 6, 93
2020.60923741, 53.4325313700134, 120.436722660082, 341.239685058594, 2009603, 6, 94
2020.60923741, 53.4326460033582, 120.436703819794, 341.219543457031, 2009603, 6, 94
2020.60923741, 53.4327669893326, 120.436683918425, 341.212615966797, 2009603, 6, 95
2020.60923741, 53.4328879524381, 120.43666400982, 341.2158203125, 2009603, 6, 95
2020.60923741, 53.4330025226772, 120.436645088152, 341.224822998047, 2009603, 6, 94
2020.60923741, 53.4331170593576, 120.436626142326, 341.221435546875, 2009603, 6, 94
2020.60923741, 53.4332379481072, 120.436606185818, 341.220794677734, 2009603, 6, 94
2020.60923741, 53.4333586787465, 120.436586037562, 341.224060058594, 2009603, 6, 95
2020.60923741, 53.4334793648375, 120.436565842052, 341.211212158203, 2009603, 6, 95
2020.60923741, 53.433600004748, 120.436545729985, 341.220520019531, 2009603, 6, 95
2020.60923741, 53.4337206136493, 120.436525625382, 341.198913574219, 2009603, 6, 95
2020.60923741, 53.4338665688696, 120.436501418015, 341.226257324219, 2009603, 6, 93
2020.60923741, 53.4340124893394, 120.436477375434, 341.238189697266, 2009603, 6, 90
2020.60923741, 53.4341520452391, 120.436454476209, 341.232940673828, 2009603, 6, 90
2020.60923755, 53.721277530211, 120.389537917892, 515.044555664062, 2009603, 6, 69
2020.60923755, 53.7214239715458, 120.389513865465, 515.001586914062, 2009603, 6, 69
