2019.95181008, 50.2892805643076, 138.060498678753, 148.390365600586, 2009603, 1, 82
2019.95181128, 52.6944560871837, 137.683853892204, 39.2885513305664, 2007706, 1, 88
2019.95181128, 52.6947032023436, 137.683813407019, 39.215446472168, 2007706, 1, 95
2019.95181128, 52.6949504365775, 137.68377284605, 39.2082977294922, 2007706, 1, 96
2019.95181128, 52.6951915637761, 137.683733466065, 39.2054557800293, 2007706, 1, 96
2019.95181128, 52.6954458075865, 137.683691942699, 39.2209053039551, 2007706, 1, 96
2019.95181128, 52.6956878492054, 137.683652694693, 39.1801834106445, 2007706, 1, 96
2019.95181128, 52.6959364630046, 137.683612624369, 39.183765411377, 2007706, 1, 96
2019.95181129, 52.6961915366125, 137.683571725309, 39.2151947021484, 2007706, 1, 95
2019.95181129, 52.6964465612164, 137.683530824056, 39.2804794311523, 2007706, 1, 92
2019.9518101, 50.2897838823563, 138.061665800424, 149.24528503418, 2009603, 2, 65
2019.9518101, 50.289853975824, 138.061655433164, 149.384384155273, 2009603, 2, 65
2019.9518101, 50.2899367527355, 138.061642840679, 149.2333984375, 2009603, 2, 65
2019.9518101, 50.2900258723011, 138.061629266928, 148.872741699219, 2009603, 2, 83
2019.9518101, 50.29010223766, 138.061617611802, 148.670700073242, 2009603, 2, 83
2019.9518101, 50.2901722610088, 138.061607288205, 148.689041137695, 2009603, 2, 83
2019.9518101, 50.2902486011184, 138.061595724465, 148.647201538086, 2009603, 2, 83
2019.9518101, 50.2903185731726, 138.061585199309, 148.720016479492, 2009603, 2, 83
2019.9518101, 50.2904075802945, 138.061571571971, 148.650650024414, 2009603, 2, 83
2019.9518101, 50.2904838867903, 138.061560158996, 148.648086547852, 2009603, 2, 83
2019.9518101, 50.2905537970451, 138.061549480707, 148.668121337891, 2009603, 2, 82
2019.9518101, 50.2906237153295, 138.061539005036, 148.683975219727, 2009603, 2, 82
2019.9518101, 50.2906935300849, 138.061528354766, 148.710830688477, 2009603, 2, 82
2019.9518101, 50.2907634762165, 138.061517762243, 148.850524902344, 2009603, 2, 62
2019.95181129, 52.6940270676063, 137.685216639405, 39.496524810791, 2007706, 2, 92
2019.95181129, 52.6940908249085, 137.685206415923, 39.4547080993652, 2007706, 2, 92
2019.95181129, 52.6941482089708, 137.685197401219, 39.4696731567383, 2007706, 2, 92
2019.95181129, 52.6942119067175, 137.685187020965, 39.4989204406738, 2007706, 2, 92
2019.95181129, 52.694275600348, 137.685176813371, 39.5037956237793, 2007706, 2, 93
2019.95181129, 52.6943392776292, 137.685166675406, 39.5110511779785, 2007706, 2, 93
2019.9518113, 52.6943965640245, 137.685157501231, 39.5336456298828, 2007706, 2, 93
2019.9518113, 52.6944665439917, 137.685146166796, 39.4759559631348, 2007706, 2, 93
2019.9518113, 52.6945237736739, 137.68513684122, 39.4216690063477, 2007706, 2, 94
2019.9518113, 52.6945809974048, 137.685127585455, 39.3302230834961, 2007706, 2, 94
2019.9518113, 52.6946318470039, 137.685119330556, 39.337833404541, 2007706, 2, 94
2019.9518113, 52.6946953778587, 137.685108870081, 39.3208656311035, 2007706, 2, 94
2019.9518113, 52.6947525541719, 137.685099597711, 39.3532600402832, 2007706, 2, 95
2019.9518113, 52.6948160738748, 137.685089327198, 39.3144149780273, 2007706, 2, 95
2019.9518113, 52.6948795666708, 137.685078952364, 39.3302803039551, 2007706, 2, 95
2019.9518113, 52.6949430435283, 137.685068573123, 39.3314895629883, 2007706, 2, 95
2019.9518113, 52.6950001767772, 137.685059353742, 39.336971282959, 2007706, 2, 95
2019.9518113, 52.6950636337938, 137.685048989669, 39.3733253479004, 2007706, 2, 95
2019.9518113, 52.6951270624801, 137.685038467221, 39.3210830688477, 2007706, 2, 95
2019.9518113, 52.6951841062526, 137.685029234208, 39.3612098693848, 2007706, 2, 95
2019.9518113, 52.6952539031433, 137.685017680737, 39.3686141967773, 2007706, 2, 96
2019.9518113, 52.695317365778, 137.685007358997, 39.347225189209, 2007706, 2, 96
2019.9518113, 52.6953871381422, 137.684995782595, 39.3293304443359, 2007706, 2, 96
2019.9518113, 52.6954442400389, 137.684986503102, 39.3111572265625, 2007706, 2, 96
2019.9518113, 52.6955013211935, 137.684977096157, 39.3085250854492, 2007706, 2, 96
2019.9518113, 52.6955710560698, 137.684965415267, 39.3785285949707, 2007706, 2, 96
2019.9518113, 52.6956344732988, 137.68495505805, 39.5316429138184, 2007706, 2, 96
2019.9518113, 52.6956978790707, 137.684944669844, 39.6127471923828, 2007706, 2, 96
2019.9518113, 52.6957549216867, 137.684935172354, 39.4998321533203, 2007706, 2, 96
2019.9518113, 52.6958182992045, 137.684924689721, 39.4690780639648, 2007706, 2, 96
2019.9518113, 52.6958816770194, 137.684914244648, 39.435230255127, 2007706, 2, 96
2019.9518113, 52.695945035518, 137.684903709026, 39.3830337524414, 2007706, 2, 96
2019.9518113, 52.6960083838654, 137.684893152457, 39.3954658508301, 2007706, 2, 94
2019.9518113, 52.6960780783774, 137.684881706641, 39.3619613647461, 2007706, 2, 94
2019.9518113, 52.6961351034767, 137.684872410351, 39.3503303527832, 2007706, 2, 94
2019.9518113, 52.6961984160288, 137.684861699298, 39.4039688110352, 2007706, 2, 94
2019.95181128, 52.6870545810201, 137.732986401216, 38.5364685058594, 2007706, 3, 95
2019.95181128, 52.6872963645894, 137.732946487574, 38.4842376708984, 2007706, 3, 95
2019.95181128, 52.6875253903839, 137.732908864703, 38.4599342346191, 2007706, 3, 96
2019.95181128, 52.6877670437468, 137.732869497947, 38.4669380187988, 2007706, 3, 97
2019.95181128, 52.6880278066408, 137.732827848127, 38.4753570556641, 2007706, 3, 96
2019.95181128, 52.6882693473656, 137.732789743256, 38.664981842041, 2007706, 3, 94
2019.95181128, 52.6887709555808, 137.732710884012, 38.480598449707, 2007706, 3, 95
2019.95181128, 52.6892273804573, 137.732639255807, 38.8794479370117, 2007706, 3, 64
2019.9518101, 50.3066359732005, 138.104572802259, 154.2177734375, 2009603, 4, 60
2019.95181129, 52.6860628425997, 137.734459020553, 38.505184173584, 2007706, 4, 82
2019.95181129, 52.6861263551262, 137.734448815319, 38.5407180786133, 2007706, 4, 82
2019.95181129, 52.6861962065175, 137.734437430377, 38.5407257080078, 2007706, 4, 82
2019.95181129, 52.6862724097021, 137.734424906474, 38.5179557800293, 2007706, 4, 82
2019.95181129, 52.6863486522208, 137.734412625262, 38.5150260925293, 2007706, 4, 82
2019.95181129, 52.6864312591099, 137.734399201058, 38.4611892700195, 2007706, 4, 82
2019.95181129, 52.6868000464951, 137.734340512043, 38.6167182922363, 2007706, 4, 70
2019.95181129, 52.6868955038019, 137.734325460242, 38.8997039794922, 2007706, 4, 70
2019.95181129, 52.6869718867533, 137.734313393982, 38.8757934570312, 2007706, 4, 70
2019.95181129, 52.6870482633742, 137.734301132123, 38.5660247802734, 2007706, 4, 96
2019.95181129, 52.6871183294829, 137.734290196912, 38.4858436584473, 2007706, 4, 96
2019.95181129, 52.6871947729922, 137.734278188974, 38.5161743164062, 2007706, 4, 96
2019.95181129, 52.6872775874219, 137.73426502862, 38.4962463378906, 2007706, 4, 95
2019.95181129, 52.6873476800849, 137.734253905369, 38.5787353515625, 2007706, 4, 95
2019.95181129, 52.6874241760718, 137.734241905492, 38.5902824401855, 2007706, 4, 95
2019.95181129, 52.6874943111182, 137.734230918694, 38.6538581848145, 2007706, 4, 95
2019.95181129, 52.6875708170394, 137.734218757403, 38.5894393920898, 2007706, 4, 96
2019.95181129, 52.6876409273196, 137.734207911024, 38.6038360595703, 2007706, 4, 96
2019.95181129, 52.687723881706, 137.734194678458, 38.6571655273438, 2007706, 4, 96
2019.95181129, 52.6878004782751, 137.734182575416, 38.6702613830566, 2007706, 4, 96
2019.95181129, 52.6878834375676, 137.734169270143, 38.5545349121094, 2007706, 4, 96
2019.95181129, 52.687960014701, 137.734156939758, 38.568431854248, 2007706, 4, 96
2019.95181129, 52.6880366298653, 137.734144944604, 38.5591583251953, 2007706, 4, 96
2019.95181129, 52.6881195801295, 137.734131599675, 38.5117874145508, 2007706, 4, 96
2019.95181129, 52.6881961543527, 137.734119372826, 38.4509315490723, 2007706, 4, 96
2019.95181129, 52.688266336853, 137.73410816161, 38.4499130249023, 2007706, 4, 95
2019.95181129, 52.6883365056034, 137.734096944653, 38.4514274597168, 2007706, 4, 95
2019.95181129, 52.6884066767645, 137.734085845569, 38.4829711914062, 2007706, 4, 95
2019.95181129, 52.6884831889816, 137.734073566524, 38.5454406738281, 2007706, 4, 95
2019.95181129, 52.6885596816323, 137.734061317627, 38.4862480163574, 2007706, 4, 95
2019.95181129, 52.6886234241458, 137.734051227183, 38.4905166625977, 2007706, 4, 95
2019.95181129, 52.6886998838826, 137.734039042444, 38.4972038269043, 2007706, 4, 95
2019.95181129, 52.6887762990695, 137.734026714166, 38.4762954711914, 2007706, 4, 95
2019.95181129, 52.6888527148866, 137.734014604397, 38.4945259094238, 2007706, 4, 95
2019.95181129, 52.6889291380129, 137.734002152179, 38.5378494262695, 2007706, 4, 95
2019.95181129, 52.6890054500259, 137.733990203161, 38.4780960083008, 2007706, 4, 94
2019.95181129, 52.6890753596069, 137.73397906582, 38.4509468078613, 2007706, 4, 94
2019.95181129, 52.6891389087662, 137.733969050448, 38.4513740539551, 2007706, 4, 94
2019.95181129, 52.6892151311205, 137.733956915466, 38.5224571228027, 2007706, 4, 94
2019.9518101, 50.322537398766, 138.146316914466, 159.379577636719, 2009603, 5, 72
2019.9518101, 50.3229196725227, 138.14626108385, 159.337997436523, 2009603, 5, 80
2019.9518101, 50.3232449286235, 138.146213718926, 158.837615966797, 2009603, 5, 61
2019.95181128, 52.6880695987872, 137.780708376377, 37.1149139404297, 2007706, 5, 92
2019.95181128, 52.6882668949329, 137.780676531385, 36.8820457458496, 2007706, 5, 95
2019.95181128, 52.6885024080145, 137.780638526032, 36.8666152954102, 2007706, 5, 95
2019.95181128, 52.6887697322838, 137.78059552446, 36.84326171875, 2007706, 5, 95
2019.95181128, 52.6890178843128, 137.7805559355, 36.8594703674316, 2007706, 5, 96
2019.95181128, 52.6892468586729, 137.780519666404, 36.8787155151367, 2007706, 5, 96
2019.95181128, 52.6894567226552, 137.780486612426, 36.8964424133301, 2007706, 5, 96
2019.95181128, 52.6896918138854, 137.780449840361, 36.7658958435059, 2007706, 5, 97
2019.95181128, 52.6899584030159, 137.780407966544, 36.677734375, 2007706, 5, 96
2019.95181128, 52.6901993289793, 137.780370068039, 36.6761436462402, 2007706, 5, 98
2019.95181128, 52.6904464065101, 137.780330998855, 36.7106246948242, 2007706, 5, 96
2019.95181128, 52.6906930636811, 137.780291318786, 36.7100639343262, 2007706, 5, 92
2019.95181011, 50.3227538868751, 138.147640373418, 159.180465698242, 2009603, 6, 54
2019.95181011, 50.3228298537324, 138.147628939452, 159.111694335938, 2009603, 6, 54
2019.95181011, 50.3229121351253, 138.147616581542, 159.262771606445, 2009603, 6, 54
2019.95181011, 50.3229880557007, 138.147605033763, 159.421768188477, 2009603, 6, 54
2019.95181011, 50.3230703234502, 138.147592709153, 159.422821044922, 2009603, 6, 68
2019.95181011, 50.3231589253091, 138.147579389369, 159.374771118164, 2009603, 6, 68
2019.95181011, 50.3232412060002, 138.147566932104, 159.164672851562, 2009603, 6, 68
2019.95181129, 52.6881317624115, 137.782084617521, 36.9577407836914, 2007706, 6, 81
2019.95181129, 52.688189585158, 137.782074887023, 36.8224220275879, 2007706, 6, 81
2019.95181129, 52.6882538475308, 137.782063932464, 36.7534484863281, 2007706, 6, 96
2019.95181129, 52.6883117297242, 137.782054266627, 36.7887535095215, 2007706, 6, 96
2019.95181129, 52.6883696044518, 137.782044419672, 36.8003463745117, 2007706, 6, 96
2019.95181129, 52.6884274986129, 137.782034657978, 36.8483200073242, 2007706, 6, 96
2019.95181129, 52.6884789635073, 137.782025996523, 36.8136711120605, 2007706, 6, 96
2019.95181129, 52.6885368446408, 137.782016188234, 36.7973442077637, 2007706, 6, 96
2019.95181129, 52.6885947212873, 137.782006413688, 36.8050575256348, 2007706, 6, 96
2019.95181129, 52.6886590046365, 137.78199553321, 36.8039054870605, 2007706, 6, 96
2019.95181129, 52.6887232629413, 137.781984691109, 36.7834587097168, 2007706, 6, 96
2019.95181129, 52.6887874827631, 137.781973859724, 36.7475547790527, 2007706, 6, 96
2019.95181129, 52.6888452491909, 137.781964143403, 36.7147827148438, 2007706, 6, 96
2019.95181129, 52.6888965731391, 137.781955598429, 36.7792625427246, 2007706, 6, 96
2019.95181129, 52.688954268043, 137.781945979346, 36.7575340270996, 2007706, 6, 96
2019.95181129, 52.6890121095981, 137.781936157362, 36.7666931152344, 2007706, 6, 96
2019.95181129, 52.6890695567375, 137.781926694046, 36.7693557739258, 2007706, 6, 96
2019.95181129, 52.6891269682319, 137.781917367297, 36.774356842041, 2007706, 6, 96
2019.95181129, 52.689197065286, 137.781905973695, 36.7422065734863, 2007706, 6, 96
2019.95181129, 52.6892543553616, 137.781896602959, 36.7370643615723, 2007706, 6, 97
2019.95181129, 52.6893052603086, 137.7818884487, 36.7709045410156, 2007706, 6, 97
2019.95181129, 52.6893688212631, 137.781878136806, 36.7697448730469, 2007706, 6, 97
2019.95181129, 52.6894196521461, 137.781870084545, 36.7776832580566, 2007706, 6, 97
2019.95181129, 52.6894767847454, 137.781860948441, 36.7814331054688, 2007706, 6, 97
2019.95181129, 52.6895338582364, 137.781851693992, 36.7737693786621, 2007706, 6, 97
2019.95181129, 52.6895909151531, 137.781842622424, 36.7791595458984, 2007706, 6, 97
2019.95181129, 52.6896479411392, 137.781833619781, 36.6929168701172, 2007706, 6, 97
2019.95181129, 52.689711257929, 137.78182357005, 36.6723213195801, 2007706, 6, 97
2019.95181129, 52.6897745378955, 137.781813545226, 36.6567535400391, 2007706, 6, 97
2019.95181129, 52.6898314652075, 137.781804581011, 36.6478004455566, 2007706, 6, 97
2019.95181129, 52.689888359673, 137.781795544344, 36.6620750427246, 2007706, 6, 97
2019.95181129, 52.6899389370325, 137.781787674482, 36.6173858642578, 2007706, 6, 97
2019.95181129, 52.689995803551, 137.781778710734, 36.6545028686523, 2007706, 6, 97
2019.95181129, 52.6900589655934, 137.781768725049, 36.634090423584, 2007706, 6, 97
2019.95181129, 52.6901221324761, 137.781758862675, 36.6474227905273, 2007706, 6, 97
2019.95181129, 52.6901789782226, 137.781750002217, 36.6608963012695, 2007706, 6, 97
2019.95181129, 52.6902421336932, 137.781740160177, 36.677734375, 2007706, 6, 97
2019.95181129, 52.6903053069488, 137.781730327256, 36.6335754394531, 2007706, 6, 97
2019.95181129, 52.6903684423554, 137.781720406098, 36.6564559936523, 2007706, 6, 97
2019.95181129, 52.6904315879581, 137.781710484913, 36.6839027404785, 2007706, 6, 97
2019.95181129, 52.6904947466348, 137.781700563916, 36.7031326293945, 2007706, 6, 97
2019.95181129, 52.6905579225136, 137.781690612254, 36.6917495727539, 2007706, 6, 95
2019.95181129, 52.6906148032252, 137.781681670145, 36.7217559814453, 2007706, 6, 95
2019.95181129, 52.6906653919723, 137.781673813308, 36.6996879577637, 2007706, 6, 95
2019.95181129, 52.690722317668, 137.781664883379, 36.7206268310547, 2007706, 6, 95
