2020.17020639, 53.4677236214368, 122.181678435923, 292.708221435547, 2009603, 1, 55
2020.17020639, 53.4679591457693, 122.181639318378, 292.119323730469, 2009603, 1, 79
2020.17020639, 53.4681755943064, 122.181603261507, 291.858825683594, 2009603, 1, 92
2020.17020639, 53.4684493463686, 122.181557520777, 291.612426757812, 2009603, 1, 95
2020.17020639, 53.4687294666179, 122.181510594835, 291.357727050781, 2009603, 1, 95
2020.17020639, 53.4689777052916, 122.181468979976, 291.160583496094, 2009603, 1, 95
2020.17020639, 53.4692577691828, 122.181421975887, 291.363128662109, 2009603, 1, 94
2020.17020639, 53.4695060336222, 122.181380324064, 291.0419921875, 2009603, 1, 94
2020.17020639, 53.46975430224, 122.181338725963, 291.011474609375, 2009603, 1, 94
2020.17020639, 53.4700089493203, 122.181296169608, 291.033874511719, 2009603, 1, 93
2020.17020639, 53.4702318051649, 122.181258943089, 291.054809570312, 2009603, 1, 93
2020.17020639, 53.4704800426452, 122.181217776464, 291.160400390625, 2009603, 1, 93
2020.17020639, 53.4707217798805, 122.181178065734, 291.108215332031, 2009603, 1, 92
2020.17020639, 53.4709950900381, 122.181133647058, 291.092315673828, 2009603, 1, 91
2020.17020608, 52.820540907667, 122.288791484147, 467.744201660156, 2009603, 2, 68
2020.17020608, 52.8206103194091, 122.288780351216, 467.723114013672, 2009603, 2, 68
2020.17020608, 52.820673433304, 122.28877022446, 467.655059814453, 2009603, 2, 68
2020.17020608, 52.8207302642505, 122.288761095479, 467.691558837891, 2009603, 2, 68
2020.1702064, 53.4673110856748, 122.183054315082, 292.761108398438, 2009603, 2, 52
2020.1702064, 53.4673872728994, 122.183041625229, 292.868530273438, 2009603, 2, 52
2020.1702064, 53.467450760486, 122.183031057001, 292.900848388672, 2009603, 2, 52
2020.1702064, 53.4675205721808, 122.183019458982, 292.785736083984, 2009603, 2, 72
2020.1702064, 53.4675904157287, 122.183007850949, 292.586456298828, 2009603, 2, 72
2020.1702064, 53.4676666254659, 122.182995189425, 292.444885253906, 2009603, 2, 63
2020.1702064, 53.4677301499856, 122.182984642119, 292.327056884766, 2009603, 2, 63
2020.1702064, 53.4678000188391, 122.182973060959, 292.202911376953, 2009603, 2, 87
2020.1702064, 53.4678699020948, 122.182961486131, 291.977569580078, 2009603, 2, 87
2020.1702064, 53.4679398170389, 122.182949909777, 291.854370117188, 2009603, 2, 87
2020.1702064, 53.4680224525336, 122.182936248881, 291.760009765625, 2009603, 2, 94
2020.1702064, 53.4680923927453, 122.182924698897, 291.800048828125, 2009603, 2, 94
2020.1702064, 53.4681750566248, 122.182911073552, 291.759429931641, 2009603, 2, 94
2020.1702064, 53.4682450544419, 122.182899533759, 291.644134521484, 2009603, 2, 94
2020.1702064, 53.468327769983, 122.182885930628, 291.560577392578, 2009603, 2, 94
2020.1702064, 53.4684104983586, 122.182872351177, 291.5439453125, 2009603, 2, 94
2020.1702064, 53.4684805568467, 122.182860847299, 291.582244873047, 2009603, 2, 94
2020.1702064, 53.4685569730374, 122.182848342954, 291.350128173828, 2009603, 2, 94
2020.1702064, 53.4686270249181, 122.182836872676, 291.201354980469, 2009603, 2, 94
2020.1702064, 53.4686971177701, 122.182825396988, 291.106964111328, 2009603, 2, 94
2020.1702064, 53.4687608517797, 122.182814974349, 291.131011962891, 2009603, 2, 94
2020.1702064, 53.4688245838517, 122.182804571409, 291.093475341797, 2009603, 2, 94
2020.1702064, 53.4688947072768, 122.182793136807, 291.053436279297, 2009603, 2, 94
2020.1702064, 53.4689584777544, 122.182782743344, 291.137512207031, 2009603, 2, 94
2020.1702064, 53.4690286240919, 122.182771330986, 291.202301025391, 2009603, 2, 93
2020.1702064, 53.4691051679189, 122.182758888854, 291.292510986328, 2009603, 2, 93
2020.1702064, 53.469181706538, 122.182746468774, 291.230499267578, 2009603, 2, 93
2020.1702064, 53.4692518754254, 122.182735095297, 291.047271728516, 2009603, 2, 94
2020.1702064, 53.4693156833289, 122.18272475497, 290.988189697266, 2009603, 2, 94
2020.1702064, 53.4693922414191, 122.182712365952, 290.985504150391, 2009603, 2, 94
2020.1702064, 53.4694624307751, 122.182701012793, 291.004760742188, 2009603, 2, 94
2020.1702064, 53.4695453702537, 122.182687612868, 290.9912109375, 2009603, 2, 93
2020.1702064, 53.4696155455775, 122.182676280949, 290.977905273438, 2009603, 2, 93
2020.1702064, 53.4696729697949, 122.182667006793, 290.965698242188, 2009603, 2, 93
2020.1702064, 53.46974951756, 122.182654652828, 291.001037597656, 2009603, 2, 93
2020.1702064, 53.4698132499335, 122.18264429087, 291.008056640625, 2009603, 2, 93
2020.1702064, 53.4698706958542, 122.182635079829, 290.991760253906, 2009603, 2, 93
2020.1702064, 53.4699408818321, 122.182623829619, 291.005401611328, 2009603, 2, 93
2020.1702064, 53.4700046808233, 122.182613592804, 291.018768310547, 2009603, 2, 93
2020.1702064, 53.4700684585677, 122.182603353204, 291.009704589844, 2009603, 2, 93
2020.1702064, 53.4701322155956, 122.182593107781, 290.974060058594, 2009603, 2, 93
2020.1702064, 53.4702023177819, 122.182581831243, 290.978393554688, 2009603, 2, 93
2020.1702064, 53.4702660329552, 122.182571558838, 291.004425048828, 2009603, 2, 92
2020.1702064, 53.4703297311748, 122.182561269934, 290.962005615234, 2009603, 2, 92
2020.1702064, 53.4703997478689, 122.182549946695, 290.993316650391, 2009603, 2, 92
2020.1702064, 53.4704633945123, 122.182539618727, 291.074859619141, 2009603, 2, 92
2020.1702064, 53.4705269933664, 122.182529285486, 291.171142578125, 2009603, 2, 91
2020.1702064, 53.4705905708555, 122.182518927584, 291.425567626953, 2009603, 2, 91
2020.1702064, 53.4706477672835, 122.182509586261, 291.351867675781, 2009603, 2, 91
2020.1702064, 53.4707176311911, 122.182498150485, 291.337493896484, 2009603, 2, 91
2020.1702064, 53.4708445620436, 122.182477292293, 291.309539794922, 2009603, 2, 90
2020.1702064, 53.470907982813, 122.182466828478, 291.232238769531, 2009603, 2, 90
2020.1702064, 53.470971366803, 122.182456349142, 291.231811523438, 2009603, 2, 90
2020.17020438, 49.4250031576193, 122.85887598029, 510.283630371094, 2009593, 3, 59
2020.17020438, 49.4251309947512, 122.85885769854, 510.253356933594, 2009593, 3, 59
2020.17020438, 49.4252460189534, 122.858841325761, 510.239410400391, 2009593, 3, 59
2020.17020438, 49.431828637147, 122.857872420917, 510.66748046875, 2009593, 3, 77
2020.17020438, 49.4319299239154, 122.857857346879, 510.696594238281, 2009593, 3, 77
2020.17020608, 52.8563462344767, 122.329731619328, 462.012664794922, 2009603, 3, 57
2020.17020608, 52.8593817657592, 122.329242792631, 461.443267822266, 2009603, 3, 54
2020.17020638, 53.4605678400991, 122.231594913537, 291.780364990234, 2009603, 3, 95
2020.17020322, 47.0799956081281, 123.197970689768, 157.907958984375, 2009593, 4, 56
2020.17020439, 49.4312697383865, 122.859165519936, 510.702728271484, 2009593, 4, 70
2020.17020439, 49.4313018623087, 122.859160624476, 510.71826171875, 2009593, 4, 70
2020.17020439, 49.4313275649137, 122.85915668452, 510.709045410156, 2009593, 4, 70
2020.17020439, 49.4313596762149, 122.859151836608, 510.719757080078, 2009593, 4, 70
2020.17020439, 49.4313853766424, 122.859147892623, 510.715759277344, 2009593, 4, 70
2020.17020439, 49.4314174846288, 122.859143050539, 510.712432861328, 2009593, 4, 70
2020.17020439, 49.431449592542, 122.859138178178, 510.725982666016, 2009593, 4, 70
2020.17020439, 49.431481692366, 122.859133334444, 510.700500488281, 2009593, 4, 70
2020.1702061, 52.860795285291, 122.330317087519, 461.068725585938, 2009603, 4, 74
2020.1702061, 52.8608712040987, 122.330304651721, 460.705261230469, 2009603, 4, 74
2020.1702061, 52.8609531454781, 122.330291341714, 460.478088378906, 2009603, 4, 74
2020.1702061, 52.8610168778649, 122.330280857501, 460.518707275391, 2009603, 4, 59
2020.1702061, 52.8610870368487, 122.33026938721, 460.514923095703, 2009603, 4, 59
2020.1702061, 52.8611636568577, 122.330256807231, 460.524200439453, 2009603, 4, 59
2020.17020639, 53.4601850546517, 122.232986572633, 290.697143554688, 2009603, 4, 90
2020.17020639, 53.460598711584, 122.232919901657, 290.672454833984, 2009603, 4, 95
2020.17020639, 53.4610242808308, 122.232850493199, 290.684173583984, 2009603, 4, 95
2020.17020639, 53.4614234753442, 122.232784444387, 290.751739501953, 2009603, 4, 95
2020.17020639, 53.4618039362763, 122.232721552824, 290.843383789062, 2009603, 4, 95
2020.1702064, 53.4621978927995, 122.232656936656, 291.209228515625, 2009603, 4, 94
2020.1702064, 53.4661230351049, 122.232012704418, 291.45556640625, 2009603, 4, 67
2020.1702064, 53.4664160134105, 122.231965651551, 292.017364501953, 2009603, 4, 67
2020.17020439, 49.4539953582514, 122.899148515739, 507.091796875, 2009593, 5, 58
2020.17020439, 49.4542428853463, 122.899112109806, 507.131683349609, 2009593, 5, 58
2020.17020639, 53.4724806335692, 122.278410516771, 289.719940185547, 2009603, 5, 90
2020.17020639, 53.472894084598, 122.278342316088, 289.787139892578, 2009603, 5, 94
2020.17020639, 53.4734225848661, 122.278254507731, 289.763305664062, 2009603, 5, 95
2020.17020639, 53.4739575401637, 122.278165845665, 289.900543212891, 2009603, 5, 94
2020.17020639, 53.4744284238856, 122.278088294051, 289.869262695312, 2009603, 5, 96
2020.17020639, 53.4749622074214, 122.278000705199, 289.652435302734, 2009603, 5, 94
2020.17020639, 53.4754824359541, 122.277915118126, 289.847015380859, 2009603, 5, 93
2020.17020639, 53.4759709234248, 122.277834875694, 290.690307617188, 2009603, 5, 90
2020.1702044, 49.4538683811292, 122.900342754779, 507.027709960938, 2009593, 6, 55
2020.1702044, 49.4539516574424, 122.900330579027, 507.021423339844, 2009593, 6, 55
2020.1702044, 49.4540221333087, 122.900320290952, 507.000946044922, 2009593, 6, 55
2020.1702044, 49.4540862058043, 122.900311017281, 506.992462158203, 2009593, 6, 55
2020.1702044, 49.4541566845901, 122.900300810681, 507.051605224609, 2009593, 6, 55
2020.1702044, 49.4542271549556, 122.900290603008, 507.064971923828, 2009593, 6, 55
2020.17020614, 52.9505385640119, 122.363945008594, 447.65771484375, 2009603, 6, 81
2020.17020614, 52.9505898354309, 122.363936664406, 447.715057373047, 2009603, 6, 81
2020.17020614, 52.9506539036403, 122.363926474159, 447.667907714844, 2009603, 6, 81
2020.17020614, 52.9507115581271, 122.36391718751, 447.544311523438, 2009603, 6, 81
2020.17020614, 52.9507756010102, 122.363906872289, 447.599334716797, 2009603, 6, 72
2020.17020614, 52.9508332159399, 122.363897587097, 447.686767578125, 2009603, 6, 72
2020.17020614, 52.950890803536, 122.363888290693, 447.798431396484, 2009603, 6, 72
2020.17020614, 52.9509483664923, 122.363878947575, 447.904907226562, 2009603, 6, 72
2020.17020614, 52.9509994987664, 122.363870762771, 447.848754882812, 2009603, 6, 72
2020.17020615, 52.9760302847808, 122.359856797867, 443.627502441406, 2009603, 6, 75
2020.17020615, 52.9760873743725, 122.359847608518, 443.617431640625, 2009603, 6, 75
2020.17020615, 52.9761444739036, 122.359838422247, 443.622711181641, 2009603, 6, 75
2020.17020615, 52.9762015833989, 122.359829228836, 443.609893798828, 2009603, 6, 75
2020.17020615, 52.976258711946, 122.359819983348, 443.631713867188, 2009603, 6, 77
2020.17020615, 52.9763158533167, 122.359810820904, 443.625885009766, 2009603, 6, 77
2020.17020615, 52.976366664624, 122.35980260849, 443.616851806641, 2009603, 6, 77
2020.17020615, 52.9764301868733, 122.359792545499, 443.589569091797, 2009603, 6, 77
2020.17020615, 52.976487393378, 122.359783276575, 443.605438232422, 2009603, 6, 77
2020.17020615, 52.9765446114085, 122.359774195827, 443.613555908203, 2009603, 6, 67
2020.17020615, 52.9766018525021, 122.35976509041, 443.643890380859, 2009603, 6, 67
2020.17020615, 52.976665370233, 122.359754854179, 443.628570556641, 2009603, 6, 67
2020.17020615, 52.9767865172102, 122.359735804353, 443.656707763672, 2009603, 6, 51
2020.17020615, 52.9768503262239, 122.359725658303, 443.768829345703, 2009603, 6, 51
2020.17020615, 52.9769141492118, 122.359715769866, 443.764221191406, 2009603, 6, 51
2020.17020615, 52.9769780053826, 122.359705744438, 443.724182128906, 2009603, 6, 51
2020.17020615, 52.9770354912119, 122.359696745565, 443.763977050781, 2009603, 6, 64
2020.17020615, 52.9770866079615, 122.359688697639, 443.729614257812, 2009603, 6, 64
2020.17020615, 52.9771441291437, 122.359679646379, 443.773071289062, 2009603, 6, 64
2020.17020615, 52.9772016643205, 122.359670575244, 443.784210205078, 2009603, 6, 64
2020.17020615, 52.9772592106218, 122.359661448256, 443.771179199219, 2009603, 6, 72
2020.17020615, 52.9773103693066, 122.359653382046, 443.790100097656, 2009603, 6, 72
2020.17020615, 52.9773679323354, 122.359644269579, 443.785308837891, 2009603, 6, 72
2020.17020615, 52.9774318931901, 122.359634208919, 443.749053955078, 2009603, 6, 72
2020.17020615, 52.9774830692306, 122.359626009831, 443.742126464844, 2009603, 6, 72
2020.17020615, 52.9775406428615, 122.359616818501, 443.736938476562, 2009603, 6, 66
2020.17020615, 52.9775982134806, 122.359607663858, 443.750823974609, 2009603, 6, 66
2020.17020615, 52.9776621750945, 122.359597503196, 443.768310546875, 2009603, 6, 66
2020.17020615, 52.9777197411445, 122.35958816683, 443.77294921875, 2009603, 6, 66
2020.17020615, 52.9777772891491, 122.359579037245, 443.712585449219, 2009603, 6, 65
2020.17020615, 52.9778220551383, 122.359571693345, 443.737945556641, 2009603, 6, 65
2020.17020615, 52.9778859805734, 122.359561436252, 443.798736572266, 2009603, 6, 65
2020.17020615, 52.9779498876665, 122.359551211068, 443.833618164062, 2009603, 6, 65
2020.17020615, 52.9780074033755, 122.359541618187, 443.808715820312, 2009603, 6, 67
2020.17020615, 52.9780648961193, 122.359532092681, 443.782348632812, 2009603, 6, 67
2020.17020615, 52.9781223671095, 122.359522566533, 443.784698486328, 2009603, 6, 67
2020.17020615, 52.9781798240801, 122.359512954437, 443.762969970703, 2009603, 6, 67
2020.17020615, 52.9782308699288, 122.359504556719, 443.790710449219, 2009603, 6, 67
2020.17020615, 52.978288286408, 122.359494860924, 443.816040039062, 2009603, 6, 70
2020.17020615, 52.978345669922, 122.359485279005, 443.764526367188, 2009603, 6, 70
2020.17020615, 52.9784030300839, 122.359475700251, 443.808410644531, 2009603, 6, 70
2020.17020615, 52.9784667310608, 122.359465077981, 443.813110351562, 2009603, 6, 70
2020.17020615, 52.9785176713849, 122.359456491292, 443.839752197266, 2009603, 6, 71
2020.17020615, 52.97856858246, 122.359448001385, 443.796234130859, 2009603, 6, 71
2020.17020615, 52.9786258315038, 122.359438494578, 443.782012939453, 2009603, 6, 71
2020.17020615, 52.978676700701, 122.359429952004, 443.787628173828, 2009603, 6, 71
2020.17020615, 52.9787338977906, 122.359420411141, 443.800262451172, 2009603, 6, 71
2020.17020615, 52.9787847118888, 122.359411950461, 443.817016601562, 2009603, 6, 72
2020.17020615, 52.9788418486343, 122.359402520848, 443.810516357422, 2009603, 6, 72
2020.17020615, 52.9788862749888, 122.359395090064, 443.799346923828, 2009603, 6, 72
2020.17020615, 52.978937023323, 122.359386678699, 443.805297851562, 2009603, 6, 72
2020.17020615, 52.9790004224351, 122.359376234913, 443.78515625, 2009603, 6, 72
2020.17020615, 52.97905745804, 122.359366797304, 443.796478271484, 2009603, 6, 72
2020.17020615, 52.9791081311821, 122.359358501407, 443.763793945312, 2009603, 6, 72
2020.17020615, 52.9791714452384, 122.359348149217, 443.796936035156, 2009603, 6, 72
2020.17020615, 52.9792284752639, 122.359338605135, 443.763671875, 2009603, 6, 72
2020.17020615, 52.9792853481548, 122.35932959651, 443.798370361328, 2009603, 6, 73
2020.17020615, 52.9793358937104, 122.359321463307, 443.809204101562, 2009603, 6, 73
2020.17020615, 52.9793927327745, 122.359312484386, 443.750244140625, 2009603, 6, 73
2020.17020615, 52.9794432455157, 122.359304432472, 443.796417236328, 2009603, 6, 73
2020.17020615, 52.9795063727258, 122.359294448879, 443.797515869141, 2009603, 6, 72
2020.17020615, 52.979569482569, 122.359284568956, 443.782623291016, 2009603, 6, 72
2020.17020615, 52.9796199716936, 122.359276520211, 443.796081542969, 2009603, 6, 72
2020.17020615, 52.9796767611943, 122.359267625774, 443.758209228516, 2009603, 6, 72
2020.17020615, 52.9797272432757, 122.359259673004, 443.786010742188, 2009603, 6, 72
2020.17020615, 52.9797840358065, 122.359250750969, 443.816864013672, 2009603, 6, 70
2020.1702064, 53.4729024865697, 122.279628858147, 290.248992919922, 2009603, 6, 64
2020.1702064, 53.4730228965301, 122.279609145233, 289.706665039062, 2009603, 6, 93
2020.1702064, 53.4731369438303, 122.279590344248, 289.669525146484, 2009603, 6, 93
2020.1702064, 53.4732699954187, 122.279568095264, 289.744659423828, 2009603, 6, 93
2020.1702064, 53.4733903821867, 122.279547959197, 289.796630859375, 2009603, 6, 93
2020.1702064, 53.4735171470991, 122.279526647092, 289.815307617188, 2009603, 6, 94
2020.1702064, 53.4736503016747, 122.279504449627, 289.822814941406, 2009603, 6, 94
2020.1702064, 53.4737581848308, 122.279485971943, 289.787139892578, 2009603, 6, 95
2020.1702064, 53.4738661308117, 122.279467540602, 289.778869628906, 2009603, 6, 95
2020.1702064, 53.4739995830527, 122.279444883644, 289.770721435547, 2009603, 6, 95
2020.1702064, 53.4741204457506, 122.279424243355, 289.747833251953, 2009603, 6, 95
2020.1702064, 53.4742477795582, 122.279402786643, 289.707336425781, 2009603, 6, 95
2020.1702064, 53.4743943711275, 122.279378223455, 289.658630371094, 2009603, 6, 95
2020.1702064, 53.474534729835, 122.279354946791, 289.653198242188, 2009603, 6, 94
2020.1702064, 53.474681612676, 122.279330757174, 289.754516601562, 2009603, 6, 94
2020.1702064, 53.474796645789, 122.279312091853, 289.761810302734, 2009603, 6, 96
2020.1702064, 53.4749181345128, 122.279292508278, 289.716918945312, 2009603, 6, 96
2020.1702064, 53.4750332898142, 122.279274188618, 289.70458984375, 2009603, 6, 96
2020.1702064, 53.4751679243065, 122.279253312285, 289.700622558594, 2009603, 6, 96
2020.1702064, 53.47530251852, 122.279232686013, 289.694671630859, 2009603, 6, 96
2020.1702064, 53.4754242126825, 122.27921415182, 289.584533691406, 2009603, 6, 96
2020.1702064, 53.4755393997343, 122.279196692096, 289.571044921875, 2009603, 6, 94
2020.1702064, 53.4756672292407, 122.279177414437, 289.540313720703, 2009603, 6, 94
2020.1702064, 53.4759159367763, 122.279139861965, 289.694396972656, 2009603, 6, 94
2020.1702064, 53.4760558575966, 122.279118715442, 289.666168212891, 2009603, 6, 95
2020.1702064, 53.4762085304503, 122.279095587896, 289.862091064453, 2009603, 6, 95
2020.1702064, 53.4763725951027, 122.279070182445, 290.361755371094, 2009603, 6, 93
2020.1702064, 53.4765300990309, 122.279045593543, 290.598388671875, 2009603, 6, 73
2020.1702064, 53.4768322879525, 122.278997552198, 291.715728759766, 2009603, 6, 73
