2021.89464063, 54.7071567113703, 126.913639913302, 367.516510009766, 2007667, 1, 73
2021.89464063, 54.706812615523, 126.913575952826, 367.247863769531, 2007667, 1, 73
2021.89464063, 54.6968306680695, 126.911733162709, 365.562622070312, 2007667, 1, 85
2021.89464064, 54.6965115279888, 126.911676071125, 365.484466552734, 2007667, 1, 85
2021.89464064, 54.6962063382219, 126.911622297955, 365.403869628906, 2007667, 1, 80
2021.89464084, 54.279846436693, 126.84053225404, 332.582061767578, 2009604, 1, 81
2021.89464084, 54.279346581089, 126.8404526865, 331.695007324219, 2009604, 1, 88
2021.89464084, 54.2790116283749, 126.840402050078, 331.678039550781, 2009604, 1, 85
2021.89464117, 53.6184269023834, 126.729920581002, 216.872695922852, 2009603, 1, 91
2021.89464117, 53.6180092822606, 126.729844109485, 216.924789428711, 2009603, 1, 94
2021.89464117, 53.6176795255801, 126.729787016841, 216.876235961914, 2009603, 1, 94
2021.89464117, 53.6172336546913, 126.729717280049, 216.869232177734, 2009603, 1, 95
2021.89464117, 53.6169519152177, 126.729678540297, 216.89306640625, 2009603, 1, 89
2021.89464117, 53.6166186850045, 126.729633649346, 216.913619995117, 2009603, 1, 82
2021.89464118, 53.603556553492, 126.727537257579, 216.329467773438, 2009603, 1, 63
2021.89464118, 53.6023312435289, 126.72735393809, 216.326812744141, 2009603, 1, 92
2021.89464118, 53.6013091111142, 126.727207391681, 216.223419189453, 2009603, 1, 86
2021.89464118, 53.5960328497338, 126.726364150932, 216.260345458984, 2009603, 1, 92
2021.89464523, 45.4750683571994, 125.508819247798, 121.883735656738, 2009593, 1, 89
2021.89464523, 45.4735405082783, 125.508597096368, 121.895721435547, 2009593, 1, 94
2021.89464523, 45.4726001342717, 125.508465688582, 121.893409729004, 2009593, 1, 97
2021.89464523, 45.4714721579043, 125.508324591183, 121.877952575684, 2009593, 1, 96
2021.89464552, 44.8953178331851, 125.429855064412, 144.580047607422, 2006372, 1, 56
2021.89464552, 44.8944709105823, 125.42973381945, 142.682342529297, 2006372, 1, 84
2021.89464552, 44.8942854464196, 125.429707810373, 142.671981811523, 2006372, 1, 84
2021.89464552, 44.8941064041946, 125.429683042114, 142.686920166016, 2006372, 1, 79
2021.89464552, 44.8939274588322, 125.429658600051, 142.687271118164, 2006372, 1, 64
2021.89464552, 44.8937614337814, 125.429636130028, 142.706253051758, 2006372, 1, 64
2021.89464553, 44.885196346215, 125.428460946151, 142.623336791992, 2006372, 1, 67
2021.89464553, 44.8849724686687, 125.428431635044, 142.63493347168, 2006372, 1, 67
2021.89464553, 44.8846341395083, 125.428386742981, 142.683242797852, 2006372, 1, 63
2021.89464593, 44.0786816023327, 125.319935664542, 186.548812866211, 1361904, 1, 89
2021.89464593, 44.0785978623911, 125.319924148119, 186.559127807617, 1361904, 1, 89
2021.89464593, 44.0785207098607, 125.31991354374, 186.546783447266, 1361904, 1, 89
2021.89464593, 44.0784437044689, 125.319902958092, 186.544097900391, 1361904, 1, 90
2021.89464593, 44.078354076868, 125.319890687657, 186.544006347656, 1361904, 1, 90
2021.89464593, 44.0782646770816, 125.319878447813, 186.579528808594, 1361904, 1, 90
2021.89464593, 44.0781748646168, 125.319866147275, 186.559310913086, 1361904, 1, 91
2021.89464593, 44.0781054766037, 125.319856773767, 186.563323974609, 1361904, 1, 91
2021.89464593, 44.0780299336347, 125.319846555043, 186.545181274414, 1361904, 1, 91
2021.89464593, 44.0779357268447, 125.319833959034, 186.571212768555, 1361904, 1, 90
2021.89464593, 44.0778479645928, 125.319822190459, 186.559631347656, 1361904, 1, 90
2021.89464593, 44.0777728482399, 125.319812160695, 186.571075439453, 1361904, 1, 90
2021.89464593, 44.0776853110977, 125.319800518535, 186.57341003418, 1361904, 1, 91
2021.89464593, 44.0776103338767, 125.319790593755, 186.536834716797, 1361904, 1, 91
2021.89464593, 44.077529141836, 125.319779883072, 186.578674316406, 1361904, 1, 91
2021.89464593, 44.0774479464307, 125.31976916469, 186.568405151367, 1361904, 1, 92
2021.89464593, 44.0773667222975, 125.319758441373, 186.547729492188, 1361904, 1, 92
2021.89464593, 44.0772854435508, 125.319747680722, 186.552505493164, 1361904, 1, 92
2021.89464593, 44.0771978386263, 125.319736209696, 186.552215576172, 1361904, 1, 92
2021.89464593, 44.0771289198766, 125.319727150403, 186.555816650391, 1361904, 1, 92
2021.89464593, 44.0770661909281, 125.319718863477, 186.559463500977, 1361904, 1, 92
2021.89464593, 44.0770096690044, 125.319711421713, 186.550552368164, 1361904, 1, 92
2021.89464593, 44.0769467932151, 125.319703191074, 186.566787719727, 1361904, 1, 92
2021.89464593, 44.0768714497248, 125.31969328415, 186.554244995117, 1361904, 1, 92
2021.89464593, 44.0768016717514, 125.319684081766, 186.561111450195, 1361904, 1, 92
2021.89464593, 44.0767317935083, 125.319674930967, 186.546508789062, 1361904, 1, 91
2021.89464593, 44.076661814055, 125.319665763848, 186.535202026367, 1361904, 1, 91
2021.89464593, 44.0765853542937, 125.319655702159, 186.550354003906, 1361904, 1, 91
2021.89464593, 44.0765024041875, 125.319644780133, 186.535400390625, 1361904, 1, 91
2021.89464593, 44.0764321254839, 125.31963549258, 186.541549682617, 1361904, 1, 92
2021.89464593, 44.0763489821927, 125.319624549325, 186.548446655273, 1361904, 1, 92
2021.89464593, 44.0762721505744, 125.319614364715, 186.54621887207, 1361904, 1, 92
2021.89464593, 44.0761952635436, 125.319604203074, 186.558746337891, 1361904, 1, 92
2021.89464593, 44.0761183350861, 125.319594096832, 186.543914794922, 1361904, 1, 92
2021.89464593, 44.0760541871927, 125.3195855642, 186.522766113281, 1361904, 1, 92
2021.89464593, 44.0759836142571, 125.319576256066, 186.529830932617, 1361904, 1, 91
2021.89464593, 44.0759130177256, 125.319566867743, 186.54411315918, 1361904, 1, 91
2021.89464593, 44.0758488361729, 125.319558351798, 186.524520874023, 1361904, 1, 91
2021.89464593, 44.0757846663976, 125.319549891917, 186.521209716797, 1361904, 1, 91
2021.89464593, 44.0757269145935, 125.319542253969, 186.503768920898, 1361904, 1, 92
2021.89464593, 44.0756691705799, 125.319534589888, 186.536285400391, 1361904, 1, 92
2021.89464593, 44.0756048647256, 125.319526064449, 186.542953491211, 1361904, 1, 92
2021.89464593, 44.0755345336121, 125.319516704065, 186.528442382812, 1361904, 1, 92
2021.89464593, 44.0754769970922, 125.319508955746, 186.551483154297, 1361904, 1, 91
2021.89464593, 44.0754067077683, 125.319499555157, 186.548126220703, 1361904, 1, 92
2021.89464593, 44.0753364443386, 125.31949019202, 186.559417724609, 1361904, 1, 92
2021.89464593, 44.075259822619, 125.319480020988, 186.545043945312, 1361904, 1, 92
2021.89464593, 44.0751832250765, 125.319469825173, 186.545028686523, 1361904, 1, 91
2021.89464593, 44.0751194079551, 125.319461326274, 186.529647827148, 1361904, 1, 91
2021.89464593, 44.0750364753746, 125.319450347751, 186.558013916016, 1361904, 1, 91
2021.89464593, 44.0749599353251, 125.319440163567, 186.525772094727, 1361904, 1, 90
2021.89464593, 44.0748834258143, 125.319430137712, 186.548522949219, 1361904, 1, 90
2021.89464593, 44.0748069157355, 125.319420031586, 186.540542602539, 1361904, 1, 90
2021.89464593, 44.074724051561, 125.319409178581, 186.512619018555, 1361904, 1, 90
2021.89464593, 44.0746157022227, 125.319395062231, 186.545059204102, 1361904, 1, 90
2021.89464593, 44.0745073541884, 125.319380971031, 186.549575805664, 1361904, 1, 90
2021.89464593, 44.0743926256093, 125.319366091461, 186.542068481445, 1361904, 1, 91
2021.89464593, 44.0742651315392, 125.319349671494, 186.527694702148, 1361904, 1, 91
2021.89464593, 44.0741758001192, 125.319338352864, 186.527008056641, 1361904, 1, 92
2021.89464593, 44.0741119868497, 125.319330264114, 186.529006958008, 1361904, 1, 92
2021.89464593, 44.0740681885545, 125.319324680686, 186.503555297852, 1361904, 1, 92
2021.89464593, 44.0740098724417, 125.319317336395, 186.561965942383, 1361904, 1, 92
2021.89464593, 44.0738949760303, 125.319302740716, 186.593399047852, 1361904, 1, 91
2021.89464593, 44.073792827874, 125.319289703366, 186.558639526367, 1361904, 1, 91
2021.89464593, 44.0737034385941, 125.31927822978, 186.568435668945, 1361904, 1, 92
2021.89464593, 44.0736268182322, 125.319268367886, 186.558532714844, 1361904, 1, 92
2021.89464593, 44.0735374324782, 125.319256900628, 186.564605712891, 1361904, 1, 92
2021.89464593, 44.0734544245891, 125.319246117678, 186.571990966797, 1361904, 1, 91
2021.89464593, 44.0733714050644, 125.319235200487, 186.586410522461, 1361904, 1, 91
2021.89464593, 44.073275622338, 125.31922255732, 186.577590942383, 1361904, 1, 91
2021.89464593, 44.073186240049, 125.31921072592, 186.582412719727, 1361904, 1, 90
2021.89464593, 44.0730968786154, 125.319198941241, 186.506759643555, 1361904, 1, 90
2021.89464593, 44.0729947270357, 125.319184998492, 186.53547668457, 1361904, 1, 90
2021.89464593, 44.0729053443065, 125.319172585911, 186.542373657227, 1361904, 1, 90
2021.89464593, 44.0728159981853, 125.319160227732, 186.530029296875, 1361904, 1, 90
2021.89464593, 44.0727202844991, 125.319146852029, 186.550231933594, 1361904, 1, 90
2021.89464593, 44.0726373558464, 125.319135195619, 186.554229736328, 1361904, 1, 90
2021.89464593, 44.0725608277521, 125.319124383689, 186.553375244141, 1361904, 1, 90
2021.89464593, 44.0724843262354, 125.319113594262, 186.540863037109, 1361904, 1, 89
2021.89464593, 44.0724078419017, 125.319102723007, 186.539016723633, 1361904, 1, 89
2021.89464593, 44.0723250119304, 125.319090938098, 186.529907226562, 1361904, 1, 89
2021.89464593, 44.0722358465551, 125.319078264318, 186.588455200195, 1361904, 1, 86
2021.89464593, 44.0721467185059, 125.319065576667, 186.573440551758, 1361904, 1, 86
2021.89464593, 44.0720639880198, 125.319053805232, 186.563919067383, 1361904, 1, 86
2021.89464593, 44.0719812854305, 125.319042002556, 186.567916870117, 1361904, 1, 86
2021.89464593, 44.0718795553278, 125.319027658889, 186.584609985352, 1361904, 1, 86
2021.89464593, 44.0717778411681, 125.31901323261, 186.593627929688, 1361904, 1, 86
2021.89464593, 44.0716952858352, 125.319001688567, 186.577102661133, 1361904, 1, 84
2021.89464593, 44.0716127554953, 125.318990169424, 186.562072753906, 1361904, 1, 81
2021.89464593, 44.0715302605439, 125.318978782183, 186.590667724609, 1361904, 1, 81
2021.89464595, 44.0276176750992, 125.313106566475, 184.712326049805, 2006372, 1, 63
2021.89464598, 43.9664651182675, 125.304887127959, 198.213516235352, 1362052, 1, 78
2021.89464598, 43.9663693561339, 125.304874260011, 198.214782714844, 1362052, 1, 78
2021.89464598, 43.9662990800582, 125.304864791726, 198.209838867188, 1362052, 1, 78
2021.89464598, 43.9662287644284, 125.304855305281, 198.207336425781, 1362052, 1, 86
2021.89464598, 43.9661584134726, 125.304845851583, 198.21647644043, 1362052, 1, 86
2021.89464598, 43.9660883380545, 125.304836394381, 198.20166015625, 1362052, 1, 86
2021.89464598, 43.9660176782604, 125.304827029628, 198.20866394043, 1362052, 1, 86
2021.89464598, 43.9659405582296, 125.30481677538, 198.204437255859, 1362052, 1, 85
2021.89464598, 43.9658569974771, 125.304805774433, 198.225173950195, 1362052, 1, 85
2021.89464598, 43.9657734197659, 125.304794747793, 198.228942871094, 1362052, 1, 85
2021.89464598, 43.9657026991138, 125.304785370212, 198.204986572266, 1362052, 1, 85
2021.89464598, 43.9656319964611, 125.304776089005, 198.205718994141, 1362052, 1, 85
2021.89464598, 43.9655677370253, 125.304767641004, 198.202178955078, 1362052, 1, 85
2021.89464598, 43.9654970761394, 125.304758332672, 198.235824584961, 1362052, 1, 83
2021.89464598, 43.9654007800823, 125.30474567597, 198.253189086914, 1362052, 1, 74
2021.89464598, 43.965304560933, 125.304732969706, 198.327758789062, 1362052, 1, 74
2021.89464065, 54.6976648796327, 126.910187252965, 365.602508544922, 2007667, 2, 86
2021.89464085, 54.2791307188067, 126.839148960168, 331.839569091797, 2009604, 2, 83
2021.89464119, 53.6003044511211, 126.725760077537, 216.291397094727, 2009603, 2, 92
2021.89464119, 53.5971965858674, 126.725265486664, 216.318481445312, 2009603, 2, 92
2021.89464525, 45.4708133246719, 125.50701240339, 122.002052307129, 2009593, 2, 96
2021.89464553, 44.8943936132008, 125.428460552173, 142.684432983398, 2006372, 2, 56
2021.89464554, 44.8843529244828, 125.42709626285, 142.700531005859, 2006372, 2, 68
2021.89464594, 44.0783171252644, 125.318672363322, 186.627639770508, 1361904, 2, 85
2021.89464594, 44.077952552825, 125.31862323629, 186.625793457031, 1361904, 2, 89
2021.89464594, 44.0775434947297, 125.318568123723, 186.627655029297, 1361904, 2, 90
2021.89464594, 44.0772179726316, 125.318524460049, 186.615356445312, 1361904, 2, 91
2021.89464594, 44.0768802657951, 125.318479611293, 186.624008178711, 1361904, 2, 91
2021.89464594, 44.0765749277744, 125.318439382618, 186.608551025391, 1361904, 2, 93
2021.89464594, 44.0763143459312, 125.318405101693, 186.631332397461, 1361904, 2, 92
2021.89464594, 44.0760284678979, 125.31836750755, 186.629592895508, 1361904, 2, 92
2021.89464594, 44.0756918131149, 125.318322898321, 186.630172729492, 1361904, 2, 92
2021.89464594, 44.0753041655932, 125.318271043705, 186.622131347656, 1361904, 2, 92
2021.89464594, 44.0749608183858, 125.318224502653, 186.634170532227, 1361904, 2, 90
2021.89464594, 44.0746045395051, 125.318175641563, 186.633514404297, 1361904, 2, 90
2021.89464594, 44.0742225624199, 125.318122577079, 186.628799438477, 1361904, 2, 90
2021.89464594, 44.0737957898121, 125.318063453124, 186.64533996582, 1361904, 2, 90
2021.89464594, 44.0734389788261, 125.318014846539, 186.657150268555, 1361904, 2, 88
2021.89464594, 44.0730885250531, 125.317968217817, 186.648315429688, 1361904, 2, 85
2021.89464594, 44.0727253511824, 125.317920988947, 186.633407592773, 1361904, 2, 81
2021.89464594, 44.0723175682584, 125.31786810784, 186.645156860352, 1361904, 2, 70
2021.89464594, 44.071960743958, 125.317821421709, 186.634902954102, 1361904, 2, 70
2021.89464082, 54.3311122094784, 126.799829281716, 337.415008544922, 2009604, 3, 89
2021.89464082, 54.3309146629612, 126.799794895594, 337.352783203125, 2009604, 3, 89
2021.89464116, 53.6381551326444, 126.684199609258, 220.179351806641, 2009603, 3, 72
2021.89464116, 53.637774803689, 126.68413771257, 220.193176269531, 2009603, 3, 89
2021.89464116, 53.6372625092276, 126.684054245039, 220.222122192383, 2009603, 3, 88
2021.89464118, 53.6378367869439, 126.682811916694, 220.321685791016, 2009603, 4, 91
2021.89464057, 54.8346453070285, 126.834633334099, 391.636779785156, 2007667, 5, 53
2021.8946408, 54.3698674446721, 126.756548684586, 341.330657958984, 2009604, 5, 91
2021.8946408, 54.3696262171975, 126.75651032667, 341.243347167969, 2009604, 5, 70
2021.89464115, 53.6765661410394, 126.641831798965, 222.768798828125, 2009603, 5, 90
2021.89464524, 45.455844730697, 125.423601318758, 122.676879882812, 2009593, 5, 63
2021.89464524, 45.4555201118979, 125.4235585775, 122.659797668457, 2009593, 5, 77
2021.89464524, 45.4550482168454, 125.423496955194, 122.684539794922, 2009593, 5, 57
2021.89464524, 45.4545943098225, 125.423437428837, 122.713348388672, 2009593, 5, 86
2021.89464524, 45.4541206659604, 125.423374511203, 122.688575744629, 2009593, 5, 94
2021.89464524, 45.4536864453149, 125.423316348285, 122.712127685547, 2009593, 5, 95
2021.89464524, 45.4532540947653, 125.423258001941, 122.666748046875, 2009593, 5, 96
2021.89464524, 45.4528166543982, 125.423198615339, 122.716934204102, 2009593, 5, 95
2021.89464525, 45.4524360161279, 125.423146784462, 122.708938598633, 2009593, 5, 96
2021.89464525, 45.4521435383369, 125.42310698861, 122.708686828613, 2009593, 5, 95
2021.89464525, 45.4517415746596, 125.42305216264, 122.734725952148, 2009593, 5, 95
2021.89464525, 45.4513198224731, 125.422995216909, 122.72785949707, 2009593, 5, 95
2021.89464525, 45.4508980762928, 125.422939152621, 122.727653503418, 2009593, 5, 95
2021.89464525, 45.4504196630166, 125.422876797244, 122.72631072998, 2009593, 5, 94
2021.89464525, 45.4500948097175, 125.422834524139, 123.188209533691, 2009593, 5, 92
2021.89464525, 45.4492872206226, 125.422728055154, 123.243438720703, 2009593, 5, 81
2021.89464525, 45.4442752400581, 125.422063870118, 123.818351745605, 2009593, 5, 56
2021.89464525, 45.4424108720411, 125.421810175484, 122.510131835938, 2009593, 5, 67
2021.89464525, 45.4420728828452, 125.421764994843, 122.469802856445, 2009593, 5, 79
2021.89464525, 45.4417792147749, 125.421727172574, 122.465591430664, 2009593, 5, 81
2021.89464525, 45.4413768176596, 125.42167582266, 122.541191101074, 2009593, 5, 79
2021.89464525, 45.4409617504224, 125.421622661907, 122.504501342773, 2009593, 5, 81
2021.89464525, 45.4375263954046, 125.421165223193, 122.568855285645, 2009593, 5, 72
2021.89464525, 45.4372589495807, 125.421130885413, 122.469696044922, 2009593, 5, 88
2021.89464525, 45.4369911658673, 125.421096395097, 122.585998535156, 2009593, 5, 87
2021.89464525, 45.4366783901534, 125.421054664231, 122.579559326172, 2009593, 5, 81
2021.89464525, 45.4363779653254, 125.421014280514, 122.596778869629, 2009593, 5, 72
2021.89464525, 45.4360388148256, 125.420968497754, 122.55411529541, 2009593, 5, 69
2021.89464525, 45.4357635260213, 125.420931679894, 122.589477539062, 2009593, 5, 59
2021.89464526, 45.4537277592857, 125.422264345397, 122.548477172852, 2009593, 6, 81
2021.89464526, 45.4522105845312, 125.422058184113, 122.613578796387, 2009593, 6, 94
2021.89464526, 45.4487276482247, 125.421599074924, 122.605827331543, 2009593, 6, 87
2021.89464526, 45.4422285165027, 125.420734988666, 122.661209106445, 2009593, 6, 78
2021.89464526, 45.4408888086245, 125.420560094856, 122.63843536377, 2009593, 6, 86
2021.89464526, 45.4399217177063, 125.420429833767, 122.722053527832, 2009593, 6, 75
2021.89464526, 45.4362740664066, 125.419942833324, 122.609855651855, 2009593, 6, 90
