2020.74019305, 48.8116460983566, 111.647246052479, 926.914001464844, 2009603, 1, 70
2020.74019305, 48.8116906062294, 111.647239358618, 926.949523925781, 2009603, 1, 70
2020.74019305, 48.8117351091382, 111.64723272757, 926.921752929688, 2009603, 1, 70
2020.74019307, 48.83478569209, 111.643841544045, 924.663818359375, 2009603, 1, 80
2020.74019307, 48.8348174295757, 111.643836738043, 924.613037109375, 2009603, 1, 80
2020.74019307, 48.8348554985078, 111.643830997226, 924.654113769531, 2009603, 1, 80
2020.74019307, 48.8348998973618, 111.64382434365, 924.650085449219, 2009603, 1, 80
2020.74019307, 48.8349379542508, 111.643818538446, 924.6708984375, 2009603, 1, 80
2020.74019307, 48.8349823315216, 111.643811842614, 924.628784179688, 2009603, 1, 80
2020.74019307, 48.8350203706112, 111.643806011456, 924.582885742188, 2009603, 1, 87
2020.74019307, 48.8350647244582, 111.64379931372, 924.627868652344, 2009603, 1, 87
2020.74019307, 48.8351090746063, 111.643792555898, 924.6328125, 2009603, 1, 87
2020.74019307, 48.8351470868989, 111.643786715301, 924.60302734375, 2009603, 1, 87
2020.74019307, 48.8351914164019, 111.64377997398, 924.587585449219, 2009603, 1, 87
2020.74019307, 48.8352294067498, 111.643774193943, 924.605346679688, 2009603, 1, 87
2020.74019307, 48.8352737240472, 111.643767407952, 924.614196777344, 2009603, 1, 87
2020.74019307, 48.8353180293443, 111.643760648304, 924.601501464844, 2009603, 1, 87
2020.74019307, 48.8353560083146, 111.643754800633, 924.570068359375, 2009603, 1, 87
2020.74019307, 48.8355331610686, 111.643727784334, 924.609802246094, 2009603, 1, 74
2020.74019307, 48.8355774336852, 111.643721096607, 924.60888671875, 2009603, 1, 74
2020.74019307, 48.8356153909613, 111.643715281174, 924.605590820312, 2009603, 1, 74
2020.74019307, 48.8356596616744, 111.643708605397, 924.600341796875, 2009603, 1, 74
2020.74019307, 48.8356976115872, 111.643702857154, 924.607788085938, 2009603, 1, 74
2020.74019307, 48.8357418819396, 111.643696183571, 924.576293945312, 2009603, 1, 74
2020.74019307, 48.835779881769, 111.643690359268, 924.592224121094, 2009603, 1, 86
2020.74019307, 48.8358178065101, 111.643684709249, 924.55078125, 2009603, 1, 86
2020.74019307, 48.8358557304513, 111.643679100195, 924.561218261719, 2009603, 1, 86
2020.74019307, 48.8358936607009, 111.643673464502, 924.532165527344, 2009603, 1, 86
2020.74019307, 48.8359315895765, 111.643667862807, 924.551635742188, 2009603, 1, 86
2020.74019307, 48.8359695240924, 111.643662286111, 924.566284179688, 2009603, 1, 86
2020.74019307, 48.836007465261, 111.643656692358, 924.513732910156, 2009603, 1, 72
2020.74019307, 48.836039090148, 111.643652015936, 924.5166015625, 2009603, 1, 72
2020.74019307, 48.836077041809, 111.643646455971, 924.549133300781, 2009603, 1, 72
2020.74019307, 48.8361149978495, 111.643640933969, 924.533081054688, 2009603, 1, 72
2020.74019307, 48.8361529587499, 111.643635420385, 924.503356933594, 2009603, 1, 72
2020.74019307, 48.8361846074827, 111.64363076839, 924.506652832031, 2009603, 1, 72
2020.74019307, 48.8362225863436, 111.643625275782, 924.558227539062, 2009603, 1, 72
2020.7401925, 47.6840102020656, 111.811863694799, 935.60107421875, 2006567, 2, 83
2020.7401925, 47.6841312704491, 111.811846234081, 935.588195800781, 2006567, 2, 83
2020.7401925, 47.6842456990911, 111.811829914437, 935.580505371094, 2006567, 2, 83
2020.74019307, 48.8128607218423, 111.648286281517, 926.831237792969, 2009603, 2, 67
2020.74019307, 48.8130263717405, 111.648262050693, 926.80078125, 2009603, 2, 84
2020.74019308, 48.8328206188289, 111.645352049427, 924.80078125, 2009603, 2, 60
2020.74019308, 48.8329540916405, 111.64533184885, 924.820983886719, 2009603, 2, 60
2020.74019308, 48.8330876536169, 111.645311686924, 924.800231933594, 2009603, 2, 92
2020.74019308, 48.8332085587615, 111.645293403304, 924.7958984375, 2009603, 2, 92
2020.74019308, 48.8333296295879, 111.64527557985, 924.780639648438, 2009603, 2, 92
2020.74019308, 48.8334444034682, 111.645258768122, 924.771057128906, 2009603, 2, 92
2020.74019308, 48.833565611751, 111.645241043018, 924.730529785156, 2009603, 2, 90
2020.74019308, 48.8336805001437, 111.645224307428, 924.726440429688, 2009603, 2, 90
2020.74019308, 48.8338018106079, 111.64520662008, 924.736572265625, 2009603, 2, 89
2020.74019308, 48.8339231588167, 111.645188953085, 924.706176757812, 2009603, 2, 89
2020.74019308, 48.8340445352078, 111.645171284904, 924.683532714844, 2009603, 2, 87
2020.74019308, 48.8341914648588, 111.645149831037, 924.680114746094, 2009603, 2, 87
2020.74019308, 48.8343128478609, 111.645132113766, 924.656433105469, 2009603, 2, 75
2020.74019308, 48.8344533168901, 111.645111729484, 924.6572265625, 2009603, 2, 75
2020.74019308, 48.8398514112599, 111.644325044517, 924.317199707031, 2009603, 2, 81
2020.74019308, 48.8399657657082, 111.644307757897, 924.320739746094, 2009603, 2, 81
2020.74019308, 48.8400992868696, 111.644287540532, 924.324584960938, 2009603, 2, 62
2020.74019309, 48.8847528402827, 111.680503985719, 919.102233886719, 2009603, 3, 85
2020.74019309, 48.8848041948471, 111.680496884754, 919.112915039062, 2009603, 3, 85
2020.74019309, 48.884849128293, 111.680490659402, 919.099792480469, 2009603, 3, 85
2020.74019309, 48.8849068695087, 111.680482693827, 919.095764160156, 2009603, 3, 85
2020.74019309, 48.8849453625302, 111.680477359444, 919.085021972656, 2009603, 3, 85
2020.74019309, 48.8849838401176, 111.680472041311, 919.020935058594, 2009603, 3, 85
2020.7401931, 48.8865149004514, 111.681500038751, 918.912536621094, 2009603, 4, 53
2020.7401931, 48.8866485271918, 111.681480167049, 918.911865234375, 2009603, 4, 53
2020.7401931, 48.8867693655575, 111.681462127683, 918.905944824219, 2009603, 4, 77
2020.7401931, 48.8868902362228, 111.681444115784, 918.878662109375, 2009603, 4, 77
2020.7401931, 48.8870111388247, 111.681426128019, 918.870666503906, 2009603, 4, 77
2020.7401931, 48.8871320806976, 111.681408185032, 918.859497070312, 2009603, 4, 77
2020.7401931, 48.8872467004421, 111.681391244169, 918.857788085938, 2009603, 4, 77
2020.7401931, 48.8873613576003, 111.681374360234, 918.842895507812, 2009603, 4, 82
2020.7401931, 48.887476059699, 111.681357544558, 918.829772949219, 2009603, 4, 82
2020.7401931, 48.887590793559, 111.681340785761, 918.839904785156, 2009603, 4, 84
2020.7401931, 48.8877119444379, 111.681323165631, 918.833557128906, 2009603, 4, 84
2020.7401931, 48.8878267516729, 111.681306543345, 918.825256347656, 2009603, 4, 79
2020.7401931, 48.8879415325979, 111.681289891634, 918.822143554688, 2009603, 4, 79
2020.7401931, 48.8880628946169, 111.681272668663, 918.814514160156, 2009603, 4, 58
2020.7401931, 48.8881778691346, 111.681256382021, 918.814819335938, 2009603, 4, 58
2020.7401925, 47.7130046288887, 111.892565013169, 929.336791992188, 2006567, 5, 78
2020.7401925, 47.7130302010706, 111.892561303342, 929.33642578125, 2006567, 5, 78
2020.7401925, 47.7130557718145, 111.892557594679, 929.340942382812, 2006567, 5, 78
2020.7401925, 47.7130877245952, 111.892552952631, 929.355041503906, 2006567, 5, 78
2020.7401925, 47.7131132842803, 111.892549241083, 929.374572753906, 2006567, 5, 78
2020.7401925, 47.713138847568, 111.892545535371, 929.363830566406, 2006567, 5, 78
2020.7401925, 47.7131707870432, 111.892540890885, 929.393249511719, 2006567, 5, 78
2020.7401925, 47.713196339078, 111.892537179726, 929.391357421875, 2006567, 5, 78
2020.7401925, 47.7132218907025, 111.892533471774, 929.390319824219, 2006567, 5, 78
2020.7401925, 47.7132474345675, 111.892529759268, 929.377746582031, 2006567, 5, 78
2020.7401931, 48.903004070614, 111.721930194523, 915.919311523438, 2009603, 5, 78
2020.7401931, 48.9030357674111, 111.721925360998, 915.931274414062, 2009603, 5, 78
2020.7401931, 48.9030611432036, 111.72192150726, 915.922241210938, 2009603, 5, 78
2020.7401931, 48.9030865287433, 111.72191766143, 915.937255859375, 2009603, 5, 78
2020.7401931, 48.9031182635346, 111.72191284338, 915.931335449219, 2009603, 5, 78
2020.7401931, 48.9031436676835, 111.721909000056, 915.914672851562, 2009603, 5, 78
2020.7401931, 48.9031754254295, 111.721904189653, 915.938354492188, 2009603, 5, 78
2020.7401931, 48.9032004556723, 111.721900229037, 915.947021484375, 2009603, 5, 78
2020.7401931, 48.9032259919723, 111.721896426935, 915.932434082031, 2009603, 5, 78
2020.74019252, 47.7133191402433, 111.893706820071, 929.330322265625, 2006567, 6, 84
2020.74019252, 47.7134211215478, 111.893692271762, 929.341979980469, 2006567, 6, 84
2020.74019311, 48.9030274320128, 111.723145678668, 915.9287109375, 2009603, 6, 91
2020.74019311, 48.9031362618795, 111.723129736538, 915.938293457031, 2009603, 6, 91
2020.7401932, 49.0915187076184, 111.695691396743, 909.697204589844, 2009603, 6, 69
2020.7401932, 49.0916328041534, 111.695674839829, 909.677185058594, 2009603, 6, 69
2020.7401932, 49.0917405578683, 111.695659201344, 909.698547363281, 2009603, 6, 69
