2019.43106516, 55.4218553355997, 125.593503677287, 584.984497070312, 2009604, 1, 53
2019.43106524, 55.2616576396723, 125.565510963264, 538.497680664062, 2009604, 1, 88
2019.43106525, 55.2615491303181, 125.565492350496, 538.409729003906, 2009604, 1, 88
2019.43106545, 54.8442360702598, 125.493274456388, 431.117126464844, 2009604, 1, 75
2019.43106545, 54.8442043069794, 125.493268882827, 431.110473632812, 2009604, 1, 75
2019.43106545, 54.8441725574178, 125.493263309678, 431.131225585938, 2009604, 1, 75
2019.43106545, 54.8441408169014, 125.493257746825, 431.119323730469, 2009604, 1, 75
2019.43106545, 54.8441090883991, 125.493252186092, 431.114624023438, 2009604, 1, 75
2019.43106545, 54.8440770055491, 125.493246661924, 431.123077392578, 2009604, 1, 75
2019.43106545, 54.8440454452144, 125.493241101077, 431.121520996094, 2009604, 1, 75
2019.43106545, 54.8440138893812, 125.493235560324, 431.161468505859, 2009604, 1, 75
2019.43106545, 54.8439760511844, 125.493228878258, 431.148193359375, 2009604, 1, 92
2019.43106545, 54.8439382332184, 125.49322218557, 431.171081542969, 2009604, 1, 92
2019.43106545, 54.8439067058749, 125.493216661009, 431.132904052734, 2009604, 1, 92
2019.43106545, 54.8438751895783, 125.49321113145, 431.117126464844, 2009604, 1, 92
2019.43106545, 54.8438436914685, 125.493205581745, 431.103363037109, 2009604, 1, 92
2019.43106545, 54.8438121865922, 125.49320005743, 431.108764648438, 2009604, 1, 92
2019.43106545, 54.8437806896289, 125.493194527615, 431.072326660156, 2009604, 1, 92
2019.43106545, 54.8437492100486, 125.493188968909, 431.093902587891, 2009604, 1, 91
2019.43106545, 54.8437177150666, 125.493183454714, 431.094512939453, 2009604, 1, 91
2019.43106545, 54.8436925096912, 125.493179069189, 431.082153320312, 2009604, 1, 91
2019.43106545, 54.8436610129883, 125.493173568673, 431.084808349609, 2009604, 1, 91
2019.43106545, 54.8436295318597, 125.493168037134, 431.065582275391, 2009604, 1, 91
2019.43106545, 54.843598033727, 125.493162541796, 431.091644287109, 2009604, 1, 91
2019.43106545, 54.8435665374874, 125.493157039544, 431.079803466797, 2009604, 1, 91
2019.43106545, 54.8435350158088, 125.493151591258, 431.110961914062, 2009604, 1, 91
2019.43106545, 54.8435035074623, 125.493146105796, 431.087493896484, 2009604, 1, 91
2019.43106545, 54.8434656957103, 125.493139514109, 431.060760498047, 2009604, 1, 91
2019.43106545, 54.8434341583379, 125.493134079393, 431.06005859375, 2009604, 1, 91
2019.43106545, 54.8433963242399, 125.49312750743, 431.083557128906, 2009604, 1, 91
2019.43106545, 54.843352167229, 125.493119851565, 431.077362060547, 2009604, 1, 91
2019.43106545, 54.8433205918689, 125.493114444134, 431.051239013672, 2009604, 1, 91
2019.43106545, 54.8432827223542, 125.493107880277, 431.066711425781, 2009604, 1, 91
2019.43106545, 54.8432511262038, 125.493102474088, 431.109832763672, 2009604, 1, 91
2019.43106545, 54.8432005784816, 125.493093764608, 431.083831787109, 2009604, 1, 91
2019.43106545, 54.843143642388, 125.493084047708, 431.066284179688, 2009604, 1, 91
2019.43106545, 54.8430930145079, 125.493075374998, 431.031646728516, 2009604, 1, 91
2019.43106545, 54.8430486941644, 125.493067771203, 431.037994384766, 2009604, 1, 91
2019.43106545, 54.8430043133838, 125.493060253447, 431.059173583984, 2009604, 1, 91
2019.43106545, 54.8429472324129, 125.493050533204, 431.021514892578, 2009604, 1, 90
2019.43106545, 54.8428837340106, 125.493039780071, 431.043151855469, 2009604, 1, 90
2019.43106545, 54.8427630985447, 125.493019277456, 431.018188476562, 2009604, 1, 90
2019.43106545, 54.8425964768176, 125.492991713026, 430.968414306641, 2009604, 1, 85
2019.43106545, 54.8425195083518, 125.492978936012, 430.955291748047, 2009604, 1, 85
2019.43106545, 54.8424874152893, 125.492973636977, 431.000183105469, 2009604, 1, 81
2019.43106545, 54.8423269435112, 125.492946996991, 431.151794433594, 2009604, 1, 81
2019.43106545, 54.8420254676561, 125.492896519208, 431.311859130859, 2009604, 1, 75
2019.43106545, 54.8417568957629, 125.492850781131, 431.428649902344, 2009604, 1, 68
2019.43106545, 54.8415335751188, 125.49281240068, 431.472442626953, 2009604, 1, 68
2019.43106545, 54.8412814443242, 125.492766822028, 431.677642822266, 2009604, 1, 57
2019.43106594, 53.8746510200106, 125.328985367675, 314.947784423828, 2009603, 1, 92
2019.43106594, 53.8743833482839, 125.328940641326, 314.953643798828, 2009603, 1, 61
2019.43106594, 53.8741467024882, 125.328901596213, 315.037170410156, 2009603, 1, 61
2019.43106628, 53.1922223278357, 125.216130234517, 222.024002075195, 2009603, 1, 87
2019.43106628, 53.1921907058448, 125.216125064556, 222.039031982422, 2009603, 1, 87
2019.43106628, 53.192152469415, 125.216118443109, 222.034561157227, 2009603, 1, 87
2019.43106628, 53.1921146966088, 125.216112436387, 222.000183105469, 2009603, 1, 87
2019.43106628, 53.1920832370951, 125.216107441237, 222.000854492188, 2009603, 1, 87
2019.43106628, 53.19205178574, 125.216102461577, 221.997436523438, 2009603, 1, 87
2019.43106628, 53.1920203497265, 125.216097485074, 222.000183105469, 2009603, 1, 87
2019.43106628, 53.1919951906055, 125.216093549698, 221.978546142578, 2009603, 1, 88
2019.43106628, 53.1919637654896, 125.21608860725, 221.967208862305, 2009603, 1, 88
2019.43106628, 53.1919323565123, 125.2160836553, 221.972946166992, 2009603, 1, 88
2019.43106628, 53.1919072158278, 125.21607974399, 221.974624633789, 2009603, 1, 88
2019.43106628, 53.1918820946925, 125.216075807508, 221.999282836914, 2009603, 1, 88
2019.43106628, 53.1918506960649, 125.216070891559, 221.991943359375, 2009603, 1, 88
2019.43106628, 53.1918255781534, 125.2160669714, 221.998077392578, 2009603, 1, 88
2019.43106628, 53.1918004501097, 125.216063081057, 221.98828125, 2009603, 1, 88
2019.43106628, 53.1917753355952, 125.216059166713, 221.98828125, 2009603, 1, 88
2019.43106628, 53.1917439424131, 125.21605428455, 221.982162475586, 2009603, 1, 69
2019.43106628, 53.1917125593844, 125.216049385954, 222.00178527832, 2009603, 1, 69
2019.43106628, 53.191687432193, 125.21604551544, 221.975402832031, 2009603, 1, 69
2019.43106628, 53.1916560560919, 125.216040610114, 221.998596191406, 2009603, 1, 69
2019.43106628, 53.1916309411528, 125.2160367105, 222.007659912109, 2009603, 1, 69
2019.43106628, 53.1916058159977, 125.216032830708, 221.989196777344, 2009603, 1, 69
2019.43106628, 53.1915744281924, 125.216027931818, 222.0078125, 2009603, 1, 69
2019.43106628, 53.1915492937623, 125.216024060047, 221.983810424805, 2009603, 1, 69
2019.43106628, 53.1915178950951, 125.2160191671, 221.985122680664, 2009603, 1, 69
2019.43106628, 53.1914927648643, 125.216015265159, 221.99462890625, 2009603, 1, 51
2019.43106628, 53.1914676234992, 125.216011376713, 221.972152709961, 2009603, 1, 51
2019.43106628, 53.1914362123575, 125.216006469334, 221.981750488281, 2009603, 1, 51
2019.43106628, 53.1914110661169, 125.216002560597, 221.993118286133, 2009603, 1, 51
2019.43106628, 53.1887399293471, 125.215557501475, 222.078140258789, 2009603, 1, 75
2019.43106628, 53.1887081916524, 125.215552316178, 222.065032958984, 2009603, 1, 75
2019.43106628, 53.188682798345, 125.215548177174, 222.070556640625, 2009603, 1, 75
2019.43106628, 53.1886573881938, 125.215544081774, 222.067611694336, 2009603, 1, 75
2019.43106628, 53.1886256492473, 125.215538916811, 222.067398071289, 2009603, 1, 75
2019.43106628, 53.1886002376483, 125.215534829113, 222.059646606445, 2009603, 1, 75
2019.43106628, 53.188568491556, 125.215529681462, 222.055145263672, 2009603, 1, 75
2019.43106628, 53.1885430748709, 125.215525610033, 222.054824829102, 2009603, 1, 75
2019.43106628, 53.188511320957, 125.215520482101, 222.053497314453, 2009603, 1, 75
2019.43106628, 53.1884859017961, 125.215516418004, 222.046478271484, 2009603, 1, 88
2019.43106628, 53.18845414562, 125.215511296398, 222.053283691406, 2009603, 1, 88
2019.43106628, 53.1884287166476, 125.215507253355, 222.044403076172, 2009603, 1, 88
2019.43106628, 53.1883969574058, 125.215502144513, 222.036819458008, 2009603, 1, 88
2019.43106628, 53.1883715215529, 125.21549811426, 222.01286315918, 2009603, 1, 93
2019.43106628, 53.1883399704476, 125.215492962838, 222.031814575195, 2009603, 1, 93
2019.43106628, 53.1883144677382, 125.215488953153, 222.004638671875, 2009603, 1, 93
2019.43106628, 53.1882826061109, 125.215483902019, 222.04035949707, 2009603, 1, 93
2019.43106628, 53.1882570944111, 125.21547991057, 222.01203918457, 2009603, 1, 93
2019.43106628, 53.1882252289528, 125.215474863451, 222.035232543945, 2009603, 1, 93
2019.43106628, 53.1881997260467, 125.215470854361, 222.025314331055, 2009603, 1, 93
2019.43106628, 53.1881742095561, 125.215466868289, 222.014465332031, 2009603, 1, 93
2019.43106628, 53.1881423334996, 125.215461843516, 222.008422851562, 2009603, 1, 93
2019.43106628, 53.1881168201986, 125.215457851897, 222.013320922852, 2009603, 1, 93
2019.43106628, 53.1880849327735, 125.215452851454, 222.011154174805, 2009603, 1, 93
2019.43106628, 53.1880594153973, 125.215448869412, 222.016586303711, 2009603, 1, 93
2019.43106628, 53.1880275318094, 125.215443861417, 222.018280029297, 2009603, 1, 93
2019.43106628, 53.1880020117111, 125.215439887042, 222.000610351562, 2009603, 1, 93
2019.43106628, 53.1879701306171, 125.215434881599, 222.007553100586, 2009603, 1, 93
2019.43106628, 53.1879446155796, 125.215430896124, 222.002334594727, 2009603, 1, 93
2019.43106628, 53.1879190984897, 125.215426919168, 222.002563476562, 2009603, 1, 93
2019.43106628, 53.187887215678, 125.215421918377, 221.991561889648, 2009603, 1, 93
2019.43106628, 53.1878616938373, 125.215417956552, 221.993728637695, 2009603, 1, 93
2019.43106628, 53.187829820692, 125.215412941183, 221.985275268555, 2009603, 1, 93
2019.43106628, 53.1878043001799, 125.215408980548, 221.973602294922, 2009603, 1, 93
2019.43106628, 53.1877724266535, 125.215403978236, 221.978149414062, 2009603, 1, 93
2019.43106628, 53.1877469149478, 125.215400005574, 221.972610473633, 2009603, 1, 93
2019.43106628, 53.1877150468421, 125.215394994168, 221.970962524414, 2009603, 1, 93
2019.43106628, 53.1876895347915, 125.215391028815, 221.961517333984, 2009603, 1, 93
2019.43106628, 53.1876576705663, 125.215386018845, 221.944931030273, 2009603, 1, 93
2019.43106628, 53.1876321674159, 125.215382042985, 221.961013793945, 2009603, 1, 93
2019.43106628, 53.1876066779272, 125.215378039325, 221.964096069336, 2009603, 1, 93
2019.43106628, 53.1875748252352, 125.215373021226, 221.949432373047, 2009603, 1, 93
2019.43106628, 53.18754933851, 125.21536902702, 221.950469970703, 2009603, 1, 93
2019.43106628, 53.1875238535028, 125.215365029006, 221.943359375, 2009603, 1, 93
2019.43106628, 53.1874920161266, 125.215359992917, 221.959747314453, 2009603, 1, 94
2019.43106628, 53.1874665328504, 125.215356002042, 221.94206237793, 2009603, 1, 94
2019.43106628, 53.1874410624777, 125.215351985738, 221.962661743164, 2009603, 1, 94
2019.43106628, 53.1874092392471, 125.215346940694, 221.954452514648, 2009603, 1, 94
2019.43106628, 53.1873837730152, 125.215342927099, 221.953369140625, 2009603, 1, 94
2019.43106628, 53.187358315216, 125.215338900999, 221.943069458008, 2009603, 1, 94
2019.43106628, 53.1873265117495, 125.215333837912, 221.947463989258, 2009603, 1, 94
2019.43106628, 53.1873010582762, 125.215329812258, 221.940216064453, 2009603, 1, 94
2019.43106628, 53.187275617261, 125.215325766174, 221.938705444336, 2009603, 1, 94
2019.43106628, 53.1872438314031, 125.215320681602, 221.965148925781, 2009603, 1, 94
2019.43106628, 53.1872183872825, 125.215316654466, 221.954864501953, 2009603, 1, 94
2019.43106628, 53.1871866127492, 125.21531156041, 221.948028564453, 2009603, 1, 94
2019.43106628, 53.1871611862564, 125.215307506287, 221.952224731445, 2009603, 1, 94
2019.43106628, 53.1871294288578, 125.215302389578, 221.946304321289, 2009603, 1, 94
2019.43106628, 53.1871040229044, 125.215298307382, 221.955688476562, 2009603, 1, 94
2019.43106628, 53.1870783643621, 125.215294302843, 221.937362670898, 2009603, 1, 94
2019.43106628, 53.1870467024952, 125.215289150992, 221.938415527344, 2009603, 1, 94
2019.43106628, 53.1870213702869, 125.215285040854, 221.937515258789, 2009603, 1, 94
2019.43106628, 53.1869960384699, 125.215280935854, 221.926010131836, 2009603, 1, 94
2019.43106628, 53.1869643955694, 125.21527576083, 221.918197631836, 2009603, 1, 94
2019.43106628, 53.1869390801164, 125.21527162669, 221.911682128906, 2009603, 1, 94
2019.43106628, 53.1869137617338, 125.215267502206, 221.928146362305, 2009603, 1, 94
2019.43106628, 53.1868884545926, 125.215263360812, 221.920425415039, 2009603, 1, 94
2019.43106628, 53.1868568329324, 125.21525815205, 221.907470703125, 2009603, 1, 94
2019.43106628, 53.1868315234218, 125.215254015502, 221.916122436523, 2009603, 1, 94
2019.43106628, 53.1867999140889, 125.215248782199, 221.906387329102, 2009603, 1, 94
2019.43106628, 53.1867746181739, 125.215244616215, 221.90559387207, 2009603, 1, 94
2019.43106628, 53.1867430057225, 125.215239390033, 221.908737182617, 2009603, 1, 94
2019.43106628, 53.1867177047579, 125.215235232896, 221.901412963867, 2009603, 1, 94
2019.43106628, 53.1866861097749, 125.215229970749, 221.926635742188, 2009603, 1, 94
2019.43106628, 53.1866608178716, 125.215225790491, 221.919891357422, 2009603, 1, 94
2019.43106628, 53.1866292232905, 125.215220512934, 221.921234130859, 2009603, 1, 94
2019.43106628, 53.1866039283206, 125.215216333179, 221.913787841797, 2009603, 1, 94
2019.43106628, 53.1865723424763, 125.215211027354, 221.915328979492, 2009603, 1, 94
2019.43106628, 53.1865407385818, 125.215205756762, 221.906005859375, 2009603, 1, 94
2019.43106628, 53.1865091344565, 125.215200478169, 221.934616088867, 2009603, 1, 94
2019.43106628, 53.1864775240591, 125.21519520651, 221.906799316406, 2009603, 1, 94
2019.43106628, 53.1864396146655, 125.215188819094, 221.901977539062, 2009603, 1, 94
2019.43106628, 53.186408006596, 125.215183520679, 221.905487060547, 2009603, 1, 94
2019.43106628, 53.1863764001812, 125.215178207324, 221.925186157227, 2009603, 1, 94
2019.43106628, 53.1863511042496, 125.2151739719, 221.924926757812, 2009603, 1, 94
2019.43106628, 53.1863194937765, 125.215168646234, 221.919692993164, 2009603, 1, 94
2019.43106628, 53.1862878820634, 125.21516330924, 221.901214599609, 2009603, 1, 94
2019.43106628, 53.1862499425239, 125.215156904984, 221.937301635742, 2009603, 1, 95
2019.43106628, 53.1861993645136, 125.215148308863, 221.932235717773, 2009603, 1, 95
2019.43106628, 53.1861487517834, 125.215139751714, 221.924530029297, 2009603, 1, 95
2019.43106628, 53.1861044492324, 125.215132270497, 221.896820068359, 2009603, 1, 95
2019.43106628, 53.1860538312679, 125.215123647953, 221.931884765625, 2009603, 1, 95
2019.43106628, 53.1860095183792, 125.215116123766, 221.925170898438, 2009603, 1, 95
2019.43106628, 53.1859651902048, 125.215108596224, 221.947769165039, 2009603, 1, 93
2019.43106628, 53.1859208524705, 125.215101055241, 221.920745849609, 2009603, 1, 93
2019.43106628, 53.1858828341873, 125.215094597255, 221.880233764648, 2009603, 1, 93
2019.43106628, 53.1858511362586, 125.215089235057, 221.933151245117, 2009603, 1, 93
2019.43106628, 53.18581334288, 125.215082829658, 221.865112304688, 2009603, 1, 93
2019.43106628, 53.1857815743543, 125.215077393817, 221.880310058594, 2009603, 1, 93
2019.43106628, 53.1857497757524, 125.215072010519, 221.909652709961, 2009603, 1, 92
2019.43106628, 53.1857116441384, 125.215065468232, 221.88493347168, 2009603, 1, 92
2019.43106628, 53.1856798312195, 125.215060084868, 221.898849487305, 2009603, 1, 92
2019.43106628, 53.1856416820721, 125.215053546896, 221.912490844727, 2009603, 1, 92
2019.43106628, 53.185609865331, 125.215048145989, 221.88346862793, 2009603, 1, 92
2019.43106628, 53.1855780498651, 125.215042735895, 221.85871887207, 2009603, 1, 92
2019.43106628, 53.1855462269793, 125.215037330758, 221.860061645508, 2009603, 1, 92
2019.43106628, 53.185514417986, 125.215031887116, 221.857208251953, 2009603, 1, 92
2019.43106628, 53.1854889504981, 125.215027573, 221.872650146484, 2009603, 1, 91
2019.43106628, 53.185457130326, 125.215022145556, 221.872497558594, 2009603, 1, 91
2019.43106628, 53.1854316534637, 125.215017847324, 221.870513916016, 2009603, 1, 91
2019.43106628, 53.1854061869847, 125.215013524261, 221.873596191406, 2009603, 1, 91
2019.43106628, 53.1853743620677, 125.215008108073, 221.881591796875, 2009603, 1, 91
2019.43106628, 53.1853488884964, 125.215003799585, 221.884811401367, 2009603, 1, 91
2019.43106628, 53.1853234176819, 125.214999488141, 221.884857177734, 2009603, 1, 92
2019.43106628, 53.1852979462019, 125.214995179725, 221.884063720703, 2009603, 1, 92
2019.43106628, 53.1852724665057, 125.214990891277, 221.859237670898, 2009603, 1, 92
2019.43106628, 53.1852406304072, 125.214985505559, 221.860549926758, 2009603, 1, 92
2019.43106628, 53.1852151449144, 125.214981236828, 221.840789794922, 2009603, 1, 92
2019.43106628, 53.1851833180908, 125.214975841829, 221.811737060547, 2009603, 1, 92
2019.43106628, 53.1851578282009, 125.214971601011, 221.783233642578, 2009603, 1, 92
2019.43106628, 53.1851259976033, 125.214966229012, 221.772689819336, 2009603, 1, 92
2019.43106628, 53.18510051606, 125.214961978808, 221.754791259766, 2009603, 1, 92
2019.43106628, 53.1850686935088, 125.214956608294, 221.768402099609, 2009603, 1, 92
2019.43106628, 53.185043207444, 125.21495238545, 221.758575439453, 2009603, 1, 92
2019.43106628, 53.1850113843867, 125.214947038081, 221.767929077148, 2009603, 1, 92
2019.43106628, 53.1849859087112, 125.21494281157, 221.752853393555, 2009603, 1, 95
2019.43106628, 53.1849540844046, 125.214937501432, 221.759201049805, 2009603, 1, 95
2019.43106628, 53.1849095380682, 125.214930067475, 221.786376953125, 2009603, 1, 95
2019.43106628, 53.1848713450942, 125.214923747077, 221.787780761719, 2009603, 1, 95
2019.43106628, 53.1848204549617, 125.214915283878, 221.778793334961, 2009603, 1, 95
2019.43106628, 53.1847695577227, 125.214906885088, 221.798522949219, 2009603, 1, 95
2019.43106628, 53.1847059635592, 125.21489640413, 221.802230834961, 2009603, 1, 95
2019.43106628, 53.1846360368552, 125.214884907981, 221.799377441406, 2009603, 1, 95
2019.43106628, 53.1845597964281, 125.214872392355, 221.806945800781, 2009603, 1, 95
2019.43106628, 53.1844898617737, 125.214860872357, 221.794403076172, 2009603, 1, 95
2019.43106628, 53.1844328100743, 125.214851693827, 221.811965942383, 2009603, 1, 95
2019.43106628, 53.1843884451898, 125.214844580033, 221.777435302734, 2009603, 1, 95
2019.43106628, 53.1843504460123, 125.214838448898, 221.751388549805, 2009603, 1, 95
2019.43106628, 53.1843187751961, 125.214833370969, 221.759780883789, 2009603, 1, 95
2019.43106628, 53.1842934309574, 125.214829342383, 221.769989013672, 2009603, 1, 95
2019.43106628, 53.1842617823279, 125.21482424141, 221.747817993164, 2009603, 1, 95
2019.43106628, 53.184236446431, 125.214820210289, 221.767318725586, 2009603, 1, 94
2019.43106628, 53.1842048033166, 125.214815122353, 221.751419067383, 2009603, 1, 94
2019.43106628, 53.1841731518786, 125.214810063906, 221.724761962891, 2009603, 1, 94
2019.43106628, 53.1841478298039, 125.214806025698, 221.736938476562, 2009603, 1, 94
2019.43106628, 53.1841161939542, 125.214800950958, 221.745330810547, 2009603, 1, 94
2019.43106628, 53.1840908729745, 125.214796925152, 221.742706298828, 2009603, 1, 94
2019.43106628, 53.1840592406278, 125.214791861768, 221.735549926758, 2009603, 1, 94
2019.43106628, 53.184027619388, 125.214786770685, 221.722320556641, 2009603, 1, 94
2019.43106628, 53.1839959899398, 125.214781704958, 221.757247924805, 2009603, 1, 95
2019.43106628, 53.1839643631913, 125.2147766349, 221.755172729492, 2009603, 1, 95
2019.43106628, 53.1839390527346, 125.214772601721, 221.766357421875, 2009603, 1, 95
2019.43106628, 53.1839074268639, 125.214767531519, 221.746307373047, 2009603, 1, 95
2019.43106628, 53.1838758155695, 125.214762428377, 221.765808105469, 2009603, 1, 95
2019.43106628, 53.1838505124914, 125.214758381099, 221.775787353516, 2009603, 1, 95
2019.43106628, 53.1838189010604, 125.214753272339, 221.772598266602, 2009603, 1, 95
2019.43106628, 53.1837935923947, 125.214749227463, 221.743453979492, 2009603, 1, 94
2019.43106628, 53.1837619857974, 125.214744098505, 221.772933959961, 2009603, 1, 94
2019.43106628, 53.1837366727337, 125.214740053376, 221.756698608398, 2009603, 1, 93
2019.43106628, 53.1837050650665, 125.214734913422, 221.772216796875, 2009603, 1, 93
2019.43106628, 53.1836797571351, 125.214730845263, 221.764556884766, 2009603, 1, 93
2019.43106628, 53.1836481455799, 125.214725702376, 221.749435424805, 2009603, 1, 93
2019.43106628, 53.1836228359871, 125.214721621465, 221.770431518555, 2009603, 1, 93
2019.43106628, 53.1835912172513, 125.214716468926, 221.753875732422, 2009603, 1, 93
2019.43106628, 53.1835659066283, 125.214712372915, 221.765411376953, 2009603, 1, 93
2019.43106628, 53.1835342835436, 125.214707204041, 221.76171875, 2009603, 1, 93
2019.43106628, 53.1835089685109, 125.214703096401, 221.760162353516, 2009603, 1, 93
2019.43106628, 53.1834773406117, 125.214697908761, 221.756546020508, 2009603, 1, 82
2019.43106628, 53.1834520249611, 125.214693778541, 221.75520324707, 2009603, 1, 82
2019.43106628, 53.1834267103577, 125.214689638983, 221.762176513672, 2009603, 1, 82
2019.43106628, 53.1833950738355, 125.214684425152, 221.777481079102, 2009603, 1, 82
2019.43106628, 53.1833697402183, 125.214680296416, 221.766998291016, 2009603, 1, 82
2019.43106628, 53.1833380970513, 125.214675062601, 221.770751953125, 2009603, 1, 82
2019.43106628, 53.1833127613821, 125.214670907489, 221.755096435547, 2009603, 1, 82
2019.43106628, 53.1832874345888, 125.214666719482, 221.788665771484, 2009603, 1, 82
2019.43106628, 53.1832557764163, 125.214661667039, 221.786102294922, 2009603, 1, 82
2019.43106628, 53.1832304275481, 125.214657430985, 221.7861328125, 2009603, 1, 83
2019.43106628, 53.1831987630207, 125.214652070472, 221.786224365234, 2009603, 1, 83
2019.43106628, 53.1831734150337, 125.214647797759, 221.781265258789, 2009603, 1, 83
2019.43106628, 53.1831480590803, 125.2146435291, 221.773178100586, 2009603, 1, 83
2019.43106628, 53.1831227049815, 125.214639239073, 221.777420043945, 2009603, 1, 83
2019.43106628, 53.1830910102276, 125.214633863958, 221.764053344727, 2009603, 1, 83
2019.43106628, 53.183065640911, 125.214629575748, 221.775253295898, 2009603, 1, 83
2019.43106628, 53.1830402721016, 125.214625271385, 221.762512207031, 2009603, 1, 83
2019.43106628, 53.1830085521599, 125.2146198913, 221.754699707031, 2009603, 1, 83
2019.43106628, 53.1829768345152, 125.214614487221, 221.866363525391, 2009603, 1, 83
2019.43106628, 53.1827990196681, 125.214584221533, 221.712432861328, 2009603, 1, 83
2019.43106628, 53.1827545332793, 125.2145766259, 221.703567504883, 2009603, 1, 83
2019.43106628, 53.1827227535724, 125.214571181775, 221.702453613281, 2009603, 1, 92
2019.43106628, 53.1826973115774, 125.214566853424, 221.727844238281, 2009603, 1, 92
2019.43106628, 53.1826655126576, 125.214561415614, 221.726119995117, 2009603, 1, 92
2019.43106628, 53.182640057561, 125.214557088779, 221.719528198242, 2009603, 1, 92
2019.43106628, 53.1826146023609, 125.214552747657, 221.726547241211, 2009603, 1, 92
2019.43106628, 53.1825827815133, 125.214547311739, 221.741882324219, 2009603, 1, 92
2019.43106628, 53.1825573098528, 125.214542989016, 221.736923217773, 2009603, 1, 92
2019.43106628, 53.1825318341198, 125.214538658718, 221.739166259766, 2009603, 1, 92
2019.43106628, 53.1824999928099, 125.214533224414, 221.736099243164, 2009603, 1, 75
2019.43106628, 53.1824745101406, 125.214528887458, 221.749084472656, 2009603, 1, 75
2019.43106628, 53.1824490107456, 125.214524576227, 221.744277954102, 2009603, 1, 75
2019.43106628, 53.1824235094289, 125.214520262018, 221.741134643555, 2009603, 1, 75
2019.43106628, 53.1823916399234, 125.214514839044, 221.738967895508, 2009603, 1, 75
2019.43106628, 53.1823661241988, 125.214510537692, 221.745941162109, 2009603, 1, 75
2019.43106628, 53.1823406100407, 125.214506229205, 221.748596191406, 2009603, 1, 75
2019.43106628, 53.1823087198671, 125.214500819716, 221.764511108398, 2009603, 1, 75
2019.43106628, 53.1822831824036, 125.214496542451, 221.754272460938, 2009603, 1, 75
2019.43106628, 53.1822512680941, 125.214491168805, 221.808853149414, 2009603, 1, 75
2019.43106667, 52.4132286723662, 125.089845019147, 321.941101074219, 2002009, 1, 90
2019.43106667, 52.4131970325301, 125.089840064398, 321.950592041016, 2002009, 1, 90
2019.43106667, 52.413171707654, 125.08983610076, 321.945495605469, 2002009, 1, 90
2019.43106667, 52.4131463655233, 125.089832157766, 321.954711914062, 2002009, 1, 90
2019.43106667, 52.4131146873684, 125.089827199477, 321.946807861328, 2002009, 1, 90
2019.43106667, 52.4130830024311, 125.089822224147, 321.946319580078, 2002009, 1, 90
2019.43106667, 52.4130576294674, 125.089818275396, 321.942535400391, 2002009, 1, 90
2019.43106667, 52.4130259181932, 125.089813295846, 321.957763671875, 2002009, 1, 90
2019.43106667, 52.4130008750747, 125.089809341271, 321.960998535156, 2002009, 1, 90
2019.43106667, 52.4129753761624, 125.089805386852, 321.936645507812, 2002009, 1, 88
2019.43106667, 52.4129435116331, 125.089800391681, 321.937286376953, 2002009, 1, 88
2019.43106667, 52.4129179965839, 125.089796423948, 321.967956542969, 2002009, 1, 88
2019.43106667, 52.4128860944027, 125.089791451231, 321.959106445312, 2002009, 1, 88
2019.43106667, 52.4128478064517, 125.089785454101, 321.987854003906, 2002009, 1, 88
2019.43106667, 52.4127903286208, 125.089776476796, 321.997192382812, 2002009, 1, 88
2019.43106667, 52.4127008390072, 125.089762513083, 322.008331298828, 2002009, 1, 83
2019.43106667, 52.4125920852901, 125.089745488484, 321.972900390625, 2002009, 1, 83
2019.43106667, 52.412521670596, 125.089734453528, 321.969421386719, 2002009, 1, 83
2019.43106667, 52.4124704470449, 125.08972640565, 322.025115966797, 2002009, 1, 57
2019.43106667, 52.4122398572394, 125.089690052711, 322.685638427734, 2002009, 1, 57
2019.43106667, 52.4099278896253, 125.089313364451, 321.633666992188, 2002009, 1, 53
2019.43106667, 52.4098961754202, 125.089308185574, 321.617797851562, 2002009, 1, 53
2019.43106667, 52.409870790591, 125.089304066651, 321.621398925781, 2002009, 1, 53
2019.43106667, 52.4098390763871, 125.089298870192, 321.599975585938, 2002009, 1, 53
2019.43106667, 52.4098136856097, 125.08929475027, 321.603881835938, 2002009, 1, 53
2019.43106667, 52.4097756178255, 125.089288515597, 321.712646484375, 2002009, 1, 53
2019.43106811, 49.5214473282613, 124.642972512938, 259.909118652344, 2009589, 1, 64
2019.43106811, 49.5213772060161, 124.642962273104, 259.892578125, 2009589, 1, 64
2019.43106811, 49.5213071507321, 124.642952033587, 259.942047119141, 2009589, 1, 64
2019.43106811, 49.5211355696256, 124.642926746235, 259.901885986328, 2009589, 1, 64
2019.43106812, 49.5080759044783, 124.640982798, 259.047058105469, 2009589, 1, 83
2019.43106812, 49.5078914034697, 124.640952999613, 259.032379150391, 2009589, 1, 80
2019.43106526, 55.261508992863, 125.564106150197, 538.405944824219, 2009604, 2, 78
2019.43106546, 54.8454294780689, 125.492125818695, 431.243591308594, 2009604, 2, 74
2019.43106546, 54.8453086643598, 125.49210410756, 431.260864257812, 2009604, 2, 74
2019.43106546, 54.8448637959978, 125.492024331754, 431.258605957031, 2009604, 2, 92
2019.43106546, 54.8444128832113, 125.49194488306, 431.26416015625, 2009604, 2, 92
2019.43106546, 54.8442160880217, 125.49191112934, 431.248016357422, 2009604, 2, 92
2019.43106546, 54.8440447361423, 125.491882411199, 431.232727050781, 2009604, 2, 92
2019.43106546, 54.8438987233757, 125.491858117272, 431.195556640625, 2009604, 2, 91
2019.43106546, 54.8437844147512, 125.491839179749, 431.192718505859, 2009604, 2, 91
2019.43106546, 54.843663705266, 125.491819213511, 431.189971923828, 2009604, 2, 89
2019.43106546, 54.8435047938759, 125.491792972352, 431.206237792969, 2009604, 2, 89
2019.43106546, 54.8433521403408, 125.49176769988, 431.194488525391, 2009604, 2, 88
2019.43106546, 54.8432248512081, 125.491746555744, 431.15087890625, 2009604, 2, 83
2019.43106546, 54.8431039666883, 125.491726464058, 431.164520263672, 2009604, 2, 83
2019.43106546, 54.8429955519109, 125.491708159705, 431.152191162109, 2009604, 2, 66
2019.43106546, 54.8428998654661, 125.491691924268, 431.188385009766, 2009604, 2, 66
2019.43106595, 53.87530142015, 125.327769808988, 314.951385498047, 2009603, 2, 89
2019.43106629, 53.192467125629, 125.214851614294, 222.115737915039, 2009603, 2, 79
2019.43106629, 53.192282961608, 125.214822654467, 222.048477172852, 2009603, 2, 79
2019.43106629, 53.1921751171462, 125.214805829108, 222.05632019043, 2009603, 2, 87
2019.43106629, 53.1920609555239, 125.214787985854, 222.05859375, 2009603, 2, 87
2019.43106629, 53.1919531475935, 125.214771040553, 222.035720825195, 2009603, 2, 75
2019.43106629, 53.191845345992, 125.214753983731, 222.046432495117, 2009603, 2, 75
2019.43106629, 53.1896472448377, 125.214379629898, 222.274444580078, 2009603, 2, 52
2019.43106629, 53.1895522572642, 125.21436420807, 222.227661132812, 2009603, 2, 52
2019.43106629, 53.1894382722791, 125.21434593294, 222.141845703125, 2009603, 2, 84
2019.43106629, 53.1893179329446, 125.214326846349, 222.107147216797, 2009603, 2, 84
2019.43106629, 53.1892102284231, 125.214309897525, 222.113723754883, 2009603, 2, 92
2019.43106629, 53.1890961355416, 125.214292108149, 222.126876831055, 2009603, 2, 92
2019.43106629, 53.1889883246604, 125.21427540026, 222.122436523438, 2009603, 2, 91
2019.43106629, 53.1888804436187, 125.214258758861, 222.113571166992, 2009603, 2, 91
2019.43106629, 53.1887788436046, 125.214243112288, 222.105438232422, 2009603, 2, 93
2019.43106629, 53.1886708148843, 125.214226513846, 222.106384277344, 2009603, 2, 94
2019.43106629, 53.1885627561557, 125.21420985661, 222.09765625, 2009603, 2, 94
2019.43106629, 53.1884543547828, 125.214193337156, 222.09162902832, 2009603, 2, 94
2019.43106629, 53.1883458993969, 125.214176727414, 222.102462768555, 2009603, 2, 94
2019.43106629, 53.188237403204, 125.214160012169, 222.103744506836, 2009603, 2, 94
2019.43106629, 53.188128889763, 125.214143141724, 222.097946166992, 2009603, 2, 94
2019.43106629, 53.1880267569783, 125.214127086412, 222.093536376953, 2009603, 2, 94
2019.43106629, 53.1879182571615, 125.214109867022, 222.089614868164, 2009603, 2, 95
2019.43106629, 53.1878034099936, 125.214091406348, 222.094314575195, 2009603, 2, 95
2019.43106629, 53.1877013719003, 125.21407481113, 222.092834472656, 2009603, 2, 94
2019.43106629, 53.1875930169535, 125.214056960171, 222.079238891602, 2009603, 2, 94
2019.43106629, 53.1874847381926, 125.214038915909, 222.081039428711, 2009603, 2, 94
2019.43106629, 53.1873701816658, 125.21401960096, 222.076675415039, 2009603, 2, 94
2019.43106629, 53.1872620901127, 125.214001160342, 222.084106445312, 2009603, 2, 94
2019.43106629, 53.1871542493446, 125.213982046548, 222.068664550781, 2009603, 2, 93
2019.43106629, 53.1870464916032, 125.213962845795, 222.074645996094, 2009603, 2, 93
2019.43106629, 53.1869324709353, 125.213942530837, 222.06298828125, 2009603, 2, 94
2019.43106629, 53.1868185207772, 125.213922259531, 222.060516357422, 2009603, 2, 94
2019.43106629, 53.1867046205566, 125.213902153705, 222.054000854492, 2009603, 2, 95
2019.43106629, 53.186597084802, 125.213883325463, 222.034088134766, 2009603, 2, 95
2019.43106629, 53.1864895669375, 125.213864703644, 222.046844482422, 2009603, 2, 95
2019.43106629, 53.1863820582752, 125.213846356586, 222.032562255859, 2009603, 2, 95
2019.43106629, 53.1862682158431, 125.213827221863, 222.039932250977, 2009603, 2, 95
2019.43106629, 53.1861543548154, 125.213808430941, 222.022994995117, 2009603, 2, 95
2019.43106629, 53.1860404851834, 125.213789680985, 222.010238647461, 2009603, 2, 95
2019.43106629, 53.1859264649222, 125.213772395077, 221.971603393555, 2009603, 2, 94
2019.43106629, 53.1858123923764, 125.213755339331, 221.962921142578, 2009603, 2, 94
2019.43106629, 53.1856919243192, 125.213737559975, 221.94172668457, 2009603, 2, 93
2019.43106629, 53.185571394072, 125.213719856819, 221.926223754883, 2009603, 2, 93
2019.43106629, 53.1854444466668, 125.213701261115, 221.92805480957, 2009603, 2, 94
2019.43106629, 53.1853047228213, 125.213680660146, 221.914505004883, 2009603, 2, 94
2019.43106629, 53.185164910918, 125.213659828408, 221.878341674805, 2009603, 2, 95
2019.43106629, 53.1850440990769, 125.213641577124, 221.881378173828, 2009603, 2, 95
2019.43106629, 53.1849232274173, 125.213623001155, 221.859878540039, 2009603, 2, 95
2019.43106629, 53.1848022781704, 125.213604534264, 221.863540649414, 2009603, 2, 95
2019.43106629, 53.184687703823, 125.213585464893, 221.881088256836, 2009603, 2, 94
2019.43106629, 53.1845667139716, 125.213565022278, 221.870391845703, 2009603, 2, 94
2019.43106629, 53.1844520534222, 125.213545350752, 221.867370605469, 2009603, 2, 94
2019.43106629, 53.1843437272345, 125.213526569944, 221.874649047852, 2009603, 2, 94
2019.43106629, 53.1842289980968, 125.213506539299, 221.872985839844, 2009603, 2, 94
2019.43106629, 53.1841142377778, 125.213486414342, 221.869644165039, 2009603, 2, 93
2019.43106629, 53.1839994551167, 125.213466242431, 221.865112304688, 2009603, 2, 93
2019.43106629, 53.1838846509457, 125.213446080468, 221.875793457031, 2009603, 2, 93
2019.43106629, 53.1837762155145, 125.213427078916, 221.872833251953, 2009603, 2, 93
2019.43106629, 53.1836613908841, 125.213407080276, 221.876770019531, 2009603, 2, 85
2019.43106629, 53.1835466327662, 125.213386840432, 221.882598876953, 2009603, 2, 85
2019.43106629, 53.1834381151239, 125.213368692271, 221.886444091797, 2009603, 2, 71
2019.43106629, 53.183323231823, 125.213349663334, 221.868316650391, 2009603, 2, 71
2019.43106629, 53.1829724061719, 125.21329242265, 222.322952270508, 2009603, 2, 73
2019.43106629, 53.1825648110307, 125.213227156111, 221.798492431641, 2009603, 2, 87
2019.43106668, 52.4136213396029, 125.088613043772, 321.962249755859, 2002009, 2, 76
2019.43106668, 52.4135004728765, 125.088594798972, 321.966217041016, 2002009, 2, 76
2019.43106668, 52.4133667844326, 125.088574462271, 322.004669189453, 2002009, 2, 90
2019.43106668, 52.4132330326397, 125.088554138084, 321.935485839844, 2002009, 2, 87
2019.43106668, 52.4130224111433, 125.088520639181, 322.016845703125, 2002009, 2, 87
2019.43106668, 52.4127796380593, 125.088481360782, 322.104431152344, 2002009, 2, 64
2019.43106813, 49.5088395310599, 124.639898169943, 259.057525634766, 2009589, 2, 60
2019.43106524, 55.2714555821186, 125.516219703758, 534.294555664062, 2009604, 3, 54
2019.43106524, 55.2713920357729, 125.516208701666, 534.294006347656, 2009604, 3, 54
2019.43106524, 55.2713157846038, 125.516195457239, 534.30615234375, 2009604, 3, 54
2019.43106524, 55.2711823189183, 125.516172176314, 534.318664550781, 2009604, 3, 78
2019.43106524, 55.2708262307214, 125.516109505927, 534.335693359375, 2009604, 3, 66
2019.43106545, 54.8548934712755, 125.444636965862, 434.622528076172, 2009604, 3, 58
2019.43106545, 54.8546444700397, 125.444595648248, 433.746856689453, 2009604, 3, 82
2019.43106545, 54.8545164915865, 125.444573598228, 433.742553710938, 2009604, 3, 82
2019.43106545, 54.8543565721672, 125.444545634532, 433.754455566406, 2009604, 3, 89
2019.43106545, 54.8541840234727, 125.444515037483, 433.74755859375, 2009604, 3, 75
2019.43106545, 54.8540180910697, 125.444485312277, 433.75634765625, 2009604, 3, 87
2019.43106593, 53.8813743955816, 125.280811551438, 320.48974609375, 2009603, 3, 53
2019.43106593, 53.8813424274051, 125.280806310915, 320.419616699219, 2009603, 3, 53
2019.43106593, 53.8813168543974, 125.280802121753, 320.441864013672, 2009603, 3, 53
2019.43106593, 53.8812912764495, 125.280797936597, 320.461730957031, 2009603, 3, 53
2019.43106593, 53.8812656973674, 125.280793754416, 320.464630126953, 2009603, 3, 53
2019.43106593, 53.8812401079086, 125.280789576907, 320.479248046875, 2009603, 3, 95
2019.43106593, 53.8812209068478, 125.280786447066, 320.481719970703, 2009603, 3, 95
2019.43106593, 53.8811953039582, 125.28078227616, 320.444885253906, 2009603, 3, 95
2019.43106593, 53.8811697110923, 125.280778106532, 320.466491699219, 2009603, 3, 95
2019.43106593, 53.8811441075348, 125.280773941689, 320.472076416016, 2009603, 3, 95
2019.43106593, 53.8811184979239, 125.280769779284, 320.462615966797, 2009603, 3, 95
2019.43106593, 53.8810992842937, 125.280766660271, 320.491790771484, 2009603, 3, 95
2019.43106594, 53.8810736763399, 125.280762501792, 320.502288818359, 2009603, 3, 95
2019.43106594, 53.8810544584955, 125.280759385934, 320.478393554688, 2009603, 3, 95
2019.43106594, 53.8810288464455, 125.28075523166, 320.478302001953, 2009603, 3, 95
2019.43106594, 53.8810096293642, 125.280752118519, 320.503265380859, 2009603, 3, 95
2019.43106594, 53.880984011299, 125.280747968259, 320.475952148438, 2009603, 3, 95
2019.43106594, 53.880964796339, 125.280744856873, 320.505493164062, 2009603, 3, 95
2019.43106594, 53.8809455769242, 125.280741747887, 320.494110107422, 2009603, 3, 95
2019.43106594, 53.8809199613149, 125.280737601356, 320.488403320312, 2009603, 3, 95
2019.43106594, 53.8809007384016, 125.280734493906, 320.479095458984, 2009603, 3, 95
2019.43106594, 53.8808751240639, 125.280730349526, 320.495910644531, 2009603, 3, 95
2019.43106594, 53.8808559048495, 125.280727243424, 320.490203857422, 2009603, 3, 95
2019.43106594, 53.8808302885299, 125.280723101059, 320.462982177734, 2009603, 3, 95
2019.43106594, 53.8808046710488, 125.280718960177, 320.471496582031, 2009603, 3, 95
2019.43106594, 53.8807790550111, 125.280714819919, 320.452789306641, 2009603, 3, 95
2019.43106594, 53.8807534418596, 125.280710679831, 320.431549072266, 2009603, 3, 95
2019.43106594, 53.8807214298984, 125.280705505679, 320.48681640625, 2009603, 3, 86
2019.43106594, 53.8806766161884, 125.280698261618, 320.488433837891, 2009603, 3, 86
2019.43106594, 53.8806062272194, 125.280686874838, 320.527099609375, 2009603, 3, 86
2019.43106594, 53.8805486494782, 125.280677556691, 320.474975585938, 2009603, 3, 86
2019.43106594, 53.8805166801746, 125.280672376772, 320.453643798828, 2009603, 3, 86
2019.43106627, 53.2031852999064, 125.169416528988, 223.176071166992, 2009603, 3, 77
2019.43106627, 53.2031470424651, 125.16941017052, 223.161819458008, 2009603, 3, 77
2019.43106627, 53.2031151823652, 125.169404874586, 223.155395507812, 2009603, 3, 77
2019.43106627, 53.2030896917126, 125.169400642293, 223.170150756836, 2009603, 3, 77
2019.43106627, 53.2030642093643, 125.169396412526, 223.194931030273, 2009603, 3, 77
2019.43106627, 53.2030387320763, 125.16939218672, 223.190704345703, 2009603, 3, 77
2019.43106627, 53.2030132629113, 125.169387963118, 223.187591552734, 2009603, 3, 77
2019.43106627, 53.2029877871918, 125.169383744646, 223.177291870117, 2009603, 3, 95
2019.43106627, 53.2029623291961, 125.169379527861, 223.177474975586, 2009603, 3, 95
2019.43106627, 53.2029368756207, 125.16937531452, 223.191925048828, 2009603, 3, 95
2019.43106627, 53.2029114284117, 125.169371105024, 223.16796875, 2009603, 3, 95
2019.43106627, 53.2028859903877, 125.169366898695, 223.192245483398, 2009603, 3, 95
2019.43106627, 53.2028604190301, 125.169362520617, 223.182861328125, 2009603, 3, 95
2019.43106627, 53.2028350349822, 125.169358377945, 223.180770874023, 2009603, 3, 95
2019.43106627, 53.2028159998965, 125.169355274016, 223.191024780273, 2009603, 3, 95
2019.43106627, 53.2027906313541, 125.169351136757, 223.185134887695, 2009603, 3, 95
2019.43106627, 53.202771602816, 125.169348037189, 223.194671630859, 2009603, 3, 95
2019.43106627, 53.2027525774486, 125.169344939349, 223.197387695312, 2009603, 3, 95
2019.43106627, 53.2027272172497, 125.169340811364, 223.189819335938, 2009603, 3, 95
2019.43106627, 53.2026955318711, 125.169335654656, 223.165771484375, 2009603, 3, 95
2019.43106627, 53.2026701834811, 125.169331533514, 223.205963134766, 2009603, 3, 95
2019.43106627, 53.2026448358238, 125.169327415434, 223.188064575195, 2009603, 3, 95
2019.43106627, 53.2026195019716, 125.169323298776, 223.190124511719, 2009603, 3, 95
2019.43106627, 53.2025941781353, 125.169319184231, 223.18522644043, 2009603, 3, 95
2019.43106627, 53.2025688494522, 125.169315072614, 223.181945800781, 2009603, 3, 95
2019.43106627, 53.2025435251136, 125.169310963156, 223.168212890625, 2009603, 3, 95
2019.43106627, 53.2025182090147, 125.169306854874, 223.172058105469, 2009603, 3, 95
2019.43106627, 53.2024928862986, 125.169302749639, 223.176956176758, 2009603, 3, 94
2019.43106627, 53.2024675751062, 125.169298644913, 223.184631347656, 2009603, 3, 94
2019.43106627, 53.2024422670748, 125.169294541419, 223.167984008789, 2009603, 3, 94
2019.43106627, 53.2024106440333, 125.169289412579, 223.14128112793, 2009603, 3, 94
2019.43106627, 53.2023853397045, 125.169285312678, 223.142776489258, 2009603, 3, 94
2019.43106627, 53.2023600386313, 125.16928121252, 223.152679443359, 2009603, 3, 94
2019.43106627, 53.2023284289009, 125.169276086332, 223.15495300293, 2009603, 3, 94
2019.43106627, 53.2023031382545, 125.169271986685, 223.161590576172, 2009603, 3, 94
2019.43106627, 53.2022778503883, 125.169267887077, 223.169540405273, 2009603, 3, 94
2019.43106627, 53.2022525639153, 125.169263787548, 223.163314819336, 2009603, 3, 94
2019.43106627, 53.2022272729757, 125.169259688358, 223.173034667969, 2009603, 3, 93
2019.43106627, 53.2022019871714, 125.169255588695, 223.161178588867, 2009603, 3, 93
2019.43106627, 53.2021767141338, 125.169251487438, 223.155853271484, 2009603, 3, 93
2019.43106627, 53.2021514318463, 125.169247386227, 223.169708251953, 2009603, 3, 93
2019.43106627, 53.2021261529598, 125.169243283944, 223.148254394531, 2009603, 3, 93
2019.43106627, 53.2021008774585, 125.169239180196, 223.165771484375, 2009603, 3, 93
2019.43106627, 53.2020755979099, 125.169235075748, 223.186798095703, 2009603, 3, 93
2019.43106627, 53.2020503223085, 125.169230969721, 223.189834594727, 2009603, 3, 93
2019.43106627, 53.2020250446851, 125.169226862598, 223.182861328125, 2009603, 3, 93
2019.43106627, 53.2019997695872, 125.169222753325, 223.176483154297, 2009603, 3, 93
2019.43106627, 53.2019744912008, 125.169218642827, 223.161849975586, 2009603, 3, 93
2019.43106627, 53.2019492166391, 125.169214530564, 223.163360595703, 2009603, 3, 93
2019.43106627, 53.2019302543888, 125.169211445281, 223.1572265625, 2009603, 3, 93
2019.43106627, 53.201904977187, 125.169207329126, 223.149673461914, 2009603, 3, 93
2019.43106627, 53.2018797059925, 125.169203209854, 223.154067993164, 2009603, 3, 93
2019.43106627, 53.20185442778, 125.169199088793, 223.169723510742, 2009603, 3, 93
2019.43106627, 53.2018354633, 125.169195997354, 223.148452758789, 2009603, 3, 93
2019.43106627, 53.2018101846806, 125.169191872077, 223.159240722656, 2009603, 3, 93
2019.43106627, 53.2017849066874, 125.169187743774, 223.168502807617, 2009603, 3, 93
2019.43106627, 53.2017596250196, 125.169183613313, 223.169906616211, 2009603, 3, 93
2019.43106627, 53.2017280288697, 125.169178445617, 223.146942138672, 2009603, 3, 93
2019.43106627, 53.2017027458764, 125.169174308357, 223.155807495117, 2009603, 3, 93
2019.43106627, 53.2016774597544, 125.169170168562, 223.15641784668, 2009603, 3, 93
2019.43106627, 53.2016521736147, 125.169166025506, 223.175491333008, 2009603, 3, 93
2019.43106627, 53.2016268842256, 125.169161879333, 223.152603149414, 2009603, 3, 93
2019.43106627, 53.2016018109577, 125.169157887309, 223.163070678711, 2009603, 3, 93
2019.43106627, 53.2015764454188, 125.169153689988, 223.154861450195, 2009603, 3, 93
2019.43106627, 53.201544748306, 125.169148437411, 223.145355224609, 2009603, 3, 93
2019.43106627, 53.2015193939399, 125.169144231864, 223.15625, 2009603, 3, 93
2019.43106627, 53.2014877026791, 125.169138969618, 223.157073974609, 2009603, 3, 91
2019.43106627, 53.2014623352314, 125.16913475898, 223.157745361328, 2009603, 3, 91
2019.43106627, 53.2014369730421, 125.169130544691, 223.171722412109, 2009603, 3, 91
2019.43106627, 53.2014052739051, 125.169125272791, 223.160690307617, 2009603, 3, 91
2019.43106627, 53.2013799009159, 125.16912105489, 223.147674560547, 2009603, 3, 91
2019.43106627, 53.2013482080023, 125.169115776068, 223.135360717773, 2009603, 3, 91
2019.43106627, 53.201322829804, 125.169111554619, 223.143920898438, 2009603, 3, 91
2019.43106627, 53.2012911249735, 125.169106273405, 223.165573120117, 2009603, 3, 91
2019.43106627, 53.201253075313, 125.169099932746, 223.190338134766, 2009603, 3, 91
2019.43106627, 53.2011960222299, 125.169090414034, 223.205062866211, 2009603, 3, 88
2019.43106627, 53.2011326081973, 125.169079836923, 223.199645996094, 2009603, 3, 88
2019.43106627, 53.201081888869, 125.169071372973, 223.187469482422, 2009603, 3, 88
2019.43106627, 53.2010438495143, 125.169065024613, 223.161956787109, 2009603, 3, 88
2019.43106627, 53.2010121550428, 125.169059734368, 223.156936645508, 2009603, 3, 88
2019.43106627, 53.2009804605516, 125.169054444872, 223.149353027344, 2009603, 3, 82
2019.43106627, 53.2009487716364, 125.169049156333, 223.144729614258, 2009603, 3, 82
2019.43106627, 53.2009171004692, 125.169043866213, 223.136688232422, 2009603, 3, 82
2019.43106627, 53.2008854143258, 125.169038581036, 223.141128540039, 2009603, 3, 82
2019.43106627, 53.2008600586543, 125.169034356044, 223.165954589844, 2009603, 3, 82
2019.43106627, 53.2008283799997, 125.169029073903, 223.139892578125, 2009603, 3, 82
2019.43106627, 53.2007903867842, 125.169022736182, 223.154571533203, 2009603, 3, 82
2019.43106627, 53.2007650349136, 125.169018517005, 223.143081665039, 2009603, 3, 82
2019.43106628, 53.1973048223426, 125.168458189428, 224.382446289062, 2009603, 3, 81
2019.43106628, 53.1970721501645, 125.168420558562, 222.886383056641, 2009603, 3, 95
2019.43106628, 53.1970281262359, 125.168413410279, 222.85481262207, 2009603, 3, 95
2019.43106628, 53.1970029559652, 125.168409322423, 222.863388061523, 2009603, 3, 95
2019.43106628, 53.1969777833796, 125.168405231303, 222.874923706055, 2009603, 3, 95
2019.43106628, 53.1969463194753, 125.168400110058, 222.911865234375, 2009603, 3, 95
2019.43106628, 53.1969085362695, 125.168393958984, 222.878677368164, 2009603, 3, 95
2019.43106628, 53.1968770358374, 125.168388827016, 222.85498046875, 2009603, 3, 95
2019.43106628, 53.1968518266516, 125.168384717295, 222.888626098633, 2009603, 3, 95
2019.43106628, 53.1968266122505, 125.168380603176, 222.909149169922, 2009603, 3, 95
2019.43106628, 53.1968013862388, 125.168376485255, 222.909744262695, 2009603, 3, 95
2019.43106628, 53.1967824614527, 125.16837339434, 222.912017822266, 2009603, 3, 95
2019.43106628, 53.1967635281582, 125.168370302276, 222.916244506836, 2009603, 3, 95
2019.43106628, 53.1967382843928, 125.168366173626, 222.915069580078, 2009603, 3, 95
2019.43106628, 53.196719333479, 125.168363076011, 222.903182983398, 2009603, 3, 95
2019.43106628, 53.1966940635951, 125.168358941508, 222.905075073242, 2009603, 3, 95
2019.43106628, 53.1966624678967, 125.168353766467, 222.891830444336, 2009603, 3, 95
2019.43106628, 53.1966371747333, 125.168349622349, 222.893676757812, 2009603, 3, 95
2019.43106628, 53.1966181910921, 125.168346512581, 222.896102905273, 2009603, 3, 95
2019.43106628, 53.1965928780759, 125.168342361251, 222.895065307617, 2009603, 3, 95
2019.43106628, 53.1965675519846, 125.168338206209, 222.901504516602, 2009603, 3, 95
2019.43106628, 53.1965422152734, 125.168334047497, 222.902618408203, 2009603, 3, 95
2019.43106628, 53.1965173941047, 125.168330070642, 222.903213500977, 2009603, 3, 95
2019.43106628, 53.1964918611221, 125.168325844495, 222.894348144531, 2009603, 3, 96
2019.43106628, 53.1964663197921, 125.168321614343, 222.913818359375, 2009603, 3, 96
2019.43106628, 53.1964407651088, 125.168317380863, 222.898239135742, 2009603, 3, 96
2019.43106628, 53.1964151998006, 125.168313144272, 222.894058227539, 2009603, 3, 96
2019.43106628, 53.196389623803, 125.16830890462, 222.89567565918, 2009603, 3, 96
2019.43106628, 53.1963640359801, 125.168304662588, 222.889663696289, 2009603, 3, 96
2019.43106628, 53.1963384412777, 125.168300417934, 222.899337768555, 2009603, 3, 96
2019.43106628, 53.1963128385655, 125.16829617166, 222.898712158203, 2009603, 3, 96
2019.43106628, 53.1962872229844, 125.168291923363, 222.880294799805, 2009603, 3, 96
2019.43106628, 53.1962616008059, 125.16828767366, 222.884185791016, 2009603, 3, 96
2019.43106628, 53.196235974884, 125.168283422161, 222.902908325195, 2009603, 3, 96
2019.43106628, 53.1962103382315, 125.168279170217, 222.888793945312, 2009603, 3, 96
2019.43106628, 53.1961846965268, 125.168274917595, 222.902709960938, 2009603, 3, 96
2019.43106628, 53.1961590541465, 125.168270663545, 222.890563964844, 2009603, 3, 96
2019.43106628, 53.1961334017609, 125.168266410559, 222.89714050293, 2009603, 3, 96
2019.43106628, 53.1961077457037, 125.168262158318, 222.900360107422, 2009603, 3, 96
2019.43106628, 53.1960820812479, 125.168257906719, 222.872985839844, 2009603, 3, 96
2019.43106628, 53.1960564148918, 125.16825365557, 222.867126464844, 2009603, 3, 96
2019.43106628, 53.196030749506, 125.168249405103, 222.891204833984, 2009603, 3, 96
2019.43106628, 53.1960050818289, 125.168245155738, 222.878433227539, 2009603, 3, 96
2019.43106628, 53.1959794099243, 125.168240908816, 222.876373291016, 2009603, 3, 94
2019.43106628, 53.195953740995, 125.168236663223, 222.890289306641, 2009603, 3, 94
2019.43106628, 53.1959280689089, 125.168232420001, 222.877044677734, 2009603, 3, 94
2019.43106628, 53.1959024004975, 125.168228179036, 222.901306152344, 2009603, 3, 94
2019.43106628, 53.1958767333924, 125.168223941375, 222.903106689453, 2009603, 3, 94
2019.43106628, 53.1958510686758, 125.168219705792, 222.872711181641, 2009603, 3, 94
2019.43106628, 53.1958253984867, 125.16821547481, 222.908248901367, 2009603, 3, 94
2019.43106628, 53.1957997361928, 125.168211246495, 222.917755126953, 2009603, 3, 94
2019.43106628, 53.1957740735054, 125.168207022176, 222.900787353516, 2009603, 3, 94
2019.43106628, 53.1957484194406, 125.168202801345, 222.91535949707, 2009603, 3, 84
2019.43106628, 53.1957227667408, 125.168198585012, 222.914184570312, 2009603, 3, 84
2019.43106628, 53.1956971219331, 125.168194372738, 222.924987792969, 2009603, 3, 84
2019.43106628, 53.195671481666, 125.168190165817, 222.931442260742, 2009603, 3, 84
2019.43106628, 53.1956394440075, 125.168184912403, 222.939056396484, 2009603, 3, 84
2019.43106628, 53.1956202150708, 125.16818176566, 222.916458129883, 2009603, 3, 84
2019.43106628, 53.1955945935607, 125.168177573125, 222.935485839844, 2009603, 3, 84
2019.43106628, 53.1955689822751, 125.168173385306, 222.930648803711, 2009603, 3, 84
2019.43106628, 53.1955433728779, 125.168169203931, 222.918716430664, 2009603, 3, 84
2019.43106628, 53.1955241672661, 125.168166072386, 222.933898925781, 2009603, 3, 84
2019.43106628, 53.190816905788, 125.16740411714, 223.192886352539, 2009603, 3, 81
2019.43106628, 53.190778804249, 125.167398383141, 223.149520874023, 2009603, 3, 81
2019.43106628, 53.1907533821369, 125.167394564292, 223.165634155273, 2009603, 3, 81
2019.43106628, 53.1907279626509, 125.16739074479, 223.167327880859, 2009603, 3, 85
2019.43106628, 53.1906961973026, 125.167385968624, 223.165328979492, 2009603, 3, 85
2019.43106628, 53.1906644082198, 125.167381195105, 223.159973144531, 2009603, 3, 85
2019.43106628, 53.1906325951872, 125.167376421599, 223.189224243164, 2009603, 3, 85
2019.43106628, 53.190588069964, 125.16736973119, 223.222732543945, 2009603, 3, 85
2019.43106631, 53.1278673563033, 125.157167619181, 230.696365356445, 2009603, 3, 52
2019.43106631, 53.1278037185026, 125.157157658401, 230.693008422852, 2009603, 3, 52
2019.43106631, 53.1277528470772, 125.157149705852, 230.702056884766, 2009603, 3, 52
2019.43106631, 53.1276955991446, 125.157140781645, 230.739654541016, 2009603, 3, 52
2019.43106631, 53.1276320354864, 125.157130874724, 230.714218139648, 2009603, 3, 52
2019.43106631, 53.1275938797841, 125.157124938829, 230.710159301758, 2009603, 3, 52
2019.43106631, 53.1275493962037, 125.157118010919, 230.724853515625, 2009603, 3, 52
2019.43106631, 53.1275049147977, 125.157111083345, 230.72428894043, 2009603, 3, 52
2019.43106631, 53.1209799650187, 125.156052133319, 230.972503662109, 2009603, 3, 58
2019.43106631, 53.1209547286725, 125.156047940952, 230.986801147461, 2009603, 3, 58
2019.43106631, 53.1209357982076, 125.156044796893, 230.977462768555, 2009603, 3, 58
2019.43106631, 53.1209105733775, 125.156040602238, 230.989593505859, 2009603, 3, 58
2019.43106631, 53.120891645771, 125.156037457809, 230.982711791992, 2009603, 3, 58
2019.43106631, 53.120866423715, 125.156033263399, 230.997222900391, 2009603, 3, 58
2019.43106631, 53.1208474997951, 125.156030119087, 230.999404907227, 2009603, 3, 58
2019.43106631, 53.1208222737849, 125.156025926658, 230.984146118164, 2009603, 3, 58
2019.43106631, 53.1207970529482, 125.156021735134, 230.987121582031, 2009603, 3, 58
2019.43106631, 53.1207718312443, 125.15601754433, 230.966979980469, 2009603, 3, 58
2019.43106631, 53.1207466092395, 125.156013355202, 230.941635131836, 2009603, 3, 58
2019.43106631, 53.1207213880108, 125.156009167942, 230.948272705078, 2009603, 3, 58
2019.43106631, 53.1206898726836, 125.1560039348, 230.952255249023, 2009603, 3, 58
2019.43106667, 52.4085906180054, 125.041496073109, 326.900390625, 2002009, 3, 75
2019.43106667, 52.4085652721517, 125.041492213536, 326.870025634766, 2002009, 3, 75
2019.43106667, 52.4085336291687, 125.041487372283, 326.877532958984, 2002009, 3, 75
2019.43106667, 52.4085082944231, 125.041483494144, 326.882995605469, 2002009, 3, 75
2019.43106667, 52.4084766583624, 125.041478630827, 326.886901855469, 2002009, 3, 70
2019.43106667, 52.4084512685526, 125.04147524076, 326.869903564453, 2002009, 3, 70
2019.43106667, 52.4084196572941, 125.041470191366, 326.870147705078, 2002009, 3, 70
2019.43106667, 52.4083943538556, 125.041466144789, 326.873077392578, 2002009, 3, 70
2019.43106667, 52.4083627424547, 125.041461073272, 326.883087158203, 2002009, 3, 70
2019.43106667, 52.4083311461849, 125.041455987861, 326.885803222656, 2002009, 3, 70
2019.43106667, 52.4083058493483, 125.041451915143, 326.895660400391, 2002009, 3, 70
2019.43106667, 52.4082742422093, 125.041446813598, 326.900238037109, 2002009, 3, 70
2019.43106667, 52.4082363273248, 125.041440676518, 326.994415283203, 2002009, 3, 62
2019.43106667, 52.4081036721472, 125.041419104007, 327.490844726562, 2002009, 3, 62
2019.43106808, 49.5732310463755, 124.605976715367, 264.850952148438, 2009589, 3, 61
2019.43106808, 49.5731349962569, 124.605963186303, 264.852722167969, 2009589, 3, 61
2019.43106808, 49.5728345837266, 124.605920267147, 265.57421875, 2009589, 3, 75
2019.43106808, 49.5725478798518, 124.605878214496, 265.083770751953, 2009589, 3, 84
2019.43106808, 49.5724841281255, 124.605869074281, 265.039398193359, 2009589, 3, 85
2019.43106808, 49.5723701584567, 124.605851297625, 265.038696289062, 2009589, 3, 85
2019.43106999, 45.7423545585409, 124.060215207041, 127.749786376953, 2009593, 3, 95
2019.43106999, 45.7407874545981, 124.060000411592, 127.725296020508, 2009593, 3, 92
2019.43106525, 55.2739806570539, 125.515246464446, 534.159912109375, 2009604, 4, 89
2019.43106525, 55.2738665727612, 125.515226612905, 534.1982421875, 2009604, 4, 89
2019.43106525, 55.2737398817877, 125.515204483323, 534.215270996094, 2009604, 4, 89
2019.43106525, 55.2736322321861, 125.515185619407, 534.221374511719, 2009604, 4, 89
2019.43106525, 55.2735182773015, 125.515165600776, 534.200439453125, 2009604, 4, 89
2019.43106525, 55.2733979985713, 125.515144427905, 534.213623046875, 2009604, 4, 88
2019.43106525, 55.2732903759427, 125.515125452771, 534.247924804688, 2009604, 4, 88
2019.43106525, 55.2731827327751, 125.515106460049, 534.269104003906, 2009604, 4, 88
2019.43106525, 55.2730813976292, 125.515088574559, 534.251953125, 2009604, 4, 88
2019.43106525, 55.2729800838432, 125.515070682564, 534.239990234375, 2009604, 4, 88
2019.43106525, 55.2728722214316, 125.515051691922, 534.229614257812, 2009604, 4, 88
2019.43106525, 55.2727643134599, 125.51503271471, 534.274169921875, 2009604, 4, 88
2019.43106525, 55.2726436638883, 125.515011526348, 534.29931640625, 2009604, 4, 85
2019.43106595, 53.8816554193255, 125.27950905163, 320.141326904297, 2009603, 4, 83
2019.43106595, 53.8815664284824, 125.279494269129, 319.896148681641, 2009603, 4, 83
2019.43106595, 53.8815155905713, 125.279485823616, 320.113983154297, 2009603, 4, 83
2019.43106595, 53.8814202815608, 125.279469969399, 320.458068847656, 2009603, 4, 95
2019.43106595, 53.8812297194781, 125.279438201452, 320.526092529297, 2009603, 4, 88
2019.43106595, 53.880994753403, 125.279398947721, 320.527954101562, 2009603, 4, 88
2019.43106595, 53.8808169606172, 125.279369224922, 320.485412597656, 2009603, 4, 88
2019.43106628, 53.2031480862903, 125.168075398681, 223.242050170898, 2009603, 4, 96
2019.43106628, 53.2030779522211, 125.168063966387, 223.270889282227, 2009603, 4, 96
2019.43106628, 53.2029887567222, 125.16804926626, 223.223526000977, 2009603, 4, 96
2019.43106628, 53.2029123248357, 125.168036641183, 223.282775878906, 2009603, 4, 96
2019.43106628, 53.2027977090758, 125.168017675847, 223.247970581055, 2009603, 4, 96
2019.43106628, 53.2027022314088, 125.168001850262, 223.204238891602, 2009603, 4, 96
2019.43106628, 53.2026004195461, 125.167984951845, 223.207794189453, 2009603, 4, 94
2019.43106628, 53.2024922824426, 125.167966993067, 223.180419921875, 2009603, 4, 94
2019.43106628, 53.2023905373239, 125.167950089094, 223.190826416016, 2009603, 4, 94
2019.43106628, 53.2022761132827, 125.167931087459, 223.146667480469, 2009603, 4, 94
2019.43106628, 53.2021680754595, 125.167913159672, 223.178482055664, 2009603, 4, 93
2019.43106628, 53.2020600664565, 125.167895261024, 223.171966552734, 2009603, 4, 93
2019.43106628, 53.2019393760814, 125.167875300119, 223.151290893555, 2009603, 4, 94
2019.43106628, 53.2018313718182, 125.16785747517, 223.152420043945, 2009603, 4, 94
2019.43106628, 53.2017234751401, 125.167839721561, 223.14762878418, 2009603, 4, 93
2019.43106628, 53.2016092386613, 125.167820981086, 223.139572143555, 2009603, 4, 93
2019.43106629, 53.2014886484467, 125.167801260283, 223.184753417969, 2009603, 4, 86
2019.43106629, 53.2013109089136, 125.167772320888, 223.192199707031, 2009603, 4, 86
2019.43106629, 53.2011775649062, 125.167750702977, 223.133316040039, 2009603, 4, 83
2019.43106629, 53.2010695860254, 125.167733252538, 223.123504638672, 2009603, 4, 82
2019.43106629, 53.2009552235665, 125.167714822365, 223.120712280273, 2009603, 4, 72
2019.43106629, 53.2008471760628, 125.167697448362, 223.147415161133, 2009603, 4, 72
2019.43106629, 53.1971482904635, 125.167094953756, 222.913528442383, 2009603, 4, 92
2019.43106629, 53.1969128403819, 125.167058200198, 222.918518066406, 2009603, 4, 95
2019.43106629, 53.196747285505, 125.167032334983, 222.912002563477, 2009603, 4, 95
2019.43106629, 53.1966388652844, 125.167015057154, 222.986557006836, 2009603, 4, 95
2019.43106629, 53.1965750723536, 125.16700485717, 223.030029296875, 2009603, 4, 95
2019.43106629, 53.1965304132214, 125.166997702416, 223.064010620117, 2009603, 4, 95
2019.43106629, 53.1964857502949, 125.16699053571, 223.075805664062, 2009603, 4, 96
2019.43106629, 53.1964410876301, 125.166983357434, 223.054534912109, 2009603, 4, 96
2019.43106629, 53.1963900412881, 125.166975140874, 223.070434570312, 2009603, 4, 96
2019.43106629, 53.1963453749782, 125.16696793909, 223.066787719727, 2009603, 4, 96
2019.43106629, 53.1962879486487, 125.166958666078, 223.031112670898, 2009603, 4, 96
2019.43106629, 53.1962305272092, 125.16694937637, 223.066482543945, 2009603, 4, 95
2019.43106629, 53.1961794875083, 125.166941108465, 223.059265136719, 2009603, 4, 95
2019.43106629, 53.1961284526146, 125.166932828501, 223.036834716797, 2009603, 4, 95
2019.43106629, 53.1960646670632, 125.166922466307, 223.031341552734, 2009603, 4, 95
2019.43106629, 53.1959881406857, 125.166910015685, 223.025680541992, 2009603, 4, 95
2019.43106629, 53.1959052560881, 125.166896509383, 223.029357910156, 2009603, 4, 95
2019.43106629, 53.195841515091, 125.166886109847, 223.073837280273, 2009603, 4, 95
2019.43106629, 53.1957969077603, 125.166878826407, 223.076843261719, 2009603, 4, 95
2019.43106629, 53.1957459356343, 125.166870499194, 223.088973999023, 2009603, 4, 91
2019.43106629, 53.1956949741766, 125.166862169702, 223.051330566406, 2009603, 4, 91
2019.43106629, 53.1956376579554, 125.166852807834, 222.130172729492, 2009603, 4, 91
2019.43106629, 53.1955867223255, 125.166844464473, 223.562286376953, 2009603, 4, 91
2019.43106629, 53.195535798584, 125.166836143903, 223.591247558594, 2009603, 4, 91
2019.43106629, 53.1908635724558, 125.166075417641, 223.38671875, 2009603, 4, 84
2019.43106629, 53.1908063402739, 125.166065894543, 221.966125488281, 2009603, 4, 84
2019.43106629, 53.1907491086857, 125.166056339921, 223.384048461914, 2009603, 4, 79
2019.43106629, 53.1906346827002, 125.166037290801, 223.319290161133, 2009603, 4, 79
2019.43106629, 53.1904504267831, 125.166006684287, 223.298294067383, 2009603, 4, 51
2019.43106629, 53.1903360932866, 125.165987753592, 223.311813354492, 2009603, 4, 54
2019.43106629, 53.1890994881907, 125.165787342351, 223.408767700195, 2009603, 4, 66
2019.43106668, 52.4092311459985, 125.040288551417, 326.94189453125, 2002009, 4, 82
2019.43106668, 52.4091294836619, 125.040272162386, 326.886108398438, 2002009, 4, 82
2019.43106668, 52.4090214737041, 125.04025479124, 326.866943359375, 2002009, 4, 82
2019.43106668, 52.4088944144594, 125.040234417192, 326.891021728516, 2002009, 4, 86
2019.43106668, 52.4087419723561, 125.040210066347, 326.862274169922, 2002009, 4, 86
2019.43106668, 52.4086339790933, 125.040192803052, 326.858642578125, 2002009, 4, 86
2019.43106668, 52.4085134276599, 125.040173861033, 326.879791259766, 2002009, 4, 86
2019.43106668, 52.4083865521411, 125.040153972607, 326.895416259766, 2002009, 4, 82
2019.43106668, 52.408266029146, 125.040135100973, 326.892272949219, 2002009, 4, 82
2019.43106668, 52.4081518537042, 125.040117229697, 326.903259277344, 2002009, 4, 67
2019.43106809, 49.5729998938833, 124.604700097221, 265.088531494141, 2009589, 4, 78
2019.43106523, 55.292226222405, 125.468804705776, 529.654479980469, 2009604, 5, 51
2019.43106523, 55.2921314259108, 125.468787783982, 529.673828125, 2009604, 5, 51
2019.43106523, 55.2920619382125, 125.468775458287, 529.677612304688, 2009604, 5, 51
2019.43106543, 54.8942244065827, 125.400854741079, 437.657287597656, 2009604, 5, 58
2019.43106543, 54.8941924605997, 125.400849183215, 437.677551269531, 2009604, 5, 58
2019.43106543, 54.8941605276133, 125.400843627194, 437.690490722656, 2009604, 5, 58
2019.43106543, 54.8941285914174, 125.400838030647, 437.701965332031, 2009604, 5, 58
2019.43106543, 54.8940966868579, 125.400832473682, 437.680358886719, 2009604, 5, 58
2019.43106543, 54.8940584172672, 125.400825808584, 437.694580078125, 2009604, 5, 58
2019.43106543, 54.8940201603647, 125.400819126482, 437.650268554688, 2009604, 5, 58
2019.43106543, 54.8939819244092, 125.400812446051, 437.680786132812, 2009604, 5, 89
2019.43106543, 54.8939437078396, 125.400805764876, 437.628784179688, 2009604, 5, 89
2019.43106543, 54.8939054968807, 125.400799046933, 437.626281738281, 2009604, 5, 89
2019.43106543, 54.8938673279107, 125.400792378991, 437.616455078125, 2009604, 5, 89
2019.43106543, 54.8938228236669, 125.400784604205, 437.617645263672, 2009604, 5, 89
2019.43106543, 54.8937783378671, 125.400776809787, 437.576110839844, 2009604, 5, 89
2019.43106543, 54.8937275237912, 125.400767885017, 437.614166259766, 2009604, 5, 89
2019.43106543, 54.8936450658273, 125.400753476551, 437.613372802734, 2009604, 5, 89
2019.43106543, 54.8935626811242, 125.400739038782, 437.578704833984, 2009604, 5, 91
2019.43106543, 54.8934930758975, 125.40072691793, 437.590454101562, 2009604, 5, 90
2019.43106543, 54.8931906003245, 125.400674432831, 438.727508544922, 2009604, 5, 84
2019.43106593, 53.901219802413, 125.234836588628, 323.516204833984, 2009603, 5, 94
2019.43106593, 53.9010028826874, 125.234801543593, 323.489166259766, 2009603, 5, 94
2019.43106593, 53.9007785459901, 125.234764196492, 323.487213134766, 2009603, 5, 95
2019.43106593, 53.900669556761, 125.234745774743, 323.501525878906, 2009603, 5, 56
2019.43106593, 53.9006311085564, 125.234739266872, 323.510406494141, 2009603, 5, 56
2019.43106593, 53.9005862497175, 125.23473163024, 323.485534667969, 2009603, 5, 56
2019.43106593, 53.9005478218151, 125.234725101787, 323.464447021484, 2009603, 5, 56
2019.43106593, 53.9005221912069, 125.234720700064, 323.458129882812, 2009603, 5, 56
2019.43106627, 53.2061997168302, 125.121433850504, 223.807418823242, 2009603, 5, 81
2019.43106627, 53.2061358761997, 125.121423389144, 223.831146240234, 2009603, 5, 81
2019.43106627, 53.2060784116894, 125.121413955054, 223.840438842773, 2009603, 5, 81
2019.43106627, 53.2060337174432, 125.121406623213, 223.815872192383, 2009603, 5, 81
2019.43106627, 53.2060017899116, 125.121401376881, 223.781936645508, 2009603, 5, 81
2019.43106627, 53.2059698675465, 125.12139614212, 223.781066894531, 2009603, 5, 93
2019.43106627, 53.2059443233959, 125.121391937911, 223.774871826172, 2009603, 5, 93
2019.43106627, 53.205912413504, 125.121386726433, 223.778732299805, 2009603, 5, 93
2019.43106627, 53.205886936422, 125.121382520257, 223.784942626953, 2009603, 5, 93
2019.43106627, 53.2058549982062, 125.121377294818, 223.829360961914, 2009603, 5, 93
2019.43106627, 53.2058103038264, 125.121370016857, 223.843200683594, 2009603, 5, 93
2019.43106627, 53.205759217842, 125.121361666933, 223.840362548828, 2009603, 5, 93
2019.43106627, 53.2056953792186, 125.121351246235, 223.828796386719, 2009603, 5, 94
2019.43106627, 53.205618793926, 125.121338733103, 223.836074829102, 2009603, 5, 94
2019.43106627, 53.2055422645814, 125.121326288762, 223.82405090332, 2009603, 5, 94
2019.43106627, 53.2054593900983, 125.121312794135, 223.794235229492, 2009603, 5, 94
2019.43106627, 53.2053829387147, 125.121300355369, 223.816757202148, 2009603, 5, 94
2019.43106627, 53.205293816369, 125.121285891317, 223.819213867188, 2009603, 5, 94
2019.43106627, 53.2052111270857, 125.121272487005, 223.830062866211, 2009603, 5, 95
2019.43106627, 53.2051285016303, 125.121259109768, 223.793212890625, 2009603, 5, 95
2019.43106627, 53.2050459367245, 125.121245739846, 223.80403137207, 2009603, 5, 95
2019.43106627, 53.2036944787576, 125.121028450785, 223.861801147461, 2009603, 5, 79
2019.43106627, 53.2035425402898, 125.121004110643, 223.823638916016, 2009603, 5, 79
2019.43106627, 53.203466456779, 125.120991927762, 223.801330566406, 2009603, 5, 95
2019.43106627, 53.2034347321001, 125.120986850955, 223.822570800781, 2009603, 5, 95
2019.43106627, 53.2034029903509, 125.120981766499, 223.846542358398, 2009603, 5, 95
2019.43106627, 53.2033775759907, 125.12097767143, 223.846160888672, 2009603, 5, 95
2019.43106627, 53.2033460714736, 125.120972630462, 223.824813842773, 2009603, 5, 95
2019.43106627, 53.2033141693843, 125.120967502974, 223.874755859375, 2009603, 5, 95
2019.43106627, 53.2032822599733, 125.120962383063, 223.863159179688, 2009603, 5, 95
2019.43106627, 53.2032439677885, 125.120956280266, 223.886215209961, 2009603, 5, 95
2019.43106627, 53.2031992419186, 125.120949085246, 223.882736206055, 2009603, 5, 95
2019.43106627, 53.2031481154086, 125.120940896034, 223.892669677734, 2009603, 5, 95
2019.43106627, 53.203096961682, 125.120932698081, 223.887451171875, 2009603, 5, 95
2019.43106627, 53.2030521909306, 125.120925531593, 223.848281860352, 2009603, 5, 95
2019.43106627, 53.2030201872024, 125.12092037919, 223.851409912109, 2009603, 5, 95
2019.43106627, 53.2029881837707, 125.120915240773, 223.819305419922, 2009603, 5, 95
2019.43106627, 53.2029561789433, 125.120910112646, 223.843444824219, 2009603, 5, 95
2019.43106627, 53.2029241635256, 125.120904969535, 223.848434448242, 2009603, 5, 95
2019.43106627, 53.2028857466057, 125.120898814115, 223.855697631836, 2009603, 5, 95
2019.43106627, 53.2028601201983, 125.120894679608, 223.85612487793, 2009603, 5, 95
2019.43106627, 53.2028281069434, 125.120889558339, 223.830062866211, 2009603, 5, 95
2019.43106627, 53.20279607876, 125.120884410733, 223.837600708008, 2009603, 5, 95
2019.43106627, 53.2027640468388, 125.120879255039, 223.869720458984, 2009603, 5, 95
2019.43106627, 53.2027256003195, 125.120873049653, 223.895874023438, 2009603, 5, 95
2019.43106627, 53.2026807676282, 125.120865856035, 223.863082885742, 2009603, 5, 95
2019.43106627, 53.2026487322719, 125.120860683187, 223.852783203125, 2009603, 5, 95
2019.43106627, 53.2026103117426, 125.12085451332, 223.850387573242, 2009603, 5, 95
2019.43106627, 53.2025846809042, 125.120850358717, 223.877258300781, 2009603, 5, 95
2019.43106627, 53.2025526610861, 125.120845197908, 223.839279174805, 2009603, 5, 95
2019.43106627, 53.2025206566757, 125.12084006286, 223.868591308594, 2009603, 5, 95
2019.43106627, 53.2024950374354, 125.120835907879, 223.8759765625, 2009603, 5, 95
2019.43106627, 53.2024566409668, 125.120829735646, 223.871231079102, 2009603, 5, 95
2019.43106627, 53.2024246277699, 125.12082453614, 223.851165771484, 2009603, 5, 95
2019.43106627, 53.2023926507096, 125.120819400002, 223.830703735352, 2009603, 5, 95
2019.43106627, 53.202367047465, 125.120815231447, 223.846801757812, 2009603, 5, 95
2019.43106627, 53.2023350779663, 125.120810082962, 223.832427978516, 2009603, 5, 95
2019.43106627, 53.2023094895489, 125.120805920247, 223.837921142578, 2009603, 5, 95
2019.43106627, 53.2022775362393, 125.120800771689, 223.830184936523, 2009603, 5, 95
2019.43106627, 53.2022519638777, 125.120796613702, 223.825576782227, 2009603, 5, 95
2019.43106627, 53.2022264076388, 125.12079248063, 223.850814819336, 2009603, 5, 96
2019.43106627, 53.2022008526108, 125.12078833271, 223.844528198242, 2009603, 5, 96
2019.43106627, 53.2021689257365, 125.12078316101, 223.834350585938, 2009603, 5, 96
2019.43106627, 53.2021433902196, 125.120779023295, 223.839828491211, 2009603, 5, 96
2019.43106627, 53.2021114882945, 125.120773867222, 223.833023071289, 2009603, 5, 96
2019.43106627, 53.2020857210031, 125.120769688618, 223.824325561523, 2009603, 5, 96
2019.43106627, 53.2020539189849, 125.120764532292, 223.815093994141, 2009603, 5, 96
2019.43106627, 53.2020221248804, 125.120759367736, 223.816070556641, 2009603, 5, 96
2019.43106627, 53.201996687932, 125.120755211612, 223.844436645508, 2009603, 5, 96
2019.43106627, 53.2019649239673, 125.12075006394, 223.824523925781, 2009603, 5, 96
2019.43106627, 53.201939507134, 125.120745918905, 223.82795715332, 2009603, 5, 96
2019.43106627, 53.2019140981384, 125.120741773773, 223.847381591797, 2009603, 5, 96
2019.43106627, 53.2018823555762, 125.120736613833, 223.824996948242, 2009603, 5, 96
2019.43106627, 53.2018442750273, 125.120730415939, 223.912872314453, 2009603, 5, 96
2019.43106627, 53.2018125382237, 125.120725218172, 223.834732055664, 2009603, 5, 96
2019.43106627, 53.2017808201233, 125.12072004065, 223.847137451172, 2009603, 5, 96
2019.43106627, 53.2017491256249, 125.120714892638, 223.850997924805, 2009603, 5, 95
2019.43106627, 53.20172376628, 125.120710753658, 223.846633911133, 2009603, 5, 95
2019.43106627, 53.2016984046259, 125.120706597749, 223.837631225586, 2009603, 5, 95
2019.43106627, 53.2016667280615, 125.120701445208, 223.855728149414, 2009603, 5, 95
2019.43106627, 53.20164137571, 125.120697283164, 223.866424560547, 2009603, 5, 95
2019.43106627, 53.201603383433, 125.120691104898, 223.882858276367, 2009603, 5, 95
2019.43106627, 53.2015717093629, 125.120685907274, 223.851181030273, 2009603, 5, 95
2019.43106627, 53.2015463839473, 125.120681765696, 223.835632324219, 2009603, 5, 95
2019.43106627, 53.2015147407968, 125.120676615559, 223.851043701172, 2009603, 5, 95
2019.43106628, 53.2014894141569, 125.120672456178, 223.839019775391, 2009603, 5, 95
2019.43106628, 53.2014577771025, 125.120667296104, 223.836364746094, 2009603, 5, 95
2019.43106628, 53.2014324607076, 125.120663145339, 223.842300415039, 2009603, 5, 95
2019.43106628, 53.2014071533218, 125.120659008382, 223.857116699219, 2009603, 5, 95
2019.43106628, 53.201375530011, 125.12065385616, 223.841781616211, 2009603, 5, 95
2019.43106628, 53.201350212662, 125.120649684104, 223.852066040039, 2009603, 5, 95
2019.43106628, 53.2013122729154, 125.120643499613, 223.890090942383, 2009603, 5, 95
2019.43106628, 53.2012806421816, 125.120638310787, 223.863098144531, 2009603, 5, 95
2019.43106628, 53.2012490191592, 125.120633134923, 223.856704711914, 2009603, 5, 94
2019.43106628, 53.2012173970398, 125.120627959333, 223.863967895508, 2009603, 5, 94
2019.43106628, 53.2011857862542, 125.120622807531, 223.855255126953, 2009603, 5, 94
2019.43106628, 53.2011604796316, 125.120618645582, 223.867416381836, 2009603, 5, 94
2019.43106628, 53.2011288675721, 125.12061348966, 223.870666503906, 2009603, 5, 94
2019.43106628, 53.2011035590228, 125.120609318294, 223.84407043457, 2009603, 5, 94
2019.43106628, 53.20107826454, 125.120605187523, 223.845642089844, 2009603, 5, 94
2019.43106628, 53.2010466456585, 125.120600022987, 223.853713989258, 2009603, 5, 94
2019.43106628, 53.2010213397472, 125.120595869008, 223.84831237793, 2009603, 5, 94
2019.43106628, 53.2009897143869, 125.12059069905, 223.889923095703, 2009603, 5, 94
2019.43106628, 53.2009517610061, 125.120584496775, 223.824340820312, 2009603, 5, 94
2019.43106628, 53.2009264450804, 125.120580334744, 223.834976196289, 2009603, 5, 94
2019.43106628, 53.2009011360889, 125.12057619425, 223.845657348633, 2009603, 5, 94
2019.43106628, 53.2008694974184, 125.120571017336, 223.842681884766, 2009603, 5, 94
2019.43106628, 53.2008315351722, 125.120564834221, 223.870376586914, 2009603, 5, 94
2019.43106628, 53.2007999213613, 125.120559651337, 223.832290649414, 2009603, 5, 94
2019.43106628, 53.200774574931, 125.120555488983, 223.841186523438, 2009603, 5, 94
2019.43106801, 49.7207737848717, 124.583064005192, 278.331146240234, 2009589, 5, 56
2019.43106801, 49.720652062399, 124.583046700714, 278.157287597656, 2009589, 5, 55
2019.43106801, 49.7205687611642, 124.583034930267, 278.173217773438, 2009589, 5, 55
2019.43106801, 49.7204534234566, 124.583018632754, 278.127380371094, 2009589, 5, 56
2019.43106801, 49.7203249642575, 124.583000682447, 278.124053955078, 2009589, 5, 56
2019.43106983, 46.063607995386, 124.062616232905, 131.164291381836, 170087, 5, 52
2019.43106983, 46.0633259965948, 124.062577419244, 131.168197631836, 170087, 5, 52
2019.43106983, 46.0630317444166, 124.062537515299, 131.117111206055, 170087, 5, 54
2019.43106983, 46.0627190554685, 124.06249564347, 131.100311279297, 170087, 5, 57
2019.43106983, 46.0624656814841, 124.06246230332, 131.106246948242, 170087, 5, 55
2019.43106983, 46.0620800979252, 124.062411537197, 131.058792114258, 170087, 5, 56
2019.43106983, 46.0616374333944, 124.062352369919, 131.112991333008, 170087, 5, 58
2019.43106983, 46.0611735505426, 124.062288406782, 131.154571533203, 170087, 5, 51
2019.43106984, 46.0584264262541, 124.061906365508, 131.139343261719, 170087, 5, 52
2019.43106984, 46.0581950132285, 124.061874989917, 131.145584106445, 170087, 5, 54
2019.43106984, 46.0577778150755, 124.06181862859, 131.137115478516, 170087, 5, 56
2019.43106984, 46.0570007772953, 124.061714267945, 131.148818969727, 170087, 5, 52
2019.43106984, 46.0563156025516, 124.061622102292, 131.25439453125, 170087, 5, 51
2019.43106984, 46.0559590237254, 124.061573786165, 131.26301574707, 170087, 5, 53
2019.4310699, 45.9299897898593, 124.044329949992, 130.752456665039, 1356558, 5, 69
2019.43106991, 45.9099508912843, 124.041592329655, 130.06201171875, 170271, 5, 62
2019.43106991, 45.9096031477806, 124.041545790119, 130.050323486328, 170271, 5, 78
2019.43106991, 45.9094699089848, 124.04152833674, 130.03987121582, 170271, 5, 81
2019.43106991, 45.9093809326075, 124.041516707233, 130.031127929688, 170271, 5, 81
2019.43106991, 45.9093300330244, 124.041510056469, 130.023071289062, 170271, 5, 81
2019.43106991, 45.909279096277, 124.041503405191, 130.030242919922, 170271, 5, 81
2019.43106991, 45.9092153767982, 124.041495089259, 130.027633666992, 170271, 5, 56
2019.43106991, 45.9091515905712, 124.041486740259, 130.007308959961, 170271, 5, 56
2019.43106991, 45.9090877707218, 124.041478422717, 130.044052124023, 170271, 5, 56
2019.43106991, 45.9072083651514, 124.041220652292, 130.60710144043, 170271, 5, 52
2019.43106991, 45.9022606097914, 124.040539136527, 130.052322387695, 170271, 5, 77
2019.43106991, 45.9019489269397, 124.040498541739, 130.063674926758, 170271, 5, 84
2019.43106991, 45.9018217925077, 124.040481965516, 130.062347412109, 170271, 5, 84
2019.43106991, 45.9017455554461, 124.040472001218, 130.036529541016, 170271, 5, 87
2019.43106991, 45.9016883752316, 124.040464467187, 130.03466796875, 170271, 5, 87
2019.43106991, 45.9016248765246, 124.040456098401, 130.033569335938, 170271, 5, 87
2019.43106991, 45.9014091221233, 124.040427314225, 130.080276489258, 170271, 5, 87
2019.43106991, 45.9011238961976, 124.040388261516, 130.008224487305, 170271, 5, 86
2019.43106991, 45.9010286849147, 124.04037542205, 130.035522460938, 170271, 5, 86
2019.43106991, 45.9009276131294, 124.04036069634, 130.040328979492, 170271, 5, 86
2019.43106991, 45.9008455027188, 124.040348628402, 130.023254394531, 170271, 5, 86
2019.43106991, 45.9007949825115, 124.040341188956, 130.005935668945, 170271, 5, 86
2019.43106991, 45.9007444641676, 124.040333738653, 130.008346557617, 170271, 5, 86
2019.43106991, 45.9007002401839, 124.040327174342, 130.036727905273, 170271, 5, 86
2019.43106991, 45.9006433923637, 124.040318760443, 130.040740966797, 170271, 5, 86
2019.43106991, 45.9005991435396, 124.040312161632, 130.03173828125, 170271, 5, 86
2019.43106991, 45.9005485973622, 124.040304691753, 130.020492553711, 170271, 5, 86
2019.43106991, 45.9004980154332, 124.040297181723, 130.029998779297, 170271, 5, 84
2019.43106991, 45.9003714767006, 124.0402784361, 130.042434692383, 170271, 5, 84
2019.43106991, 45.9002067653567, 124.040254255451, 130.023620605469, 170271, 5, 76
2019.43106991, 45.9001560211778, 124.040246862648, 130.003173828125, 170271, 5, 66
2019.43106991, 45.9001179314015, 124.040241317565, 130.026580810547, 170271, 5, 66
2019.43106991, 45.9000734886226, 124.040234909505, 130.029067993164, 170271, 5, 66
2019.43106991, 45.9000290201243, 124.040228523905, 130.020385742188, 170271, 5, 66
2019.43106992, 45.8996851011898, 124.04018031882, 130.091110229492, 170271, 5, 69
2019.43106992, 45.8879471776591, 124.038586952132, 128.569458007812, 2009593, 5, 62
2019.43106992, 45.8870984089851, 124.038465613057, 128.622970581055, 2009593, 5, 59
2019.43106992, 45.8864041007729, 124.03837228777, 128.589004516602, 2009593, 5, 79
2019.43106992, 45.886307439916, 124.03835965454, 128.557266235352, 2009593, 5, 79
2019.43106997, 45.7827249840456, 124.024230854737, 127.924560546875, 2009593, 5, 79
2019.43106997, 45.7822256227494, 124.024163733893, 127.938377380371, 2009593, 5, 93
2019.43106997, 45.7817012977442, 124.024094144443, 127.935020446777, 2009593, 5, 94
2019.43106997, 45.7812810076355, 124.024037983852, 127.930152893066, 2009593, 5, 93
2019.43106997, 45.7808257413816, 124.023975721605, 127.93692779541, 2009593, 5, 85
2019.43106999, 45.7456114581696, 124.019171728638, 127.834335327148, 2009593, 5, 86
2019.43106999, 45.7451982283734, 124.019113815146, 127.79541015625, 2009593, 5, 84
2019.43106999, 45.7446378488482, 124.019037458734, 127.821739196777, 2009593, 5, 70
2019.43107, 45.7290471247136, 124.016918131106, 130.205139160156, 14177, 5, 86
2019.43107, 45.7285278946909, 124.016849750641, 130.215133666992, 14177, 5, 90
2019.43107, 45.7279733390686, 124.016774757939, 130.214996337891, 14177, 5, 94
2019.43107, 45.727397891545, 124.016692833596, 130.202819824219, 14177, 5, 97
2019.43107, 45.7269402385706, 124.016627028935, 130.211334228516, 14177, 5, 97
2019.43107, 45.7264809886058, 124.016562841308, 130.208312988281, 14177, 5, 97
2019.43107, 45.7259378271138, 124.01649131684, 130.221618652344, 14177, 5, 97
2019.43107, 45.7254646355394, 124.016429999796, 130.234451293945, 14177, 5, 97
2019.43107, 45.7249532978928, 124.016362400585, 130.204498291016, 14177, 5, 98
2019.43107, 45.724321914, 124.016276647173, 130.226669311523, 14177, 5, 97
2019.43107, 45.723642172684, 124.01618380163, 130.197540283203, 14177, 5, 98
2019.43107, 45.7230129912579, 124.016097791567, 130.219863891602, 14177, 5, 98
2019.43107, 45.7222446349505, 124.015991447075, 130.243179321289, 14177, 5, 98
2019.43107, 45.7215344891363, 124.015892934743, 130.212066650391, 14177, 5, 98
2019.43107, 45.7208140854465, 124.015794580616, 130.221862792969, 14177, 5, 98
2019.43107, 45.7201951337193, 124.015710938718, 130.215728759766, 14177, 5, 98
2019.43107, 45.7196330776233, 124.015635035187, 130.198028564453, 14177, 5, 98
2019.43107001, 45.7190053741119, 124.015550039483, 130.209655761719, 14177, 5, 98
2019.43107001, 45.718335835412, 124.015458960646, 130.231201171875, 14177, 5, 98
2019.43107001, 45.717642738794, 124.015364675184, 130.246109008789, 14177, 5, 98
2019.43107001, 45.7170694492296, 124.015287005578, 130.249938964844, 14177, 5, 98
2019.43107001, 45.7165592498109, 124.0152174418, 130.234985351562, 14177, 5, 98
2019.43107001, 45.7159531952481, 124.01513384392, 130.214019775391, 14177, 5, 98
2019.43107001, 45.7154242497995, 124.015060213571, 130.21711730957, 14177, 5, 98
2019.43107001, 45.7148455583051, 124.014979489152, 130.246597290039, 14177, 5, 98
2019.43107001, 45.7144330188658, 124.014922264545, 130.237258911133, 14177, 5, 98
2019.43107001, 45.7138622427097, 124.014844427785, 130.225830078125, 14177, 5, 98
2019.43107001, 45.7132786576054, 124.014766776842, 130.233200073242, 14177, 5, 98
2019.43107001, 45.7126882768894, 124.014686679108, 130.227508544922, 14177, 5, 98
2019.43107001, 45.7121990064136, 124.014617193161, 130.229751586914, 14177, 5, 97
2019.43107001, 45.7116713955688, 124.01454114302, 130.266204833984, 14177, 5, 97
2019.43107001, 45.7110675905763, 124.014457356525, 130.269088745117, 14177, 5, 97
2019.43107001, 45.7104375541314, 124.014374941681, 130.246307373047, 14177, 5, 92
2019.43107001, 45.7099068544076, 124.014306003511, 130.243423461914, 14177, 5, 85
2019.43107001, 45.7095342555568, 124.014256196836, 130.097839355469, 14177, 5, 81
2019.43106544, 54.8944009145987, 125.399468391544, 437.786956787109, 2009604, 6, 66
2019.43106544, 54.8941903024506, 125.399432357309, 437.723541259766, 2009604, 6, 83
2019.43106544, 54.8936610578431, 125.399341351108, 438.694396972656, 2009604, 6, 90
2019.43106594, 53.9014803469629, 125.233493830224, 323.512359619141, 2009603, 6, 92
2019.43106594, 53.9013533737252, 125.233472870735, 323.513671875, 2009603, 6, 92
2019.43106594, 53.9012388843638, 125.233454264731, 323.558227539062, 2009603, 6, 95
2019.43106594, 53.9011370950598, 125.233437780328, 323.551300048828, 2009603, 6, 95
2019.43106594, 53.9010289345361, 125.233420288881, 323.545135498047, 2009603, 6, 95
2019.43106594, 53.9009271256426, 125.233403850482, 323.591827392578, 2009603, 6, 89
2019.43106594, 53.9008380426258, 125.233389475862, 323.568389892578, 2009603, 6, 89
2019.43106628, 53.2066803414112, 125.120155826306, 223.883605957031, 2009603, 6, 87
2019.43106628, 53.2064452400707, 125.120116914544, 223.857360839844, 2009603, 6, 94
2019.43106628, 53.2061338342478, 125.120065854557, 223.858093261719, 2009603, 6, 93
2019.43106628, 53.2059495537814, 125.120036405001, 223.836547851562, 2009603, 6, 93
2019.43106628, 53.2057462073805, 125.120004180919, 223.857086181641, 2009603, 6, 92
2019.43106628, 53.2054602557176, 125.119959148371, 223.861618041992, 2009603, 6, 91
2019.43106628, 53.2033573276918, 125.119622507446, 223.96403503418, 2009603, 6, 80
2019.43106629, 53.2032048957356, 125.119597879727, 223.935440063477, 2009603, 6, 95
2019.43106629, 53.2030206603131, 125.119568106571, 223.929916381836, 2009603, 6, 95
2019.43106629, 53.2028872070217, 125.119546524602, 223.898696899414, 2009603, 6, 95
2019.43106629, 53.2027664329772, 125.119526988702, 223.898330688477, 2009603, 6, 95
2019.43106629, 53.2026519839564, 125.119508460553, 223.90803527832, 2009603, 6, 94
2019.43106629, 53.2025438665289, 125.11949095823, 223.921798706055, 2009603, 6, 94
2019.43106629, 53.2024293601615, 125.119472396614, 223.922073364258, 2009603, 6, 95
2019.43106629, 53.2023084940858, 125.119452787403, 223.902008056641, 2009603, 6, 95
2019.43106629, 53.2021938508789, 125.11943416365, 223.917877197266, 2009603, 6, 96
2019.43106629, 53.202079198732, 125.119415519194, 223.901733398438, 2009603, 6, 96
2019.43106629, 53.2019709111277, 125.119397910029, 223.918869018555, 2009603, 6, 96
2019.43106629, 53.2018626333064, 125.119380283111, 223.930694580078, 2009603, 6, 96
2019.43106629, 53.2017543692233, 125.119362638372, 223.944061279297, 2009603, 6, 96
2019.43106629, 53.2016524956051, 125.119346034661, 223.913452148438, 2009603, 6, 95
2019.43106629, 53.2015442810184, 125.119328381919, 223.914672851562, 2009603, 6, 95
2019.43106629, 53.2014361040206, 125.119310732568, 223.912826538086, 2009603, 6, 95
2019.43106629, 53.2013279642224, 125.119293079548, 223.897552490234, 2009603, 6, 95
2019.43106629, 53.2012262268033, 125.11927648221, 223.915176391602, 2009603, 6, 96
2019.43106629, 53.201124527555, 125.119259891379, 223.916961669922, 2009603, 6, 96
2019.43106629, 53.2010165082969, 125.119242264906, 223.93489074707, 2009603, 6, 95
2019.43106629, 53.2008959365182, 125.119222542318, 223.938278198242, 2009603, 6, 92
2019.43106629, 53.2007754126242, 125.119202854011, 223.934997558594, 2009603, 6, 92
2019.43106802, 49.7255268534541, 124.582508830133, 278.652221679688, 2009589, 6, 78
2019.43106802, 49.7217700847553, 124.581953465255, 278.467041015625, 2009589, 6, 67
2019.43106802, 49.721357496215, 124.58189177153, 278.374786376953, 2009589, 6, 79
2019.43106802, 49.7211039454887, 124.581853989188, 278.305511474609, 2009589, 6, 74
2019.43106984, 46.0636271074534, 124.061444882814, 131.324523925781, 170087, 6, 51
2019.43106984, 46.0626780569509, 124.061314348146, 131.174438476562, 170087, 6, 56
2019.43106985, 46.0615309005165, 124.061159092066, 131.166412353516, 170087, 6, 58
2019.43106985, 46.0578129863481, 124.060648575889, 131.150390625, 170087, 6, 52
2019.43106985, 46.0556204162533, 124.060347789365, 131.274780273438, 170087, 6, 51
2019.43106991, 45.9309461293856, 124.043290865241, 130.840133666992, 1356558, 6, 63
2019.43106992, 45.910893362041, 124.040548315014, 130.137725830078, 170271, 6, 77
2019.43106992, 45.9102753088219, 124.040463067531, 131.258926391602, 170271, 6, 86
2019.43106992, 45.9026261288934, 124.039422945466, 130.076202392578, 170271, 6, 62
2019.43106992, 45.90243547115, 124.0393974939, 130.05436706543, 170271, 6, 77
2019.43106992, 45.9022058318733, 124.039366566838, 130.083648681641, 170271, 6, 79
2019.43106992, 45.901848076328, 124.039317960722, 130.086471557617, 170271, 6, 77
2019.43106992, 45.9015668166806, 124.03927939311, 130.070693969727, 170271, 6, 81
2019.43106993, 45.9013112387575, 124.039244123083, 130.083969116211, 170271, 6, 77
2019.43106993, 45.9010113877521, 124.039202525442, 130.077896118164, 170271, 6, 76
2019.43106993, 45.9007121447413, 124.039160930173, 130.099838256836, 170271, 6, 71
2019.43107, 45.7455666161466, 124.017997787393, 127.807197570801, 2009593, 6, 78
2019.43107, 45.744426856954, 124.017841238796, 127.808868408203, 2009593, 6, 72
2019.43107001, 45.7300007401691, 124.015878646134, 130.267150878906, 14177, 6, 84
2019.43107001, 45.7285816817523, 124.015683224975, 130.263778686523, 14177, 6, 97
2019.43107001, 45.7265749945482, 124.015412291453, 130.238403320312, 14177, 6, 97
2019.43107001, 45.7246802147786, 124.015150932247, 130.229049682617, 14177, 6, 97
2019.43107001, 45.7227417286115, 124.014891820304, 130.265518188477, 14177, 6, 98
2019.43107002, 45.720674286014, 124.014606341528, 130.240753173828, 14177, 6, 98
2019.43107002, 45.7191829226101, 124.014403435368, 130.277359008789, 14177, 6, 98
2019.43107002, 45.7174335728795, 124.014166455786, 130.249252319336, 14177, 6, 98
2019.43107002, 45.7157747856706, 124.013939533692, 130.228454589844, 14177, 6, 97
2019.43107002, 45.713996865074, 124.01369898838, 130.264877319336, 14177, 6, 98
2019.43107002, 45.7122889132535, 124.013464668093, 130.255065917969, 14177, 6, 98
2019.43107002, 45.7102162626096, 124.013180850302, 130.367172241211, 14177, 6, 93
