2019.33527006, 52.7299883432808, 137.859648610623, 33.745418548584, 2007706, 1, 79
2019.33527006, 52.729962672792, 137.859644402637, 33.7382316589355, 2007706, 1, 79
2019.33527006, 52.7299370051892, 137.859640193307, 33.7302627563477, 2007706, 1, 79
2019.33527006, 52.7299113353096, 137.859636000144, 33.7415008544922, 2007706, 1, 79
2019.33527006, 52.7298792757979, 137.859630712586, 33.7525062561035, 2007706, 1, 79
2019.33527006, 52.7298536226701, 137.859626502623, 33.7337760925293, 2007706, 1, 79
2019.33527006, 52.729827966814, 137.859622311918, 33.7435531616211, 2007706, 1, 79
2019.33527006, 52.7298023251277, 137.859618101315, 33.7394561767578, 2007706, 1, 79
2019.33527006, 52.7297766890424, 137.859613888964, 33.735767364502, 2007706, 1, 79
2019.33527006, 52.7297446597442, 137.859608610497, 33.7603607177734, 2007706, 1, 95
2019.33527006, 52.7297190269073, 137.859604425908, 33.7470855712891, 2007706, 1, 95
2019.33527006, 52.7296934117375, 137.859600218234, 33.7527732849121, 2007706, 1, 95
2019.33527006, 52.7296614078403, 137.859594952654, 33.7468338012695, 2007706, 1, 95
2019.33527006, 52.7296357957705, 137.859590775274, 33.7553253173828, 2007706, 1, 95
2019.33527006, 52.7296038166621, 137.859585500964, 33.7725067138672, 2007706, 1, 95
2019.33527006, 52.729578221572, 137.859581327864, 33.7306671142578, 2007706, 1, 95
2019.33527006, 52.7295526447367, 137.859577135404, 33.7589111328125, 2007706, 1, 95
2019.33527006, 52.7295206836611, 137.859571901064, 33.7546691894531, 2007706, 1, 95
2019.33527006, 52.7294887437616, 137.859566650542, 33.750431060791, 2007706, 1, 96
2019.33527006, 52.7294631880656, 137.859562489657, 33.7596549987793, 2007706, 1, 96
2019.33527006, 52.7294312752994, 137.859557239658, 33.7739601135254, 2007706, 1, 96
2019.33527006, 52.7294057444242, 137.859553068545, 33.7674865722656, 2007706, 1, 96
2019.33527006, 52.729380214542, 137.85954891871, 33.7718200683594, 2007706, 1, 96
2019.33527006, 52.7293483309442, 137.859543696183, 33.7614135742188, 2007706, 1, 96
2019.33527006, 52.7293228215215, 137.859539553364, 33.7735252380371, 2007706, 1, 96
2019.33527006, 52.7292973307606, 137.859535390852, 33.7849884033203, 2007706, 1, 96
2019.33527006, 52.7292652450301, 137.859530078664, 33.7869262695312, 2007706, 1, 96
2019.33527006, 52.7292398583634, 137.859525967543, 33.7944679260254, 2007706, 1, 95
2019.33527006, 52.7292144764948, 137.859521864909, 33.7860336303711, 2007706, 1, 95
2019.33527006, 52.7291891011583, 137.859517768224, 33.7928810119629, 2007706, 1, 95
2019.33527006, 52.7291637335936, 137.859513678549, 33.7962188720703, 2007706, 1, 95
2019.33527006, 52.7291320466942, 137.859508543622, 33.7941818237305, 2007706, 1, 95
2019.33527006, 52.7291066899845, 137.859504476875, 33.7713928222656, 2007706, 1, 95
2019.33527006, 52.7290750281186, 137.859499341445, 33.7866249084473, 2007706, 1, 96
2019.33527006, 52.729049687044, 137.859495282412, 33.7833633422852, 2007706, 1, 96
2019.33527006, 52.7290243621771, 137.859491208718, 33.7872276306152, 2007706, 1, 96
2019.33527006, 52.728992718502, 137.859486103559, 33.7656898498535, 2007706, 1, 95
2019.33527006, 52.7289610835499, 137.859481006745, 33.7769088745117, 2007706, 1, 95
2019.33527006, 52.7289357706095, 137.859476955636, 33.7885131835938, 2007706, 1, 95
2019.33527006, 52.7289041559141, 137.859471850124, 33.7622604370117, 2007706, 1, 95
2019.33527006, 52.7288725376378, 137.859466773586, 33.7715682983398, 2007706, 1, 95
2019.33527006, 52.7288472331422, 137.859462747257, 33.7762870788574, 2007706, 1, 95
2019.33527006, 52.7288156274947, 137.859457677201, 33.7763023376465, 2007706, 1, 95
2019.33527006, 52.7287840326728, 137.859452591952, 33.7821960449219, 2007706, 1, 95
2019.33527006, 52.7287587436528, 137.85944856219, 33.767406463623, 2007706, 1, 95
2019.33527006, 52.7287271574053, 137.859443478193, 33.7682495117188, 2007706, 1, 94
2019.33527007, 52.7286955652943, 137.859438415312, 33.7775688171387, 2007706, 1, 94
2019.33527007, 52.7286639728643, 137.859433361522, 33.7799797058105, 2007706, 1, 94
2019.33527007, 52.7286386977661, 137.859429322821, 33.7950172424316, 2007706, 1, 94
2019.33527007, 52.7286134188101, 137.859425297609, 33.8060493469238, 2007706, 1, 94
2019.33527007, 52.7285818412397, 137.859420223521, 33.7910423278809, 2007706, 1, 94
2019.33527007, 52.7285565579575, 137.859416208719, 33.808536529541, 2007706, 1, 94
2019.33527007, 52.7285249748322, 137.8594111416, 33.7862243652344, 2007706, 1, 94
2019.33527007, 52.7284996962552, 137.859407113935, 33.7958335876465, 2007706, 1, 96
2019.33527007, 52.728468107675, 137.859402051493, 33.8235549926758, 2007706, 1, 96
2019.33527007, 52.7284428223841, 137.859398031466, 33.8142623901367, 2007706, 1, 96
2019.33527007, 52.7284175430722, 137.859393990427, 33.8255653381348, 2007706, 1, 96
2019.33527007, 52.7283859392373, 137.859388944318, 33.8110885620117, 2007706, 1, 96
2019.33527007, 52.7283543435276, 137.859383874432, 33.8263206481934, 2007706, 1, 96
2019.33527007, 52.7283290392092, 137.859379867104, 33.8044281005859, 2007706, 1, 96
2019.33527007, 52.7282911180859, 137.859373762293, 33.8289642333984, 2007706, 1, 96
2019.33527007, 52.7282594926619, 137.859368711554, 33.8156509399414, 2007706, 1, 96
2019.33527007, 52.7282278534753, 137.859363678133, 33.8510894775391, 2007706, 1, 96
2019.33527007, 52.7281898968909, 137.859357589796, 33.8486175537109, 2007706, 1, 96
2019.33527007, 52.7281519230861, 137.859351517376, 33.8222389221191, 2007706, 1, 96
2019.33527007, 52.7281139382858, 137.859345434359, 33.8264083862305, 2007706, 1, 96
2019.33527007, 52.7280759409278, 137.859339349214, 33.8498878479004, 2007706, 1, 96
2019.33527007, 52.7280379125878, 137.859333300286, 33.870044708252, 2007706, 1, 96
2019.33527007, 52.7279937450138, 137.859326185942, 33.844165802002, 2007706, 1, 96
2019.33527007, 52.7279555876114, 137.859320101075, 33.8354911804199, 2007706, 1, 96
2019.33527007, 52.727917427388, 137.859313991236, 33.8589935302734, 2007706, 1, 96
2019.33527007, 52.727872908932, 137.85930680867, 33.8209495544434, 2007706, 1, 96
2019.33527007, 52.7278283440463, 137.859299685216, 33.8653984069824, 2007706, 1, 96
2019.33527007, 52.7277837852121, 137.859292502625, 33.8683547973633, 2007706, 1, 96
2019.33527007, 52.7277392198621, 137.859285299028, 33.8387451171875, 2007706, 1, 95
2019.33527007, 52.7277009970767, 137.859279140709, 33.8409004211426, 2007706, 1, 95
2019.33527007, 52.7276627577519, 137.859272992723, 33.8550300598145, 2007706, 1, 95
2019.33527007, 52.7276245182961, 137.859266816194, 33.8436050415039, 2007706, 1, 95
2019.33527007, 52.7275862630719, 137.859260651274, 33.8300170898438, 2007706, 1, 95
2019.33527007, 52.7275543938837, 137.85925547067, 33.8180770874023, 2007706, 1, 95
2019.33527007, 52.7275225086746, 137.859250312048, 33.8232765197754, 2007706, 1, 95
2019.33527007, 52.7274842627761, 137.859244069741, 33.8459854125977, 2007706, 1, 95
2019.33527007, 52.7274523701553, 137.859238894795, 33.8566970825195, 2007706, 1, 95
2019.33527007, 52.7274204617659, 137.859233742135, 33.8839836120605, 2007706, 1, 95
2019.33527007, 52.7273821960354, 137.859227490842, 33.8414421081543, 2007706, 1, 95
2019.33527007, 52.7273502940102, 137.859222298373, 33.8197288513184, 2007706, 1, 95
2019.33527007, 52.7273183920801, 137.859217099379, 33.8191528320312, 2007706, 1, 95
2019.33527007, 52.7272928632788, 137.859212954494, 33.8289413452148, 2007706, 1, 95
2019.33527007, 52.7272609657213, 137.859207726616, 33.8432312011719, 2007706, 1, 95
2019.33527007, 52.7272354355767, 137.859203569337, 33.841552734375, 2007706, 1, 96
2019.33527007, 52.7272035409596, 137.859198325331, 33.8660888671875, 2007706, 1, 96
2019.33527007, 52.7271780157789, 137.859194147257, 33.8595390319824, 2007706, 1, 96
2019.33527007, 52.7271524819643, 137.859189987431, 33.8367385864258, 2007706, 1, 96
2019.33527007, 52.7271269578455, 137.859185800621, 33.8500900268555, 2007706, 1, 96
2019.33527007, 52.727095064119, 137.859180541974, 33.8684501647949, 2007706, 1, 96
2019.33527007, 52.7270695372771, 137.859176363928, 33.8456115722656, 2007706, 1, 96
2019.33527007, 52.7270376448826, 137.859171097353, 33.8598480224609, 2007706, 1, 96
2019.33527007, 52.7270121259542, 137.859166896644, 33.8454551696777, 2007706, 1, 96
2019.33527007, 52.7269865999331, 137.859162711454, 33.8544387817383, 2007706, 1, 95
2019.33527007, 52.7269547139349, 137.859157432756, 33.8412895202637, 2007706, 1, 95
2019.33527007, 52.7269291866673, 137.859153253918, 33.8441390991211, 2007706, 1, 95
2019.33527007, 52.7268973137921, 137.859147948302, 33.8515548706055, 2007706, 1, 95
2019.33527007, 52.7268717983753, 137.859143745823, 33.8459396362305, 2007706, 1, 95
2019.33527007, 52.7268462898071, 137.859139536185, 33.8655662536621, 2007706, 1, 95
2019.33527007, 52.726814419807, 137.859134235099, 33.8530654907227, 2007706, 1, 95
2019.33527007, 52.7267889089396, 137.859130033689, 33.8525772094727, 2007706, 1, 95
2019.33527007, 52.7267570491849, 137.859124719728, 33.8329658508301, 2007706, 1, 95
2019.33527007, 52.7267313924295, 137.859120535229, 33.8387756347656, 2007706, 1, 95
2019.33527007, 52.7267059516655, 137.859116292338, 33.8460083007812, 2007706, 1, 95
2019.33527007, 52.726680512208, 137.85911204889, 33.8485679626465, 2007706, 1, 95
2019.33527007, 52.7266487277215, 137.8591067244, 33.8520774841309, 2007706, 1, 95
2019.33527007, 52.7266232851997, 137.85910250096, 33.8490447998047, 2007706, 1, 95
2019.33527007, 52.7265915086228, 137.859097165481, 33.8538513183594, 2007706, 1, 95
2019.33527007, 52.7265660750664, 137.859092931521, 33.850212097168, 2007706, 1, 95
2019.33527007, 52.7265343043982, 137.859087595051, 33.8504676818848, 2007706, 1, 95
2019.33527007, 52.7265088732479, 137.859083365586, 33.8635902404785, 2007706, 1, 95
2019.33527007, 52.7264771147529, 137.859078013127, 33.8464736938477, 2007706, 1, 93
2019.33527007, 52.7264516846834, 137.859073789382, 33.8609809875488, 2007706, 1, 93
2019.33527007, 52.7264199297231, 137.85906844718, 33.859935760498, 2007706, 1, 93
2019.33527007, 52.7263945095349, 137.859064208326, 33.8531455993652, 2007706, 1, 93
2019.33527007, 52.7263627505378, 137.859058880046, 33.8575210571289, 2007706, 1, 93
2019.33527007, 52.7263310077774, 137.859053518941, 33.85595703125, 2007706, 1, 93
2019.33527007, 52.7263055820187, 137.859049307719, 33.8532180786133, 2007706, 1, 93
2019.33527007, 52.7262738433245, 137.859043947789, 33.8742637634277, 2007706, 1, 93
2019.33527007, 52.7262484341302, 137.859039704403, 33.8659286499023, 2007706, 1, 94
2019.33527007, 52.7262166953303, 137.859034357891, 33.8730773925781, 2007706, 1, 94
2019.33527007, 52.7261912866142, 137.859030120853, 33.869213104248, 2007706, 1, 94
2019.33527007, 52.7261595492733, 137.859024772742, 33.8878059387207, 2007706, 1, 94
2019.33527007, 52.7261341376757, 137.859020547056, 33.8648147583008, 2007706, 1, 94
2019.33527007, 52.7261023932551, 137.85901522195, 33.8734703063965, 2007706, 1, 94
2019.33527007, 52.7260706606788, 137.859009874069, 33.8569984436035, 2007706, 1, 94
2019.33527007, 52.7260389202431, 137.859004546176, 33.8724670410156, 2007706, 1, 94
2019.33527007, 52.7260135104142, 137.859000329476, 33.8886451721191, 2007706, 1, 94
2019.33527007, 52.7259817844345, 137.858994978956, 33.870849609375, 2007706, 1, 93
2019.33527007, 52.7259500379432, 137.858989672136, 33.8808670043945, 2007706, 1, 93
2019.33527007, 52.7259246318159, 137.858985449911, 33.9294700622559, 2007706, 1, 93
2019.33527007, 52.7258928983968, 137.858980116502, 33.9064445495605, 2007706, 1, 93
2019.33527007, 52.725861151507, 137.858974816893, 33.9099502563477, 2007706, 1, 93
2019.33527007, 52.7258357450897, 137.858970596451, 33.9153518676758, 2007706, 1, 93
2019.33527007, 52.7258040110257, 137.858965269631, 33.9454917907715, 2007706, 1, 93
2019.33527007, 52.7257532175443, 137.85895679754, 34.0199394226074, 2007706, 1, 93
2019.33527104, 50.7797335683174, 137.552306892925, 13.3289470672607, 2007686, 1, 69
2019.33527104, 50.7797080825881, 137.5523031043, 13.3500595092773, 2007686, 1, 69
2019.33527104, 50.7796762505742, 137.552298329786, 13.3335762023926, 2007686, 1, 69
2019.33527104, 50.7796444122068, 137.552293586722, 13.3428888320923, 2007686, 1, 69
2019.33527104, 50.7796125813163, 137.552288851101, 13.3712434768677, 2007686, 1, 69
2019.33527104, 50.7795743586771, 137.552283241935, 13.3655967712402, 2007686, 1, 69
2019.33527104, 50.7795361602083, 137.552277605969, 13.3368883132935, 2007686, 1, 69
2019.33527104, 50.7794979704082, 137.552271974906, 13.353385925293, 2007686, 1, 89
2019.33527104, 50.7794407055065, 137.552263531082, 13.3785839080811, 2007686, 1, 89
2019.33527104, 50.7793707123636, 137.552253293465, 13.3713750839233, 2007686, 1, 89
2019.33527104, 50.7793007326873, 137.552243089507, 13.3686466217041, 2007686, 1, 89
2019.33527104, 50.7792498475867, 137.552235692853, 13.3488874435425, 2007686, 1, 90
2019.33527104, 50.7792053332421, 137.552229224035, 13.3292436599731, 2007686, 1, 90
2019.33527104, 50.7791735324103, 137.552224632775, 13.3176717758179, 2007686, 1, 90
2019.33527104, 50.7791417422921, 137.552220022174, 13.3156776428223, 2007686, 1, 90
2019.33527104, 50.7791099644606, 137.552215397854, 13.3327074050903, 2007686, 1, 90
2019.33527104, 50.7790781887923, 137.552210776906, 13.3234968185425, 2007686, 1, 90
2019.33527104, 50.7790464084304, 137.552206173644, 13.3357057571411, 2007686, 1, 90
2019.33527104, 50.7790209772208, 137.552202510711, 13.3071594238281, 2007686, 1, 90
2019.33527104, 50.7789892035142, 137.552197906806, 13.3154268264771, 2007686, 1, 90
2019.33527104, 50.7789574487688, 137.552193271759, 13.3078489303589, 2007686, 1, 90
2019.33527104, 50.7789320215647, 137.552189615797, 13.3096361160278, 2007686, 1, 90
2019.33527104, 50.7789002613487, 137.55218499594, 13.3431816101074, 2007686, 1, 90
2019.33527104, 50.778868495355, 137.552180392387, 13.3029165267944, 2007686, 1, 90
2019.33527104, 50.778836750059, 137.552175746755, 13.3273420333862, 2007686, 1, 90
2019.33527104, 50.7788113348633, 137.552172073706, 13.3122358322144, 2007686, 1, 90
2019.33527104, 50.7787795727576, 137.55216746661, 13.3320503234863, 2007686, 1, 90
2019.33527104, 50.7787351454913, 137.552160934497, 13.3743476867676, 2007686, 1, 92
2019.33527104, 50.7786970344378, 137.552155396186, 13.3484621047974, 2007686, 1, 92
2019.33527104, 50.7786525995128, 137.552148870553, 13.3196077346802, 2007686, 1, 92
2019.33527104, 50.7786145043656, 137.552143287351, 13.3273487091064, 2007686, 1, 92
2019.33527104, 50.7785763977399, 137.552137722336, 13.3589811325073, 2007686, 1, 92
2019.33527104, 50.778531801692, 137.552131229141, 13.3542251586914, 2007686, 1, 92
2019.33527104, 50.7784811007074, 137.552123706516, 13.3683958053589, 2007686, 1, 92
2019.33527104, 50.7784304174467, 137.552116121764, 13.3584146499634, 2007686, 1, 92
2019.33527104, 50.7783860592067, 137.552109483572, 13.3476076126099, 2007686, 1, 92
2019.33527104, 50.7783417079847, 137.552102801797, 13.3221836090088, 2007686, 1, 92
2019.33527104, 50.7782973397489, 137.552096133353, 13.324933052063, 2007686, 1, 92
2019.33527104, 50.7782593079701, 137.552090388903, 13.331579208374, 2007686, 1, 92
2019.33527104, 50.7782212751875, 137.552084620409, 13.3051300048828, 2007686, 1, 90
2019.33527104, 50.7781832161432, 137.552078879297, 13.3472194671631, 2007686, 1, 90
2019.33527104, 50.7781324982181, 137.552071115786, 13.3342990875244, 2007686, 1, 90
2019.33527104, 50.7780880824418, 137.552064360821, 13.3426961898804, 2007686, 1, 90
2019.33527104, 50.7780373384773, 137.55205653853, 13.355354309082, 2007686, 1, 90
2019.33527104, 50.7779865566049, 137.552048731331, 13.3488054275513, 2007686, 1, 91
2019.33527104, 50.777923059606, 137.55203891691, 13.3725824356079, 2007686, 1, 91
2019.33527104, 50.7778341106654, 137.552025103759, 13.3538599014282, 2007686, 1, 91
2019.33527104, 50.7777005593405, 137.552004209887, 13.3359928131104, 2007686, 1, 86
2019.33527104, 50.7709229683869, 137.550956988126, 13.0096750259399, 2007686, 1, 72
2019.33527104, 50.7708783930046, 137.550949939544, 13.0069551467896, 2007686, 1, 72
2019.33527104, 50.7708404215745, 137.550943977327, 13.0043544769287, 2007686, 1, 72
2019.33527104, 50.7708087689825, 137.550939046925, 13.0744018554688, 2007686, 1, 72
2019.33527104, 50.7707644850736, 137.550932098743, 13.0384750366211, 2007686, 1, 72
2019.33527104, 50.7707139115631, 137.550924111492, 13.0650453567505, 2007686, 1, 72
2019.33527104, 50.7706317169664, 137.550911200736, 13.0673608779907, 2007686, 1, 72
2019.33527104, 50.7705116123947, 137.550892360423, 13.0634050369263, 2007686, 1, 72
2019.33527104, 50.7704268884044, 137.550879067667, 13.0119123458862, 2007686, 1, 88
2019.33527105, 50.7570961987691, 137.548827449667, 13.094464302063, 2007686, 1, 83
2019.33527105, 50.756771669741, 137.548777608257, 13.1099796295166, 2007686, 1, 89
2019.33527105, 50.7565499820745, 137.548744611303, 13.1067600250244, 2007686, 1, 89
2019.33527105, 50.755961279147, 137.548657524984, 13.1077632904053, 2007686, 1, 78
2019.33527105, 50.7558408379802, 137.548639589542, 13.1135931015015, 2007686, 1, 78
2019.33527105, 50.7557647361883, 137.548628160284, 13.1105556488037, 2007686, 1, 78
2019.33527108, 50.6945696110347, 137.539247760083, 11.6927289962769, 2009603, 1, 94
2019.33527108, 50.6931586920379, 137.539029429138, 11.675030708313, 2009603, 1, 95
2019.33527108, 50.688528819474, 137.538320346428, 11.699854850769, 2009603, 1, 96
2019.33527108, 50.6878060259505, 137.538207052387, 11.7100849151611, 2009603, 1, 96
2019.33527108, 50.6872667941888, 137.538122474507, 11.689905166626, 2009603, 1, 96
2019.33527108, 50.6868284695545, 137.538054116775, 11.7139644622803, 2009603, 1, 96
2019.33527108, 50.6865103429599, 137.538004887121, 11.6841716766357, 2009603, 1, 95
2019.33527109, 50.6788097529703, 137.536821167659, 13.0228967666626, 2009603, 1, 92
2019.33527109, 50.6786697649865, 137.536798868645, 13.0235414505005, 2009603, 1, 94
2019.33527109, 50.6784914407936, 137.536770690257, 13.0297975540161, 2009603, 1, 93
2019.33527109, 50.6783703521077, 137.53675172705, 12.9914445877075, 2009603, 1, 93
2019.33527109, 50.678268353139, 137.536735849624, 13.0087823867798, 2009603, 1, 93
2019.33527109, 50.6782045862184, 137.53672598213, 12.9668426513672, 2009603, 1, 94
2019.33527109, 50.6781535459871, 137.536718161999, 13.0045757293701, 2009603, 1, 94
2019.33527109, 50.6780003872079, 137.536694669261, 13.1088132858276, 2009603, 1, 94
2019.33527109, 50.6774519335893, 137.536614076944, 13.3511028289795, 2009603, 1, 92
2019.33527109, 50.6767751383639, 137.536515034094, 13.3989496231079, 2009603, 1, 90
2019.33527109, 50.6758612781624, 137.536374049033, 12.8379364013672, 2009603, 1, 93
2019.33527109, 50.6750504396106, 137.536245621814, 12.50563621521, 2009603, 1, 97
2019.33527109, 50.6742027819848, 137.53611396276, 12.1049089431763, 2009603, 1, 95
2019.33527109, 50.6728404028114, 137.535909710923, 11.7022905349731, 2009603, 1, 98
2019.33527109, 50.6716795691865, 137.535729866627, 11.7396612167358, 2009603, 1, 95
2019.33527109, 50.6712869724287, 137.535668922597, 11.7434282302856, 2009603, 1, 95
2019.33527109, 50.6708048358362, 137.53559494124, 11.725884437561, 2009603, 1, 95
2019.33527109, 50.6704741636164, 137.53554476682, 11.7396059036255, 2009603, 1, 97
2019.33527109, 50.6700852033333, 137.535486520346, 11.7357549667358, 2009603, 1, 66
2019.33527109, 50.6663264956866, 137.53491114963, 12.0083885192871, 2009603, 1, 86
2019.33527109, 50.6638993921361, 137.534548060797, 11.8253269195557, 2009603, 1, 80
2019.33527109, 50.6634882569799, 137.534481422875, 11.8202705383301, 2009603, 1, 88
2019.3352711, 50.6630029865487, 137.534402672349, 11.8031206130981, 2009603, 1, 93
2019.3352711, 50.6629210602208, 137.534389604759, 11.8076906204224, 2009603, 1, 96
2019.3352711, 50.6628012822771, 137.534370632431, 11.7863025665283, 2009603, 1, 96
2019.3352711, 50.6625422406668, 137.534331072754, 11.7753772735596, 2009603, 1, 96
2019.3352711, 50.6624219422593, 137.534313198136, 11.8657255172729, 2009603, 1, 92
2019.3352711, 50.6622063624426, 137.534281362415, 12.1263399124146, 2009603, 1, 91
2019.3352711, 50.661990285442, 137.534249731309, 11.9743852615356, 2009603, 1, 92
2019.3352711, 50.6619139464049, 137.534238489965, 11.9651546478271, 2009603, 1, 92
2019.3352711, 50.6618248053508, 137.534225379748, 11.9650707244873, 2009603, 1, 92
2019.3352711, 50.6616909967943, 137.534205583893, 11.8633508682251, 2009603, 1, 91
2019.3352711, 50.6616272251442, 137.534196127514, 11.8331661224365, 2009603, 1, 91
2019.3352711, 50.6615570745246, 137.534185628448, 11.8329267501831, 2009603, 1, 91
2019.3352711, 50.6614869853744, 137.534175313278, 11.8060636520386, 2009603, 1, 90
2019.3352711, 50.6613655315613, 137.534156617054, 11.8319282531738, 2009603, 1, 90
2019.3352711, 50.6612248467383, 137.534134828329, 11.7975044250488, 2009603, 1, 92
2019.3352711, 50.6611545190005, 137.534123848438, 11.8281297683716, 2009603, 1, 92
2019.3352711, 50.660956372633, 137.534092754171, 11.8201818466187, 2009603, 1, 93
2019.3352711, 50.6607711604924, 137.534063560719, 11.7974824905396, 2009603, 1, 93
2019.3352711, 50.6605288430923, 137.534025244919, 11.8058948516846, 2009603, 1, 95
2019.3352711, 50.6602615767363, 137.53398309606, 11.7997026443481, 2009603, 1, 95
2019.3352711, 50.6600206532346, 137.533945575578, 11.7880277633667, 2009603, 1, 96
2019.3352711, 50.6597297125739, 137.533900807833, 11.8087434768677, 2009603, 1, 96
2019.3352711, 50.6593875427165, 137.533848823586, 11.8125295639038, 2009603, 1, 95
2019.3352711, 50.6588457961179, 137.533767539107, 11.8211584091187, 2009603, 1, 95
2019.3352711, 50.6585369688071, 137.533721543156, 11.8214473724365, 2009603, 1, 95
2019.3352711, 50.6582731051557, 137.533681930019, 11.8274745941162, 2009603, 1, 96
2019.3352711, 50.6579969662945, 137.533640021232, 11.8194608688354, 2009603, 1, 96
2019.3352711, 50.6576833749891, 137.533591888632, 11.8054714202881, 2009603, 1, 97
2019.3352711, 50.6572598217737, 137.533524566078, 11.8257389068604, 2009603, 1, 96
2019.3352711, 50.6569892094455, 137.53348146973, 11.8280448913574, 2009603, 1, 95
2019.3352711, 50.6567377528512, 137.533441755501, 11.7786588668823, 2009603, 1, 95
2019.3352711, 50.6564987114984, 137.533404479756, 11.7822351455688, 2009603, 1, 95
2019.3352711, 50.6562969899489, 137.533373537585, 11.7724189758301, 2009603, 1, 95
2019.3352711, 50.6561578208984, 137.533352698374, 11.8273057937622, 2009603, 1, 71
2019.33527178, 49.2857170681863, 137.326955673097, 129.158340454102, 2006423, 1, 87
2019.33527178, 49.2856470545216, 137.326944910868, 129.126449584961, 2006423, 1, 87
2019.33527178, 49.2856025153294, 137.326938015357, 129.093658447266, 2006423, 1, 87
2019.33527178, 49.285564309028, 137.326932151868, 129.120727539062, 2006423, 1, 87
2019.33527178, 49.2855261151561, 137.326926252586, 129.11067199707, 2006423, 1, 87
2019.33527315, 46.531481504148, 136.930208478378, 346.259063720703, 2009603, 1, 78
2019.33527315, 46.5314370509831, 136.930202497951, 346.204498291016, 2009603, 1, 78
2019.33527315, 46.5314052831641, 136.930198264522, 346.210784912109, 2009603, 1, 78
2019.33527315, 46.531367193846, 136.930193123671, 346.220581054688, 2009603, 1, 78
2019.33527315, 46.5313227440653, 136.930187156416, 346.230163574219, 2009603, 1, 78
2019.33527315, 46.5312846426289, 136.930182050189, 346.232391357422, 2009603, 1, 78
2019.33527008, 52.7294386040658, 137.858271049197, 33.8372192382812, 2007706, 2, 87
2019.33527008, 52.7293309922982, 137.858253074609, 33.8478660583496, 2007706, 2, 87
2019.33527008, 52.7292234386263, 137.858234981843, 33.8600311279297, 2007706, 2, 96
2019.33527008, 52.7291159245732, 137.858216804212, 33.8589515686035, 2007706, 2, 96
2019.33527008, 52.7290084397799, 137.858198559591, 33.865421295166, 2007706, 2, 96
2019.33527008, 52.7289009655386, 137.858180263889, 33.8690376281738, 2007706, 2, 96
2019.33527008, 52.7287934935047, 137.858161941984, 33.8694038391113, 2007706, 2, 96
2019.33527008, 52.728686002983, 137.858143627007, 33.8669395446777, 2007706, 2, 96
2019.33527008, 52.7285721640442, 137.858124235105, 33.860725402832, 2007706, 2, 96
2019.33527008, 52.7284582787018, 137.858104885024, 33.8638458251953, 2007706, 2, 96
2019.33527008, 52.7283443412569, 137.858085612309, 33.8735160827637, 2007706, 2, 96
2019.33527008, 52.7282304332622, 137.858066305803, 33.8746528625488, 2007706, 2, 95
2019.33527008, 52.7281161876113, 137.858047366624, 33.8892707824707, 2007706, 2, 95
2019.33527008, 52.7279891760775, 137.85802643519, 33.9148025512695, 2007706, 2, 95
2019.33527008, 52.727862105805, 137.858005630015, 33.8940086364746, 2007706, 2, 95
2019.33527008, 52.7277476993793, 137.857987009407, 33.8979530334473, 2007706, 2, 95
2019.33527008, 52.7276396267563, 137.857969465103, 33.8981971740723, 2007706, 2, 95
2019.33527008, 52.7275251765752, 137.857950973323, 33.922191619873, 2007706, 2, 95
2019.33527008, 52.7274107212678, 137.857932520043, 33.9310722351074, 2007706, 2, 95
2019.33527008, 52.7272835497373, 137.85791210431, 33.90966796875, 2007706, 2, 95
2019.33527008, 52.72716910276, 137.857893745296, 33.9325904846191, 2007706, 2, 95
2019.33527008, 52.7270483163681, 137.857874409094, 33.9119415283203, 2007706, 2, 95
2019.33527008, 52.7269338501762, 137.857856154015, 33.9533538818359, 2007706, 2, 95
2019.33527008, 52.7268259853987, 137.857838787315, 33.9564208984375, 2007706, 2, 95
2019.33527008, 52.7267181248991, 137.85782144124, 33.9595184326172, 2007706, 2, 95
2019.33527008, 52.726610262161, 137.857804094367, 33.971996307373, 2007706, 2, 95
2019.33527008, 52.7264896897074, 137.857784717169, 33.9636001586914, 2007706, 2, 94
2019.33527008, 52.7263754373858, 137.857766365323, 33.9586944580078, 2007706, 2, 94
2019.33527008, 52.7262611436692, 137.857748021131, 33.9671363830566, 2007706, 2, 94
2019.33527008, 52.7261404514577, 137.857728658499, 33.9714164733887, 2007706, 2, 95
2019.33527008, 52.7260006243526, 137.857706257553, 33.9848251342773, 2007706, 2, 95
2019.33527008, 52.7258797892327, 137.857686883063, 33.9923782348633, 2007706, 2, 95
2019.33527008, 52.7257652513299, 137.857668526432, 34.0060119628906, 2007706, 2, 95
2019.33527008, 52.7256506833134, 137.857650132547, 34.0236740112305, 2007706, 2, 95
2019.33527008, 52.7255230750919, 137.857629857462, 34.014720916748, 2007706, 2, 95
2019.33527008, 52.7254081893077, 137.857611534194, 34.0300178527832, 2007706, 2, 94
2019.33527008, 52.7252996706787, 137.85759421195, 34.0608901977539, 2007706, 2, 94
2019.33527008, 52.7251975346986, 137.857577868288, 34.072998046875, 2007706, 2, 92
2019.33527008, 52.7250890307322, 137.857560456049, 34.0976181030273, 2007706, 2, 92
2019.33527105, 50.780155349674, 137.551147516429, 13.4513530731201, 2007686, 2, 86
2019.33527105, 50.7798627461598, 137.551104080452, 13.4398126602173, 2007686, 2, 91
2019.33527105, 50.7792094025999, 137.551008193388, 13.4540481567383, 2007686, 2, 91
2019.33527105, 50.7789306227698, 137.550966363981, 13.4187726974487, 2007686, 2, 91
2019.33527105, 50.7787025452595, 137.550931572782, 13.4155693054199, 2007686, 2, 89
2019.33527105, 50.7784299203221, 137.550888622058, 13.4142990112305, 2007686, 2, 59
2019.33527106, 50.7562606524965, 137.547476321907, 13.1609439849854, 2007686, 2, 73
2019.33527106, 50.7555078955764, 137.547358788353, 13.1487941741943, 2007686, 2, 91
2019.33527109, 50.6881593953999, 137.5370329668, 11.748574256897, 2009603, 2, 97
2019.3352711, 50.6802234192871, 137.53581727056, 12.9741744995117, 2009603, 2, 93
2019.3352711, 50.6798938849669, 137.535765315893, 12.9789333343506, 2009603, 2, 94
2019.3352711, 50.6793845146576, 137.53568586981, 12.9814567565918, 2009603, 2, 94
2019.3352711, 50.6787496802258, 137.535589628226, 13.0258188247681, 2009603, 2, 94
2019.3352711, 50.6785127794469, 137.535554497075, 12.9944477081299, 2009603, 2, 94
2019.3352711, 50.6782506802022, 137.535515804019, 13.0448036193848, 2009603, 2, 93
2019.3352711, 50.6768710429082, 137.535310045832, 13.321081161499, 2009603, 2, 91
2019.3352711, 50.6730302912219, 137.534713010533, 11.8143167495728, 2009603, 2, 97
2019.3352711, 50.6716339257781, 137.534499805768, 11.8215322494507, 2009603, 2, 97
2019.3352711, 50.6703657034167, 137.534303976468, 11.774730682373, 2009603, 2, 93
2019.3352711, 50.6665515044849, 137.53372562815, 12.0044631958008, 2009603, 2, 60
2019.33527111, 50.6625153084674, 137.533100619375, 11.8546190261841, 2009603, 2, 96
2019.33527111, 50.6613885246968, 137.532935958508, 11.8862218856812, 2009603, 2, 93
2019.33527111, 50.6605517188243, 137.532811778651, 11.8298616409302, 2009603, 2, 93
2019.33527111, 50.6594455431516, 137.532636861433, 11.8604679107666, 2009603, 2, 96
2019.33527111, 50.6585238399135, 137.532491345041, 11.8246517181396, 2009603, 2, 96
2019.33527111, 50.6573589256386, 137.532315759662, 11.8670806884766, 2009603, 2, 95
2019.33527142, 50.0393052732052, 137.438437135605, 57.4983329772949, 2009603, 2, 70
2019.33527142, 50.0391726415702, 137.438416721963, 57.5254974365234, 2009603, 2, 63
2019.33527142, 50.0390336570666, 137.438395314438, 57.5251502990723, 2009603, 2, 63
2019.33527179, 49.2855890457263, 137.325734268463, 129.084075927734, 2006423, 2, 85
2019.33527317, 46.5310651942608, 136.929019584251, 346.200042724609, 2009603, 2, 78
2019.33527317, 46.5309062021807, 136.928997491639, 346.153564453125, 2009603, 2, 71
2019.33527317, 46.5307916880352, 136.928981435729, 346.145721435547, 2009603, 2, 71
2019.33527009, 52.6882361207498, 137.805012229471, 36.6016235351562, 2007706, 3, 84
2019.33527009, 52.6882108527983, 137.805008056276, 36.6089401245117, 2007706, 3, 84
2019.33527009, 52.6881855814463, 137.805003890734, 36.6254463195801, 2007706, 3, 84
2019.33527009, 52.6881603015577, 137.804999732433, 36.5854606628418, 2007706, 3, 84
2019.33527009, 52.6881350210577, 137.80499558082, 36.6003761291504, 2007706, 3, 84
2019.33527009, 52.6881097366396, 137.804991436532, 36.5995254516602, 2007706, 3, 84
2019.33527009, 52.6880907616624, 137.804988334928, 36.5833549499512, 2007706, 3, 84
2019.33527009, 52.6880654738633, 137.80498420286, 36.6177558898926, 2007706, 3, 84
2019.33527009, 52.6880401755954, 137.804980079456, 36.6140289306641, 2007706, 3, 84
2019.33527009, 52.6880148780572, 137.804975962955, 36.6402587890625, 2007706, 3, 84
2019.33527009, 52.68798957787, 137.80497185379, 36.6378326416016, 2007706, 3, 96
2019.33527009, 52.6879642690744, 137.804967754155, 36.6289749145508, 2007706, 3, 96
2019.33527009, 52.6879452791764, 137.804964685121, 36.6381072998047, 2007706, 3, 96
2019.33527009, 52.6879199591873, 137.804960599111, 36.6446380615234, 2007706, 3, 96
2019.33527009, 52.6878946335112, 137.804956521286, 36.6329002380371, 2007706, 3, 96
2019.33527009, 52.6878695312515, 137.804952331357, 36.6551666259766, 2007706, 3, 96
2019.33527009, 52.6878504851907, 137.804949308887, 36.6684379577637, 2007706, 3, 96
2019.33527009, 52.6878314290292, 137.804946292424, 36.6558723449707, 2007706, 3, 96
2019.33527009, 52.6878123744829, 137.804943279415, 36.651782989502, 2007706, 3, 96
2019.33527009, 52.687786964445, 137.804939269136, 36.6532859802246, 2007706, 3, 96
2019.33527009, 52.6877615503844, 137.804935267031, 36.6551094055176, 2007706, 3, 96
2019.33527009, 52.6877361341556, 137.80493127131, 36.6566162109375, 2007706, 3, 96
2019.33527009, 52.6877170604394, 137.804928281624, 36.6539840698242, 2007706, 3, 96
2019.33527009, 52.687697989619, 137.804925294721, 36.6768264770508, 2007706, 3, 96
2019.33527009, 52.6876789207525, 137.804922311133, 36.6956596374512, 2007706, 3, 96
2019.33527009, 52.6876661945176, 137.804920326856, 36.6698722839355, 2007706, 3, 96
2019.33527009, 52.6876471168886, 137.8049173511, 36.685432434082, 2007706, 3, 96
2019.33527009, 52.687628034708, 137.804914379863, 36.6732482910156, 2007706, 3, 96
2019.33527009, 52.6876089494172, 137.804911412367, 36.6599159240723, 2007706, 3, 96
2019.33527009, 52.6875898623162, 137.804908448988, 36.6653289794922, 2007706, 3, 96
2019.33527009, 52.68757077204, 137.804905489437, 36.6696472167969, 2007706, 3, 96
2019.33527009, 52.687545321938, 137.804901548459, 36.6770782470703, 2007706, 3, 96
2019.33527009, 52.6875325878631, 137.804899581863, 36.6762161254883, 2007706, 3, 96
2019.33527009, 52.687513488473, 137.8048966337, 36.6526794433594, 2007706, 3, 96
2019.33527009, 52.6874880291853, 137.80489270645, 36.6525077819824, 2007706, 3, 95
2019.33527009, 52.6874689198083, 137.804889767882, 36.6581687927246, 2007706, 3, 95
2019.33527009, 52.6874434516442, 137.804885851361, 36.6643447875977, 2007706, 3, 95
2019.33527009, 52.6874243387782, 137.80488292023, 36.6371765136719, 2007706, 3, 95
2019.33527009, 52.6873988589976, 137.804879015278, 36.6220474243164, 2007706, 3, 95
2019.33527009, 52.6873733765632, 137.804875115218, 36.595157623291, 2007706, 3, 95
2019.33527009, 52.6873478894875, 137.804871221047, 36.6201591491699, 2007706, 3, 95
2019.33527009, 52.6873224019199, 137.804867331996, 36.6266670227051, 2007706, 3, 95
2019.33527009, 52.6872969107038, 137.804863446967, 36.6284141540527, 2007706, 3, 95
2019.33527009, 52.6872714190417, 137.80485956609, 36.6303634643555, 2007706, 3, 95
2019.33527009, 52.6872459217428, 137.804855690057, 36.622486114502, 2007706, 3, 96
2019.33527009, 52.6872204221902, 137.804851818043, 36.6148490905762, 2007706, 3, 96
2019.33527009, 52.6871949238762, 137.804847949226, 36.6168518066406, 2007706, 3, 96
2019.33527009, 52.687169414019, 137.80484408596, 36.6193084716797, 2007706, 3, 96
2019.33527009, 52.6871439098893, 137.804840224267, 36.6217041015625, 2007706, 3, 96
2019.33527009, 52.6871184065157, 137.804836365972, 36.6304473876953, 2007706, 3, 96
2019.33527009, 52.6870928991806, 137.804832510282, 36.6269035339355, 2007706, 3, 96
2019.33527009, 52.6870610168538, 137.804827693182, 36.6067886352539, 2007706, 3, 96
2019.33527009, 52.6870355083226, 137.804823842519, 36.6174240112305, 2007706, 3, 96
2019.33527009, 52.6870163682389, 137.804820957344, 36.6263847351074, 2007706, 3, 96
2019.33527009, 52.6869908567127, 137.804817110258, 36.6288909912109, 2007706, 3, 96
2019.33527009, 52.6869653541165, 137.804813262473, 36.6380424499512, 2007706, 3, 96
2019.33527009, 52.6869398381641, 137.804809418679, 36.6182670593262, 2007706, 3, 96
2019.33527009, 52.6869143268404, 137.80480557486, 36.6309700012207, 2007706, 3, 96
2019.33527009, 52.6868888149233, 137.804801732592, 36.6181907653809, 2007706, 3, 96
2019.33527009, 52.6868633027106, 137.804797889739, 36.6010971069336, 2007706, 3, 96
2019.33527009, 52.6868377900472, 137.80479404755, 36.5907936096191, 2007706, 3, 96
2019.33527009, 52.6868122817063, 137.804790204341, 36.5971870422363, 2007706, 3, 96
2019.33527009, 52.6867867589223, 137.804786363814, 36.5747108459473, 2007706, 3, 96
2019.33527009, 52.6867548816562, 137.804781557026, 36.5781898498535, 2007706, 3, 96
2019.33527009, 52.6867229947398, 137.804776750655, 36.5799942016602, 2007706, 3, 97
2019.33527009, 52.686697477544, 137.804772906485, 36.5918807983398, 2007706, 3, 97
2019.33527009, 52.6866719734147, 137.804769058753, 36.6016883850098, 2007706, 3, 97
2019.33527009, 52.6866464711385, 137.804765208175, 36.6164245605469, 2007706, 3, 97
2019.33527009, 52.6866209676568, 137.804761356307, 36.6230926513672, 2007706, 3, 97
2019.33527009, 52.6865953271989, 137.804757451843, 36.6140518188477, 2007706, 3, 97
2019.33527009, 52.6865762217198, 137.804754571991, 36.5887908935547, 2007706, 3, 97
2019.33527009, 52.6865507638167, 137.804750726325, 36.6056022644043, 2007706, 3, 97
2019.33527009, 52.6865253115015, 137.804746876752, 36.6362037658691, 2007706, 3, 97
2019.33527009, 52.6865062139254, 137.804743989245, 36.6545066833496, 2007706, 3, 97
2019.33527102, 50.8164754696933, 137.512071652454, 15.3806009292603, 2007686, 3, 89
2019.33527102, 50.8161818165345, 137.51202645741, 15.4011316299438, 2007686, 3, 89
2019.33527102, 50.8160922829204, 137.512012746862, 15.386833190918, 2007686, 3, 89
2019.33527102, 50.816034708066, 137.512003941486, 15.388258934021, 2007686, 3, 89
2019.33527102, 50.8159899020689, 137.51199710003, 15.4001026153564, 2007686, 3, 69
2019.33527102, 50.815957880421, 137.511992218666, 15.373987197876, 2007686, 3, 69
2019.33527102, 50.8159259701967, 137.51198740385, 15.3553276062012, 2007686, 3, 69
2019.33527102, 50.8159003144424, 137.511983484422, 15.3836393356323, 2007686, 3, 69
2019.33527102, 50.8158682428529, 137.511978586859, 15.3680505752563, 2007686, 3, 69
2019.33527102, 50.8158361749667, 137.511973690108, 15.3849191665649, 2007686, 3, 69
2019.33527102, 50.8158104976538, 137.511969780027, 15.3868494033813, 2007686, 3, 69
2019.33527102, 50.8157784068334, 137.511964892077, 15.3827590942383, 2007686, 3, 69
2019.33527102, 50.8152325041562, 137.511882440344, 15.3975105285645, 2007686, 3, 64
2019.33527102, 50.8152004003773, 137.511877632197, 15.3923950195312, 2007686, 3, 64
2019.33527102, 50.8151683085713, 137.511872827621, 15.3615350723267, 2007686, 3, 64
2019.33527102, 50.8151426264888, 137.511868990795, 15.3806867599487, 2007686, 3, 64
2019.33527102, 50.8151105514996, 137.511864193265, 15.3975467681885, 2007686, 3, 64
2019.33527102, 50.8150848725413, 137.511860363537, 15.3898181915283, 2007686, 3, 64
2019.33527102, 50.8150528032568, 137.511855575662, 15.420355796814, 2007686, 3, 64
2019.33527108, 50.6969931259556, 137.4938463965, 11.8877668380737, 2009603, 3, 96
2019.33527108, 50.696433926594, 137.493761636039, 11.878833770752, 2009603, 3, 96
2019.33527108, 50.6961113497877, 137.493711231811, 11.880539894104, 2009603, 3, 95
2019.33527108, 50.695884144627, 137.4936751533, 11.8528480529785, 2009603, 3, 95
2019.33527108, 50.6956947538132, 137.493645166974, 11.8495454788208, 2009603, 3, 95
2019.33527108, 50.6955241152463, 137.493618352888, 11.8576412200928, 2009603, 3, 95
2019.33527108, 50.6953468997404, 137.49359079491, 11.8586549758911, 2009603, 3, 94
2019.33527108, 50.6948893696365, 137.493521711108, 11.8533601760864, 2009603, 3, 92
2019.33527108, 50.6947552840937, 137.493502223684, 11.8857154846191, 2009603, 3, 92
2019.33527108, 50.6946210391382, 137.49348282776, 11.8623704910278, 2009603, 3, 85
2019.33527108, 50.6919150200269, 137.493070733582, 11.8803243637085, 2009603, 3, 80
2019.33527108, 50.6917951826954, 137.493052230621, 11.8754434585571, 2009603, 3, 80
2019.33527108, 50.6916119168433, 137.493023931326, 11.8836145401001, 2009603, 3, 95
2019.33527108, 50.6909879948049, 137.492927116256, 11.8942365646362, 2009603, 3, 95
2019.3352711, 50.6540825855686, 137.487308168296, 11.9291934967041, 2009603, 3, 96
2019.3352711, 50.6537392981645, 137.487252335103, 11.9322376251221, 2009603, 3, 93
2019.3352711, 50.6533762630582, 137.487194300807, 11.9144287109375, 2009603, 3, 94
2019.3352711, 50.6527693656147, 137.487101725153, 11.8935232162476, 2009603, 3, 94
2019.3352711, 50.6523791041135, 137.487045083827, 11.9388551712036, 2009603, 3, 82
2019.33527247, 47.9034606349513, 137.081721589913, 348.294891357422, 2006568, 3, 95
2019.33527247, 47.9031925404254, 137.08168391726, 348.335205078125, 2006568, 3, 84
2019.33527316, 46.5212261794712, 136.886737142927, 340.167846679688, 2009603, 3, 65
2019.33527316, 46.5210730898801, 136.88671615903, 339.447631835938, 2009603, 3, 65
2019.33527316, 46.5210284616804, 136.886709996808, 339.427032470703, 2009603, 3, 65
2019.3352701, 52.6882187356766, 137.803669818346, 35.2663993835449, 2007706, 4, 95
2019.3352701, 52.6881615815918, 137.803660756274, 35.2252807617188, 2007706, 4, 95
2019.3352701, 52.6881044125207, 137.803651675386, 36.711498260498, 2007706, 4, 95
2019.3352701, 52.688053644027, 137.803643581796, 36.7053413391113, 2007706, 4, 95
2019.3352701, 52.6879964052939, 137.803634575409, 36.7090377807617, 2007706, 4, 95
2019.3352701, 52.6879455229995, 137.803626569661, 36.7238235473633, 2007706, 4, 95
2019.3352701, 52.6878882750014, 137.803617586677, 35.2287139892578, 2007706, 4, 95
2019.3352701, 52.6878310191639, 137.803608579609, 35.2234840393066, 2007706, 4, 95
2019.3352701, 52.6877801213567, 137.80360056993, 35.212459564209, 2007706, 4, 95
2019.3352701, 52.6876719607933, 137.803583537634, 35.2117805480957, 2007706, 4, 96
2019.3352701, 52.687608331631, 137.803573487407, 36.6169776916504, 2007706, 4, 96
2019.3352701, 52.6875510681829, 137.803564451519, 36.7614440917969, 2007706, 4, 96
2019.3352701, 52.6875065342492, 137.803557419166, 36.7688903808594, 2007706, 4, 96
2019.3352701, 52.6874556403274, 137.803549397357, 35.2912216186523, 2007706, 4, 96
2019.3352701, 52.6874111053461, 137.803542327536, 36.8034858703613, 2007706, 4, 96
2019.3352701, 52.6873538567392, 137.803533282491, 35.2974700927734, 2007706, 4, 96
2019.3352701, 52.6873029706515, 137.803525187086, 36.8179397583008, 2007706, 4, 96
2019.3352701, 52.6872457335851, 137.803516117318, 35.3154029846191, 2007706, 4, 97
2019.3352701, 52.68718850085, 137.80350701372, 35.3047676086426, 2007706, 4, 97
2019.3352701, 52.6871312752209, 137.803497894403, 35.3152008056641, 2007706, 4, 97
2019.3352701, 52.6870740609336, 137.803488762618, 35.3056602478027, 2007706, 4, 97
2019.3352701, 52.6870295622545, 137.803481626773, 36.7677001953125, 2007706, 4, 97
2019.3352701, 52.6869723640332, 137.803472492107, 35.289493560791, 2007706, 4, 96
2019.3352701, 52.6869151729492, 137.803463321507, 35.2825469970703, 2007706, 4, 96
2019.3352701, 52.6868579912649, 137.80345411358, 36.8237533569336, 2007706, 4, 96
2019.3352701, 52.6868007313464, 137.803445046108, 35.2985458374023, 2007706, 4, 96
2019.3352701, 52.6867436401642, 137.803435751898, 35.2993125915527, 2007706, 4, 62
2019.3352701, 52.6866865577308, 137.803426446991, 35.2892112731934, 2007706, 4, 62
2019.3352701, 52.6866294844335, 137.803417133729, 35.2820892333984, 2007706, 4, 62
2019.3352701, 52.6865787551707, 137.803408849289, 35.2660598754883, 2007706, 4, 62
2019.3352701, 52.6865153451475, 137.803398468301, 36.6323204040527, 2007706, 4, 62
2019.33527103, 50.8173390672627, 137.510919145312, 15.3994445800781, 2007686, 4, 71
2019.33527103, 50.8162109561356, 137.510747194517, 15.4132385253906, 2007686, 4, 91
2019.33527103, 50.8159127566512, 137.510701705016, 15.4583349227905, 2007686, 4, 92
2019.33527103, 50.8157545050905, 137.510677525686, 15.4147396087646, 2007686, 4, 92
2019.33527103, 50.8156468930098, 137.510661078823, 15.4573831558228, 2007686, 4, 91
2019.33527103, 50.815551924023, 137.510646563061, 15.5107975006104, 2007686, 4, 91
2019.33527103, 50.8154759243041, 137.510634947732, 15.5470666885376, 2007686, 4, 91
2019.33527103, 50.8154252429057, 137.510627200924, 15.5643224716187, 2007686, 4, 91
2019.33527103, 50.8153745470417, 137.510619453053, 15.5402517318726, 2007686, 4, 91
2019.33527103, 50.8153238379214, 137.510611700354, 15.5833015441895, 2007686, 4, 91
2019.33527103, 50.8152794511073, 137.510604916317, 15.5708036422729, 2007686, 4, 91
2019.33527103, 50.8152160170043, 137.510595221532, 15.5077085494995, 2007686, 4, 91
2019.33527103, 50.8151208084791, 137.510580669264, 15.4535837173462, 2007686, 4, 91
2019.33527103, 50.8150128093454, 137.510564160198, 15.4469442367554, 2007686, 4, 91
2019.33527109, 50.7036420305739, 137.493576183948, 14.3978500366211, 2009603, 4, 62
2019.33527109, 50.7035745733355, 137.493566122374, 14.3508996963501, 2009603, 4, 62
2019.33527109, 50.6962919348747, 137.492455636557, 11.8929567337036, 2009603, 4, 95
2019.33527109, 50.6955669177926, 137.492346677931, 11.8563270568848, 2009603, 4, 95
2019.33527109, 50.6946304085749, 137.492205204039, 11.8676357269287, 2009603, 4, 88
2019.33527109, 50.6917493181367, 137.49176532265, 11.9280347824097, 2009603, 4, 68
2019.33527109, 50.6909496014452, 137.491642120152, 11.9030532836914, 2009603, 4, 93
2019.33527109, 50.690236792614, 137.491532568899, 11.9841651916504, 2009603, 4, 97
2019.33527111, 50.6541691685225, 137.486042268418, 11.7894992828369, 2009603, 4, 94
2019.33527317, 46.5214198015253, 136.885591328498, 339.319763183594, 2009603, 4, 61
2019.33527317, 46.5213497628557, 136.885581662209, 339.323211669922, 2009603, 4, 61
2019.33527009, 52.690733850575, 137.757572869516, 37.5507774353027, 2007706, 5, 94
2019.33527009, 52.6907084480903, 137.75756881956, 37.548023223877, 2007706, 5, 94
2019.33527009, 52.690683049281, 137.757564766207, 37.5631790161133, 2007706, 5, 94
2019.33527009, 52.690657652694, 137.75756070432, 37.5495300292969, 2007706, 5, 94
2019.33527009, 52.6906259196119, 137.757555638873, 37.5615272521973, 2007706, 5, 94
2019.33527009, 52.6906005286694, 137.757551562805, 37.5464477539062, 2007706, 5, 94
2019.33527009, 52.6905751399128, 137.757547474338, 37.5473365783691, 2007706, 5, 94
2019.33527009, 52.6905497564078, 137.757543390322, 37.5589828491211, 2007706, 5, 94
2019.33527009, 52.690518039639, 137.757538295542, 37.5616302490234, 2007706, 5, 94
2019.33527009, 52.6904926578745, 137.757534188574, 37.5424118041992, 2007706, 5, 96
2019.33527009, 52.6904672842845, 137.757530087144, 37.5530815124512, 2007706, 5, 96
2019.33527009, 52.690435578511, 137.757524969529, 37.5535697937012, 2007706, 5, 96
2019.33527009, 52.6904102049174, 137.757520844341, 37.5481491088867, 2007706, 5, 96
2019.33527009, 52.690384839296, 137.757516723826, 37.5448951721191, 2007706, 5, 96
2019.33527009, 52.6903531470256, 137.757511587032, 37.5518226623535, 2007706, 5, 96
2019.33527009, 52.6903277858622, 137.757507453107, 37.5762939453125, 2007706, 5, 96
2019.33527009, 52.6903024262861, 137.757503311284, 37.5625267028809, 2007706, 5, 96
2019.33527009, 52.6902707403557, 137.757498151014, 37.5543823242188, 2007706, 5, 96
2019.33527009, 52.6902453880181, 137.757494002773, 37.5586624145508, 2007706, 5, 96
2019.33527009, 52.6902200302796, 137.757489833644, 37.549633026123, 2007706, 5, 96
2019.33527009, 52.6901946841522, 137.757485680943, 37.5620384216309, 2007706, 5, 96
2019.33527009, 52.6901630113203, 137.757480494227, 37.5545921325684, 2007706, 5, 96
2019.33527009, 52.6901376607333, 137.757476310385, 37.5529975891113, 2007706, 5, 96
2019.33527009, 52.6901123183467, 137.757472137239, 37.5644683837891, 2007706, 5, 96
2019.33527009, 52.6900869791444, 137.757467962109, 37.5432090759277, 2007706, 5, 96
2019.33527009, 52.6900616397809, 137.757463780461, 37.5609703063965, 2007706, 5, 96
2019.33527009, 52.6900299745483, 137.757458560468, 37.5673332214355, 2007706, 5, 96
2019.33527009, 52.6900046378271, 137.757454365976, 37.5371017456055, 2007706, 5, 96
2019.33527009, 52.6899792974213, 137.757450157302, 37.5558433532715, 2007706, 5, 96
2019.33527009, 52.6899476391649, 137.757444920735, 37.5632820129395, 2007706, 5, 96
2019.33527009, 52.6899223100131, 137.757440721702, 37.5502662658691, 2007706, 5, 96
2019.33527009, 52.6898969692935, 137.757436493118, 37.5594520568848, 2007706, 5, 96
2019.33527009, 52.6898653110877, 137.757431236655, 37.5462875366211, 2007706, 5, 96
2019.33527009, 52.6898399793893, 137.757427015036, 37.5434646606445, 2007706, 5, 96
2019.33527009, 52.689814653419, 137.757422800429, 37.5469589233398, 2007706, 5, 96
2019.33527009, 52.6897893151872, 137.757418555059, 37.5315551757812, 2007706, 5, 96
2019.33527009, 52.6897639891028, 137.757414332671, 37.5585823059082, 2007706, 5, 96
2019.33527009, 52.6897323395942, 137.75740906559, 37.5462188720703, 2007706, 5, 97
2019.33527009, 52.689707011659, 137.757404827488, 37.5303955078125, 2007706, 5, 97
2019.33527009, 52.6896816771717, 137.757400575611, 37.5527877807617, 2007706, 5, 97
2019.33527009, 52.689650022378, 137.757395285906, 37.5348510742188, 2007706, 5, 97
2019.33527009, 52.6896246901254, 137.757391033778, 37.5490989685059, 2007706, 5, 97
2019.33527009, 52.6895930980655, 137.757385868053, 37.5500526428223, 2007706, 5, 97
2019.33527009, 52.6895677424014, 137.757381563046, 37.5458450317383, 2007706, 5, 97
2019.33527009, 52.6895360635233, 137.757376216869, 37.5613594055176, 2007706, 5, 97
2019.33527009, 52.6895107087521, 137.757371908373, 37.5323829650879, 2007706, 5, 97
2019.33527009, 52.6894853596001, 137.757367618091, 37.5561866760254, 2007706, 5, 96
2019.33527009, 52.6894536770352, 137.757362262028, 37.5559539794922, 2007706, 5, 96
2019.33527009, 52.6894283217991, 137.75735795723, 37.5463638305664, 2007706, 5, 96
2019.33527009, 52.6893966416744, 137.757352609908, 37.5245018005371, 2007706, 5, 96
2019.33527009, 52.6893712807523, 137.757348295343, 37.5298194885254, 2007706, 5, 96
2019.33527009, 52.6893395929109, 137.75734293536, 37.546028137207, 2007706, 5, 96
2019.33527009, 52.6893079162421, 137.757337601692, 37.5474281311035, 2007706, 5, 96
2019.33527009, 52.6892825612284, 137.75733330504, 37.548282623291, 2007706, 5, 96
2019.33527009, 52.6892572038875, 137.757329010952, 37.5425758361816, 2007706, 5, 96
2019.33527009, 52.6892255226971, 137.75732368034, 37.5470504760742, 2007706, 5, 96
2019.33527009, 52.6892001713083, 137.757319406444, 37.5403251647949, 2007706, 5, 96
2019.33527009, 52.6891684828593, 137.757314069676, 37.5550537109375, 2007706, 5, 96
2019.33527009, 52.6891431261484, 137.757309793562, 37.5600357055664, 2007706, 5, 96
2019.33527009, 52.6891114414968, 137.757304479027, 37.5759086608887, 2007706, 5, 96
2019.33527009, 52.6890860785852, 137.757300200259, 37.5527305603027, 2007706, 5, 96
2019.33527009, 52.6890544002808, 137.757294910903, 37.5563888549805, 2007706, 5, 96
2019.33527009, 52.6890290352002, 137.757290640989, 37.569580078125, 2007706, 5, 96
2019.33527009, 52.6889973526471, 137.757285361107, 37.559871673584, 2007706, 5, 97
2019.33527009, 52.6889719891411, 137.757281109886, 37.5661125183105, 2007706, 5, 97
2019.33527009, 52.6889403034952, 137.757275842603, 37.5391540527344, 2007706, 5, 97
2019.33527009, 52.6889086103844, 137.757270571855, 37.5520782470703, 2007706, 5, 97
2019.33527009, 52.6888832489831, 137.757266348313, 37.5579948425293, 2007706, 5, 97
2019.33527009, 52.6888515628727, 137.757261108598, 37.540470123291, 2007706, 5, 97
2019.33527009, 52.6888262081019, 137.75725691764, 37.5416717529297, 2007706, 5, 97
2019.33527009, 52.688800845783, 137.757252718092, 37.5554084777832, 2007706, 5, 97
2019.33527009, 52.6887754881403, 137.75724853644, 37.543212890625, 2007706, 5, 96
2019.33527009, 52.6887501303328, 137.75724436514, 37.5544815063477, 2007706, 5, 96
2019.33527009, 52.6887184386254, 137.757239172811, 37.5527420043945, 2007706, 5, 96
2019.33527009, 52.6886930758108, 137.757235010987, 37.5498962402344, 2007706, 5, 96
2019.33527009, 52.6886677167978, 137.757230865079, 37.5568923950195, 2007706, 5, 96
2019.33527009, 52.6886423579834, 137.757226725541, 37.5543403625488, 2007706, 5, 96
2019.33527009, 52.6886169962228, 137.757222595019, 37.5548362731934, 2007706, 5, 96
2019.33527009, 52.6885853047951, 137.757217466789, 37.5707702636719, 2007706, 5, 96
2019.33527009, 52.6885599437526, 137.757213358806, 37.5465927124023, 2007706, 5, 96
2019.33527009, 52.6885345732218, 137.757209241112, 37.5604629516602, 2007706, 5, 96
2019.33527009, 52.6885092106555, 137.757205150799, 37.5611419677734, 2007706, 5, 96
2019.33527009, 52.6884775080312, 137.757200056559, 37.5752563476562, 2007706, 5, 95
2019.33527009, 52.6884521408747, 137.757195980587, 37.5661964416504, 2007706, 5, 95
2019.33527009, 52.6884267708716, 137.757191906343, 37.5613746643066, 2007706, 5, 95
2019.33527009, 52.6884014047832, 137.75718785381, 37.5490989685059, 2007706, 5, 95
2019.33527009, 52.6883696990321, 137.757182810748, 37.5651168823242, 2007706, 5, 95
2019.33527009, 52.6883442080957, 137.757178531462, 37.54541015625, 2007706, 5, 95
2019.33527009, 52.6883061977854, 137.757172591388, 37.6731262207031, 2007706, 5, 95
2019.33527108, 50.6993286835118, 137.448445771134, 11.9029703140259, 2009603, 5, 93
2019.33527108, 50.6992594912198, 137.448434785889, 11.8969144821167, 2009603, 5, 93
2019.33527108, 50.6991713694312, 137.448420817846, 11.9132776260376, 2009603, 5, 92
2019.33527108, 50.6989127621552, 137.448379948713, 11.9227895736694, 2009603, 5, 93
2019.33527108, 50.6982795889657, 137.448283048867, 11.5939159393311, 2009603, 5, 93
2019.33527141, 50.0339751466958, 137.348613586196, 49.199520111084, 2009603, 5, 86
2019.33527141, 50.0338856660738, 137.348600374377, 49.200626373291, 2009603, 5, 86
2019.33527141, 50.0338153408353, 137.348589953794, 49.2124633789062, 2009603, 5, 86
2019.33527141, 50.0337642034875, 137.348582385008, 49.1634864807129, 2009603, 5, 86
2019.33527141, 50.0337322371346, 137.348577642614, 49.1613883972168, 2009603, 5, 89
2019.33527141, 50.0337066585868, 137.34857383394, 49.1514663696289, 2009603, 5, 89
2019.33527141, 50.0336810846902, 137.348570033454, 49.153205871582, 2009603, 5, 89
2019.33527141, 50.0336555180786, 137.348566244469, 49.1666603088379, 2009603, 5, 89
2019.33527141, 50.0336299435676, 137.348562436777, 49.157039642334, 2009603, 5, 89
2019.33527141, 50.0335979924006, 137.348557707574, 49.1564750671387, 2009603, 5, 89
2019.33527141, 50.0335724196712, 137.34855389041, 49.2030715942383, 2009603, 5, 89
2019.33527141, 50.0335404673188, 137.348549147094, 49.1830215454102, 2009603, 5, 89
2019.33527141, 50.0335085171062, 137.348544399968, 49.2053718566895, 2009603, 5, 89
2019.33527141, 50.033476564518, 137.348539639862, 49.1856918334961, 2009603, 5, 76
2019.33527141, 50.0334382222776, 137.348533919356, 49.2146911621094, 2009603, 5, 76
2019.33527141, 50.0333934973398, 137.348527244318, 49.230827331543, 2009603, 5, 76
2019.33527141, 50.0333487861882, 137.348520572737, 49.2221260070801, 2009603, 5, 76
2019.33527141, 50.0333104592238, 137.348514835483, 49.2170143127441, 2009603, 5, 76
2019.33527141, 50.0332785255253, 137.348510052367, 49.1921234130859, 2009603, 5, 76
2019.33527141, 50.0332466052282, 137.348505286089, 49.19140625, 2009603, 5, 61
2019.33527141, 50.0332146955111, 137.348500528522, 49.167163848877, 2009603, 5, 61
2019.33527141, 50.0331891561538, 137.348496688656, 49.1682929992676, 2009603, 5, 84
2019.33527141, 50.0331572628368, 137.348491942673, 49.1717414855957, 2009603, 5, 84
2019.33527141, 50.0331317383896, 137.348488110828, 49.168773651123, 2009603, 5, 84
2019.33527141, 50.0331062140018, 137.348484275639, 49.1751556396484, 2009603, 5, 84
2019.33527141, 50.0330743322845, 137.348479515625, 49.1904525756836, 2009603, 5, 84
2019.33527141, 50.0330424389903, 137.34847471739, 49.2299385070801, 2009603, 5, 84
2019.33527141, 50.0322796860633, 137.348360062136, 49.2533798217773, 2009603, 5, 54
2019.33527141, 50.0322416741711, 137.348354343974, 49.1880683898926, 2009603, 5, 56
2019.33527141, 50.0322036839739, 137.348348656079, 49.1914176940918, 2009603, 5, 56
2019.33527141, 50.0321720136213, 137.348343879295, 49.2076721191406, 2009603, 5, 56
2019.33527141, 50.0321277126394, 137.348337253663, 49.2425079345703, 2009603, 5, 56
2019.33527141, 50.0320707432598, 137.348328682268, 49.239200592041, 2009603, 5, 56
2019.33527141, 50.0320138144919, 137.34832016404, 49.2442741394043, 2009603, 5, 56
2019.33527141, 50.0319442487549, 137.348309749477, 49.274787902832, 2009603, 5, 57
2019.33527141, 50.0318683912019, 137.3482984203, 49.2359924316406, 2009603, 5, 57
2019.33527141, 50.0318051844841, 137.348288968965, 49.2430648803711, 2009603, 5, 57
2019.3352718, 49.2434867449675, 137.231960607031, 113.720191955566, 2006423, 5, 61
2019.3352718, 49.2434297309096, 137.231951584265, 113.747116088867, 2006423, 5, 61
2019.3352718, 49.2433727280769, 137.231942532347, 113.749061584473, 2006423, 5, 61
2019.3352718, 49.2432397862798, 137.23192143103, 113.746017456055, 2006423, 5, 55
2019.3352718, 49.2431448990446, 137.231906445058, 113.73210144043, 2006423, 5, 55
2019.3352718, 49.2430753313846, 137.231895489551, 113.826026916504, 2006423, 5, 55
2019.3352718, 49.2430057825206, 137.231884590792, 113.814079284668, 2006423, 5, 55
2019.3352718, 49.2429678482162, 137.231878657795, 113.808235168457, 2006423, 5, 55
2019.3352718, 49.2429109602198, 137.231869815427, 113.847648620605, 2006423, 5, 55
2019.3352718, 49.242873022426, 137.231863914233, 113.87230682373, 2006423, 5, 55
2019.3352718, 49.2428351079754, 137.231858077869, 113.891273498535, 2006423, 5, 55
2019.3352718, 49.2427908508945, 137.231851246263, 113.928833007812, 2006423, 5, 55
2019.33527246, 47.923498548845, 137.041432504864, 332.010589599609, 2006568, 5, 78
2019.33527246, 47.9233965141276, 137.041419293957, 332.017761230469, 2006568, 5, 78
2019.33527246, 47.9232689690841, 137.041402677166, 332.053314208984, 2006568, 5, 78
2019.33527246, 47.9231414326036, 137.041385902425, 332.071319580078, 2006568, 5, 93
2019.33527246, 47.9230266475809, 137.041370582109, 332.102081298828, 2006568, 5, 93
2019.33527246, 47.9229501429773, 137.041360274071, 332.102905273438, 2006568, 5, 93
2019.33527246, 47.9228608981499, 137.041348113142, 332.15234375, 2006568, 5, 93
2019.33527246, 47.9227078685458, 137.041327096188, 332.153991699219, 2006568, 5, 93
2019.33527246, 47.9225486836154, 137.041303746103, 332.192596435547, 2006568, 5, 93
2019.33527246, 47.9223767773137, 137.041278069467, 332.279205322266, 2006568, 5, 73
2019.33527246, 47.9222812596244, 137.041263629315, 332.251220703125, 2006568, 5, 73
2019.33527248, 47.8960509593113, 137.037523113549, 339.305297851562, 2006568, 5, 79
2019.33527316, 46.5324323223533, 136.846266330617, 333.568206787109, 2009603, 5, 74
2019.33527316, 46.5324009313056, 136.846261987416, 333.500640869141, 2009603, 5, 74
2019.33527316, 46.5323758389486, 136.846258502657, 333.507843017578, 2009603, 5, 74
2019.33527316, 46.532344517286, 136.84625416788, 333.529815673828, 2009603, 5, 74
2019.33527316, 46.5323194706968, 136.846250669245, 333.511596679688, 2009603, 5, 74
2019.33527316, 46.5322881952907, 136.846246308159, 333.560791015625, 2009603, 5, 74
2019.33527316, 46.5321883093217, 136.846232345064, 333.564208984375, 2009603, 5, 76
2019.33527316, 46.5321010901074, 136.846220068578, 333.576782226562, 2009603, 5, 76
2019.33527316, 46.5320388717693, 136.846211276899, 333.701080322266, 2009603, 5, 76
2019.3352701, 52.6907487158178, 137.756215367642, 37.6578788757324, 2007706, 6, 95
2019.3352701, 52.6906409022659, 137.756197768878, 37.654541015625, 2007706, 6, 95
2019.3352701, 52.6905330896391, 137.756180162535, 37.6369323730469, 2007706, 6, 95
2019.3352701, 52.6904252696405, 137.756162558325, 37.6291084289551, 2007706, 6, 94
2019.3352701, 52.6903174455279, 137.756144974857, 37.6444969177246, 2007706, 6, 94
2019.3352701, 52.6902159535967, 137.75612845455, 37.6350173950195, 2007706, 6, 96
2019.3352701, 52.6901081118698, 137.756110933992, 37.6305694580078, 2007706, 6, 96
2019.3352701, 52.6899939134321, 137.756092435641, 37.6714210510254, 2007706, 6, 98
2019.3352701, 52.6898860506066, 137.756075022303, 37.6424942016602, 2007706, 6, 98
2019.3352701, 52.6897718302772, 137.756056663292, 37.6566505432129, 2007706, 6, 98
2019.3352701, 52.6896575317977, 137.756038501999, 37.6699829101562, 2007706, 6, 97
2019.3352701, 52.6895432292741, 137.756020396469, 37.6787376403809, 2007706, 6, 97
2019.3352701, 52.6894352816437, 137.756003349037, 37.6744613647461, 2007706, 6, 96
2019.3352701, 52.6893336867624, 137.75598736057, 37.6629981994629, 2007706, 6, 96
2019.3352701, 52.6892194074363, 137.755969388123, 37.6496963500977, 2007706, 6, 97
2019.3352701, 52.6891114863196, 137.755952458163, 37.6610488891602, 2007706, 6, 97
2019.3352701, 52.689003583923, 137.755935523075, 37.643123626709, 2007706, 6, 97
2019.3352701, 52.6889020387581, 137.755919609148, 37.6786575317383, 2007706, 6, 96
2019.3352701, 52.6888005097737, 137.755903686665, 37.6923904418945, 2007706, 6, 96
2019.3352701, 52.6886926459082, 137.755886758421, 37.712043762207, 2007706, 6, 96
2019.3352701, 52.688584673241, 137.755869792355, 37.7011566162109, 2007706, 6, 96
2019.3352701, 52.6884769849868, 137.755852817292, 37.6740837097168, 2007706, 6, 89
2019.33527099, 50.8921658646145, 137.476409347697, 19.715295791626, 2007686, 6, 80
2019.33527142, 50.0331738770269, 137.347228695981, 49.2510223388672, 2009603, 6, 89
2019.33527142, 50.0330341596711, 137.347208211885, 49.2437286376953, 2009603, 6, 89
2019.33527142, 50.0329325418366, 137.347193317553, 49.284538269043, 2009603, 6, 71
2019.33527142, 50.0328054976215, 137.347174600195, 49.2611503601074, 2009603, 6, 71
2019.33527182, 49.2424460303648, 137.23055327307, 113.878173828125, 2006423, 6, 52
2019.33527182, 49.2422166951137, 137.230519446187, 113.824234008789, 2006423, 6, 64
2019.33527182, 49.2419936746917, 137.230486620127, 113.774421691895, 2006423, 6, 57
2019.33527182, 49.2417579237629, 137.230451966346, 113.665969848633, 2006423, 6, 57
2019.33527247, 47.9244621067926, 137.040349263165, 331.713134765625, 2006568, 6, 87
2019.33527247, 47.9238120925518, 137.04025713463, 331.831726074219, 2006568, 6, 74
2019.33527249, 47.897382082688, 137.036498694058, 338.7734375, 2006568, 6, 72
2019.33527317, 46.5324705112182, 136.84508756618, 333.578155517578, 2009603, 6, 89
