2022.15580236, 51.9200701494665, 116.65702508064, 465.407409667969, 2009603, 1, 89
2022.15580236, 51.9201469988564, 116.657012466752, 465.427520751953, 2009603, 1, 89
2022.15580236, 51.9202174002466, 116.657000909456, 465.412445068359, 2009603, 1, 89
2022.15580236, 51.9202941231711, 116.656988414459, 465.414672851562, 2009603, 1, 94
2022.15580236, 51.920364382659, 116.65697700521, 465.399108886719, 2009603, 1, 94
2022.15580236, 51.9204473225416, 116.656963617334, 465.411743164062, 2009603, 1, 94
2022.15580236, 51.9205301621952, 116.656950284074, 465.402252197266, 2009603, 1, 94
2022.15580236, 51.9206001697897, 116.656939060191, 465.383605957031, 2009603, 1, 94
2022.15580236, 51.920670415116, 116.656927657381, 465.360443115234, 2009603, 1, 94
2022.15580236, 51.9207399628093, 116.656916788906, 465.402099609375, 2009603, 1, 94
2022.15580236, 51.920803134095, 116.656906888982, 465.401763916016, 2009603, 1, 94
2022.15580236, 51.9208788638807, 116.656895113016, 465.392883300781, 2009603, 1, 94
2022.15580236, 51.9209608303944, 116.656882416102, 465.413452148438, 2009603, 1, 94
2022.15580236, 51.9210490411471, 116.65686875773, 465.380676269531, 2009603, 1, 92
2022.15580236, 51.9211183162368, 116.656858057059, 465.401275634766, 2009603, 1, 92
2022.15580236, 51.9211875732633, 116.656847365162, 465.376800537109, 2009603, 1, 92
2022.15580308, 53.3615769843318, 116.424481538891, 623.739501953125, 2009603, 1, 85
2022.15580308, 53.3616785206509, 116.424464346764, 623.602294921875, 2009603, 1, 85
2022.15580308, 53.361773788224, 116.42444804396, 623.569274902344, 2009603, 1, 85
2022.15580308, 53.3618818405165, 116.424429411314, 623.635192871094, 2009603, 1, 85
2022.15580308, 53.3619963318452, 116.424409526876, 623.595703125, 2009603, 1, 85
2022.15580308, 53.3621045359599, 116.424390624288, 623.541442871094, 2009603, 1, 76
2022.15580308, 53.3622000646583, 116.424373833116, 623.533081054688, 2009603, 1, 76
2022.15580238, 51.9204858935907, 116.658274135927, 465.332824707031, 2009603, 2, 78
2022.15580238, 51.9207970300361, 116.658225766382, 465.35986328125, 2009603, 2, 93
2022.15580238, 51.9211148515437, 116.658177048935, 465.346954345703, 2009603, 2, 95
2022.15580238, 51.9214454696993, 116.658126291597, 465.362976074219, 2009603, 2, 93
2022.15580309, 53.3621251358098, 116.425732739207, 623.644409179688, 2009603, 2, 85
2022.15580309, 53.372161195325, 116.471284306998, 626.043823242188, 2009603, 3, 57
2022.15580309, 53.3723522405979, 116.471251439283, 626.053955078125, 2009603, 3, 59
2022.15580309, 53.3725559969087, 116.471216625811, 626.031188964844, 2009603, 3, 63
2022.15580309, 53.3727724113655, 116.471180124206, 626.025268554688, 2009603, 3, 71
2022.15580309, 53.3729887249409, 116.471144706175, 626.024597167969, 2009603, 3, 71
2022.15580309, 53.3731985179765, 116.471111271687, 626.038513183594, 2009603, 3, 71
2022.15580309, 53.3733636500538, 116.471085193544, 625.987976074219, 2009603, 3, 74
2022.15580309, 53.3735666570455, 116.471053273658, 626.046875, 2009603, 3, 67
2022.15580309, 53.3737630661689, 116.471022395683, 626.18896484375, 2009603, 3, 52
2022.15580309, 53.373959262399, 116.470991439528, 626.155700683594, 2009603, 3, 84
2022.15580309, 53.3741489390464, 116.470961298547, 626.031066894531, 2009603, 3, 81
2022.15580309, 53.3743508293708, 116.470928263855, 626.021118164062, 2009603, 3, 81
2022.15580309, 53.3745590261964, 116.470894092274, 626.104125976562, 2009603, 3, 84
2022.15580309, 53.3747484106146, 116.470863034869, 626.071716308594, 2009603, 3, 84
2022.15580309, 53.3749696089059, 116.470826915992, 626.063842773438, 2009603, 3, 82
2022.15580309, 53.3753559394926, 116.470764300308, 626.106262207031, 2009603, 3, 79
2022.15580309, 53.3755660381209, 116.47073158833, 626.092102050781, 2009603, 3, 63
2022.1558031, 53.396563096367, 116.467292189842, 629.114562988281, 2009603, 3, 85
2022.1558031, 53.3967455425816, 116.467262218255, 629.256530761719, 2009603, 3, 85
2022.1558031, 53.396915717545, 116.467234370686, 629.100280761719, 2009603, 3, 89
2022.1558031, 53.3970991323278, 116.467204549159, 629.081665039062, 2009603, 3, 54
2022.1558031, 53.3972705945634, 116.467176858801, 629.203002929688, 2009603, 3, 54
2022.15580311, 53.4182413570426, 116.463748073681, 630.684387207031, 2009603, 3, 85
2022.15580311, 53.4184121419141, 116.463719663711, 630.550109863281, 2009603, 3, 88
2022.15580311, 53.41858301653, 116.463691262184, 630.489440917969, 2009603, 3, 86
2022.15580311, 53.4187728321017, 116.463660077319, 630.438049316406, 2009603, 3, 84
2022.15580311, 53.4189565037862, 116.463630015114, 630.319519042969, 2009603, 3, 84
2022.15580311, 53.4191404104785, 116.463600008433, 630.228576660156, 2009603, 3, 85
2022.15580311, 53.4193182311346, 116.463571057498, 630.231689453125, 2009603, 3, 73
2022.15580311, 53.419483581044, 116.463544161356, 630.268920898438, 2009603, 3, 73
2022.15580311, 53.4196364432942, 116.463519311799, 630.272338867188, 2009603, 3, 58
2022.15580238, 51.9288131718436, 116.703895725143, 465.739501953125, 2009603, 4, 95
2022.15580238, 51.9291186221089, 116.703848190103, 465.497528076172, 2009603, 4, 94
2022.15580238, 51.9294050840514, 116.703802556584, 465.169952392578, 2009603, 4, 77
2022.15580238, 51.9328968071799, 116.70324499932, 465.230377197266, 2009603, 4, 89
2022.15580238, 51.9331960627207, 116.703197400249, 464.861541748047, 2009603, 4, 93
2022.15580238, 51.9334632529092, 116.703154765135, 464.833831787109, 2009603, 4, 93
2022.15580238, 51.9337555086517, 116.703108099219, 464.806518554688, 2009603, 4, 89
2022.15580312, 53.4203753196909, 116.46474184022, 630.476318359375, 2009603, 4, 73
2022.15580312, 53.4209566613843, 116.464646131233, 630.281372070312, 2009603, 4, 88
2022.15580312, 53.4214403483199, 116.464562852324, 630.272399902344, 2009603, 4, 57
2022.15580237, 51.9456585049897, 116.746949972514, 464.224853515625, 2009603, 5, 62
2022.15580237, 51.9457153046778, 116.746940950899, 463.974670410156, 2009603, 5, 62
2022.15580237, 51.9458479452563, 116.746919923644, 463.816101074219, 2009603, 5, 62
2022.15580237, 51.9459301678655, 116.746906959615, 463.835754394531, 2009603, 5, 62
2022.15580237, 51.9460061516255, 116.746895024509, 463.839019775391, 2009603, 5, 93
2022.15580237, 51.9460881375434, 116.74688210335, 463.853851318359, 2009603, 5, 93
2022.15580237, 51.946164670515, 116.746870280883, 463.826843261719, 2009603, 5, 93
2022.15580237, 51.9462476946587, 116.746857542219, 463.837799072266, 2009603, 5, 93
2022.15580237, 51.9463180225955, 116.746846805797, 463.843719482422, 2009603, 5, 93
2022.15580237, 51.9463883965695, 116.746836033883, 463.837493896484, 2009603, 5, 93
2022.15580237, 51.9464588422511, 116.746825346566, 463.825561523438, 2009603, 5, 93
2022.15580237, 51.9465357488994, 116.746813735683, 463.813629150391, 2009603, 5, 94
2022.15580237, 51.9466062760746, 116.746803076027, 463.809326171875, 2009603, 5, 94
2022.15580237, 51.9466832434474, 116.746791464228, 463.85302734375, 2009603, 5, 94
2022.15580237, 51.9467602363681, 116.74677989293, 463.833190917969, 2009603, 5, 94
2022.15580237, 51.9468308292837, 116.74676931638, 463.812896728516, 2009603, 5, 94
2022.15580237, 51.9469013969974, 116.746758676006, 463.847747802734, 2009603, 5, 94
2022.15580237, 51.9469719641779, 116.746748077344, 463.824951171875, 2009603, 5, 94
2022.15580237, 51.9470425338646, 116.74673754861, 463.852111816406, 2009603, 5, 92
2022.15580237, 51.9471194613291, 116.746725982404, 463.846954345703, 2009603, 5, 92
2022.15580237, 51.9472027619632, 116.746713473544, 463.823608398438, 2009603, 5, 92
2022.15580237, 51.9472796039946, 116.746701923673, 463.934204101562, 2009603, 5, 58
2022.15580237, 51.9473563955703, 116.746690400135, 463.99755859375, 2009603, 5, 58
2022.15580237, 51.9474268298567, 116.746679779074, 464.116638183594, 2009603, 5, 58
2022.15580237, 51.9474968938847, 116.746669192319, 464.19482421875, 2009603, 5, 58
2022.15580312, 53.4456881047318, 116.507890863959, 633.677368164062, 2009603, 5, 61
2022.15580312, 53.4459055162338, 116.507855165973, 633.634033203125, 2009603, 5, 80
2022.15580312, 53.4461291587956, 116.507818535071, 633.55810546875, 2009603, 5, 87
2022.15580312, 53.4463779072887, 116.50777788357, 633.564270019531, 2009603, 5, 88
2022.15580312, 53.4466006349951, 116.507741623135, 633.653137207031, 2009603, 5, 68
2022.15580238, 51.9467174205901, 116.748050319523, 463.7900390625, 2009603, 6, 82
2022.15580238, 51.9470493687203, 116.747997378815, 463.813598632812, 2009603, 6, 94
2022.15580238, 51.9473360108895, 116.747952182121, 463.80517578125, 2009603, 6, 93
2022.15580238, 51.947646556866, 116.747904956525, 463.790222167969, 2009603, 6, 92
2022.15580238, 51.94795019576, 116.747859097119, 464.147094726562, 2009603, 6, 87
