2019.71271534, 53.6115857004017, 122.819644279289, 302.524139404297, 2009603, 1, 68
2019.71271534, 53.6114776969894, 122.819626511487, 302.459320068359, 2009603, 1, 68
2019.71271534, 53.6113633583086, 122.819607710254, 302.461334228516, 2009603, 1, 68
2019.71271541, 53.4560162267947, 122.793800230985, 281.737457275391, 2009603, 1, 75
2019.71271535, 53.610243699974, 122.817940885002, 302.3935546875, 2009603, 2, 59
2019.71271535, 53.6102118364672, 122.817935604185, 302.400909423828, 2009603, 2, 59
2019.71271535, 53.6101799638405, 122.817930383569, 302.415374755859, 2009603, 2, 59
2019.71271535, 53.6101417288296, 122.817924048888, 302.417694091797, 2009603, 2, 59
2019.71271535, 53.6101098708403, 122.817918767284, 302.381500244141, 2009603, 2, 59
2019.71271535, 53.6100780126811, 122.817913474076, 302.385284423828, 2009603, 2, 59
2019.71271535, 53.6100461561395, 122.817908189341, 302.395599365234, 2009603, 2, 59
2019.71271535, 53.6100015738731, 122.817900699289, 302.418365478516, 2009603, 2, 59
2019.71271542, 53.4569329302257, 122.792653490974, 281.665649414062, 2009603, 2, 94
2019.71271543, 53.4565764532055, 122.79259827095, 281.623901367188, 2009603, 2, 86
2019.7127155, 53.313922764255, 122.768730700011, 365.877136230469, 2009603, 2, 84
2019.7127155, 53.3138088781201, 122.76871183965, 365.904632568359, 2009603, 2, 84
2019.7127155, 53.3137077331831, 122.768694999119, 365.867156982422, 2009603, 2, 75
2019.7127155, 53.3136508625894, 122.768685562043, 365.849090576172, 2009603, 2, 75
2019.7127155, 53.3135687624899, 122.768671785594, 365.884399414062, 2009603, 2, 75
2019.71271516, 53.9676751744981, 122.82942993483, 384.918701171875, 2009603, 3, 56
2019.71271541, 53.4641967255479, 122.746294327527, 282.241760253906, 2009603, 3, 86
2019.71271541, 53.4639530111556, 122.746255922576, 282.253601074219, 2009603, 3, 93
2019.71271541, 53.463537092251, 122.746190731508, 282.257476806641, 2009603, 3, 94
2019.71271541, 53.4630875516368, 122.746119770788, 282.253143310547, 2009603, 3, 95
2019.71271541, 53.4622275637234, 122.745987010496, 282.297607421875, 2009603, 3, 95
2019.71271551, 53.2676925425404, 122.713894729328, 372.425231933594, 2009603, 3, 83
2019.71271863, 47.001009252386, 121.769074801918, 374.383728027344, 2006419, 3, 68
2019.71271512, 54.0794111012199, 122.846473054116, 411.309875488281, 2009603, 4, 70
2019.71271517, 53.9622022104151, 122.827258967623, 383.505401611328, 2009603, 4, 61
2019.71271517, 53.9620945926364, 122.827242083206, 383.552154541016, 2009603, 4, 61
2019.71271528, 53.7405474981484, 122.790363831418, 324.535247802734, 2009603, 4, 71
2019.71271542, 53.4642132018388, 122.745015733046, 282.240081787109, 2009603, 4, 86
2019.71271542, 53.464061627072, 122.744991565509, 282.25537109375, 2009603, 4, 87
2019.71271542, 53.4639036096645, 122.74496616113, 282.273742675781, 2009603, 4, 94
2019.71271542, 53.4636756281344, 122.744929266881, 282.277679443359, 2009603, 4, 94
2019.71271542, 53.4634533013938, 122.744892991653, 282.288360595703, 2009603, 4, 95
2019.71271542, 53.4632242653586, 122.744855463642, 282.276550292969, 2009603, 4, 94
2019.71271542, 53.4630650500492, 122.744829311368, 282.281677246094, 2009603, 4, 94
2019.71271542, 53.4629375998863, 122.744808438131, 282.255218505859, 2009603, 4, 94
2019.71271542, 53.4628164942139, 122.744788563534, 282.269653320312, 2009603, 4, 94
2019.71271542, 53.4626762304377, 122.744765696178, 282.253326416016, 2009603, 4, 94
2019.71271542, 53.4624467208847, 122.744728493793, 282.306640625, 2009603, 4, 94
2019.71271542, 53.4621791320598, 122.74468521891, 282.288696289062, 2009603, 4, 95
2019.71271542, 53.4620326899256, 122.74466190083, 282.265686035156, 2009603, 4, 95
2019.71271542, 53.4618100387732, 122.744626794441, 282.248046875, 2009603, 4, 95
2019.71271552, 53.2676794120714, 122.712558265922, 372.470001220703, 2009603, 4, 82
2019.71271552, 53.2675070903396, 122.712531241094, 372.408355712891, 2009603, 4, 82
2019.71271552, 53.2673411575971, 122.712505226784, 372.426147460938, 2009603, 4, 88
2019.71271552, 53.267136995812, 122.712473327044, 372.425628662109, 2009603, 4, 90
2019.71271552, 53.2670285856625, 122.712456414314, 372.446868896484, 2009603, 4, 90
2019.71271552, 53.2669457355362, 122.712443298672, 372.418060302734, 2009603, 4, 54
2019.71271552, 53.26688200492, 122.712433389806, 372.432739257812, 2009603, 4, 54
2019.71271552, 53.266811859728, 122.712422504926, 372.449066162109, 2009603, 4, 54
2019.71271552, 53.2667546367254, 122.712413495345, 372.4404296875, 2009603, 4, 54
2019.71271864, 47.001699732477, 121.768150700398, 374.488372802734, 2006419, 4, 63
2019.71271864, 47.0015159816923, 121.768126452417, 374.462768554688, 2006419, 4, 63
2019.71271864, 47.0013383812151, 121.768103081167, 374.442504882812, 2006419, 4, 69
2019.7127152, 53.8853722701035, 122.766666240404, 358.964050292969, 2009603, 5, 51
2019.71271551, 53.2610172127473, 122.664292055642, 379.25830078125, 2009603, 5, 89
2019.71271552, 53.2563447032904, 122.663546791719, 383.303985595703, 2009603, 5, 89
2019.71271552, 53.2561481346344, 122.66351667977, 383.25, 2009603, 5, 67
2019.71271543, 53.4580850148903, 122.69521238887, 283.052764892578, 2009603, 6, 92
2019.71271543, 53.4577456576571, 122.695157316819, 283.052398681641, 2009603, 6, 95
2019.71271543, 53.4572049358139, 122.695070523163, 283.09423828125, 2009603, 6, 95
2019.71271543, 53.4567617160686, 122.694999193404, 283.088623046875, 2009603, 6, 95
2019.71271543, 53.4565962562953, 122.69497258828, 283.11962890625, 2009603, 6, 92
2019.71271543, 53.4564809340733, 122.694953745734, 283.1103515625, 2009603, 6, 52
2019.71271543, 53.4563654670746, 122.694934977979, 283.067840576172, 2009603, 6, 52
2019.71271543, 53.4562948523946, 122.694923563518, 283.119567871094, 2009603, 6, 52
2019.71271552, 53.261167205364, 122.662956641731, 379.398529052734, 2009603, 6, 88
2019.71271553, 53.2562211386115, 122.662175052232, 383.443908691406, 2009603, 6, 86
2019.71271553, 53.2561261817321, 122.662160376546, 383.383605957031, 2009603, 6, 86
2019.71271553, 53.2560691809957, 122.662151552105, 383.388580322266, 2009603, 6, 86
2019.71271553, 53.2560184812379, 122.662143868786, 383.379180908203, 2009603, 6, 86
2019.71271553, 53.2559614267421, 122.662135136612, 383.363189697266, 2009603, 6, 76
2019.71271553, 53.2559107003164, 122.662127281403, 383.363037109375, 2009603, 6, 76
2019.71271553, 53.2558664594657, 122.662120457047, 383.351104736328, 2009603, 6, 76
2019.71271553, 53.2558155657149, 122.662112687662, 383.382537841797, 2009603, 6, 76
2019.71271553, 53.2557519254059, 122.662102913559, 383.378967285156, 2009603, 6, 76
2019.71271862, 47.0496872640323, 121.73204368672, 385.021636962891, 2006419, 6, 82
2019.71271862, 47.0495348728318, 121.732022407943, 385.012237548828, 2006419, 6, 82
