2022.40322607, 50.4951666904679, 125.681966930514, 317.889251708984, 2009589, 1, 82
2022.40322607, 50.4950130170797, 125.681943804997, 317.874176025391, 2009589, 1, 82
2022.40322608, 50.4806267100304, 125.679756707818, 317.028045654297, 2009589, 1, 80
2022.40322705, 48.521007270492, 125.387477252501, 214.754776000977, 2009593, 1, 58
2022.40322705, 48.5206849619842, 125.387430350198, 214.445892333984, 2009593, 1, 56
2022.40322856, 45.4967418150561, 124.959927582488, 124.046569824219, 2009593, 1, 72
2022.40322856, 45.4963986102506, 124.959880214796, 124.046455383301, 2009593, 1, 90
2022.40322856, 45.4961253355897, 124.95984335591, 124.062278747559, 2009593, 1, 95
2022.40322856, 45.4957374559943, 124.959791341327, 124.053924560547, 2009593, 1, 95
2022.40322856, 45.4953302435176, 124.959736420531, 124.103950500488, 2009593, 1, 95
2022.40322856, 45.4950051042912, 124.959691779527, 124.093933105469, 2009593, 1, 95
2022.40322856, 45.4946481985788, 124.959642143364, 124.05200958252, 2009593, 1, 93
2022.40322856, 45.4942853407397, 124.959591426862, 124.044120788574, 2009593, 1, 91
2022.40322856, 45.493834417639, 124.959528000394, 125.167152404785, 2009593, 1, 83
2022.40322856, 45.4935047554423, 124.959482660646, 124.100036621094, 2009593, 1, 77
2022.40322856, 45.4932637985417, 124.959449586341, 124.030822753906, 2009593, 1, 75
2022.40322856, 45.4928065118927, 124.959387414075, 124.044120788574, 2009593, 1, 71
2022.40322856, 45.4921877606026, 124.959304725164, 124.671821594238, 2009593, 1, 69
2022.40322856, 45.4914197186404, 124.959200477702, 124.028648376465, 2009593, 1, 81
2022.40322856, 45.4910355638988, 124.959146007855, 124.009620666504, 2009593, 1, 86
2022.40322856, 45.4906393827431, 124.959089790145, 123.903091430664, 2009593, 1, 85
2022.40322856, 45.4901615807625, 124.959022410983, 123.900405883789, 2009593, 1, 71
2022.40322875, 45.1082635474325, 124.907071833243, 130.894470214844, 2009593, 1, 70
2022.40322875, 45.1073808648846, 124.906952691051, 130.96321105957, 2009593, 1, 88
2022.40322875, 45.1066344115654, 124.906849667846, 130.948745727539, 2009593, 1, 88
2022.40322875, 45.1058203089294, 124.90673329905, 130.958145141602, 2009593, 1, 73
2022.40322876, 45.1036905782608, 124.906437238416, 130.966323852539, 2009593, 1, 55
2022.40322876, 45.1030080452317, 124.90633808469, 130.911956787109, 2009593, 1, 55
2022.40322608, 50.4950303647882, 125.680828573357, 317.869140625, 2009589, 2, 78
2022.40322609, 50.4805814002109, 125.678622025231, 317.135070800781, 2009589, 2, 71
2022.40322609, 50.479952021299, 125.678523623932, 317.005554199219, 2009589, 2, 52
2022.40322857, 45.4966095219387, 124.958908585181, 124.373085021973, 2009593, 2, 95
2022.40322857, 45.4954004041113, 124.958746593687, 124.391403198242, 2009593, 2, 91
2022.40322857, 45.4913904646947, 124.958205467758, 124.236083984375, 2009593, 2, 88
2022.40322877, 45.1069418557015, 124.905810071818, 131.15837097168, 2009593, 2, 61
2022.40322856, 45.4985541536147, 124.919064238796, 124.391670227051, 2009593, 3, 52
2022.40322856, 45.4983049746181, 124.919029214013, 124.307876586914, 2009593, 3, 66
2022.40322856, 45.4979052208595, 124.918972155973, 124.27303314209, 2009593, 3, 84
2022.40322856, 45.4974673054049, 124.918909861494, 124.261512756348, 2009593, 3, 89
2022.40322856, 45.4971044463144, 124.918859304031, 124.27108001709, 2009593, 3, 89
2022.40322856, 45.496687880594, 124.918802905459, 124.281829833984, 2009593, 3, 89
2022.40322856, 45.4962963864881, 124.918751232568, 124.269989013672, 2009593, 3, 86
2022.40322856, 45.4959190723671, 124.91870185877, 124.300552368164, 2009593, 3, 78
2022.40322856, 45.4955193168819, 124.918649576923, 124.301788330078, 2009593, 3, 63
2022.40322857, 45.4978103955535, 124.91784155538, 124.208305358887, 2009593, 4, 84
2022.40322857, 45.4969030277886, 124.917720737455, 124.200119018555, 2009593, 4, 92
2022.40322857, 45.4959442878413, 124.917592719714, 124.257736206055, 2009593, 4, 82
2022.40322857, 45.4950708988018, 124.917474455924, 124.284019470215, 2009593, 4, 52
2022.40322609, 50.4514400244289, 125.584579822257, 313.314392089844, 2009589, 5, 82
2022.40322609, 50.4512431736099, 125.584550743073, 313.314147949219, 2009589, 5, 82
2022.4032261, 50.4382463243512, 125.582582866982, 312.39453125, 2009589, 5, 55
2022.4032261, 50.4382206092872, 125.58257900875, 312.404327392578, 2009589, 5, 55
2022.4032261, 50.4381884676324, 125.582574143325, 312.427642822266, 2009589, 5, 55
2022.4032261, 50.4381563211259, 125.582569284355, 312.430267333984, 2009589, 5, 55
2022.4032261, 50.4381241674033, 125.582564438095, 312.431182861328, 2009589, 5, 55
2022.4032261, 50.4380920060687, 125.582559602177, 312.423797607422, 2009589, 5, 55
2022.4032261, 50.4380534176814, 125.582553783008, 312.412780761719, 2009589, 5, 55
2022.4032261, 50.4380212523648, 125.5825489454, 312.432922363281, 2009589, 5, 55
2022.4032261, 50.4376611624447, 125.58249496239, 312.3740234375, 2009589, 5, 60
2022.4032261, 50.4376290501227, 125.582490161708, 312.352966308594, 2009589, 5, 60
2022.4032261, 50.437603358711, 125.582486351566, 312.358520507812, 2009589, 5, 60
2022.4032261, 50.4375712594326, 125.582481558904, 312.348754882812, 2009589, 5, 60
2022.4032261, 50.4375391795283, 125.582476737196, 312.371429443359, 2009589, 5, 60
2022.4032261, 50.4375135131894, 125.582472928684, 312.381408691406, 2009589, 5, 60
2022.40322706, 48.5119554551301, 125.298991352735, 210.885467529297, 2009593, 5, 58
2022.40322706, 48.5118217207673, 125.298971316622, 210.833694458008, 2009593, 5, 58
2022.40322856, 45.5049429676394, 124.878750339577, 124.344512939453, 2009593, 5, 74
2022.40322856, 45.5046373173855, 124.878706592944, 124.332740783691, 2009593, 5, 68
2022.40322856, 45.5043380733343, 124.878664043229, 124.369720458984, 2009593, 5, 57
2022.40322856, 45.5041598020792, 124.878639004434, 124.317123413086, 2009593, 5, 54
2022.40322856, 45.5040452015527, 124.878623043294, 124.316986083984, 2009593, 5, 54
2022.40322856, 45.4979034883329, 124.877791486389, 124.909004211426, 2009593, 5, 74
2022.40322856, 45.4974759962248, 124.877735207073, 125.156288146973, 2009593, 5, 78
2022.40322856, 45.4971307759334, 124.877687839994, 125.370826721191, 2009593, 5, 83
2022.40322856, 45.4967857977807, 124.877639590727, 125.428871154785, 2009593, 5, 85
2022.40322856, 45.4964223215671, 124.877588210259, 125.497360229492, 2009593, 5, 85
2022.40322856, 45.4960726277294, 124.877538743558, 125.591133117676, 2009593, 5, 87
2022.40322856, 45.4957238608045, 124.877489912332, 125.656387329102, 2009593, 5, 89
2022.40322856, 45.4953559587661, 124.877439465058, 125.665596008301, 2009593, 5, 89
2022.40322856, 45.4950573400959, 124.877399468053, 125.57982635498, 2009593, 5, 89
2022.40322856, 45.4947131545351, 124.87735443945, 125.624565124512, 2009593, 5, 87
2022.40322856, 45.4943808807524, 124.877311681962, 125.760810852051, 2009593, 5, 86
2022.40322856, 45.4940164136909, 124.877264671322, 125.564575195312, 2009593, 5, 87
2022.40322856, 45.493696771834, 124.877223099029, 125.151634216309, 2009593, 5, 92
2022.40322856, 45.4933331865258, 124.877174220695, 125.314521789551, 2009593, 5, 88
2022.40322856, 45.492995480882, 124.877128198368, 125.158477783203, 2009593, 5, 85
2022.40322856, 45.4925561741451, 124.877067608336, 125.141654968262, 2009593, 5, 84
2022.40322856, 45.4920596862596, 124.876999029797, 125.646018981934, 2009593, 5, 87
2022.40322856, 45.4916136466828, 124.876937907905, 125.644493103027, 2009593, 5, 86
2022.40322856, 45.491083854627, 124.876866074627, 125.540870666504, 2009593, 5, 87
2022.40322857, 45.4907127926283, 124.87681628226, 125.575592041016, 2009593, 5, 88
2022.40322857, 45.4903996695719, 124.876774691616, 125.449600219727, 2009593, 5, 86
2022.40322857, 45.4900299403975, 124.876725841014, 125.857330322266, 2009593, 5, 83
2022.40322857, 45.4891615157993, 124.876611956337, 126.531097412109, 2009593, 5, 76
2022.40322857, 45.4886412312752, 124.876542958457, 126.429244995117, 2009593, 5, 71
2022.40322857, 45.488148893332, 124.876476331892, 126.219848632812, 2009593, 5, 65
2022.40322857, 45.4878030480791, 124.876428736251, 126.114784240723, 2009593, 5, 64
2022.40322857, 45.4873742686104, 124.876369533936, 124.50757598877, 2009593, 5, 65
2022.40322857, 45.487227426882, 124.876349108051, 124.527076721191, 2009593, 5, 65
2022.40322857, 45.4870936978025, 124.876330467663, 124.499816894531, 2009593, 5, 65
2022.40322857, 45.486979129485, 124.876314561175, 124.510284423828, 2009593, 5, 62
2022.40322857, 45.4868455338322, 124.876295986297, 124.488815307617, 2009593, 5, 62
2022.40322857, 45.4866547220353, 124.876269619399, 124.535369873047, 2009593, 5, 61
2022.40322857, 45.4864193786646, 124.8762373219, 124.536224365234, 2009593, 5, 61
2022.40322857, 45.4860056071784, 124.876181346605, 124.492385864258, 2009593, 5, 63
2022.40322857, 45.4855714350123, 124.87612386996, 124.488418579102, 2009593, 5, 70
2022.40322857, 45.4851820928439, 124.876072858777, 124.479385375977, 2009593, 5, 74
2022.40322857, 45.4848125038074, 124.876024485316, 124.499572753906, 2009593, 5, 75
2022.40322857, 45.4842666821546, 124.875952270335, 124.490272521973, 2009593, 5, 64
2022.40322857, 45.483709651306, 124.875877532936, 124.511367797852, 2009593, 5, 69
2022.40322857, 45.4832033732321, 124.875808809404, 124.52384185791, 2009593, 5, 73
2022.40322857, 45.4827273906106, 124.875743674784, 124.515640258789, 2009593, 5, 74
2022.40322857, 45.4823129277208, 124.87568676578, 124.493255615234, 2009593, 5, 76
2022.40322857, 45.4819284560077, 124.875633751099, 124.538703918457, 2009593, 5, 78
2022.40322857, 45.4814915864705, 124.875573641193, 124.500961303711, 2009593, 5, 82
2022.40322857, 45.4810614616694, 124.875514688545, 124.536506652832, 2009593, 5, 84
2022.40322857, 45.4805625710469, 124.875446779623, 124.555648803711, 2009593, 5, 86
2022.40322857, 45.4801805211627, 124.875395109308, 124.571731567383, 2009593, 5, 91
2022.40322857, 45.4796918458233, 124.87532954017, 124.520523071289, 2009593, 5, 93
2022.40322857, 45.4791668498385, 124.875259593516, 124.521591186523, 2009593, 5, 93
2022.40322857, 45.4786141883573, 124.875186735755, 124.549980163574, 2009593, 5, 94
2022.40322857, 45.4780310222026, 124.875110576724, 124.568901062012, 2009593, 5, 94
2022.40322857, 45.47732446557, 124.875018097216, 124.602951049805, 2009593, 5, 94
2022.40322857, 45.4768085131096, 124.874949648676, 124.570068359375, 2009593, 5, 96
2022.40322857, 45.4762644429253, 124.874876316742, 124.609687805176, 2009593, 5, 96
2022.40322857, 45.4757393706007, 124.874804677578, 124.64461517334, 2009593, 5, 95
2022.40322857, 45.4752118291765, 124.874732367606, 124.654983520508, 2009593, 5, 95
2022.40322857, 45.4747072275799, 124.874663611118, 124.667694091797, 2009593, 5, 95
2022.40322857, 45.4741107766558, 124.874583170449, 125.00464630127, 2009593, 5, 96
2022.40322857, 45.4735091615074, 124.874503528703, 124.945854187012, 2009593, 5, 95
2022.40322857, 45.472994482139, 124.874436544542, 124.650909423828, 2009593, 5, 93
2022.40322857, 45.4728109316866, 124.87441267161, 124.668197631836, 2009593, 5, 93
2022.40322857, 45.4723676670243, 124.874354176046, 124.634872436523, 2009593, 5, 89
2022.40322857, 45.4719417979886, 124.87429662468, 124.592468261719, 2009593, 5, 81
2022.40322859, 45.4360610273489, 124.869557862179, 124.883987426758, 2009593, 5, 75
2022.40322859, 45.4356661494283, 124.869502578538, 124.87922668457, 2009593, 5, 88
2022.40322859, 45.4352402601503, 124.869443031468, 124.882835388184, 2009593, 5, 89
2022.40322859, 45.43477055356, 124.869381047534, 124.84937286377, 2009593, 5, 89
2022.40322859, 45.4343013160788, 124.86932152275, 124.849266052246, 2009593, 5, 83
2022.40322859, 45.4339082495565, 124.869270721476, 124.918357849121, 2009593, 5, 53
2022.40322611, 50.4512476534337, 125.583320972527, 313.212066650391, 2009589, 6, 85
2022.40322611, 50.4406779865831, 125.581726049524, 312.483947753906, 2009589, 6, 85
2022.40322611, 50.4405316450068, 125.581703639413, 312.465667724609, 2009589, 6, 85
2022.40322611, 50.4403598682609, 125.581677352172, 312.461120605469, 2009589, 6, 80
2022.40322611, 50.4371449638187, 125.581195370754, 312.310272216797, 2009589, 6, 51
2022.40322611, 50.437031869295, 125.581178237205, 312.297973632812, 2009589, 6, 51
2022.40322611, 50.4369124854789, 125.581160171622, 312.306793212891, 2009589, 6, 82
2022.40322611, 50.4367867429325, 125.581141101935, 312.297088623047, 2009589, 6, 82
2022.40322611, 50.4366671566735, 125.581122950731, 312.274627685547, 2009589, 6, 70
2022.40322611, 50.4364842817701, 125.581095254348, 312.330871582031, 2009589, 6, 53
2022.40322611, 50.4362818475767, 125.581064531439, 312.252838134766, 2009589, 6, 53
2022.40322857, 45.5045878904894, 124.877601083107, 124.250633239746, 2009593, 6, 71
2022.40322857, 45.4964941960468, 124.876515628711, 124.382431030273, 2009593, 6, 69
2022.40322857, 45.4957800556377, 124.876417598186, 124.393516540527, 2009593, 6, 82
2022.40322857, 45.4950512949471, 124.876318086147, 124.412750244141, 2009593, 6, 89
2022.40322857, 45.4945414978018, 124.876251586054, 124.463287353516, 2009593, 6, 89
2022.40322857, 45.4927642461679, 124.87601674964, 124.298309326172, 2009593, 6, 89
2022.40322858, 45.4921204685623, 124.87592993165, 124.313812255859, 2009593, 6, 70
2022.40322858, 45.4902543234572, 124.875687414554, 124.509834289551, 2009593, 6, 72
2022.40322858, 45.4893388782222, 124.875562330123, 125.328125, 2009593, 6, 69
2022.40322858, 45.487563785698, 124.875326053635, 124.461975097656, 2009593, 6, 52
2022.40322858, 45.4870332735346, 124.875257308109, 124.471565246582, 2009593, 6, 52
2022.40322858, 45.4861870105391, 124.875146256189, 124.444435119629, 2009593, 6, 51
2022.40322858, 45.4832439791608, 124.874755287445, 124.459625244141, 2009593, 6, 56
2022.40322858, 45.4815764452322, 124.874536735323, 124.45051574707, 2009593, 6, 68
2022.40322858, 45.480099818222, 124.87434206852, 124.475601196289, 2009593, 6, 90
2022.40322858, 45.4785353725906, 124.874131748201, 124.530265808105, 2009593, 6, 95
2022.40322858, 45.4767403975416, 124.873889836977, 124.542839050293, 2009593, 6, 96
2022.40322858, 45.4730112024036, 124.873400355057, 124.527046203613, 2009593, 6, 70
2022.4032286, 45.4356856208581, 124.868458515433, 125.062408447266, 2009593, 6, 91
