2021.40108662, 45.9849988407929, 123.923888293015, 132.039794921875, 14130, 1, 91
2021.40108678, 46.2986019858249, 123.880360618233, 131.871002197266, 2009593, 1, 63
2021.40108678, 46.2993684633283, 123.880254885375, 131.840148925781, 2009593, 1, 91
2021.40108678, 46.3000771857215, 123.880155475728, 131.861434936523, 2009593, 1, 93
2021.40108678, 46.300846992041, 123.880045215866, 131.830215454102, 2009593, 1, 70
2021.40108678, 46.3016351274445, 123.879934692073, 131.857788085938, 2009593, 1, 72
2021.40108678, 46.3024818419268, 123.879819120744, 131.857299804688, 2009593, 1, 79
2021.40108723, 47.2177787167147, 123.7511671813, 140.982162475586, 2009593, 1, 58
2021.40108724, 47.2185921745919, 123.751053941005, 141.02197265625, 2009593, 1, 96
2021.40108724, 47.2189669615003, 123.751002049224, 141.00895690918, 2009593, 1, 97
2021.40108724, 47.2191893702755, 123.750971066849, 141.039413452148, 2009593, 1, 95
2021.40108724, 47.2197172890174, 123.750896867152, 141.041564941406, 2009593, 1, 94
2021.40108724, 47.2201563470765, 123.750834114957, 141.058837890625, 2009593, 1, 92
2021.40108724, 47.2208816614246, 123.750728467803, 141.047470092773, 2009593, 1, 62
2021.40108724, 47.221333495499, 123.75066289518, 141.052047729492, 2009593, 1, 81
2021.40108724, 47.2218302278447, 123.750592256952, 141.034194946289, 2009593, 1, 86
2021.40108724, 47.2222380686087, 123.750535681909, 141.049163818359, 2009593, 1, 93
2021.40108663, 45.9862072303497, 123.924879196741, 132.024215698242, 14130, 2, 89
2021.40108663, 45.9869577236052, 123.924775432674, 131.998352050781, 14130, 2, 52
2021.40108663, 45.9873077333665, 123.924728233072, 131.967971801758, 14130, 2, 53
2021.40108679, 46.2987970936966, 123.88149950098, 131.888336181641, 2009593, 2, 79
2021.40108679, 46.2989733264262, 123.881474900672, 131.891845703125, 2009593, 2, 79
2021.40108679, 46.2991496373325, 123.881450050175, 131.925521850586, 2009593, 2, 87
2021.40108679, 46.2993261880625, 123.881425205366, 131.942535400391, 2009593, 2, 89
2021.40108679, 46.2995030824515, 123.881400324861, 131.930603027344, 2009593, 2, 91
2021.40108679, 46.2996867382832, 123.88137445183, 131.8466796875, 2009593, 2, 91
2021.40108679, 46.2998708727232, 123.881348478567, 131.912261962891, 2009593, 2, 93
2021.40108679, 46.3000687820988, 123.881320554871, 131.868743896484, 2009593, 2, 93
2021.40108679, 46.3002415305508, 123.881296180689, 131.848190307617, 2009593, 2, 93
2021.40108679, 46.3004273868409, 123.881270150998, 131.858001708984, 2009593, 2, 93
2021.40108679, 46.3006006122419, 123.881246112184, 131.846298217773, 2009593, 2, 88
2021.40108679, 46.3009471512758, 123.881198081584, 131.884841918945, 2009593, 2, 79
2021.40108679, 46.3011139845966, 123.881175095963, 131.859939575195, 2009593, 2, 63
2021.40108679, 46.3013122847892, 123.881147856701, 131.881072998047, 2009593, 2, 59
2021.40108679, 46.301484874142, 123.881124548372, 131.874176025391, 2009593, 2, 59
2021.40108679, 46.3016828235815, 123.881097694486, 131.879211425781, 2009593, 2, 65
2021.40108679, 46.3018614462207, 123.881073314944, 131.854110717773, 2009593, 2, 72
2021.40108679, 46.302065455281, 123.881045542187, 131.867126464844, 2009593, 2, 72
2021.40108679, 46.3022756820217, 123.881016573854, 131.853210449219, 2009593, 2, 75
2021.40108679, 46.3024858545943, 123.880987584817, 131.86491394043, 2009593, 2, 75
2021.40108679, 46.3026705356283, 123.880961819748, 131.837036132812, 2009593, 2, 80
2021.40108679, 46.3028615251385, 123.880934921912, 131.819854736328, 2009593, 2, 81
2021.40108679, 46.3030397755978, 123.880909966352, 131.870483398438, 2009593, 2, 52
2021.40108725, 47.2175376651485, 123.752386220401, 141.025238037109, 2009593, 2, 66
2021.40108725, 47.2177541095394, 123.752355133126, 141.010192871094, 2009593, 2, 66
2021.40108725, 47.2182171688591, 123.75228882551, 141.015258789062, 2009593, 2, 87
2021.40108725, 47.2186484355505, 123.752227697334, 141.074569702148, 2009593, 2, 96
2021.40108725, 47.218870857967, 123.752196400415, 141.067657470703, 2009593, 2, 96
2021.40108725, 47.2189281217726, 123.752188381467, 141.046081542969, 2009593, 2, 96
2021.40108725, 47.2189918008493, 123.75217961715, 141.095489501953, 2009593, 2, 96
2021.40108725, 47.2190936364719, 123.752165281546, 141.051834106445, 2009593, 2, 97
2021.40108725, 47.2191703513528, 123.752154649942, 141.056335449219, 2009593, 2, 97
2021.40108725, 47.2192406987828, 123.752144820873, 140.985626220703, 2009593, 2, 97
2021.40108725, 47.2192983166556, 123.752137046788, 141.053665161133, 2009593, 2, 97
2021.40108725, 47.2193687074487, 123.752127119693, 141.03742980957, 2009593, 2, 97
2021.40108725, 47.2194647682305, 123.75211390347, 141.037338256836, 2009593, 2, 97
2021.40108725, 47.2196313060172, 123.752090819913, 141.060195922852, 2009593, 2, 96
2021.40108725, 47.2197594109699, 123.752073041249, 141.055603027344, 2009593, 2, 95
2021.40108725, 47.2198810670534, 123.752056058771, 141.054077148438, 2009593, 2, 95
2021.40108725, 47.2199578825068, 123.752045370255, 141.045684814453, 2009593, 2, 95
2021.40108725, 47.2200730387852, 123.75202926974, 141.044952392578, 2009593, 2, 89
2021.40108725, 47.2201880913699, 123.752012989595, 141.065628051758, 2009593, 2, 89
2021.40108725, 47.2202966852448, 123.751997772667, 141.055236816406, 2009593, 2, 75
2021.40108725, 47.2203796889208, 123.751985922146, 141.060699462891, 2009593, 2, 75
2021.40108725, 47.220468791283, 123.751973192996, 141.073532104492, 2009593, 2, 75
2021.40108725, 47.2205705136309, 123.75195840181, 141.082992553711, 2009593, 2, 66
2021.40108725, 47.2206912546131, 123.751941065595, 141.07551574707, 2009593, 2, 66
2021.40108725, 47.2208182353438, 123.751922635301, 141.077270507812, 2009593, 2, 76
2021.40108725, 47.2209515125205, 123.751903454849, 141.056289672852, 2009593, 2, 76
2021.40108725, 47.2210783890161, 123.751885122421, 141.061660766602, 2009593, 2, 81
2021.40108725, 47.2211798811227, 123.751870535596, 141.071655273438, 2009593, 2, 81
2021.40108725, 47.221281364619, 123.751855917954, 141.032379150391, 2009593, 2, 81
2021.40108725, 47.2213955518293, 123.75183954924, 141.062164306641, 2009593, 2, 81
2021.40108725, 47.2215288228695, 123.751820626786, 141.079559326172, 2009593, 2, 83
2021.40108725, 47.2216494218043, 123.75180352598, 141.027435302734, 2009593, 2, 83
2021.40108725, 47.221763851968, 123.751787537393, 141.068725585938, 2009593, 2, 86
2021.40108725, 47.2218719578969, 123.751772377792, 141.062408447266, 2009593, 2, 86
2021.40108725, 47.2219483166125, 123.751761853612, 141.078201293945, 2009593, 2, 86
2021.40108725, 47.2220183332747, 123.751752247304, 141.076919555664, 2009593, 2, 92
2021.40108725, 47.2220756171999, 123.751744258778, 141.053359985352, 2009593, 2, 92
2021.40108725, 47.2221201967105, 123.751738187757, 141.017303466797, 2009593, 2, 92
2021.40108725, 47.2222093422408, 123.751725812315, 141.04817199707, 2009593, 2, 92
2021.40108725, 47.2223112521621, 123.751711655102, 141.035568237305, 2009593, 2, 86
2021.40108725, 47.2223749575623, 123.75170279305, 141.043838500977, 2009593, 2, 86
2021.40108725, 47.2224195714543, 123.751696720425, 141.008651733398, 2009593, 2, 86
2021.40108892, 50.5798520477001, 123.257892326697, 482.524536132812, 2002008, 2, 57
2021.40109029, 53.3209532745282, 122.823459911508, 363.273010253906, 2009603, 2, 89
2021.40108648, 45.7130520475055, 124.002919645218, 131.087600708008, 14177, 3, 98
2021.40108648, 45.7144478046818, 124.002730557949, 131.081832885742, 14177, 3, 98
2021.40108649, 45.7173736856687, 124.002329313302, 131.078659057617, 14177, 3, 98
2021.40108649, 45.7194009514636, 124.002052363151, 131.070159912109, 14177, 3, 97
2021.40108649, 45.7203972623437, 124.00191213218, 130.786529541016, 14177, 3, 98
2021.40108651, 45.7730925914075, 123.994697437645, 128.187759399414, 2009593, 3, 92
2021.40108651, 45.7742652791761, 123.994536274597, 128.219329833984, 2009593, 3, 69
2021.40108659, 45.9167591360371, 123.974976291432, 129.081680297852, 2009593, 3, 68
2021.40108659, 45.9174600270645, 123.974880022245, 129.124130249023, 2009593, 3, 82
2021.40108659, 45.9203550339736, 123.974482825, 129.102523803711, 2009593, 3, 93
2021.40108659, 45.9213082619354, 123.974349381474, 129.140609741211, 2009593, 3, 65
2021.40108661, 45.9691926222076, 123.967765495859, 129.303787231445, 2009593, 3, 70
2021.40108661, 45.9697894054294, 123.96768425413, 129.332580566406, 2009593, 3, 94
2021.40108661, 45.9701142578107, 123.967639148823, 129.237899780273, 2009593, 3, 94
2021.40108661, 45.9702742557134, 123.96761623812, 129.310562133789, 2009593, 3, 94
2021.40108661, 45.9714943180593, 123.967444482702, 129.292129516602, 2009593, 3, 95
2021.40108675, 46.2428273434043, 123.930014920621, 131.229309082031, 2009593, 3, 72
2021.40108675, 46.2429672644921, 123.929995828883, 131.234130859375, 2009593, 3, 74
2021.40108675, 46.2430817914524, 123.929980102785, 131.249633789062, 2009593, 3, 74
2021.40108675, 46.2432154528946, 123.929961825513, 131.207107543945, 2009593, 3, 74
2021.40108675, 46.2433428000217, 123.9299443749, 131.213424682617, 2009593, 3, 74
2021.40108675, 46.2434701958414, 123.929926902207, 131.20166015625, 2009593, 3, 74
2021.40108675, 46.2436103921617, 123.929907571675, 131.226470947266, 2009593, 3, 78
2021.40108675, 46.2438143267013, 123.929879690467, 131.41291809082, 2009593, 3, 67
2021.40108676, 46.2708845786224, 123.926133476066, 132.033721923828, 2009593, 3, 52
2021.40108676, 46.2710176854829, 123.926115273287, 132.064270019531, 2009593, 3, 52
2021.40108676, 46.2711951193948, 123.926090992036, 131.526641845703, 2009593, 3, 52
2021.40108676, 46.2714866748315, 123.926051109584, 131.519943237305, 2009593, 3, 67
2021.40108676, 46.2717658134477, 123.926013049756, 131.489730834961, 2009593, 3, 72
2021.40108676, 46.272039153833, 123.925975697856, 131.514892578125, 2009593, 3, 73
2021.40108676, 46.2723385813009, 123.925934743082, 131.48844909668, 2009593, 3, 75
2021.40108676, 46.2725936516138, 123.925899604269, 131.487945556641, 2009593, 3, 75
2021.40108676, 46.2728424343787, 123.925865076436, 131.465240478516, 2009593, 3, 72
2021.40108676, 46.2730082796732, 123.925841930328, 131.445983886719, 2009593, 3, 65
2021.40108676, 46.2734926570456, 123.925773441686, 131.595428466797, 2009593, 3, 64
2021.40108676, 46.273976338033, 123.925705072386, 131.524993896484, 2009593, 3, 64
2021.40108676, 46.2773685304196, 123.925235897214, 131.372192382812, 2009593, 3, 62
2021.40108724, 47.2267195681104, 123.792579564538, 141.311218261719, 2009593, 3, 82
2021.40108724, 47.2288380779814, 123.79227894251, 141.299163818359, 2009593, 3, 95
2021.40108724, 47.231532868267, 123.791902368215, 141.355422973633, 2009593, 3, 94
2021.40108724, 47.2345422547729, 123.791474767493, 141.385467529297, 2009593, 3, 95
2021.40108724, 47.2353964803436, 123.791355607147, 141.33625793457, 2009593, 3, 95
2021.40108724, 47.2356574753178, 123.791319131313, 141.371536254883, 2009593, 3, 95
2021.40108724, 47.2358293281513, 123.791294721438, 141.347137451172, 2009593, 3, 95
2021.40108724, 47.2359820852507, 123.791272941878, 141.389678955078, 2009593, 3, 95
2021.40108724, 47.2361284849058, 123.791252016271, 141.371566772461, 2009593, 3, 95
2021.40108724, 47.2362812659108, 123.791230186054, 141.361618041992, 2009593, 3, 94
2021.40108724, 47.236421341679, 123.791210139392, 141.345275878906, 2009593, 3, 94
2021.40108724, 47.2365550748742, 123.791191055411, 141.345855712891, 2009593, 3, 95
2021.40108724, 47.2367015767207, 123.79117013939, 141.378051757812, 2009593, 3, 95
2021.40108724, 47.2368735945738, 123.791145719152, 141.358749389648, 2009593, 3, 88
2021.40108724, 47.2370392919042, 123.791122270179, 141.362945556641, 2009593, 3, 66
2021.40108724, 47.2371859387285, 123.791101687548, 141.354339599609, 2009593, 3, 66
2021.40108724, 47.2383202245278, 123.790943872776, 141.297119140625, 2009593, 3, 64
2021.40108724, 47.239845248715, 123.790729237188, 141.376708984375, 2009593, 3, 88
2021.40108724, 47.2400231659699, 123.790703882444, 141.348281860352, 2009593, 3, 86
2021.40108724, 47.2406213212258, 123.790619555531, 141.397430419922, 2009593, 3, 83
2021.40108724, 47.241010448866, 123.790565918345, 141.392196655273, 2009593, 3, 82
2021.40108724, 47.2415979287133, 123.790485616938, 141.403762817383, 2009593, 3, 94
2021.40108725, 47.2422986074762, 123.790386247042, 141.373336791992, 2009593, 3, 94
2021.40108725, 47.2424891886083, 123.790358186049, 141.400009155273, 2009593, 3, 94
2021.40108725, 47.2426479934467, 123.790334836176, 141.397598266602, 2009593, 3, 94
2021.40108725, 47.2428259013905, 123.790308635247, 141.468338012695, 2009593, 3, 95
2021.40108725, 47.2431883859871, 123.790255606309, 141.471878051758, 2009593, 3, 95
2021.40108725, 47.2436028231789, 123.790196506072, 141.44645690918, 2009593, 3, 96
2021.40108725, 47.243794383952, 123.790169702373, 141.453170776367, 2009593, 3, 97
2021.40108725, 47.2439795042809, 123.790143931978, 141.357864379883, 2009593, 3, 97
2021.40108725, 47.2441326095455, 123.790122731444, 141.42301940918, 2009593, 3, 96
2021.40108725, 47.2443747670227, 123.790089137409, 141.43440246582, 2009593, 3, 96
2021.40108725, 47.2449208183082, 123.790012814546, 141.44677734375, 2009593, 3, 95
2021.40108728, 47.3091309767522, 123.780951978838, 144.29182434082, 1350618, 3, 80
2021.40108728, 47.3094226695173, 123.780911259939, 144.261810302734, 1350618, 3, 92
2021.40108728, 47.3099700276491, 123.780834943068, 144.248245239258, 1350618, 3, 83
2021.40108728, 47.3101551134436, 123.780808867758, 144.208023071289, 1350618, 3, 76
2021.40108728, 47.3103978881139, 123.780774283184, 144.234909057617, 1350618, 3, 56
2021.40108889, 50.5513589957141, 123.30660461153, 473.247985839844, 2002008, 3, 51
2021.40108649, 45.7078397292181, 124.004802047161, 131.093826293945, 14177, 4, 87
2021.40108649, 45.7084491479305, 124.004716511222, 131.077423095703, 14177, 4, 96
2021.40108649, 45.7103740523332, 124.004445189322, 131.089477539062, 14177, 4, 97
2021.40108649, 45.710947398448, 124.004369166737, 131.106948852539, 14177, 4, 98
2021.40108649, 45.7116607522557, 124.004274901995, 131.058395385742, 14177, 4, 98
2021.40108649, 45.7122073138113, 124.004201204656, 131.086166381836, 14177, 4, 98
2021.40108649, 45.7126647836939, 124.004138199237, 131.083892822266, 14177, 4, 98
2021.40108649, 45.7131735182051, 124.004066556374, 131.101226806641, 14177, 4, 98
2021.40108649, 45.7139572174084, 124.003955927672, 131.128967285156, 14177, 4, 98
2021.4010865, 45.7143848685732, 124.003897065441, 131.142913818359, 14177, 4, 98
2021.4010865, 45.7148764864281, 124.003829895559, 131.110015869141, 14177, 4, 98
2021.4010865, 45.7168568526552, 124.00355325054, 131.104446411133, 14177, 4, 98
2021.4010865, 45.7190383129063, 124.003262463883, 131.074829101562, 14177, 4, 98
2021.40108652, 45.7739953257246, 123.995741818307, 128.238662719727, 2009593, 4, 66
2021.40108652, 45.7742237578047, 123.995710700753, 128.231842041016, 2009593, 4, 77
2021.40108652, 45.7745415396603, 123.995666453425, 128.223892211914, 2009593, 4, 90
2021.40108653, 45.7748858288402, 123.995617586135, 128.246215820312, 2009593, 4, 93
2021.40108653, 45.7751673240382, 123.995577134429, 128.221572875977, 2009593, 4, 92
2021.40108653, 45.7754500275187, 123.995536158245, 128.200241088867, 2009593, 4, 90
2021.40108653, 45.775726931502, 123.995496089375, 128.241256713867, 2009593, 4, 72
2021.4010866, 45.916767322728, 123.976144044051, 129.195220947266, 2009593, 4, 90
2021.4010866, 45.9171433156871, 123.976093200671, 129.211608886719, 2009593, 4, 91
2021.4010866, 45.9177435357623, 123.976012022443, 129.239395141602, 2009593, 4, 89
2021.40108676, 46.2427656901539, 123.931199753346, 131.192672729492, 2009593, 4, 69
2021.40108676, 46.2427973328113, 123.931195293626, 131.239639282227, 2009593, 4, 69
2021.40108676, 46.2428289684387, 123.931190821638, 131.231353759766, 2009593, 4, 69
2021.40108676, 46.2428606127001, 123.931186422828, 131.258972167969, 2009593, 4, 69
2021.40108676, 46.24289224044, 123.93118194427, 131.246963500977, 2009593, 4, 69
2021.40108676, 46.2429301944243, 123.931176580868, 131.224533081055, 2009593, 4, 69
2021.40108676, 46.2429744663968, 123.931170274294, 131.254409790039, 2009593, 4, 69
2021.40108676, 46.2430124308741, 123.931164980314, 131.220321655273, 2009593, 4, 76
2021.40108676, 46.2430503860119, 123.931159619605, 131.233245849609, 2009593, 4, 76
2021.40108676, 46.2430883427656, 123.93115424338, 131.258926391602, 2009593, 4, 76
2021.40108676, 46.2431262941224, 123.931148815763, 131.256958007812, 2009593, 4, 76
2021.40108676, 46.243157945675, 123.93114442254, 131.162399291992, 2009593, 4, 76
2021.40108676, 46.2431959052339, 123.931138969481, 131.206893920898, 2009593, 4, 76
2021.40108676, 46.2432275700617, 123.931134592381, 131.18913269043, 2009593, 4, 76
2021.40108676, 46.2432655623945, 123.931129250379, 131.239944458008, 2009593, 4, 76
2021.40108676, 46.2433098802507, 123.931122898429, 131.201889038086, 2009593, 4, 76
2021.40108676, 46.2433478887322, 123.931117526115, 131.165328979492, 2009593, 4, 76
2021.40108676, 46.2433859123044, 123.931112161804, 131.193923950195, 2009593, 4, 76
2021.40108676, 46.2434239462383, 123.93110678023, 131.195755004883, 2009593, 4, 76
2021.40108676, 46.2434619972579, 123.931101426579, 131.215942382812, 2009593, 4, 76
2021.40108676, 46.2435127576311, 123.931094297662, 131.236663818359, 2009593, 4, 69
2021.40108676, 46.2435889286919, 123.931083477856, 131.181533813477, 2009593, 4, 69
2021.40108678, 46.2785744342639, 123.92624171499, 131.357177734375, 2009593, 4, 58
2021.40108678, 46.2786380477342, 123.926232407565, 131.410858154297, 2009593, 4, 58
2021.40108678, 46.2786889355458, 123.926224931781, 131.421325683594, 2009593, 4, 58
2021.40108678, 46.2787462044449, 123.926216669647, 131.409912109375, 2009593, 4, 58
2021.40108678, 46.2788214322811, 123.926205733522, 131.345489501953, 2009593, 4, 68
2021.40108725, 47.2278898761755, 123.793611276832, 141.325942993164, 2009593, 4, 68
2021.40108725, 47.2280240154175, 123.793592321143, 141.31135559082, 2009593, 4, 71
2021.40108725, 47.2281072735182, 123.793580828588, 141.305435180664, 2009593, 4, 71
2021.40108725, 47.2281649364135, 123.793572890494, 141.290222167969, 2009593, 4, 71
2021.40108725, 47.2282226175838, 123.793564952757, 141.295623779297, 2009593, 4, 71
2021.40108725, 47.2282802970604, 123.793556918835, 141.292770385742, 2009593, 4, 71
2021.40108725, 47.2283315944315, 123.793549904505, 141.334686279297, 2009593, 4, 71
2021.40108725, 47.2284277700123, 123.7935366114, 141.362167358398, 2009593, 4, 71
2021.40108725, 47.2285303660535, 123.793522398669, 141.349578857422, 2009593, 4, 71
2021.40108725, 47.2286137257626, 123.793510887968, 141.362945556641, 2009593, 4, 71
2021.40108725, 47.2287098965361, 123.793497564519, 141.383026123047, 2009593, 4, 88
2021.40108725, 47.2288444986484, 123.793478950075, 141.407333374023, 2009593, 4, 86
2021.40108725, 47.2290174156629, 123.79345477153, 141.411254882812, 2009593, 4, 88
2021.40108725, 47.229337158862, 123.793409776047, 141.379196166992, 2009593, 4, 89
2021.40108725, 47.2305646349451, 123.793232114841, 141.332611083984, 2009593, 4, 84
2021.40108725, 47.2309018793824, 123.793184059073, 141.250732421875, 2009593, 4, 79
2021.40108725, 47.2320777786987, 123.79301907635, 141.228515625, 2009593, 4, 53
2021.40108725, 47.2328826458442, 123.792907600221, 141.293792724609, 2009593, 4, 62
2021.40108725, 47.2330664634147, 123.792882424846, 141.349822998047, 2009593, 4, 60
2021.40108725, 47.2332310573604, 123.792859995232, 141.332275390625, 2009593, 4, 60
2021.40108725, 47.2333830900086, 123.792839397193, 141.314834594727, 2009593, 4, 58
2021.40108725, 47.2339354813489, 123.792764300544, 141.309478759766, 2009593, 4, 57
2021.40108725, 47.2343945239377, 123.792700685728, 141.332534790039, 2009593, 4, 55
2021.40108725, 47.2351507302809, 123.792592597302, 141.264373779297, 2009593, 4, 56
2021.40108725, 47.2363293675433, 123.792420634738, 141.328796386719, 2009593, 4, 60
2021.40108725, 47.2371628035205, 123.792302663065, 141.319366455078, 2009593, 4, 59
2021.40108726, 47.2438140976652, 123.791365139122, 141.449798583984, 2009593, 4, 53
2021.40108726, 47.2439147327937, 123.791351181927, 141.427551269531, 2009593, 4, 53
2021.40108726, 47.2439964630983, 123.791339863377, 141.397262573242, 2009593, 4, 53
2021.40108726, 47.2440467499255, 123.791332907514, 141.398590087891, 2009593, 4, 61
2021.40108726, 47.2440844594138, 123.791327673554, 141.375244140625, 2009593, 4, 61
2021.40108726, 47.2441158608555, 123.79132316908, 141.351776123047, 2009593, 4, 61
2021.40108726, 47.244141008081, 123.791319742806, 141.388381958008, 2009593, 4, 61
2021.40108726, 47.2441786928049, 123.791314385212, 141.388107299805, 2009593, 4, 61
2021.40108726, 47.2442163895636, 123.791309085195, 141.399795532227, 2009593, 4, 61
2021.40108726, 47.2442980672694, 123.791297579367, 141.443572998047, 2009593, 4, 62
2021.40108726, 47.2443671787675, 123.79128776952, 141.378692626953, 2009593, 4, 62
2021.40108726, 47.2443986060767, 123.791283362594, 141.410263061523, 2009593, 4, 62
2021.40108726, 47.2444363036931, 123.791277932394, 141.349960327148, 2009593, 4, 62
2021.40108726, 47.2444677419646, 123.791273531621, 141.397506713867, 2009593, 4, 62
2021.40108726, 47.2444991682355, 123.79126901887, 141.359085083008, 2009593, 4, 62
2021.40108726, 47.2445305008196, 123.79126479496, 141.395126342773, 2009593, 4, 62
2021.40108726, 47.2445682600571, 123.791259181625, 141.37532043457, 2009593, 4, 62
2021.40108726, 47.2445997427075, 123.791254584209, 141.399749755859, 2009593, 4, 62
2021.40108726, 47.2446312286919, 123.791249956373, 141.394393920898, 2009593, 4, 79
2021.40108726, 47.2446627333393, 123.791245418392, 141.412155151367, 2009593, 4, 79
2021.40108726, 47.2447005176406, 123.791239770153, 141.38249206543, 2009593, 4, 79
2021.40108726, 47.2447383347418, 123.791234280197, 141.396682739258, 2009593, 4, 79
2021.40108726, 47.2447887469783, 123.791226815669, 141.356170654297, 2009593, 4, 85
2021.40108726, 47.2448328781145, 123.791220315663, 141.35888671875, 2009593, 4, 85
2021.40108726, 47.2448833234412, 123.791212851036, 141.397338867188, 2009593, 4, 85
2021.40108726, 47.2449211751614, 123.79120730602, 141.364685058594, 2009593, 4, 85
2021.40108726, 47.2449590329453, 123.791201734021, 141.35823059082, 2009593, 4, 85
2021.40108726, 47.2450031986725, 123.791195165865, 141.399002075195, 2009593, 4, 89
2021.40108726, 47.2450600161996, 123.791186795947, 141.428558349609, 2009593, 4, 89
2021.40108726, 47.245167400485, 123.791171042327, 141.425415039062, 2009593, 4, 89
2021.40108726, 47.2452495798626, 123.791159100182, 141.455154418945, 2009593, 4, 89
2021.40108726, 47.2453444512821, 123.791145306214, 141.471237182617, 2009593, 4, 93
2021.40108726, 47.2454837130988, 123.791125243393, 141.469268798828, 2009593, 4, 93
2021.40108726, 47.2465642652898, 123.790979491838, 141.409561157227, 2009593, 4, 96
2021.40108652, 45.7880742717081, 124.034126005772, 129.424789428711, 2009593, 5, 54
2021.40108652, 45.788874056106, 124.034013818088, 128.39697265625, 2009593, 5, 71
2021.40108652, 45.7896389153461, 124.033909561574, 128.414566040039, 2009593, 5, 59
2021.40108653, 45.8195390991068, 124.0298319376, 128.586502075195, 2009593, 5, 89
2021.40108654, 45.8204921520076, 124.029702968554, 128.628189086914, 2009593, 5, 94
2021.40108654, 45.8214428591727, 124.029573544754, 128.601043701172, 2009593, 5, 93
2021.40108654, 45.8224429449675, 124.029437444544, 128.588363647461, 2009593, 5, 93
2021.40108654, 45.8234359798895, 124.029301424715, 128.585571289062, 2009593, 5, 93
2021.40108654, 45.824249933794, 124.029188828881, 128.55696105957, 2009593, 5, 94
2021.40108654, 45.825170618128, 124.029063414, 128.582382202148, 2009593, 5, 93
2021.40108654, 45.8261653793496, 124.028930317771, 128.61344909668, 2009593, 5, 93
2021.40108654, 45.8271187496159, 124.028800019231, 128.619430541992, 2009593, 5, 82
2021.40108654, 45.8279327363354, 124.028689806017, 128.656768798828, 2009593, 5, 59
2021.40108663, 46.0202873545748, 124.002387428879, 129.605728149414, 2009593, 5, 72
2021.40108663, 46.0206641563766, 124.002334253413, 129.583221435547, 2009593, 5, 68
2021.40108665, 46.0574101765314, 123.997302041554, 130.010192871094, 2009593, 5, 58
2021.40108665, 46.0582875132135, 123.997181800959, 129.993316650391, 2009593, 5, 54
2021.40108665, 46.0586877762693, 123.997126199818, 130.0283203125, 2009593, 5, 70
2021.40108665, 46.0590693110736, 123.9970728557, 130.044372558594, 2009593, 5, 77
2021.40108665, 46.0595088085315, 123.997011236089, 130.011352539062, 2009593, 5, 83
2021.40108665, 46.0598467545359, 123.99696399935, 130.012664794922, 2009593, 5, 89
2021.40108665, 46.0604075965197, 123.996886602621, 130.012451171875, 2009593, 5, 90
2021.40108666, 46.061526914791, 123.996736202919, 130.021255493164, 2009593, 5, 94
2021.40108666, 46.0619855474709, 123.996674923952, 130.029327392578, 2009593, 5, 94
2021.40108666, 46.0623173482701, 123.996630250304, 130.010147094727, 2009593, 5, 93
2021.40108666, 46.0626173820747, 123.996589265177, 130.032836914062, 2009593, 5, 93
2021.40108666, 46.062853583837, 123.996556523093, 130.034164428711, 2009593, 5, 93
2021.40108666, 46.0630705860945, 123.996526185134, 130.015960693359, 2009593, 5, 93
2021.40108666, 46.0632619306069, 123.99649879245, 130.01399230957, 2009593, 5, 93
2021.40108666, 46.0634468178207, 123.996472251353, 130.008377075195, 2009593, 5, 93
2021.40108666, 46.0636061420321, 123.99644938511, 130.023452758789, 2009593, 5, 93
2021.40108666, 46.063759045415, 123.996427488441, 130.018081665039, 2009593, 5, 93
2021.40108666, 46.0639437452133, 123.99640117958, 130.005386352539, 2009593, 5, 93
2021.40108666, 46.0641156541589, 123.996376894047, 129.975341796875, 2009593, 5, 92
2021.40108666, 46.0642429693558, 123.996359046079, 129.982421875, 2009593, 5, 92
2021.40108666, 46.0643766365184, 123.996340429871, 129.9794921875, 2009593, 5, 87
2021.40108666, 46.0644975256925, 123.9963239746, 129.982406616211, 2009593, 5, 87
2021.40108666, 46.0646120457917, 123.996308488617, 129.977493286133, 2009593, 5, 78
2021.40108666, 46.0647202133151, 123.996293913514, 129.992752075195, 2009593, 5, 78
2021.40108666, 46.0648283826865, 123.996279405496, 130.005752563477, 2009593, 5, 67
2021.40108666, 46.0649620247155, 123.996261513638, 130.078216552734, 2009593, 5, 67
2021.40108667, 46.0897719742997, 123.992864908496, 130.188629150391, 2009593, 5, 53
2021.40108667, 46.0904406176002, 123.992772232992, 130.221252441406, 2009593, 5, 73
2021.40108667, 46.0907589685003, 123.992728522573, 130.139129638672, 2009593, 5, 59
2021.40108668, 46.1036825787667, 123.99096260866, 130.27783203125, 2009593, 5, 64
2021.40108668, 46.1040961982874, 123.990905105006, 130.257171630859, 2009593, 5, 78
2021.40108668, 46.1044395841352, 123.990856304651, 130.216339111328, 2009593, 5, 82
2021.40108668, 46.1048527720952, 123.990797948768, 130.239593505859, 2009593, 5, 89
2021.40108668, 46.1051945308512, 123.990750863878, 130.25016784668, 2009593, 5, 89
2021.4010867, 46.1431012484223, 123.985548055469, 130.547698974609, 2009593, 5, 85
2021.4010867, 46.1434000273626, 123.985507521494, 130.543869018555, 2009593, 5, 88
2021.4010867, 46.1436800041174, 123.985469714746, 130.542434692383, 2009593, 5, 91
2021.4010867, 46.1451536028263, 123.985266566335, 130.553497314453, 2009593, 5, 88
2021.4010867, 46.1456127072808, 123.985202065081, 130.532424926758, 2009593, 5, 60
2021.4010867, 46.1610199916647, 123.983087949747, 130.674163818359, 2009593, 5, 69
2021.40108671, 46.1615936834661, 123.983012423996, 130.681579589844, 2009593, 5, 90
2021.40108671, 46.1623386580325, 123.982912329902, 130.668075561523, 2009593, 5, 94
2021.40108671, 46.1631715160238, 123.982793123956, 130.685348510742, 2009593, 5, 71
2021.40108671, 46.1675349680831, 123.982190863395, 130.66828918457, 2009593, 5, 74
2021.40108673, 46.2179318769043, 123.975268013565, 130.958953857422, 1355130, 5, 89
2021.40108673, 46.2187180456382, 123.975161923108, 130.973495483398, 1355130, 5, 54
2021.40108674, 46.2261534089327, 123.974139715694, 131.197326660156, 1355130, 5, 63
2021.40108724, 47.229215248439, 123.834846664035, 141.991622924805, 2009593, 5, 54
2021.40108724, 47.2294759200995, 123.834810420259, 141.978881835938, 2009593, 5, 52
2021.40108724, 47.229946038398, 123.83474602663, 141.919784545898, 2009593, 5, 54
2021.40108724, 47.2301810038839, 123.834713788426, 141.929428100586, 2009593, 5, 58
2021.40108724, 47.2328048242845, 123.834349674137, 141.638748168945, 2009593, 5, 74
2021.40108724, 47.2330406607099, 123.834316661174, 141.642929077148, 2009593, 5, 84
2021.40108724, 47.2332189074623, 123.834291297078, 141.638626098633, 2009593, 5, 84
2021.40108724, 47.2334030534463, 123.834264197156, 141.647506713867, 2009593, 5, 93
2021.40108724, 47.2336124743609, 123.834233091178, 141.691452026367, 2009593, 5, 94
2021.40108724, 47.2338789649001, 123.834193454006, 141.701782226562, 2009593, 5, 95
2021.40108724, 47.2341456202341, 123.834153988793, 141.674819946289, 2009593, 5, 96
2021.40108724, 47.2344252356839, 123.834113046719, 141.69206237793, 2009593, 5, 96
2021.40108724, 47.2346355720136, 123.834083420135, 141.67138671875, 2009593, 5, 96
2021.40108724, 47.2348078177886, 123.834059428513, 141.677703857422, 2009593, 5, 96
2021.40108724, 47.2350312355051, 123.834028598955, 141.678970336914, 2009593, 5, 96
2021.40108724, 47.2352291552723, 123.834001554766, 141.677337646484, 2009593, 5, 96
2021.40108724, 47.2354270601945, 123.833974569227, 141.662811279297, 2009593, 5, 96
2021.40108724, 47.235618505809, 123.8339484573, 141.675857543945, 2009593, 5, 96
2021.40108724, 47.2359690136334, 123.833900147868, 141.66325378418, 2009593, 5, 95
2021.40108724, 47.2363380260128, 123.833848838319, 141.674545288086, 2009593, 5, 96
2021.40108724, 47.2367384019166, 123.833792897585, 141.667190551758, 2009593, 5, 95
2021.40108724, 47.2370432656343, 123.833750231709, 141.653182983398, 2009593, 5, 76
2021.40108724, 47.2373798758411, 123.833703422383, 141.658645629883, 2009593, 5, 70
2021.40108724, 47.2378753836876, 123.833634010091, 141.684982299805, 2009593, 5, 51
2021.40108728, 47.3096213528705, 123.823571340919, 142.300140380859, 2009593, 5, 72
2021.40108728, 47.3097366164791, 123.823554907523, 142.301498413086, 2009593, 5, 72
2021.40108728, 47.3099480804381, 123.82352451579, 142.34748840332, 2009593, 5, 90
2021.40108728, 47.3103261092522, 123.823469509889, 142.331207275391, 2009593, 5, 96
2021.40108728, 47.3106968702414, 123.823415233985, 142.349380493164, 2009593, 5, 96
2021.40108728, 47.3109578930205, 123.823377136608, 142.355773925781, 2009593, 5, 94
2021.40108728, 47.3111544759113, 123.823348611795, 142.322906494141, 2009593, 5, 92
2021.40108728, 47.3113191378462, 123.823324857915, 142.340621948242, 2009593, 5, 92
2021.40108728, 47.3115026405476, 123.823298665549, 142.354278564453, 2009593, 5, 84
2021.40108728, 47.3116291653363, 123.823280694858, 142.316741943359, 2009593, 5, 84
2021.40108728, 47.3117430294722, 123.823264673737, 142.318176269531, 2009593, 5, 84
2021.40108728, 47.3118505967416, 123.823249601365, 142.322738647461, 2009593, 5, 70
2021.40108728, 47.3119392079957, 123.823237249813, 142.378143310547, 2009593, 5, 70
2021.40108729, 47.32666129806, 123.821174895568, 143.587554931641, 2009593, 5, 96
2021.40108729, 47.3273848847892, 123.821072083109, 143.577728271484, 2009593, 5, 95
2021.40108729, 47.3291972241771, 123.820813955684, 143.661026000977, 2009593, 5, 94
2021.4010873, 47.3512800360371, 123.817716467495, 143.892684936523, 2009593, 5, 84
2021.4010873, 47.3514964147872, 123.817686812492, 143.919570922852, 2009593, 5, 84
2021.4010873, 47.352211208079, 123.817588500349, 143.921615600586, 2009593, 5, 93
2021.4010873, 47.3527723998826, 123.817509884226, 143.899978637695, 2009593, 5, 92
2021.4010873, 47.3530584623563, 123.817469111035, 143.918380737305, 2009593, 5, 88
2021.4010873, 47.3533123663853, 123.817432655763, 143.928161621094, 2009593, 5, 85
2021.4010873, 47.353782160285, 123.817365295308, 143.963577270508, 2009593, 5, 70
2021.40108889, 50.5474082672837, 123.352761521002, 467.104339599609, 2002008, 5, 70
2021.40108889, 50.5477446419251, 123.352709214974, 467.073211669922, 2002008, 5, 78
2021.40108653, 45.7891870874924, 124.035206716462, 128.408020019531, 2009593, 6, 69
2021.40108653, 45.7893405128798, 124.035186485429, 128.324905395508, 2009593, 6, 74
2021.40108653, 45.789558007153, 124.035157871096, 128.319290161133, 2009593, 6, 75
2021.40108653, 45.7898395223843, 124.035120624984, 128.313232421875, 2009593, 6, 77
2021.40108653, 45.7900697427742, 124.035089822403, 128.354675292969, 2009593, 6, 73
2021.40108653, 45.7903061160152, 124.035057722237, 128.356719970703, 2009593, 6, 64
2021.40108653, 45.7905548858226, 124.03502328963, 128.316299438477, 2009593, 6, 64
2021.40108654, 45.8174745317888, 124.031352448237, 128.536666870117, 2009593, 6, 63
2021.40108654, 45.8176723942335, 124.031324055006, 128.509078979492, 2009593, 6, 80
2021.40108654, 45.8178384348465, 124.031300272107, 128.505416870117, 2009593, 6, 90
2021.40108654, 45.818030041163, 124.031273029757, 128.499374389648, 2009593, 6, 93
2021.40108654, 45.8182407213811, 124.031243427104, 128.530197143555, 2009593, 6, 93
2021.40108654, 45.8184193348975, 124.031218707295, 128.521118164062, 2009593, 6, 93
2021.40108655, 45.8186103954378, 124.03119292349, 128.535995483398, 2009593, 6, 94
2021.40108655, 45.8188010182385, 124.031168066207, 128.524978637695, 2009593, 6, 95
2021.40108655, 45.8189914942146, 124.03114341486, 128.538391113281, 2009593, 6, 95
2021.40108655, 45.8191818489943, 124.031118651729, 128.496612548828, 2009593, 6, 95
2021.40108655, 45.8193594841284, 124.031095424055, 128.520843505859, 2009593, 6, 95
2021.40108655, 45.8195244332323, 124.031073560569, 128.511047363281, 2009593, 6, 95
2021.40108655, 45.8196957742912, 124.031050522399, 128.51155090332, 2009593, 6, 95
2021.40108655, 45.8199053845165, 124.031021405766, 128.51106262207, 2009593, 6, 94
2021.40108655, 45.8200834492715, 124.030995851873, 128.500854492188, 2009593, 6, 95
2021.40108655, 45.8202807007875, 124.030967428441, 128.497909545898, 2009593, 6, 94
2021.40108655, 45.8204907921148, 124.030937251643, 128.512283325195, 2009593, 6, 94
2021.40108655, 45.8206946041598, 124.030908256686, 128.510635375977, 2009593, 6, 94
2021.40108655, 45.820892124998, 124.030880635703, 128.515487670898, 2009593, 6, 93
2021.40108655, 45.8210833391478, 124.030854336517, 128.53955078125, 2009593, 6, 91
2021.40108655, 45.8212616866044, 124.030831189669, 128.513305664062, 2009593, 6, 90
2021.40108655, 45.8214209939212, 124.030810765136, 128.529190063477, 2009593, 6, 90
2021.40108655, 45.8215994981272, 124.030787924111, 128.508148193359, 2009593, 6, 90
2021.40108655, 45.8217653524953, 124.030766674877, 128.517562866211, 2009593, 6, 84
2021.40108655, 45.8219313061819, 124.030745272365, 128.539520263672, 2009593, 6, 84
2021.40108655, 45.8221165222499, 124.030721064594, 128.503387451172, 2009593, 6, 73
2021.40108655, 45.8222953329806, 124.030697611086, 128.529800415039, 2009593, 6, 88
2021.40108655, 45.8224810159925, 124.030671583928, 128.537475585938, 2009593, 6, 88
2021.40108655, 45.8226474876712, 124.030647912682, 128.506286621094, 2009593, 6, 81
2021.40108655, 45.8228523065908, 124.030618630407, 128.528289794922, 2009593, 6, 68
2021.40108655, 45.8230313959443, 124.030593068618, 128.526092529297, 2009593, 6, 52
2021.40108655, 45.8231719901864, 124.030573147793, 128.522888183594, 2009593, 6, 52
2021.40108663, 45.9977071459666, 124.006716863243, 129.332107543945, 2009593, 6, 94
2021.40108664, 46.0175945619136, 124.003992776145, 129.624572753906, 2009593, 6, 63
2021.40108665, 46.0200407762639, 124.003663904778, 129.524719238281, 2009593, 6, 56
2021.40108665, 46.0202014918113, 124.003641704322, 129.54248046875, 2009593, 6, 56
2021.40108665, 46.0203235374545, 124.003624793819, 129.564498901367, 2009593, 6, 68
2021.40108665, 46.0204005529417, 124.003614055143, 129.599075317383, 2009593, 6, 68
2021.40108665, 46.0204390380538, 124.003608664892, 129.536117553711, 2009593, 6, 68
2021.40108665, 46.0204710902269, 124.003604141462, 129.514434814453, 2009593, 6, 68
2021.40108665, 46.0204967338931, 124.003600577569, 129.519515991211, 2009593, 6, 68
2021.40108666, 46.0557924949822, 123.998770176469, 129.934387207031, 2009593, 6, 64
2021.40108666, 46.055862362932, 123.998760027175, 129.955657958984, 2009593, 6, 64
2021.40108666, 46.0559576089846, 123.998746102077, 129.934768676758, 2009593, 6, 64
2021.40108666, 46.0560655339138, 123.998730222361, 129.927383422852, 2009593, 6, 73
2021.40108666, 46.0561607805885, 123.998716298729, 129.961456298828, 2009593, 6, 73
2021.40108666, 46.0562941450889, 123.998696769052, 129.944488525391, 2009593, 6, 75
2021.40108666, 46.0564339143737, 123.9986763487, 129.965133666992, 2009593, 6, 75
2021.40108666, 46.0565737773608, 123.998656062181, 129.943313598633, 2009593, 6, 79
2021.40108666, 46.0566883107024, 123.99863959516, 129.9580078125, 2009593, 6, 79
2021.40108666, 46.0567966986377, 123.998624349609, 129.952438354492, 2009593, 6, 79
2021.40108666, 46.0568923930436, 123.998610979349, 129.938385009766, 2009593, 6, 79
2021.40108666, 46.0569881269377, 123.998597639419, 129.972412109375, 2009593, 6, 79
2021.40108666, 46.0571094560729, 123.998580847563, 129.959457397461, 2009593, 6, 86
2021.40108666, 46.0572436288357, 123.998562415306, 129.944976806641, 2009593, 6, 86
2021.40108666, 46.0573714655375, 123.998544926958, 129.944564819336, 2009593, 6, 84
2021.40108666, 46.0575377147679, 123.998522319392, 129.969345092773, 2009593, 6, 82
2021.40108666, 46.0577295841199, 123.998496297002, 129.964431762695, 2009593, 6, 80
2021.40108666, 46.0578895466768, 123.998474656605, 129.95295715332, 2009593, 6, 79
2021.40108666, 46.0580173251271, 123.998457248051, 129.959823608398, 2009593, 6, 83
2021.40108666, 46.0581323277729, 123.998441612354, 129.964782714844, 2009593, 6, 83
2021.40108666, 46.0582792551563, 123.998421563652, 129.954971313477, 2009593, 6, 84
2021.40108666, 46.0584389547914, 123.998399758936, 129.962036132812, 2009593, 6, 84
2021.40108666, 46.0585858563855, 123.998379609451, 129.938079833984, 2009593, 6, 81
2021.40108666, 46.0587455258639, 123.998357683817, 129.974090576172, 2009593, 6, 81
2021.40108666, 46.0588796331787, 123.998339216019, 129.965026855469, 2009593, 6, 75
2021.40108666, 46.0590009648242, 123.998322519911, 129.959899902344, 2009593, 6, 67
2021.40108666, 46.0591286541086, 123.998304876172, 129.933792114258, 2009593, 6, 67
2021.40108666, 46.0592307948327, 123.998290803459, 129.973098754883, 2009593, 6, 67
2021.40108666, 46.0593394152166, 123.998275684575, 129.936965942383, 2009593, 6, 59
2021.40108666, 46.0594543960317, 123.998259733422, 129.958450317383, 2009593, 6, 59
2021.40108667, 46.0595693161494, 123.998243798386, 129.977752685547, 2009593, 6, 75
2021.40108667, 46.0596586589455, 123.998231453771, 129.964248657227, 2009593, 6, 75
2021.40108667, 46.0597479427835, 123.998219081864, 129.974075317383, 2009593, 6, 75
2021.40108667, 46.0598626776393, 123.998203292422, 129.95539855957, 2009593, 6, 71
2021.40108667, 46.05998369421, 123.998186752527, 129.926544189453, 2009593, 6, 71
2021.40108667, 46.0600918679336, 123.998171953559, 129.942993164062, 2009593, 6, 71
2021.40108667, 46.060225373614, 123.998153801686, 129.965240478516, 2009593, 6, 71
2021.40108667, 46.0603460560524, 123.998137525369, 129.936737060547, 2009593, 6, 69
2021.40108667, 46.0604730162475, 123.998120365995, 129.95622253418, 2009593, 6, 69
2021.40108667, 46.0606249221243, 123.998100342611, 129.941711425781, 2009593, 6, 67
2021.40108667, 46.0607703853274, 123.998081174721, 129.957656860352, 2009593, 6, 67
2021.40108667, 46.0608778607803, 123.998067037203, 129.952728271484, 2009593, 6, 67
2021.40108667, 46.0610042814379, 123.998050377936, 129.958694458008, 2009593, 6, 67
2021.40108667, 46.0611307012819, 123.998033633748, 129.935592651367, 2009593, 6, 67
2021.40108667, 46.0612634748827, 123.998015983205, 129.950698852539, 2009593, 6, 66
2021.40108667, 46.0613899833673, 123.997999078223, 129.962966918945, 2009593, 6, 84
2021.40108667, 46.0615165571926, 123.997982029894, 129.954483032227, 2009593, 6, 84
2021.40108667, 46.0616242136347, 123.997967433097, 129.964431762695, 2009593, 6, 84
2021.40108667, 46.0617318688316, 123.997952831717, 129.943466186523, 2009593, 6, 84
2021.40108667, 46.0618461768443, 123.99793682382, 129.963897705078, 2009593, 6, 85
2021.40108667, 46.0619669103908, 123.997919847381, 129.951248168945, 2009593, 6, 85
2021.40108667, 46.0621067858526, 123.997900109818, 129.961898803711, 2009593, 6, 87
2021.40108667, 46.0622276411112, 123.997883042434, 129.965194702148, 2009593, 6, 87
2021.40108667, 46.0623421525874, 123.997866815613, 129.938140869141, 2009593, 6, 89
2021.40108667, 46.0624694132953, 123.997848862996, 129.978607177734, 2009593, 6, 89
2021.40108667, 46.0625775773245, 123.997833628086, 129.960205078125, 2009593, 6, 90
2021.40108667, 46.0626793730838, 123.997819348727, 129.989440917969, 2009593, 6, 90
2021.40108667, 46.0627747837447, 123.997806000264, 129.966110229492, 2009593, 6, 90
2021.40108667, 46.0628701729577, 123.99779270155, 129.941970825195, 2009593, 6, 90
2021.40108667, 46.0629656212503, 123.997779314381, 129.949096679688, 2009593, 6, 90
2021.40108667, 46.0630672085875, 123.997765552471, 129.968475341797, 2009593, 6, 91
2021.40108667, 46.0631624187451, 123.997752732222, 129.939178466797, 2009593, 6, 91
2021.40108667, 46.0632512481599, 123.997740750432, 129.967163085938, 2009593, 6, 94
2021.40108667, 46.0633400781611, 123.997728930506, 129.957122802734, 2009593, 6, 94
2021.40108667, 46.0634288750083, 123.9977170456, 129.98046875, 2009593, 6, 94
2021.40108667, 46.0635176677114, 123.997705225219, 129.960021972656, 2009593, 6, 94
2021.40108667, 46.0636000940242, 123.99769419511, 129.958984375, 2009593, 6, 94
2021.40108667, 46.0636888705859, 123.997682388009, 129.967849731445, 2009593, 6, 94
2021.40108667, 46.0637586235415, 123.997673111324, 129.944961547852, 2009593, 6, 95
2021.40108667, 46.0638220353972, 123.997664682934, 129.95654296875, 2009593, 6, 95
2021.40108667, 46.0638917878683, 123.997655367957, 129.951904296875, 2009593, 6, 95
2021.40108667, 46.0639551975137, 123.997646862204, 129.943801879883, 2009593, 6, 95
2021.40108667, 46.0640059397024, 123.997640108239, 129.938613891602, 2009593, 6, 94
2021.40108667, 46.0640566774494, 123.997633294005, 129.93049621582, 2009593, 6, 94
2021.40108667, 46.0641074234132, 123.99762648013, 129.953887939453, 2009593, 6, 94
2021.40108667, 46.0641581727869, 123.99761964161, 129.917831420898, 2009593, 6, 94
2021.40108667, 46.0642025765608, 123.9976136254, 129.957717895508, 2009593, 6, 94
2021.40108667, 46.0642469603543, 123.997607774022, 129.948364257812, 2009593, 6, 94
2021.40108667, 46.0642914035376, 123.997601656735, 129.927520751953, 2009593, 6, 94
2021.40108667, 46.0643295128201, 123.997596464174, 129.94270324707, 2009593, 6, 94
2021.40108667, 46.0643739703748, 123.997590345534, 129.934020996094, 2009593, 6, 94
2021.40108667, 46.0644247851724, 123.997583349604, 129.960189819336, 2009593, 6, 94
2021.40108667, 46.0644819532362, 123.997575410255, 129.9404296875, 2009593, 6, 94
2021.40108667, 46.064526439146, 123.997569297722, 129.91975402832, 2009593, 6, 94
2021.40108667, 46.0645709153104, 123.997563093993, 129.923049926758, 2009593, 6, 94
2021.40108667, 46.0646090526529, 123.997557821809, 129.93669128418, 2009593, 6, 94
2021.40108667, 46.0646408317533, 123.997553410374, 129.914642333984, 2009593, 6, 94
2021.40108667, 46.0646726190671, 123.997549006072, 129.92919921875, 2009593, 6, 94
2021.40108667, 46.0647044083864, 123.997544596621, 129.931243896484, 2009593, 6, 94
2021.40108667, 46.0647362062796, 123.997540201923, 129.909576416016, 2009593, 6, 94
2021.40108667, 46.0647680020451, 123.997535786342, 129.919662475586, 2009593, 6, 94
2021.40108667, 46.0648061556678, 123.997530448776, 129.922225952148, 2009593, 6, 94
2021.40108667, 46.0648443163956, 123.997525135265, 129.918273925781, 2009593, 6, 94
2021.40108667, 46.06488248501, 123.997519819488, 129.918380737305, 2009593, 6, 94
2021.40108667, 46.0649206656255, 123.997514539117, 129.952301025391, 2009593, 6, 94
2021.40108667, 46.0649588451164, 123.997509225871, 129.939102172852, 2009593, 6, 94
2021.40108667, 46.0649970306401, 123.997503917369, 129.956130981445, 2009593, 6, 94
2021.40108667, 46.0650352206133, 123.997498610822, 129.932556152344, 2009593, 6, 94
2021.40108667, 46.0650734053674, 123.997493255952, 129.929107666016, 2009593, 6, 94
2021.40108667, 46.065105235044, 123.997488818062, 129.90837097168, 2009593, 6, 94
2021.40108667, 46.0651370717388, 123.997484394132, 129.913665771484, 2009593, 6, 94
2021.40108667, 46.0651689166482, 123.997479995671, 129.936676025391, 2009593, 6, 94
2021.40108667, 46.0652007607659, 123.997475576036, 129.914367675781, 2009593, 6, 94
2021.40108667, 46.0652389751222, 123.997470262339, 129.946395874023, 2009593, 6, 94
2021.40108667, 46.0652708219714, 123.997465830273, 129.910919189453, 2009593, 6, 94
2021.40108667, 46.0653090398521, 123.997460486646, 129.91960144043, 2009593, 6, 94
2021.40108667, 46.065334530788, 123.997456980603, 129.897964477539, 2009593, 6, 94
2021.40108667, 46.0653663896129, 123.997452552106, 129.892929077148, 2009593, 6, 94
2021.40108667, 46.0653982541256, 123.997448137033, 129.882247924805, 2009593, 6, 94
2021.40108667, 46.0654301153313, 123.997443689455, 129.884658813477, 2009593, 6, 94
2021.40108667, 46.0654556171459, 123.997440192178, 129.894790649414, 2009593, 6, 94
2021.40108667, 46.0654875712963, 123.997435620439, 129.890899658203, 2009593, 6, 94
2021.40108667, 46.0655194179156, 123.997431242821, 129.909729003906, 2009593, 6, 94
2021.40108667, 46.0655512684237, 123.997426875232, 129.888244628906, 2009593, 6, 94
2021.40108667, 46.0655767613799, 123.997423425775, 129.883438110352, 2009593, 6, 94
2021.40108667, 46.065608615388, 123.997419046452, 129.874740600586, 2009593, 6, 94
2021.40108667, 46.06564047951, 123.997414697451, 129.889999389648, 2009593, 6, 94
2021.40108667, 46.0656659773003, 123.997411238838, 129.885269165039, 2009593, 6, 94
2021.40108667, 46.0656978407234, 123.997406867783, 129.887298583984, 2009593, 6, 94
2021.40108667, 46.0657233455128, 123.997403417697, 129.893127441406, 2009593, 6, 94
2021.40108667, 46.0657552177886, 123.997399041433, 129.894821166992, 2009593, 6, 94
2021.40108667, 46.0657807279808, 123.99739559442, 129.876251220703, 2009593, 6, 94
2021.40108667, 46.0658126105117, 123.997391233211, 129.890701293945, 2009593, 6, 94
2021.40108667, 46.065838128546, 123.997387785719, 129.889831542969, 2009593, 6, 94
2021.40108667, 46.0658700170806, 123.997383420477, 129.936157226562, 2009593, 6, 94
2021.40108667, 46.0659019090543, 123.997379054626, 129.912567138672, 2009593, 6, 94
2021.40108667, 46.0659402051359, 123.997373911411, 129.964736938477, 2009593, 6, 94
2021.40108667, 46.0660104020983, 123.997364316444, 129.954086303711, 2009593, 6, 88
2021.40108667, 46.0661508894162, 123.997345260849, 129.968444824219, 2009593, 6, 88
2021.40108667, 46.0663106359693, 123.997323524193, 129.96418762207, 2009593, 6, 76
2021.40108667, 46.0664960822925, 123.99729825439, 129.958969116211, 2009593, 6, 76
2021.40108667, 46.0667008699603, 123.997270344634, 129.940048217773, 2009593, 6, 59
2021.40108668, 46.0898220878668, 123.994100193192, 130.161590576172, 2009593, 6, 58
2021.40108668, 46.0900241679307, 123.994072521414, 130.133422851562, 2009593, 6, 71
2021.40108668, 46.0901943503437, 123.994049211314, 130.118682861328, 2009593, 6, 71
2021.40108668, 46.0903203000944, 123.994031984399, 130.129837036133, 2009593, 6, 71
2021.40108668, 46.0903832603546, 123.994023383551, 130.125106811523, 2009593, 6, 71
2021.40108668, 46.0904210285949, 123.994018196999, 130.10725402832, 2009593, 6, 71
2021.40108668, 46.090452504667, 123.994013878234, 130.070007324219, 2009593, 6, 71
2021.40108668, 46.0904965789878, 123.994007866045, 130.117797851562, 2009593, 6, 71
2021.40108668, 46.0909629661607, 123.993944191368, 130.703277587891, 2009593, 6, 57
2021.40108668, 46.0914900663239, 123.993871415093, 130.612213134766, 2009593, 6, 51
2021.40108668, 46.0935808887894, 123.993591568485, 130.427825927734, 2009593, 6, 89
2021.40108668, 46.094242037745, 123.993496712727, 130.39697265625, 2009593, 6, 66
2021.40108669, 46.1040092672908, 123.992152248443, 130.220275878906, 2009593, 6, 59
2021.40108669, 46.1041118294378, 123.992138602134, 130.228317260742, 2009593, 6, 59
2021.40108669, 46.1041887909755, 123.992128364061, 130.215805053711, 2009593, 6, 59
2021.40108669, 46.1042529518872, 123.992119865389, 130.20524597168, 2009593, 6, 68
2021.40108669, 46.1043299469125, 123.992109609262, 130.217758178711, 2009593, 6, 68
2021.40108669, 46.1044069535755, 123.992099352069, 130.209121704102, 2009593, 6, 68
2021.40108669, 46.104516034996, 123.992084757417, 130.228546142578, 2009593, 6, 72
2021.40108669, 46.1045930346339, 123.992074506068, 130.209625244141, 2009593, 6, 72
2021.40108669, 46.1046635956141, 123.992065065942, 130.212982177734, 2009593, 6, 72
2021.40108669, 46.104753369468, 123.992053038535, 130.216156005859, 2009593, 6, 79
2021.40108669, 46.1048623235724, 123.992038400481, 130.254684448242, 2009593, 6, 79
2021.40108669, 46.1049778003702, 123.992022841009, 130.220733642578, 2009593, 6, 79
2021.40108669, 46.1050863451326, 123.992008145288, 130.206512451172, 2009593, 6, 79
2021.40108669, 46.105201186616, 123.99199259272, 130.235198974609, 2009593, 6, 83
2021.40108669, 46.1053286784312, 123.991975215943, 130.256805419922, 2009593, 6, 88
2021.40108669, 46.1054497127802, 123.991958701883, 130.218368530273, 2009593, 6, 88
2021.40108669, 46.1056024942679, 123.991937752473, 130.235015869141, 2009593, 6, 92
2021.40108669, 46.1058060824184, 123.991909705516, 130.258697509766, 2009593, 6, 94
2021.40108669, 46.1060159603574, 123.991880694884, 130.250289916992, 2009593, 6, 92
2021.40108669, 46.1092761961108, 123.991429429339, 130.208709716797, 2009593, 6, 73
2021.40108669, 46.1106663465219, 123.991239952281, 129.959686279297, 2009593, 6, 53
2021.4010867, 46.1348338554365, 123.987924744599, 130.398162841797, 2009593, 6, 67
2021.4010867, 46.1350696397928, 123.987891154347, 130.414428710938, 2009593, 6, 62
2021.4010867, 46.1352099983004, 123.987871298921, 130.434509277344, 2009593, 6, 62
2021.4010867, 46.1352993762204, 123.987858703913, 130.393753051758, 2009593, 6, 53
2021.4010867, 46.1353760253974, 123.987847982752, 130.39826965332, 2009593, 6, 53
2021.40108671, 46.1433630574392, 123.986759212365, 130.474090576172, 2009593, 6, 54
2021.40108671, 46.143553415521, 123.986732785828, 130.484634399414, 2009593, 6, 81
2021.40108671, 46.1436802573825, 123.986715121681, 130.45068359375, 2009593, 6, 81
2021.40108671, 46.1437753787428, 123.986701897537, 130.495590209961, 2009593, 6, 87
2021.40108671, 46.1438641460829, 123.986689481612, 130.4931640625, 2009593, 6, 87
2021.40108671, 46.1439529240625, 123.986677094705, 130.499114990234, 2009593, 6, 87
2021.40108671, 46.1441876332041, 123.986644335514, 130.509567260742, 2009593, 6, 90
2021.40108671, 46.1443082331387, 123.986627534404, 130.500350952148, 2009593, 6, 94
2021.40108671, 46.1443717287675, 123.986618696291, 130.480255126953, 2009593, 6, 94
2021.40108671, 46.1444161810771, 123.986612473488, 130.481140136719, 2009593, 6, 94
2021.40108671, 46.1444478063527, 123.986608021569, 130.476425170898, 2009593, 6, 94
2021.40108671, 46.1444859823081, 123.986602711643, 130.470031738281, 2009593, 6, 94
2021.40108671, 46.144524175364, 123.986597457584, 130.484268188477, 2009593, 6, 95
2021.40108671, 46.1445751021791, 123.9865904332, 130.498321533203, 2009593, 6, 95
2021.40108671, 46.1446387778814, 123.986581653115, 130.507278442383, 2009593, 6, 95
2021.40108671, 46.1447343026072, 123.986568420086, 130.473175048828, 2009593, 6, 95
2021.40108671, 46.1448489718177, 123.986552602615, 130.474807739258, 2009593, 6, 95
2021.40108671, 46.1449700420759, 123.986535942253, 130.472503662109, 2009593, 6, 95
2021.40108671, 46.1451484560396, 123.986511326296, 130.477935791016, 2009593, 6, 94
2021.40108671, 46.1454350959281, 123.986471712758, 130.489562988281, 2009593, 6, 95
2021.40108671, 46.145587873928, 123.98645054069, 130.491775512695, 2009593, 6, 94
2021.40108671, 46.1457216312516, 123.986432159004, 130.502777099609, 2009593, 6, 94
2021.40108671, 46.1458739831953, 123.986410775811, 130.466888427734, 2009593, 6, 91
2021.40108671, 46.1460072231585, 123.986392037702, 130.481399536133, 2009593, 6, 80
2021.40108671, 46.1461023801982, 123.986378722128, 130.465347290039, 2009593, 6, 80
2021.40108671, 46.1461721504739, 123.986368946506, 130.489044189453, 2009593, 6, 80
2021.40108671, 46.1462292322612, 123.986360961109, 130.489410400391, 2009593, 6, 80
2021.40108672, 46.1613766899508, 123.984281603295, 130.591918945312, 2009593, 6, 63
2021.40108672, 46.1632698900135, 123.984023826287, 130.589584350586, 2009593, 6, 75
2021.40108672, 46.1634097177675, 123.984004854055, 130.61848449707, 2009593, 6, 75
2021.40108672, 46.1638758894883, 123.983940807048, 131.609725952148, 2009593, 6, 67
2021.40108672, 46.1641959505973, 123.983896003414, 130.61994934082, 2009593, 6, 66
2021.40108672, 46.1643493055749, 123.983874504584, 130.615219116211, 2009593, 6, 51
2021.40108672, 46.1679797324337, 123.983377673443, 131.227890014648, 2009593, 6, 51
2021.40108674, 46.2186184018992, 123.976423286776, 132.267364501953, 1355130, 6, 68
2021.40108674, 46.2188801560428, 123.976386199188, 132.35514831543, 1355130, 6, 86
2021.40108674, 46.219161160554, 123.976346199028, 132.182998657227, 1355130, 6, 86
2021.40108674, 46.2194038773634, 123.976311760642, 132.261947631836, 1355130, 6, 90
2021.40108674, 46.2196784436596, 123.976272845533, 131.995559692383, 1355130, 6, 81
2021.40108674, 46.2199272706163, 123.976238017187, 132.088333129883, 1355130, 6, 66
2021.40108675, 46.2248974680888, 123.975551459075, 131.154495239258, 1355130, 6, 61
2021.40108675, 46.2251253701785, 123.975519704536, 131.13102722168, 1355130, 6, 64
2021.40108675, 46.2253342398775, 123.975491050697, 131.00048828125, 1355130, 6, 63
2021.40108725, 47.2325461602647, 123.835657661317, 141.643661499023, 2009593, 6, 68
2021.40108725, 47.2325847319023, 123.835652357413, 141.614303588867, 2009593, 6, 68
2021.40108725, 47.2326232872065, 123.835647005834, 141.592208862305, 2009593, 6, 68
2021.40108725, 47.2326618425434, 123.835641667351, 141.609527587891, 2009593, 6, 68
2021.40108725, 47.2327068191087, 123.835635461068, 141.598648071289, 2009593, 6, 68
2021.40108725, 47.2327453652855, 123.835630161902, 141.613662719727, 2009593, 6, 68
2021.40108725, 47.2327838959059, 123.835624833467, 141.592468261719, 2009593, 6, 88
2021.40108725, 47.2328288330655, 123.8356186264, 141.63720703125, 2009593, 6, 88
2021.40108725, 47.2328801578587, 123.835611458586, 141.609268188477, 2009593, 6, 88
2021.40108725, 47.2329250649272, 123.835605285474, 141.60871887207, 2009593, 6, 88
2021.40108725, 47.2329763475205, 123.835598151504, 141.616806030273, 2009593, 6, 88
2021.40108725, 47.233033999606, 123.835590101737, 141.611633300781, 2009593, 6, 95
2021.40108725, 47.2330981069952, 123.835581039062, 141.636444091797, 2009593, 6, 95
2021.40108725, 47.2331555653725, 123.83557319621, 141.628723144531, 2009593, 6, 95
2021.40108725, 47.2331938525987, 123.835567987935, 141.609817504883, 2009593, 6, 95
2021.40108725, 47.2332384899439, 123.83556187085, 141.613052368164, 2009593, 6, 95
2021.40108725, 47.2332830919444, 123.835555713195, 141.61572265625, 2009593, 6, 95
2021.40108725, 47.2333213150516, 123.835550483917, 141.620254516602, 2009593, 6, 95
2021.40108725, 47.233365870665, 123.835544300643, 141.634582519531, 2009593, 6, 95
2021.40108725, 47.2334167648125, 123.835537247128, 141.64860534668, 2009593, 6, 95
2021.40108725, 47.2334676277548, 123.835530193296, 141.626358032227, 2009593, 6, 95
2021.40108725, 47.2335375040707, 123.835520398164, 141.630508422852, 2009593, 6, 96
2021.40108725, 47.2336073281077, 123.835510594667, 141.623107910156, 2009593, 6, 96
2021.40108725, 47.2336770858833, 123.835500693641, 141.645538330078, 2009593, 6, 96
2021.40108725, 47.2337721257825, 123.835487097094, 141.653671264648, 2009593, 6, 96
2021.40108725, 47.233854422849, 123.835475232308, 141.640579223633, 2009593, 6, 96
2021.40108725, 47.2339366499609, 123.835463251324, 141.658340454102, 2009593, 6, 96
2021.40108725, 47.2340314532897, 123.835449270516, 141.621780395508, 2009593, 6, 96
2021.40108725, 47.234113570849, 123.835437093542, 141.653167724609, 2009593, 6, 96
2021.40108725, 47.2341956385699, 123.835424758324, 141.624465942383, 2009593, 6, 96
2021.40108725, 47.2342461286679, 123.835417145168, 141.627349853516, 2009593, 6, 96
2021.40108725, 47.2342776775563, 123.8354123564, 141.603713989258, 2009593, 6, 96
2021.40108725, 47.2343092308952, 123.835407601942, 141.617691040039, 2009593, 6, 96
2021.40108725, 47.2343407568242, 123.835403130224, 141.595596313477, 2009593, 6, 96
2021.40108725, 47.2343723014603, 123.835398150727, 141.601684570312, 2009593, 6, 96
2021.40108725, 47.2343975390996, 123.835394183216, 141.572891235352, 2009593, 6, 96
2021.40108725, 47.2344290749552, 123.835389156116, 141.588348388672, 2009593, 6, 96
2021.40108725, 47.2344606164312, 123.835384167573, 141.580673217773, 2009593, 6, 96
2021.40108725, 47.2344921552769, 123.835379160377, 141.598236083984, 2009593, 6, 96
2021.40108725, 47.234529993537, 123.835373122016, 141.61181640625, 2009593, 6, 96
2021.40108725, 47.2345804433447, 123.835365039759, 141.645462036133, 2009593, 6, 96
2021.40108725, 47.234630905937, 123.835357014337, 141.612686157227, 2009593, 6, 96
2021.40108725, 47.2346813662146, 123.835348966549, 141.609878540039, 2009593, 6, 96
2021.40108725, 47.2347318283248, 123.835340919804, 141.635971069336, 2009593, 6, 96
2021.40108725, 47.234788598099, 123.835331857272, 141.628082275391, 2009593, 6, 96
2021.40108725, 47.2348453813927, 123.83532282599, 141.649276733398, 2009593, 6, 96
2021.40108725, 47.2349021792225, 123.835313843992, 141.625961303711, 2009593, 6, 96
2021.40108725, 47.2349400593404, 123.835307921788, 141.61767578125, 2009593, 6, 96
2021.40108725, 47.2349779310711, 123.835301953269, 141.599853515625, 2009593, 6, 96
2021.40108725, 47.2350158183926, 123.835296035375, 141.614456176758, 2009593, 6, 95
2021.40108725, 47.2350537127103, 123.835290139069, 141.632598876953, 2009593, 6, 95
2021.40108725, 47.235104238505, 123.835282258597, 141.61181640625, 2009593, 6, 95
2021.40108725, 47.2351421578846, 123.835276454073, 141.620010375977, 2009593, 6, 95
2021.40108725, 47.2351927112737, 123.835268668575, 141.619018554688, 2009593, 6, 95
2021.40108725, 47.2352496114672, 123.83526000854, 141.6123046875, 2009593, 6, 95
2021.40108725, 47.2353002197642, 123.835252427389, 141.598937988281, 2009593, 6, 95
2021.40108725, 47.2353634863419, 123.83524293987, 141.616928100586, 2009593, 6, 95
2021.40108725, 47.2354331365475, 123.835232736907, 141.619445800781, 2009593, 6, 95
2021.40108725, 47.2355281503532, 123.835218888256, 141.632888793945, 2009593, 6, 96
2021.40108725, 47.235623203463, 123.835205016768, 141.623474121094, 2009593, 6, 96
2021.40108725, 47.2357184570884, 123.835192291517, 141.630813598633, 2009593, 6, 96
2021.40108725, 47.2358392025461, 123.835176410916, 141.625839233398, 2009593, 6, 96
2021.40108725, 47.2359664265388, 123.835160012543, 141.621475219727, 2009593, 6, 96
2021.40108725, 47.2361064979399, 123.835142222728, 141.622680664062, 2009593, 6, 95
2021.40108725, 47.2362275581338, 123.835126959512, 141.587829589844, 2009593, 6, 95
2021.40108725, 47.2363359504472, 123.835113372485, 141.618041992188, 2009593, 6, 95
2021.40108725, 47.2364443938298, 123.835099759833, 141.606033325195, 2009593, 6, 95
2021.40108725, 47.2365592663692, 123.835085260491, 141.587051391602, 2009593, 6, 91
2021.40108725, 47.2366550244694, 123.835073082173, 141.622924804688, 2009593, 6, 91
2021.40108725, 47.2367572046487, 123.835060005971, 141.605331420898, 2009593, 6, 73
2021.40108725, 47.2368338630562, 123.835050143512, 141.620697021484, 2009593, 6, 73
2021.40108725, 47.2368914181195, 123.835042913607, 141.595199584961, 2009593, 6, 73
2021.40108725, 47.2369807664526, 123.835030721628, 141.598724365234, 2009593, 6, 73
2021.40108725, 47.2370828943659, 123.835016630679, 141.61051940918, 2009593, 6, 54
2021.40108725, 47.237185048768, 123.83500240895, 141.59358215332, 2009593, 6, 54
2021.40108729, 47.3092688986245, 123.824891254322, 142.199905395508, 2009593, 6, 77
2021.40108729, 47.3093008615603, 123.824886750226, 142.211181640625, 2009593, 6, 77
2021.40108729, 47.3093264339477, 123.824883194541, 142.209609985352, 2009593, 6, 77
2021.40108729, 47.3093583770889, 123.824878680178, 142.194671630859, 2009593, 6, 77
2021.40108729, 47.3093903173831, 123.824874187143, 142.209426879883, 2009593, 6, 77
2021.40108729, 47.3094161063416, 123.824870574025, 142.208053588867, 2009593, 6, 77
2021.40108729, 47.3094479493826, 123.824866074494, 142.208709716797, 2009593, 6, 77
2021.40108729, 47.3094734239075, 123.82486251801, 142.206970214844, 2009593, 6, 77
2021.40108729, 47.3095052499542, 123.824858018708, 142.19938659668, 2009593, 6, 96
2021.40108729, 47.309543430177, 123.824852634053, 142.259490966797, 2009593, 6, 96
2021.40108729, 47.3095816060196, 123.82484726955, 142.263626098633, 2009593, 6, 96
2021.40108729, 47.3096324845354, 123.824840083536, 142.263031005859, 2009593, 6, 96
2021.40108729, 47.3096897002835, 123.824831990972, 142.255447387695, 2009593, 6, 96
2021.40108729, 47.3097469052431, 123.824823932404, 142.253067016602, 2009593, 6, 96
2021.40108729, 47.3098167862546, 123.824814019242, 142.275390625, 2009593, 6, 95
2021.40108729, 47.309880296396, 123.824804982169, 142.252578735352, 2009593, 6, 95
2021.40108729, 47.3099374521078, 123.824796884454, 142.249954223633, 2009593, 6, 95
2021.40108729, 47.3100009351183, 123.824787811593, 142.261291503906, 2009593, 6, 94
2021.40108729, 47.3100644256039, 123.824778775063, 142.263229370117, 2009593, 6, 94
2021.40108729, 47.3101342646065, 123.824768840012, 142.223815917969, 2009593, 6, 94
2021.40108729, 47.3102231394871, 123.824756105386, 142.264511108398, 2009593, 6, 94
2021.40108729, 47.3103120371848, 123.824743388102, 142.270782470703, 2009593, 6, 95
2021.40108729, 47.310381897586, 123.824733363374, 142.248443603516, 2009593, 6, 95
2021.40108729, 47.3104581357555, 123.824722465407, 142.250076293945, 2009593, 6, 95
2021.40108729, 47.3105407438406, 123.824710575645, 142.257705688477, 2009593, 6, 92
2021.40108729, 47.3106170380291, 123.824699655227, 142.273361206055, 2009593, 6, 92
2021.40108729, 47.3106806315604, 123.824690489793, 142.281341552734, 2009593, 6, 92
2021.40108729, 47.3107313944622, 123.824683196532, 142.239349365234, 2009593, 6, 92
2021.40108729, 47.3107760527656, 123.824676784201, 142.281173706055, 2009593, 6, 87
2021.40108729, 47.3108270904203, 123.824669403205, 142.278747558594, 2009593, 6, 87
2021.40108729, 47.3108717714692, 123.824663003703, 142.288635253906, 2009593, 6, 87
2021.40108729, 47.310916450464, 123.824656546601, 142.268829345703, 2009593, 6, 87
2021.40108729, 47.3109547464197, 123.82465098183, 142.260223388672, 2009593, 6, 87
2021.40108729, 47.310986670857, 123.824646384188, 142.266967773438, 2009593, 6, 87
2021.40108729, 47.311012214347, 123.824642721518, 142.264205932617, 2009593, 6, 77
2021.40108729, 47.3110441369887, 123.824638102322, 142.167907714844, 2009593, 6, 77
2021.40108729, 47.311069683196, 123.82463443828, 142.170989990234, 2009593, 6, 77
2021.40108729, 47.311101612296, 123.824629827186, 142.186889648438, 2009593, 6, 77
2021.40108729, 47.3111271577553, 123.824626145712, 142.191772460938, 2009593, 6, 77
2021.40108729, 47.3111527044424, 123.824622468474, 142.189788818359, 2009593, 6, 77
2021.40108729, 47.3111782535673, 123.824618802848, 142.187957763672, 2009593, 6, 77
2021.40108729, 47.3112038032188, 123.824615140237, 142.197387695312, 2009593, 6, 77
2021.40108729, 47.3112357327156, 123.824610530169, 142.19108581543, 2009593, 6, 77
2021.40108729, 47.3112612783921, 123.824606862234, 142.196044921875, 2009593, 6, 77
2021.40108729, 47.311286824936, 123.824603192826, 142.186080932617, 2009593, 6, 77
2021.40108729, 47.3113123707652, 123.824599525003, 142.218627929688, 2009593, 6, 77
2021.40108729, 47.3113379187938, 123.824595879803, 142.217758178711, 2009593, 6, 77
2021.40108729, 47.3113634633062, 123.824592219075, 142.209991455078, 2009593, 6, 77
2021.40108729, 47.3113953879109, 123.824587624442, 142.213577270508, 2009593, 6, 77
2021.40108729, 47.3114209287926, 123.824583965568, 142.184997558594, 2009593, 6, 77
2021.40108729, 47.3114656169158, 123.824577561918, 142.194961547852, 2009593, 6, 77
2021.4010873, 47.3266348655196, 123.822445569425, 143.651245117188, 2009593, 6, 60
2021.4010873, 47.3268061325465, 123.822420957066, 143.665069580078, 2009593, 6, 72
2021.4010873, 47.3271306870313, 123.822375174427, 143.631973266602, 2009593, 6, 81
2021.4010873, 47.3274317143124, 123.822334185858, 143.661697387695, 2009593, 6, 89
2021.4010873, 47.3276573191216, 123.822304491999, 143.623138427734, 2009593, 6, 94
2021.4010873, 47.3278055671346, 123.822285114829, 143.639221191406, 2009593, 6, 95
2021.4010873, 47.3280501043379, 123.822253185545, 143.644180297852, 2009593, 6, 95
2021.4010873, 47.3282873166606, 123.822221970883, 143.652938842773, 2009593, 6, 95
2021.4010873, 47.3285302085886, 123.822189763318, 143.654769897461, 2009593, 6, 95
2021.4010873, 47.3289330585445, 123.822133407846, 143.598129272461, 2009593, 6, 96
2021.4010873, 47.3293215400404, 123.822077845043, 143.653793334961, 2009593, 6, 95
2021.4010873, 47.3298238186059, 123.822005569961, 143.6435546875, 2009593, 6, 96
2021.40108731, 47.3532591259163, 123.818720812595, 143.867538452148, 2009593, 6, 94
2021.40108731, 47.3534522059323, 123.818694708102, 143.871185302734, 2009593, 6, 94
2021.40108731, 47.3536965486174, 123.818661192234, 143.852844238281, 2009593, 6, 95
2021.40108731, 47.3538569874688, 123.818638767443, 143.861145019531, 2009593, 6, 91
2021.40108731, 47.3539722868603, 123.818622442431, 143.854995727539, 2009593, 6, 91
2021.40108731, 47.3540746004447, 123.818607761237, 143.829742431641, 2009593, 6, 76
2021.40108731, 47.3541637719074, 123.818594537166, 143.848968505859, 2009593, 6, 76
2021.40108731, 47.3542401023048, 123.818583141358, 143.859252929688, 2009593, 6, 76
2021.40108731, 47.3543226894264, 123.818570754905, 143.858749389648, 2009593, 6, 68
2021.40108731, 47.3544051812193, 123.818558374389, 143.898880004883, 2009593, 6, 68
2021.40108731, 47.3545382184057, 123.818538272631, 143.887008666992, 2009593, 6, 66
2021.40108731, 47.3546520752342, 123.818521064997, 143.88671875, 2009593, 6, 66
2021.40108731, 47.3547468523207, 123.81850679486, 143.877716064453, 2009593, 6, 66
2021.40108731, 47.3548730972788, 123.818487838602, 143.867630004883, 2009593, 6, 68
2021.40108731, 47.3549613939078, 123.818474610684, 143.88232421875, 2009593, 6, 68
2021.40108731, 47.3550559742538, 123.818460600931, 143.872329711914, 2009593, 6, 65
2021.40108731, 47.3551505196598, 123.818446647112, 143.883972167969, 2009593, 6, 65
2021.4010889, 50.5477641621234, 123.35408432357, 466.865814208984, 2002008, 6, 53
2021.4010889, 50.5478792529646, 123.354067459965, 466.826568603516, 2002008, 6, 53
2021.4010889, 50.5479750223783, 123.354053339028, 466.841522216797, 2002008, 6, 53
2021.4010889, 50.5480644000558, 123.354040152579, 466.838470458984, 2002008, 6, 63
2021.4010889, 50.5481531018608, 123.354026466365, 466.834564208984, 2002008, 6, 63
