2020.75239607, 55.3166431335515, 125.867219675965, 573.73779296875, 2009604, 1, 52
2020.75239607, 55.3164849592203, 125.867193014638, 573.718017578125, 2009604, 1, 67
2020.75239607, 55.3163518855224, 125.867170346356, 573.714965820312, 2009604, 1, 67
2020.75239607, 55.3161995664103, 125.867144096898, 573.741943359375, 2009604, 1, 63
2020.75239607, 55.3160597067138, 125.867119764096, 573.739074707031, 2009604, 1, 63
2020.75239607, 55.3159642781142, 125.867103052007, 573.717895507812, 2009604, 1, 58
2020.75239607, 55.3158685515644, 125.867085858666, 573.69970703125, 2009604, 1, 58
2020.75239607, 55.3157088491255, 125.867057037686, 573.677001953125, 2009604, 1, 58
2020.75239635, 54.764522813739, 125.771709726193, 404.842590332031, 2009604, 1, 83
2020.75239635, 54.7640772183406, 125.771638213342, 404.835571289062, 2009604, 1, 89
2020.75239635, 54.763549134521, 125.771552743754, 404.822235107422, 2009604, 1, 64
2020.75240094, 45.5296674057132, 124.364419322874, 131.827789306641, 2009593, 1, 51
2020.75240094, 45.52938018324, 124.364380445663, 131.862121582031, 2009593, 1, 63
2020.75240094, 45.5291427807297, 124.36434901106, 131.83447265625, 2009593, 1, 68
2020.75240094, 45.5288989422153, 124.364316852861, 131.857345581055, 2009593, 1, 69
2020.75240094, 45.5286683064901, 124.364286431176, 131.80354309082, 2009593, 1, 55
2020.75240094, 45.5264668672499, 124.36398297733, 131.782363891602, 2009593, 1, 57
2020.75240094, 45.5262088952411, 124.363947887243, 131.827346801758, 2009593, 1, 70
2020.75240094, 45.5259453005754, 124.363911850056, 131.772705078125, 2009593, 1, 81
2020.75240094, 45.5256704774941, 124.363873921884, 131.837020874023, 2009593, 1, 88
2020.75240094, 45.5254172524814, 124.363838441144, 131.808044433594, 2009593, 1, 92
2020.75240094, 45.5251775910751, 124.363804678345, 131.785095214844, 2009593, 1, 94
2020.75240094, 45.5249006258094, 124.363765699355, 131.786254882812, 2009593, 1, 96
2020.75240094, 45.524611029106, 124.363725178168, 131.811172485352, 2009593, 1, 96
2020.75240094, 45.5243014648864, 124.363682309188, 131.824478149414, 2009593, 1, 96
2020.75240094, 45.5240032145263, 124.363641437578, 131.790588378906, 2009593, 1, 96
2020.75240094, 45.5236977005228, 124.363599975716, 131.811630249023, 2009593, 1, 96
2020.75240094, 45.5234361308795, 124.363564669192, 131.813491821289, 2009593, 1, 97
2020.75240094, 45.5231422140343, 124.363525052856, 131.763717651367, 2009593, 1, 96
2020.75240094, 45.5227458656381, 124.363471538775, 131.761795043945, 2009593, 1, 95
2020.75240094, 45.5224066569664, 124.363425290795, 131.799041748047, 2009593, 1, 96
2020.75240094, 45.5221184734792, 124.363385572045, 131.763214111328, 2009593, 1, 96
2020.75240094, 45.5218365947164, 124.363346209578, 131.764495849609, 2009593, 1, 96
2020.75240094, 45.5215545726264, 124.363306422401, 131.795959472656, 2009593, 1, 96
2020.75240094, 45.5213177399602, 124.363272764312, 131.802459716797, 2009593, 1, 96
2020.75240094, 45.5210940530778, 124.363241012272, 131.786224365234, 2009593, 1, 95
2020.75240094, 45.520877163718, 124.36321017517, 131.789291381836, 2009593, 1, 95
2020.75240094, 45.5205970953005, 124.36317056137, 131.800567626953, 2009593, 1, 95
2020.75240094, 45.5203181402567, 124.36313141088, 131.783752441406, 2009593, 1, 96
2020.75240094, 45.5201279650127, 124.363105004419, 131.803024291992, 2009593, 1, 96
2020.75240094, 45.519918644251, 124.363076125784, 131.772064208984, 2009593, 1, 97
2020.75240094, 45.5197090439637, 124.363047467184, 131.802627563477, 2009593, 1, 97
2020.75240094, 45.5194735848416, 124.363015656178, 131.768218994141, 2009593, 1, 96
2020.75240094, 45.519166766472, 124.362974679528, 131.772888183594, 2009593, 1, 97
2020.75240094, 45.5189360993456, 124.362944120661, 131.750717163086, 2009593, 1, 97
2020.75240094, 45.5187440203669, 124.362918632664, 131.790893554688, 2009593, 1, 98
2020.75240094, 45.5185266928725, 124.362889717575, 131.786483764648, 2009593, 1, 98
2020.75240094, 45.5183226470276, 124.362862461723, 131.752395629883, 2009593, 1, 97
2020.75240094, 45.5181000498826, 124.362832355769, 131.789596557617, 2009593, 1, 97
2020.75240094, 45.5178035897793, 124.362791687905, 131.777374267578, 2009593, 1, 96
2020.75240094, 45.5175516815269, 124.362756784153, 131.764312744141, 2009593, 1, 97
2020.75240094, 45.5172932888947, 124.362720873156, 131.746017456055, 2009593, 1, 96
2020.75240094, 45.5170089853996, 124.362681191744, 131.79948425293, 2009593, 1, 97
2020.75240094, 45.5167678483792, 124.362647648976, 131.763488769531, 2009593, 1, 97
2020.75240094, 45.5164931192458, 124.362609660896, 131.772857666016, 2009593, 1, 96
2020.75240094, 45.5161922312385, 124.36256816029, 131.782379150391, 2009593, 1, 95
2020.75240094, 45.515891275372, 124.362526876708, 131.765121459961, 2009593, 1, 96
2020.75240095, 45.5155778703463, 124.362483966595, 131.778839111328, 2009593, 1, 97
2020.75240095, 45.515285541927, 124.362444111695, 131.733993530273, 2009593, 1, 97
2020.75240095, 45.5150127081498, 124.362406827902, 131.76383972168, 2009593, 1, 97
2020.75240095, 45.514784371995, 124.362375602976, 131.764831542969, 2009593, 1, 97
2020.75240095, 45.5144924794479, 124.362335508292, 131.771453857422, 2009593, 1, 97
2020.75240095, 45.5142191643799, 124.362297814881, 131.756149291992, 2009593, 1, 97
2020.75240095, 45.5139257215249, 124.362257075859, 131.783096313477, 2009593, 1, 97
2020.75240095, 45.5136578451098, 124.362219936909, 131.776519775391, 2009593, 1, 97
2020.75240095, 45.513345740257, 124.362176866437, 131.752792358398, 2009593, 1, 96
2020.75240095, 45.51308479715, 124.362141037896, 131.769821166992, 2009593, 1, 96
2020.75240095, 45.5127876066323, 124.362100757448, 131.767044067383, 2009593, 1, 97
2020.75240095, 45.5124906117648, 124.362060708195, 131.745559692383, 2009593, 1, 97
2020.75240095, 45.5122059077611, 124.362022380666, 131.751220703125, 2009593, 1, 96
2020.75240095, 45.5119395029846, 124.361986486013, 131.761642456055, 2009593, 1, 97
2020.75240095, 45.5116657144594, 124.361949424385, 131.759887695312, 2009593, 1, 97
2020.75240095, 45.5114289031954, 124.361917220857, 131.742263793945, 2009593, 1, 96
2020.75240095, 45.511191738141, 124.361884726639, 131.77197265625, 2009593, 1, 96
2020.75240095, 45.5109416721314, 124.361850140174, 131.757354736328, 2009593, 1, 96
2020.75240095, 45.5107237954613, 124.361819860235, 131.753234863281, 2009593, 1, 96
2020.75240095, 45.5104550648676, 124.361782275662, 131.750640869141, 2009593, 1, 96
2020.75240095, 45.5102511555509, 124.36175340167, 131.759963989258, 2009593, 1, 96
2020.75240095, 45.5100348552881, 124.36172283926, 131.722961425781, 2009593, 1, 96
2020.75240095, 45.5097807424911, 124.36168720118, 131.745376586914, 2009593, 1, 96
2020.75240095, 45.5095205169996, 124.361651185339, 131.718460083008, 2009593, 1, 96
2020.75240095, 45.5092604450048, 124.361615472196, 131.722137451172, 2009593, 1, 97
2020.75240095, 45.5090444488466, 124.361587025239, 131.758102416992, 2009593, 1, 96
2020.75240095, 45.5088410809089, 124.361560369867, 131.755630493164, 2009593, 1, 96
2020.75240095, 45.5086057914869, 124.361529600822, 131.733917236328, 2009593, 1, 96
2020.75240095, 45.5083640170394, 124.361497643997, 131.738357543945, 2009593, 1, 97
2020.75240095, 45.5081602927636, 124.361470427586, 131.699630737305, 2009593, 1, 97
2020.75240095, 45.5079246220264, 124.361438489134, 131.745697021484, 2009593, 1, 96
2020.75240095, 45.5076634182159, 124.361401584602, 131.731536865234, 2009593, 1, 95
2020.75240095, 45.5074084654144, 124.361365201571, 131.705322265625, 2009593, 1, 94
2020.75240095, 45.5071342422362, 124.361326164584, 131.694091796875, 2009593, 1, 92
2020.75240095, 45.5068216283115, 124.361282051679, 131.716247558594, 2009593, 1, 92
2020.75240095, 45.506534398163, 124.361242552174, 131.722793579102, 2009593, 1, 96
2020.75240095, 45.5062342773577, 124.361202679299, 131.674453735352, 2009593, 1, 92
2020.75240095, 45.5059278443493, 124.361162097172, 131.743774414062, 2009593, 1, 90
2020.75240095, 45.5055960753662, 124.36111768405, 131.721298217773, 2009593, 1, 88
2020.75240095, 45.5053219058763, 124.36108039327, 131.706924438477, 2009593, 1, 87
2020.75240095, 45.5050672206908, 124.361044453761, 131.717742919922, 2009593, 1, 82
2020.75240095, 45.5047488722716, 124.360999511648, 131.710113525391, 2009593, 1, 81
2020.75240095, 45.5044367946271, 124.360955945723, 131.666610717773, 2009593, 1, 69
2020.75240095, 45.5041438846626, 124.360915516463, 131.696853637695, 2009593, 1, 53
2020.75240096, 45.4818695203592, 124.357862634535, 131.536346435547, 2009593, 1, 57
2020.75240096, 45.4816389168589, 124.35783150759, 131.567626953125, 2009593, 1, 76
2020.75240096, 45.4814277678636, 124.357802825803, 131.566131591797, 2009593, 1, 87
2020.75240096, 45.4811913251266, 124.357770489166, 131.593444824219, 2009593, 1, 86
2020.75240096, 45.4809620904372, 124.357738353557, 131.54084777832, 2009593, 1, 59
2020.75240096, 45.480714077462, 124.357703420394, 131.55192565918, 2009593, 1, 57
2020.75240096, 45.4805107199218, 124.357674801501, 131.587753295898, 2009593, 1, 57
2020.75240096, 45.4803010302613, 124.357645456807, 131.588485717773, 2009593, 1, 62
2020.75240096, 45.4800912733598, 124.357616361299, 131.548477172852, 2009593, 1, 74
2020.75240096, 45.4799005047657, 124.357590083926, 131.579986572266, 2009593, 1, 85
2020.75240096, 45.4797029352542, 124.357563778228, 131.555999755859, 2009593, 1, 90
2020.75240096, 45.479486149377, 124.357534931252, 131.587036132812, 2009593, 1, 90
2020.75240096, 45.4792310524237, 124.357500795274, 131.585083007812, 2009593, 1, 96
2020.75240096, 45.4789823857832, 124.357467043812, 131.565628051758, 2009593, 1, 97
2020.75240096, 45.4787147594534, 124.357430005795, 131.57389831543, 2009593, 1, 97
2020.75240096, 45.4784983840551, 124.357399112001, 131.591018676758, 2009593, 1, 97
2020.75240096, 45.4782886249044, 124.357368435099, 131.574356079102, 2009593, 1, 97
2020.75240096, 45.4780599085374, 124.357335005894, 131.572448730469, 2009593, 1, 96
2020.75240096, 45.4778058266509, 124.357298392847, 131.555603027344, 2009593, 1, 95
2020.75240096, 45.4775961952902, 124.357268865795, 131.546615600586, 2009593, 1, 93
2020.75240096, 45.4773865704318, 124.357239869161, 131.558532714844, 2009593, 1, 79
2020.75240096, 45.4771766273443, 124.357212633338, 131.561935424805, 2009593, 1, 64
2020.75240095, 45.5352232566791, 124.364076960436, 131.859939575195, 2009593, 2, 56
2020.75240095, 45.5306297630739, 124.363444958895, 131.837142944336, 2009593, 2, 64
2020.75240095, 45.5290908694582, 124.363239085268, 131.821014404297, 2009593, 2, 77
2020.75240095, 45.5274500304003, 124.363008016296, 131.816589355469, 2009593, 2, 96
2020.75240095, 45.5260824592651, 124.362820183773, 131.778884887695, 2009593, 2, 97
2020.75240095, 45.5248443037874, 124.362649260466, 131.795303344727, 2009593, 2, 96
2020.75240095, 45.5238265837202, 124.362510186665, 131.804168701172, 2009593, 2, 96
2020.75240095, 45.522597515571, 124.362341857825, 131.797988891602, 2009593, 2, 96
2020.75240095, 45.5214468538215, 124.362184917003, 131.824462890625, 2009593, 2, 96
2020.75240095, 45.5203756655241, 124.362039296976, 131.803619384766, 2009593, 2, 96
2020.75240095, 45.5192896441953, 124.361888639107, 131.780288696289, 2009593, 2, 96
2020.75240095, 45.5182357828941, 124.361742704269, 131.763687133789, 2009593, 2, 96
2020.75240096, 45.5171765644747, 124.361602874247, 131.779678344727, 2009593, 2, 96
2020.75240096, 45.516160125702, 124.361463079708, 131.77197265625, 2009593, 2, 95
2020.75240096, 45.5152236094041, 124.361333223572, 131.790573120117, 2009593, 2, 95
2020.75240096, 45.5141235045599, 124.361183926468, 131.749725341797, 2009593, 2, 93
2020.75240096, 45.513185681994, 124.361056360464, 131.743148803711, 2009593, 2, 94
2020.75240096, 45.5121548103239, 124.360912921973, 131.803146362305, 2009593, 2, 94
2020.75240096, 45.5112392970631, 124.360785317105, 131.732177734375, 2009593, 2, 95
2020.75240096, 45.5103597806987, 124.360665681936, 131.76171875, 2009593, 2, 95
2020.75240096, 45.5094024981105, 124.360535754177, 131.740142822266, 2009593, 2, 95
2020.75240096, 45.5084418696256, 124.360399954289, 131.715225219727, 2009593, 2, 97
2020.75240096, 45.5075725057184, 124.360282738692, 131.728042602539, 2009593, 2, 96
2020.75240096, 45.5062605615535, 124.360105933791, 131.71875, 2009593, 2, 97
2020.75240096, 45.5042303571327, 124.359822456289, 131.738388061523, 2009593, 2, 86
2020.75240096, 45.5029327065804, 124.359645937027, 131.706527709961, 2009593, 2, 60
2020.75240097, 45.4816423791811, 124.356724459035, 131.575729370117, 2009593, 2, 63
2020.75240097, 45.480737736471, 124.356605555682, 131.567886352539, 2009593, 2, 61
2020.75240097, 45.4800237470646, 124.356509467091, 131.597961425781, 2009593, 2, 86
2020.75240097, 45.4792025526071, 124.35639313914, 131.597549438477, 2009593, 2, 95
2020.75240097, 45.4782869098626, 124.35626539951, 131.563003540039, 2009593, 2, 88
2020.75239632, 54.8146450787655, 125.729918459026, 416.422180175781, 2009604, 3, 92
2020.75239632, 54.8145435186715, 125.729900855205, 416.435913085938, 2009604, 3, 92
2020.75239632, 54.814480036299, 125.729889845389, 416.408874511719, 2009604, 3, 91
2020.75239632, 54.8144292431422, 125.729881043354, 416.413848876953, 2009604, 3, 91
2020.75239632, 54.8143784603712, 125.729872230802, 416.414123535156, 2009604, 3, 91
2020.75239632, 54.8143340247041, 125.729864518219, 416.4052734375, 2009604, 3, 91
2020.75239632, 54.8142705390291, 125.72985351559, 416.441314697266, 2009604, 3, 91
2020.75239632, 54.8141943809592, 125.729840293398, 416.431701660156, 2009604, 3, 91
2020.75239632, 54.8141182281222, 125.729827088775, 416.459014892578, 2009604, 3, 91
2020.75239632, 54.8140293992938, 125.729811699072, 416.438751220703, 2009604, 3, 91
2020.75239632, 54.8139152472645, 125.729791916987, 416.463806152344, 2009604, 3, 91
2020.75239632, 54.8137947956148, 125.729771091228, 416.442901611328, 2009604, 3, 91
2020.75239632, 54.8136744301019, 125.729750288012, 416.462799072266, 2009604, 3, 89
2020.75239632, 54.8135098417776, 125.729721894952, 416.480499267578, 2009604, 3, 90
2020.75239632, 54.8131624137726, 125.729662356415, 416.477355957031, 2009604, 3, 61
2020.75239633, 54.7926759713001, 125.726172027872, 412.371795654297, 2009604, 3, 69
2020.75239633, 54.7925860957902, 125.726157041735, 412.390380859375, 2009604, 3, 69
2020.75239633, 54.7924769344886, 125.726138785944, 412.400177001953, 2009604, 3, 91
2020.75239633, 54.7923549154833, 125.726118325586, 412.400726318359, 2009604, 3, 91
2020.75239633, 54.7922201133366, 125.726095627028, 412.407897949219, 2009604, 3, 92
2020.75239633, 54.7920725997705, 125.726070686364, 412.409851074219, 2009604, 3, 92
2020.75239633, 54.7919572947389, 125.726051111272, 412.388885498047, 2009604, 3, 93
2020.75239633, 54.7917719334018, 125.726019481814, 412.369476318359, 2009604, 3, 93
2020.75239633, 54.791549261689, 125.725981134798, 412.354034423828, 2009604, 3, 89
2020.75239636, 54.7468538293056, 125.718370379865, 407.811645507812, 2009604, 3, 69
2020.75240093, 45.5401713339416, 124.324527994145, 132.066162109375, 2009593, 3, 64
2020.75239633, 54.8146684583948, 125.728479088642, 416.466156005859, 2009604, 4, 81
2020.75239633, 54.8145414358772, 125.728457665595, 416.465484619141, 2009604, 4, 81
2020.75239633, 54.814408087663, 125.728435189605, 416.470184326172, 2009604, 4, 90
2020.75239633, 54.8142874520816, 125.728414865725, 416.461761474609, 2009604, 4, 90
2020.75239633, 54.8141477842901, 125.728391340441, 416.499450683594, 2009604, 4, 90
2020.75239633, 54.8139827146953, 125.728363511326, 416.488983154297, 2009604, 4, 92
2020.75239633, 54.8137859298908, 125.728330289405, 416.498718261719, 2009604, 4, 92
2020.75239633, 54.8133855041888, 125.72826249108, 416.526092529297, 2009604, 4, 90
2020.75239634, 54.7920811786388, 125.724627415254, 412.326507568359, 2009604, 4, 93
2020.75239632, 54.8136881541026, 125.679287068445, 418.18359375, 2009604, 5, 65
2020.75239632, 54.8136560676699, 125.679282057126, 418.186248779297, 2009604, 5, 65
2020.75239632, 54.813623972614, 125.679277059592, 418.189971923828, 2009604, 5, 65
2020.75239632, 54.8135854514261, 125.679271110794, 418.195831298828, 2009604, 5, 65
2020.75239632, 54.8135469176179, 125.679265175941, 418.187835693359, 2009604, 5, 65
2020.75239632, 54.8135147923282, 125.679260229221, 418.204956054688, 2009604, 5, 65
2020.75239632, 54.8134826648533, 125.679255299353, 418.181518554688, 2009604, 5, 92
2020.75239632, 54.813450532716, 125.679250382351, 418.175659179688, 2009604, 5, 92
2020.75239632, 54.813418400342, 125.67924548503, 418.180023193359, 2009604, 5, 91
2020.75239632, 54.8133862657055, 125.679240586651, 418.185333251953, 2009604, 5, 91
2020.75239632, 54.8133541297827, 125.679235703693, 418.183227539062, 2009604, 5, 91
2020.75239632, 54.8133219982947, 125.679230841134, 418.171020507812, 2009604, 5, 91
2020.75239632, 54.8132898610417, 125.679225960864, 418.198913574219, 2009604, 5, 91
2020.75239632, 54.8132577270311, 125.679221084843, 418.191436767578, 2009604, 5, 91
2020.75239632, 54.8132255943226, 125.679216207772, 418.205596923828, 2009604, 5, 93
2020.75239632, 54.8131934682839, 125.679211333861, 418.192291259766, 2009604, 5, 93
2020.75239632, 54.8131613365257, 125.679206427071, 418.215637207031, 2009604, 5, 93
2020.75239632, 54.8131292186595, 125.679201547192, 418.188598632812, 2009604, 5, 93
2020.75239632, 54.8130971000267, 125.679196639005, 418.183715820312, 2009604, 5, 93
2020.75239632, 54.813064997129, 125.679191752486, 418.216522216797, 2009604, 5, 93
2020.75239632, 54.8130264844246, 125.679185875483, 418.191192626953, 2009604, 5, 93
2020.75239632, 54.8129943950732, 125.679180953117, 418.193115234375, 2009604, 5, 92
2020.75239632, 54.812962319541, 125.679176024543, 418.165588378906, 2009604, 5, 92
2020.75239632, 54.8129366540152, 125.679172042116, 418.174011230469, 2009604, 5, 92
2020.75239632, 54.8129045960035, 125.679167091492, 418.201782226562, 2009604, 5, 92
2020.75239632, 54.8128725443794, 125.679162112332, 418.186859130859, 2009604, 5, 92
2020.75239632, 54.8128405097567, 125.679157133337, 418.197845458984, 2009604, 5, 92
2020.75239632, 54.8128020882817, 125.679151146754, 418.215057373047, 2009604, 5, 92
2020.75239632, 54.8127700814359, 125.679146123243, 418.196228027344, 2009604, 5, 92
2020.75239632, 54.8127379602363, 125.67914153508, 418.173675537109, 2009604, 5, 87
2020.75239632, 54.8127060258845, 125.679136249421, 418.223358154297, 2009604, 5, 87
2020.75239632, 54.8126741183232, 125.679130980926, 418.197601318359, 2009604, 5, 87
2020.75239632, 54.8126422192212, 125.679125675546, 418.177703857422, 2009604, 5, 87
2020.75239632, 54.8126103415925, 125.679120372837, 418.185394287109, 2009604, 5, 87
2020.75239632, 54.8125784753163, 125.679115039811, 418.195953369141, 2009604, 5, 87
2020.75239632, 54.8125466280273, 125.67910969873, 418.191589355469, 2009604, 5, 87
2020.75239632, 54.8125084357967, 125.679103276348, 418.155914306641, 2009604, 5, 87
2020.7523961, 55.2847935911047, 125.758209971292, 561.070678710938, 2009604, 6, 56
2020.75239633, 54.8136766357093, 125.677879191624, 418.206024169922, 2009604, 6, 85
2020.75239633, 54.8135181170662, 125.677852352567, 418.25439453125, 2009604, 6, 85
2020.75239633, 54.8133659003205, 125.67782663489, 418.235107421875, 2009604, 6, 91
2020.75239633, 54.8132326584831, 125.677804186569, 418.210815429688, 2009604, 6, 91
2020.75239633, 54.8131057173042, 125.677782838797, 418.243560791016, 2009604, 6, 91
2020.75239633, 54.8129723490898, 125.67776045551, 418.24560546875, 2009604, 6, 91
2020.75239633, 54.8128324150203, 125.677737032264, 418.206176757812, 2009604, 6, 91
2020.75239633, 54.8126988129422, 125.677714716763, 418.223419189453, 2009604, 6, 60
2020.75239633, 54.812552494577, 125.677690267082, 418.251159667969, 2009604, 6, 60
