2020.26555868, 46.0010784776661, 134.07497513008, 70.9724349975586, 2009603, 1, 90
2020.26555868, 46.001314930628, 134.074938486521, 70.9808731079102, 2009603, 1, 90
2020.26555868, 46.0015770455188, 134.074898326102, 70.995964050293, 2009603, 1, 93
2020.26555868, 46.0018451838575, 134.074858891052, 70.9611434936523, 2009603, 1, 90
2020.265559, 46.6370428232163, 133.986304572853, 48.9860000610352, 2009603, 1, 91
2020.26555869, 46.00155609339, 134.07589383292, 71.0368270874023, 2009603, 2, 91
2020.26555869, 46.0016386492994, 134.075881662745, 71.038948059082, 2009603, 2, 91
2020.26555869, 46.0017465386198, 134.07586595844, 71.067253112793, 2009603, 2, 91
2020.26555869, 46.0018353192615, 134.075853039765, 71.0205307006836, 2009603, 2, 93
2020.26555869, 46.0019303812715, 134.075839212964, 71.027961730957, 2009603, 2, 93
2020.26555869, 46.0020000777897, 134.075829151913, 71.0039901733398, 2009603, 2, 91
2020.2655587, 46.0020571065926, 134.075821023675, 71.0220184326172, 2009603, 2, 91
2020.2655587, 46.0021141019057, 134.075812768699, 70.9710845947266, 2009603, 2, 91
2020.2655587, 46.00217743855, 134.075803669039, 71.0206527709961, 2009603, 2, 91
2020.26555901, 46.635516041166, 133.987875524192, 48.8909721374512, 2009603, 2, 93
2020.26555901, 46.6362451348692, 133.987776658422, 48.8046035766602, 2009603, 2, 95
2020.26555901, 46.6370002473749, 133.987671326023, 48.7677993774414, 2009603, 2, 94
2020.26555901, 46.6377845602347, 133.98756192519, 48.7915191650391, 2009603, 2, 94
2020.26555901, 46.6380711749041, 133.987522754113, 48.7818565368652, 2009603, 2, 93
2020.26555901, 46.6381730900833, 133.987509078305, 48.7819862365723, 2009603, 2, 93
2020.26555901, 46.6383514333667, 133.987485272753, 48.791618347168, 2009603, 2, 95
2020.26555901, 46.6384915503511, 133.987466650923, 48.7904930114746, 2009603, 2, 95
2020.26555901, 46.6386762300462, 133.987442118188, 48.7855110168457, 2009603, 2, 94
2020.26555901, 46.6388545394152, 133.987418529762, 48.7775535583496, 2009603, 2, 93
2020.26555901, 46.6390073753493, 133.987398387609, 48.8186988830566, 2009603, 2, 91
2020.26555901, 46.6391792713771, 133.987375603564, 48.8212623596191, 2009603, 2, 91
2020.26555901, 46.6393065721235, 133.987358657556, 48.8088607788086, 2009603, 2, 70
2020.26555901, 46.6393765213148, 133.987349318114, 48.7943916320801, 2009603, 2, 70
2020.26555901, 46.6394274942305, 133.987342503048, 48.8031692504883, 2009603, 2, 70
2020.26555901, 46.6394657086641, 133.987337329611, 48.7956275939941, 2009603, 2, 70
2020.26556223, 53.1053691365261, 133.011482380973, 491.876495361328, 2009603, 2, 91
2020.26556223, 53.1055728855302, 133.011447335984, 491.835876464844, 2009603, 2, 88
2020.26556223, 53.1058210077279, 133.011405465364, 491.741668701172, 2009603, 2, 87
2020.26556223, 53.1060688905803, 133.011364656495, 491.777801513672, 2009603, 2, 84
2020.26556223, 53.1063101694185, 133.011326344139, 491.839324951172, 2009603, 2, 84
2020.26556223, 53.10655130561, 133.011288366715, 491.739898681641, 2009603, 2, 79
2020.26556223, 53.106830375874, 133.011244142893, 491.606903076172, 2009603, 2, 81
2020.26556223, 53.107071322707, 133.011205412735, 491.371337890625, 2009603, 2, 81
2020.26556223, 53.1072995533596, 133.011167981311, 491.255950927734, 2009603, 2, 79
2020.26556223, 53.1075660062468, 133.011122939414, 492.254730224609, 2009603, 2, 64
2020.26555853, 45.6890080915582, 134.159747252989, 90.7999496459961, 2009603, 3, 70
2020.26555853, 45.6892315337286, 134.159718962934, 90.7728042602539, 2009603, 3, 70
2020.26555854, 45.7086075514984, 134.157108707594, 89.0868377685547, 2009603, 3, 69
2020.26555854, 45.723539127148, 134.154924979767, 87.2044296264648, 2009603, 3, 60
2020.26555854, 45.7236854724233, 134.154903357916, 87.2322311401367, 2009603, 3, 60
2020.26555854, 45.7238191284962, 134.154883544867, 87.2725372314453, 2009603, 3, 68
2020.26555854, 45.7239400857721, 134.154865535376, 87.2474975585938, 2009603, 3, 68
2020.26555862, 45.8748258135245, 134.133845403989, 75.3548736572266, 2009603, 3, 81
2020.26556221, 53.1039946841463, 133.058941011983, 497.449645996094, 2009603, 3, 95
2020.26556221, 53.1044767495283, 133.058862056552, 497.830352783203, 2009603, 3, 81
2020.26556221, 53.1048512289425, 133.058799498321, 495.983489990234, 2009603, 3, 51
2020.26555855, 45.7212897614424, 134.156171187122, 87.3413009643555, 2009603, 4, 69
2020.26555855, 45.7213407348784, 134.156163587724, 87.3612823486328, 2009603, 4, 69
2020.26555855, 45.721404494896, 134.156154180827, 87.33837890625, 2009603, 4, 69
2020.26555855, 45.7214744717598, 134.156143594409, 87.3337478637695, 2009603, 4, 69
2020.26555855, 45.7215380734408, 134.156133990957, 87.3370666503906, 2009603, 4, 69
2020.26555855, 45.7215953069873, 134.156125391018, 87.3258819580078, 2009603, 4, 69
2020.26555855, 45.7216588633634, 134.156115749919, 87.3019866943359, 2009603, 4, 69
2020.26555855, 45.7217160680401, 134.156107153073, 87.3153991699219, 2009603, 4, 69
2020.26555855, 45.7217859508116, 134.156096591462, 87.3269195556641, 2009603, 4, 51
2020.26555855, 45.7218431240753, 134.156088004271, 87.3172149658203, 2009603, 4, 51
2020.26555855, 45.7219002829158, 134.156079411944, 87.3107833862305, 2009603, 4, 51
2020.26555855, 45.721951081458, 134.156071785714, 87.2885055541992, 2009603, 4, 51
2020.26555855, 45.7219955261032, 134.156065147603, 87.3055648803711, 2009603, 4, 51
2020.26555859, 45.8020083703515, 134.145435497019, 80.9280090332031, 2009603, 4, 65
2020.26555859, 45.8020596669641, 134.145428450844, 80.9234466552734, 2009603, 4, 65
2020.26555859, 45.8020981459999, 134.145423194132, 80.9346313476562, 2009603, 4, 65
2020.26555859, 45.8021366153562, 134.145417882971, 80.9233474731445, 2009603, 4, 65
2020.26555859, 45.8021686836387, 134.145413510158, 80.9477310180664, 2009603, 4, 65
2020.26555859, 45.8022135627346, 134.145407318797, 80.9628448486328, 2009603, 4, 65
2020.26555863, 45.8746932596014, 134.134861544886, 75.3583908081055, 2009603, 4, 63
2020.26555863, 45.8782840521626, 134.13435994319, 75.159553527832, 2009603, 4, 66
2020.26555863, 45.8783413141884, 134.134351958141, 75.1564788818359, 2009603, 4, 66
2020.26555863, 45.8783985686799, 134.134343930744, 75.1566543579102, 2009603, 4, 66
2020.26555863, 45.8784558330246, 134.134335943008, 75.1740188598633, 2009603, 4, 66
2020.26555869, 45.9926830075694, 134.118972573572, 72.6009750366211, 2009603, 4, 70
2020.2655591, 46.8251980178088, 134.003357747084, 47.1407470703125, 2009603, 4, 55
2020.2655591, 46.8289592897038, 134.002800214198, 47.1225509643555, 2009603, 4, 52
2020.26556222, 53.1038775744993, 133.060160258954, 496.115966796875, 2009603, 4, 91
2020.26556222, 53.1041111094479, 133.060119624597, 496.337097167969, 2009603, 4, 96
2020.26556222, 53.1043262416353, 133.060082531072, 496.67138671875, 2009603, 4, 94
2020.26556222, 53.1045610510428, 133.060042548754, 496.864044189453, 2009603, 4, 93
2020.26556222, 53.1047773413746, 133.060006064173, 497.052154541016, 2009603, 4, 94
2020.26556222, 53.1050014404003, 133.059969594247, 497.256622314453, 2009603, 4, 86
2020.26556222, 53.1052258771832, 133.059933335625, 497.304748535156, 2009603, 4, 86
2020.26556222, 53.1054311009974, 133.059900120231, 497.229309082031, 2009603, 4, 85
2020.26556222, 53.105604112365, 133.059871925173, 497.265502929688, 2009603, 4, 80
2020.26556223, 53.1057960491709, 133.059840353598, 497.237121582031, 2009603, 4, 76
2020.26556223, 53.1059875757703, 133.059808527565, 497.294525146484, 2009603, 4, 76
2020.26556223, 53.1061910347517, 133.059773840119, 497.235687255859, 2009603, 4, 63
2020.26555868, 45.9927869608912, 134.159685265431, 75.0452270507812, 2009603, 5, 63
2020.26555868, 45.9929966722659, 134.159655379843, 75.0625457763672, 2009603, 5, 63
2020.26555868, 45.9931300697506, 134.159636390031, 75.0153427124023, 2009603, 5, 86
2020.26555868, 45.9997603735752, 134.158671750021, 75.0540924072266, 2009603, 5, 80
2020.26555868, 45.9999070359362, 134.158649796619, 75.0538787841797, 2009603, 5, 80
2020.26555868, 46.0001492329296, 134.158613632345, 75.0890502929688, 2009603, 5, 86
2020.26555907, 46.7937750207173, 134.049120297474, 47.2317962646484, 2009603, 5, 59
2020.26555907, 46.7939661227384, 134.049096225286, 47.2209930419922, 2009603, 5, 59
2020.26555907, 46.7942054833509, 134.049065738555, 47.1004257202148, 2009603, 5, 63
2020.26555909, 46.8360895927583, 134.043108245444, 47.0970916748047, 2009603, 5, 69
2020.2655591, 46.8391459260896, 134.04265742685, 47.1207656860352, 2009603, 5, 93
2020.2655591, 46.8416104043354, 134.04229695599, 47.0170593261719, 2009603, 5, 91
2020.2655591, 46.8508301662742, 134.040947664039, 47.0580520629883, 2009603, 5, 96
2020.2655591, 46.8520546824469, 134.04076542673, 47.0260238647461, 2009603, 5, 88
2020.2655591, 46.8522392460232, 134.040739094994, 46.9876861572266, 2009603, 5, 88
2020.2655591, 46.8523920389169, 134.040717401422, 46.9754867553711, 2009603, 5, 54
2020.26555912, 46.8915085102542, 134.035133537522, 46.8767471313477, 2009603, 5, 85
2020.26555912, 46.8924884967962, 134.034999203124, 46.8770332336426, 2009603, 5, 87
2020.26555913, 46.8981831728773, 134.034237106516, 46.7533760070801, 2009603, 5, 90
2020.26556222, 53.1169008821997, 133.105122640926, 502.309204101562, 2009603, 5, 86
2020.26555853, 45.6722748374187, 134.204679448827, 93.4520263671875, 2009603, 6, 62
2020.26555853, 45.6723192875383, 134.204673895324, 93.443473815918, 2009603, 6, 62
2020.26555853, 45.6723573777374, 134.204669125188, 93.4132232666016, 2009603, 6, 62
2020.26555853, 45.6723891173651, 134.20466515324, 93.3827590942383, 2009603, 6, 62
2020.26555853, 45.6724208560676, 134.204661185838, 93.3571929931641, 2009603, 6, 62
2020.26555853, 45.6724462457021, 134.20465801554, 93.3495941162109, 2009603, 6, 62
2020.26555853, 45.6724779721699, 134.204654037492, 93.3507080078125, 2009603, 6, 62
2020.26555853, 45.6725033600579, 134.204650869115, 93.3477935791016, 2009603, 6, 65
2020.26555853, 45.6725287415199, 134.204647690571, 93.3613357543945, 2009603, 6, 65
2020.26555853, 45.6725604615798, 134.204643707237, 93.3529968261719, 2009603, 6, 65
2020.26555853, 45.6725858432693, 134.204640536518, 93.3460693359375, 2009603, 6, 65
2020.26555853, 45.6726175557612, 134.204636543507, 93.3341751098633, 2009603, 6, 65
2020.26555853, 45.6726492732909, 134.204632562969, 93.3509750366211, 2009603, 6, 65
2020.26555853, 45.6726809889528, 134.20462858619, 93.3624496459961, 2009603, 6, 65
2020.26555853, 45.6727253880701, 134.204623006096, 93.3608016967773, 2009603, 6, 65
2020.26555853, 45.6740272915535, 134.20445551779, 93.2018432617188, 2009603, 6, 52
2020.26555853, 45.6740592630457, 134.204451368345, 93.1990203857422, 2009603, 6, 52
2020.26555853, 45.6740848560836, 134.204448057797, 93.1959686279297, 2009603, 6, 52
2020.26555853, 45.6741168480489, 134.204443894253, 93.2013244628906, 2009603, 6, 52
2020.26555853, 45.6741424613258, 134.204440579096, 93.2041854858398, 2009603, 6, 52
2020.26555853, 45.6741808857457, 134.204435584305, 93.2496795654297, 2009603, 6, 52
2020.26555853, 45.6742193416082, 134.204430602933, 93.2221374511719, 2009603, 6, 52
2020.26555869, 45.993364195492, 134.160628436429, 75.0152053833008, 2009603, 6, 83
2020.26555869, 45.9934789595599, 134.160612286556, 75.0177154541016, 2009603, 6, 83
2020.26555869, 45.9935936603135, 134.160596195782, 75.0048522949219, 2009603, 6, 92
2020.26555869, 45.9936955502465, 134.160581907679, 75.0109939575195, 2009603, 6, 92
2020.26555869, 45.9937974038844, 134.160567658296, 75.0143661499023, 2009603, 6, 61
2020.26555869, 45.9938673670006, 134.160557870354, 75.0158081054688, 2009603, 6, 61
2020.26555869, 45.9939310117394, 134.16054896646, 75.0137023925781, 2009603, 6, 61
2020.26555869, 45.9939819098118, 134.160541831034, 74.9904174804688, 2009603, 6, 61
2020.26555908, 46.7933604982776, 134.050453680176, 47.2165451049805, 1352533, 6, 56
2020.26555908, 46.793589885814, 134.050421110868, 47.1988372802734, 1352533, 6, 63
2020.26555908, 46.7936537337126, 134.050411975329, 47.1967468261719, 1352533, 6, 63
2020.26555908, 46.7937112050802, 134.050403724276, 47.1695098876953, 1352533, 6, 63
2020.26555908, 46.7937814660859, 134.050393610827, 47.2031898498535, 1352533, 6, 64
2020.26555908, 46.7939859653927, 134.050364134709, 47.2085494995117, 1352533, 6, 64
2020.2655591, 46.8345026976887, 134.044417623234, 47.0488128662109, 2009603, 6, 64
2020.2655591, 46.8345341581276, 134.044413178048, 47.0599327087402, 2009603, 6, 64
2020.2655591, 46.8345719183849, 134.044407842599, 47.038703918457, 2009603, 6, 64
2020.2655591, 46.8346033928978, 134.04440340014, 47.047966003418, 2009603, 6, 64
2020.2655591, 46.8346348740272, 134.044398954141, 47.052661895752, 2009603, 6, 64
2020.2655591, 46.8346726654117, 134.044393625154, 47.1065368652344, 2009603, 6, 64
2020.2655591, 46.8347104652594, 134.044388281317, 47.1095428466797, 2009603, 6, 64
2020.2655591, 46.8347545732381, 134.044382023756, 47.082103729248, 2009603, 6, 70
2020.2655591, 46.834786105557, 134.044377571163, 47.0562744140625, 2009603, 6, 70
2020.2655591, 46.8348176355106, 134.044373087026, 47.0231590270996, 2009603, 6, 70
2020.2655591, 46.8348491858435, 134.044368609298, 47.0970344543457, 2009603, 6, 70
2020.2655591, 46.8348807497683, 134.044364124626, 47.0522308349609, 2009603, 6, 70
2020.2655591, 46.8349060137566, 134.044360536492, 47.0393104553223, 2009603, 6, 70
2020.26555911, 46.8349376054958, 134.044356042812, 47.044002532959, 2009603, 6, 70
2020.26555911, 46.8349692069126, 134.044351531045, 47.091911315918, 2009603, 6, 70
2020.26555911, 46.8350071577234, 134.044346115508, 47.1012916564941, 2009603, 6, 62
2020.26555911, 46.8350514590389, 134.044339769575, 47.105297088623, 2009603, 6, 62
2020.26555911, 46.8350894621994, 134.044334322801, 47.052619934082, 2009603, 6, 62
2020.26555911, 46.8351274923655, 134.044328860577, 47.0764274597168, 2009603, 6, 62
2020.26555911, 46.8351592030613, 134.044324295905, 47.0400505065918, 2009603, 6, 62
2020.26555911, 46.8351909264149, 134.044319709879, 47.0527496337891, 2009603, 6, 62
2020.26555911, 46.8352290376668, 134.044314221582, 47.0796432495117, 2009603, 6, 62
2020.26555911, 46.8352925999953, 134.044305002368, 47.0806617736816, 2009603, 6, 71
2020.26555911, 46.8353493982385, 134.044297016249, 47.0629234313965, 2009603, 6, 71
2020.26555911, 46.835387846898, 134.044291280238, 47.0447540283203, 2009603, 6, 71
2020.26555911, 46.8354135049794, 134.044287463695, 47.0280838012695, 2009603, 6, 71
2020.26555911, 46.8354455844489, 134.044282665718, 47.0397033691406, 2009603, 6, 71
2020.26555911, 46.8354712684164, 134.044278838296, 47.0403022766113, 2009603, 6, 71
2020.26555911, 46.8355033794911, 134.044274025413, 47.047721862793, 2009603, 6, 90
2020.26555911, 46.8355355065165, 134.044269210664, 47.0415878295898, 2009603, 6, 90
2020.26555911, 46.835567656228, 134.044264404124, 47.1059608459473, 2009603, 6, 90
2020.26555911, 46.8356770230669, 134.044247969334, 47.0975379943848, 2009603, 6, 90
2020.26555911, 46.8362050892547, 134.044168723523, 47.0941276550293, 2009603, 6, 95
2020.26555911, 46.8364939989738, 134.044125915437, 47.1324081420898, 2009603, 6, 96
2020.26555911, 46.8369015308979, 134.044067356402, 47.105598449707, 2009603, 6, 95
2020.26555911, 46.8372050091989, 134.044024710692, 47.0575065612793, 2009603, 6, 93
2020.26555911, 46.8374705723565, 134.04398704031, 47.1063461303711, 2009603, 6, 95
2020.26555911, 46.8376162287336, 134.043966081467, 47.1078681945801, 2009603, 6, 81
2020.26555911, 46.8377177151692, 134.043951334631, 47.0947074890137, 2009603, 6, 81
2020.26555911, 46.8377748612004, 134.043942967877, 47.0607528686523, 2009603, 6, 81
2020.26555911, 46.837832056137, 134.043934543151, 47.0737648010254, 2009603, 6, 81
2020.26555911, 46.837920824909, 134.043921659618, 47.0717430114746, 2009603, 6, 81
2020.26555911, 46.8412441694447, 134.043437155453, 47.0742492675781, 2009603, 6, 80
2020.26555911, 46.8418410310591, 134.04335092882, 47.1197624206543, 2009603, 6, 95
2020.26555911, 46.8424790032738, 134.043259610828, 47.1286277770996, 2009603, 6, 96
2020.26555911, 46.842808294998, 134.043211620041, 47.1181449890137, 2009603, 6, 94
2020.26555911, 46.843317905755, 134.043135288118, 47.0614547729492, 2009603, 6, 89
2020.26555911, 46.8434650187232, 134.043112936285, 47.0445251464844, 2009603, 6, 89
2020.26555911, 46.8435162017562, 134.043105182383, 47.0637664794922, 2009603, 6, 67
2020.26555911, 46.8435545873188, 134.043099373244, 47.036693572998, 2009603, 6, 67
2020.26555911, 46.8435865718821, 134.043094538038, 47.0138320922852, 2009603, 6, 67
2020.26555911, 46.8436185571132, 134.043089707484, 47.000602722168, 2009603, 6, 67
2020.26555911, 46.8436505407938, 134.043084885218, 46.9833526611328, 2009603, 6, 67
2020.26555911, 46.8436825215799, 134.043080070513, 47.0080337524414, 2009603, 6, 67
2020.26555911, 46.843708110366, 134.04307623961, 47.0003509521484, 2009603, 6, 67
2020.26555911, 46.8437400811488, 134.043071431612, 46.9854354858398, 2009603, 6, 67
2020.26555911, 46.8492703405477, 134.04226998077, 46.9815635681152, 2009603, 6, 69
2020.26555911, 46.8493148343569, 134.04226347113, 46.9798812866211, 2009603, 6, 69
2020.26555911, 46.8493591166726, 134.042256603446, 47.0161476135254, 2009603, 6, 69
2020.26555911, 46.8493974114935, 134.04225123583, 46.9883880615234, 2009603, 6, 69
2020.26555911, 46.8494357271282, 134.042245879533, 46.9922218322754, 2009603, 6, 69
2020.26555911, 46.8494676750189, 134.042241434369, 46.9589233398438, 2009603, 6, 69
2020.26555911, 46.8494996314018, 134.042236986529, 46.9764595031738, 2009603, 6, 69
2020.26555911, 46.8495379899033, 134.042231648192, 46.9725952148438, 2009603, 6, 87
2020.26555911, 46.8496467747187, 134.042216601454, 46.9909400939941, 2009603, 6, 87
2020.26555911, 46.8499672409818, 134.042172371346, 47.0141639709473, 2009603, 6, 94
2020.26555911, 46.8505507936797, 134.042090191954, 47.0307922363281, 2009603, 6, 94
2020.26555912, 46.8670070868773, 134.039768257778, 46.9080085754395, 2009603, 6, 80
2020.26555912, 46.867750624865, 134.039661455539, 46.8467445373535, 2009603, 6, 92
2020.26555912, 46.8694775908139, 134.039434229586, 46.8856468200684, 2009603, 6, 95
2020.26555912, 46.8715176725012, 134.039150632214, 46.9031295776367, 2009603, 6, 96
2020.26555912, 46.8744003166855, 134.03876658141, 46.8671188354492, 2009603, 6, 96
2020.26555912, 46.8749698095308, 134.038692781629, 46.8753852844238, 2009603, 6, 97
2020.26555913, 46.8757511831722, 134.038597441352, 46.8644599914551, 2009603, 6, 96
2020.26555913, 46.8763867218448, 134.038516138435, 46.8822822570801, 2009603, 6, 96
2020.26555913, 46.8769460034284, 134.038439413017, 46.8754768371582, 2009603, 6, 97
2020.26555913, 46.8776792314136, 134.038335986242, 46.8242874145508, 2009603, 6, 96
2020.26555913, 46.8784533953161, 134.038228434543, 46.8594818115234, 2009603, 6, 95
2020.26555913, 46.8791632853058, 134.038133460832, 46.8786010742188, 2009603, 6, 93
2020.26555913, 46.8799104204021, 134.038037579057, 46.8605003356934, 2009603, 6, 94
2020.26555913, 46.8805420433273, 134.037959404651, 46.8501205444336, 2009603, 6, 95
2020.26555913, 46.8819163017574, 134.03777452168, 46.8459968566895, 2009603, 6, 95
2020.26555913, 46.8829003655715, 134.03764954796, 46.8905754089355, 2009603, 6, 97
2020.26555913, 46.8837541201444, 134.037547558694, 46.8847579956055, 2009603, 6, 96
2020.26555913, 46.8844664055981, 134.037448354817, 46.8491249084473, 2009603, 6, 96
2020.26555913, 46.8850905220716, 134.03736300958, 46.8636283874512, 2009603, 6, 96
2020.26555913, 46.8858320552021, 134.037274174362, 46.8415222167969, 2009603, 6, 96
2020.26555913, 46.8865236862486, 134.037191399784, 46.8478393554688, 2009603, 6, 96
2020.26555913, 46.8873139303603, 134.037089996266, 46.8262252807617, 2009603, 6, 97
2020.26555913, 46.8884538993805, 134.036943206585, 46.8357391357422, 2009603, 6, 97
2020.26555913, 46.8902621120261, 134.036711297071, 46.8197593688965, 2009603, 6, 96
2020.26555913, 46.89080410242, 134.03664259072, 46.8114471435547, 2009603, 6, 95
2020.26555913, 46.891005583138, 134.036616892843, 46.830696105957, 2009603, 6, 95
2020.26555913, 46.8911885032073, 134.036593446727, 46.8403778076172, 2009603, 6, 95
2020.26555913, 46.8913905491893, 134.036567495308, 46.8254776000977, 2009603, 6, 97
2020.26555913, 46.8917227057163, 134.036524117072, 46.864631652832, 2009603, 6, 97
2020.26555913, 46.8938514282507, 134.036252619131, 46.8267593383789, 2009603, 6, 95
2020.26555913, 46.8941106800591, 134.036220469407, 46.817211151123, 2009603, 6, 76
2020.26555913, 46.8941992487362, 134.036209478732, 46.8192481994629, 2009603, 6, 76
2020.26555913, 46.8945476514015, 134.03616613692, 46.8122100830078, 2009603, 6, 56
2020.26555913, 46.8946364942064, 134.036155073965, 46.8031234741211, 2009603, 6, 56
2020.26555913, 46.8946936403559, 134.03614793906, 46.7946472167969, 2009603, 6, 56
2020.26555914, 46.8987564775972, 134.03563178461, 46.7042694091797, 2009603, 6, 54
2020.26555914, 46.8988075848474, 134.035625183111, 46.7152671813965, 2009603, 6, 54
2020.26555914, 46.8988714298386, 134.035616936575, 46.7267417907715, 2009603, 6, 54
2020.26555914, 46.8989862194883, 134.035602092231, 46.7044410705566, 2009603, 6, 54
2020.26555914, 46.8990438306613, 134.035594661646, 46.6893272399902, 2009603, 6, 81
2020.26555914, 46.89913893356, 134.035582318385, 46.6962623596191, 2009603, 6, 81
2020.26556223, 53.1159101551791, 133.106577863019, 501.525085449219, 2009603, 6, 93
2020.26556223, 53.1161327827515, 133.106539922002, 501.639495849609, 2009603, 6, 96
2020.26556223, 53.1163877469054, 133.10649689662, 501.497100830078, 2009603, 6, 96
2020.26556223, 53.1166176352089, 133.106458712243, 501.530426025391, 2009603, 6, 94
2020.26556223, 53.1168411534484, 133.106421966441, 501.557159423828, 2009603, 6, 93
2020.26556223, 53.1173131346954, 133.106345583388, 502.039825439453, 2009603, 6, 93
2020.26556223, 53.1175423092774, 133.106308993073, 502.054138183594, 2009603, 6, 96
2020.26556223, 53.1177768623293, 133.106271732614, 501.916839599609, 2009603, 6, 96
2020.26556223, 53.1179795378708, 133.106239703968, 501.811431884766, 2009603, 6, 95
