2021.16737597, 53.194994447708, 119.408455234356, 369.047149658203, 2009603, 1, 91
2021.16737597, 53.1947908521722, 119.408421472785, 369.059875488281, 2009603, 1, 91
2021.16737597, 53.1945999322083, 119.408389995074, 369.048278808594, 2009603, 1, 90
2021.16737597, 53.1944344430142, 119.408362962841, 369.097869873047, 2009603, 1, 92
2021.16737597, 53.1942116577, 119.408326639618, 369.113647460938, 2009603, 1, 91
2021.16737597, 53.1940207238684, 119.408295593519, 369.108062744141, 2009603, 1, 91
2021.16737597, 53.1938234668603, 119.408263544119, 369.142852783203, 2009603, 1, 90
2021.16737597, 53.1936644298025, 119.408237695395, 369.316345214844, 2009603, 1, 84
2021.16737597, 53.1935308747742, 119.408216003584, 369.423919677734, 2009603, 1, 84
2021.16737795, 49.2146761820736, 118.789522245466, 577.191162109375, 2009588, 1, 82
2021.16737795, 49.2142626817326, 118.789469654942, 577.276123046875, 2009588, 1, 89
2021.16737795, 49.2140278473321, 118.789439408339, 577.195007324219, 2009588, 1, 93
2021.16737598, 53.1951811059893, 119.407246400174, 369.321411132812, 2009603, 2, 75
2021.16737598, 53.1951107906848, 119.407235606142, 369.13916015625, 2009603, 2, 75
2021.16737598, 53.1950596537669, 119.40722780716, 369.021301269531, 2009603, 2, 75
2021.16737598, 53.1950085223736, 119.407220040996, 369.081573486328, 2009603, 2, 75
2021.16737598, 53.1949445127207, 119.407210281951, 369.080841064453, 2009603, 2, 90
2021.16737598, 53.1948871327834, 119.40720155207, 369.106506347656, 2009603, 2, 90
2021.16737598, 53.194817029929, 119.407190862705, 369.076385498047, 2009603, 2, 90
2021.16737598, 53.1947405740058, 119.407179218969, 369.080352783203, 2009603, 2, 92
2021.16737598, 53.1946768701765, 119.407169538069, 369.106903076172, 2009603, 2, 92
2021.16737598, 53.1946131934097, 119.407159799742, 369.099700927734, 2009603, 2, 92
2021.16737598, 53.1945495101966, 119.407150124121, 369.048767089844, 2009603, 2, 92
2021.16737598, 53.1944985757128, 119.407142364458, 369.066955566406, 2009603, 2, 91
2021.16737598, 53.1944412932009, 119.407133575051, 369.041320800781, 2009603, 2, 91
2021.16737598, 53.1943839894584, 119.407124877295, 369.036285400391, 2009603, 2, 91
2021.16737598, 53.1943203386064, 119.407115155595, 369.080352783203, 2009603, 2, 91
2021.16737598, 53.1942566852894, 119.407105433821, 369.073089599609, 2009603, 2, 91
2021.16737598, 53.1941993989768, 119.407096678215, 369.081604003906, 2009603, 2, 92
2021.16737598, 53.1941357553576, 119.407086909521, 369.093780517578, 2009603, 2, 92
2021.16737598, 53.1940784762303, 119.407078113509, 369.073944091797, 2009603, 2, 92
2021.16737598, 53.1940148155426, 119.407068382439, 369.115753173828, 2009603, 2, 92
2021.16737598, 53.1939447919838, 119.407057645197, 369.174926757812, 2009603, 2, 93
2021.16737598, 53.1938811364285, 119.407047862026, 369.238464355469, 2009603, 2, 93
2021.16737598, 53.1938174695291, 119.407038088474, 369.252166748047, 2009603, 2, 93
2021.16737598, 53.1937474331659, 119.407027327549, 369.245574951172, 2009603, 2, 84
2021.16737598, 53.1936840250439, 119.407017574853, 369.305511474609, 2009603, 2, 84
2021.16737598, 53.1936265275699, 119.407008747225, 369.5, 2009603, 2, 84
2021.16737598, 53.1935626644557, 119.406998852044, 369.578948974609, 2009603, 2, 84
2021.16737796, 49.2144455404138, 118.788642761141, 577.188110351562, 2009588, 2, 72
2021.16737796, 49.2143626043909, 118.788631578204, 577.143981933594, 2009588, 2, 72
2021.16737796, 49.2142541767304, 118.788616935396, 577.11669921875, 2009588, 2, 72
2021.16737796, 49.2141202895173, 118.788598724767, 577.280212402344, 2009588, 2, 92
2021.16737796, 49.2139545949041, 118.788576045531, 577.327026367188, 2009588, 2, 76
2021.16737796, 49.2138208338728, 118.788557549378, 577.17431640625, 2009588, 2, 76
2021.16737598, 53.1663288752987, 119.355528221495, 371.734191894531, 2009603, 3, 77
2021.16737598, 53.1661122262364, 119.355495395891, 371.832916259766, 2009603, 3, 84
2021.16737598, 53.1658955040927, 119.355463007577, 371.651519775391, 2009603, 3, 91
2021.16737598, 53.1657230544192, 119.355437819137, 371.574951171875, 2009603, 3, 91
2021.16737598, 53.1653909299528, 119.355389245835, 371.365753173828, 2009603, 3, 94
2021.16737598, 53.1652249991801, 119.355365225502, 371.618957519531, 2009603, 3, 80
2021.16737598, 53.165071922684, 119.355342571476, 372.025421142578, 2009603, 3, 80
2021.16737598, 53.1648553082592, 119.35531021587, 372.043029785156, 2009603, 3, 74
2021.16737598, 53.1646579754075, 119.355280510368, 372.006317138672, 2009603, 3, 82
2021.16737598, 53.1644549349075, 119.355248596077, 371.931793212891, 2009603, 3, 90
2021.16737598, 53.1639925148503, 119.355174830709, 371.979705810547, 2009603, 3, 93
2021.16737598, 53.1638089355768, 119.355145424123, 371.991973876953, 2009603, 3, 93
2021.16737598, 53.1633212078089, 119.35506781165, 371.512176513672, 2009603, 3, 94
2021.16737598, 53.1631689208486, 119.35504425008, 371.509796142578, 2009603, 3, 94
2021.16737598, 53.1630355792875, 119.355023776556, 371.439453125, 2009603, 3, 94
2021.16737598, 53.1627495645883, 119.354980290232, 371.427764892578, 2009603, 3, 93
2021.16737598, 53.1624695837296, 119.354938224214, 371.458038330078, 2009603, 3, 92
2021.16737598, 53.1623422311508, 119.354919125193, 371.502960205078, 2009603, 3, 92
2021.16737598, 53.1621702494087, 119.354893417828, 371.488128662109, 2009603, 3, 92
2021.16737598, 53.1620173285528, 119.354870537642, 371.494262695312, 2009603, 3, 92
2021.16737598, 53.1618069674801, 119.354839147329, 371.469116210938, 2009603, 3, 91
2021.16737598, 53.1615966622665, 119.354807441745, 371.476837158203, 2009603, 3, 77
2021.16737598, 53.1611638004008, 119.354741657355, 372.360168457031, 2009603, 3, 56
2021.16737795, 49.2164719458897, 118.745426094554, 576.067138671875, 2009588, 3, 82
2021.16737599, 53.1664548165385, 119.354322297464, 372.22119140625, 2009603, 4, 56
2021.16737599, 53.166378380718, 119.354310092066, 372.167785644531, 2009603, 4, 56
2021.16737599, 53.1662955178879, 119.354296975548, 372.064819335938, 2009603, 4, 56
2021.16737599, 53.1662126771759, 119.354283842766, 371.973541259766, 2009603, 4, 79
2021.16737599, 53.1661232348298, 119.354269828972, 371.941833496094, 2009603, 4, 79
2021.16737599, 53.1660401490665, 119.354256811674, 371.907958984375, 2009603, 4, 79
2021.16737599, 53.165957029312, 119.354243829096, 371.944091796875, 2009603, 4, 89
2021.16737599, 53.1658738925205, 119.354230841292, 371.930297851562, 2009603, 4, 89
2021.16737599, 53.1657971482403, 119.354218777683, 371.939056396484, 2009603, 4, 89
2021.16737599, 53.1657139832184, 119.354205833778, 371.881958007812, 2009603, 4, 89
2021.16737599, 53.1656436347477, 119.35419476618, 371.724792480469, 2009603, 4, 89
2021.16737599, 53.165566867708, 119.35418284818, 371.677215576172, 2009603, 4, 89
2021.16737599, 53.1654901275714, 119.354170824175, 371.604309082031, 2009603, 4, 94
2021.16737599, 53.1654070166474, 119.354157773753, 371.051116943359, 2009603, 4, 94
2021.16737599, 53.1653239061191, 119.354144860304, 371.621368408203, 2009603, 4, 94
2021.16737599, 53.1634490991872, 119.353845904663, 372.285186767578, 2009603, 4, 86
2021.16737599, 53.1633920121604, 119.353836866709, 372.302734375, 2009603, 4, 86
2021.16737599, 53.1633285937888, 119.353826686215, 372.363067626953, 2009603, 4, 86
2021.16737599, 53.1632524686948, 119.353814546632, 372.258056640625, 2009603, 4, 86
2021.16737599, 53.1631763162068, 119.353802452685, 372.050750732422, 2009603, 4, 92
2021.16737599, 53.1630874606726, 119.353788269755, 371.932525634766, 2009603, 4, 92
2021.16737599, 53.1630048790637, 119.353775405317, 372.094970703125, 2009603, 4, 92
2021.16737599, 53.1629350056135, 119.35376435646, 372.23388671875, 2009603, 4, 94
2021.16737599, 53.1628587494941, 119.353752375165, 372.249755859375, 2009603, 4, 94
2021.16737599, 53.1627824299196, 119.353740628427, 372.243835449219, 2009603, 4, 93
2021.16737599, 53.1627061067188, 119.353728756132, 372.020568847656, 2009603, 4, 94
2021.16737599, 53.1626170385202, 119.35371487628, 371.915954589844, 2009603, 4, 94
2021.16737599, 53.1625342805749, 119.353702121897, 371.839111328125, 2009603, 4, 94
2021.16737599, 53.1624578518462, 119.353690441596, 371.759185791016, 2009603, 4, 94
2021.16737599, 53.1623814623042, 119.353678540209, 371.748626708984, 2009603, 4, 94
2021.16737599, 53.1622985247802, 119.353666135426, 371.757843017578, 2009603, 4, 94
2021.16737599, 53.1622219479128, 119.353654709216, 371.725921630859, 2009603, 4, 94
2021.16737599, 53.1621389807174, 119.353642258452, 371.677215576172, 2009603, 4, 94
2021.16737599, 53.1620687615001, 119.353631761876, 371.666076660156, 2009603, 4, 94
2021.16737599, 53.1619857798893, 119.353619292506, 371.595794677734, 2009603, 4, 94
2021.16737599, 53.1619155462072, 119.353608823891, 371.580139160156, 2009603, 4, 94
2021.16737599, 53.1618389443185, 119.353597289666, 371.576538085938, 2009603, 4, 94
2021.16737599, 53.1617623342839, 119.353585827038, 371.572875976562, 2009603, 4, 94
2021.16737599, 53.1616793555913, 119.353573340446, 371.546691894531, 2009603, 4, 94
2021.16737599, 53.1616027761529, 119.353561779709, 371.555145263672, 2009603, 4, 94
2021.16737599, 53.1615134637531, 119.353548175733, 371.556030273438, 2009603, 4, 94
2021.16737599, 53.1614369186623, 119.353536556363, 371.559967041016, 2009603, 4, 94
2021.16737599, 53.1613604105722, 119.353524826958, 371.598114013672, 2009603, 4, 94
2021.16737599, 53.1612839208797, 119.353513084332, 371.570159912109, 2009603, 4, 94
2021.16737599, 53.1612074740087, 119.353501208819, 371.563018798828, 2009603, 4, 92
2021.16737599, 53.1611373295325, 119.353490585892, 371.584320068359, 2009603, 4, 94
2021.16737599, 53.1610610123223, 119.353478455205, 371.543182373047, 2009603, 4, 94
2021.16737599, 53.1609847346516, 119.35346622965, 371.586120605469, 2009603, 4, 94
2021.16737599, 53.1609084749858, 119.353454044697, 371.571350097656, 2009603, 4, 94
2021.16737599, 53.1608322501592, 119.353441774231, 371.561798095703, 2009603, 4, 94
2021.16737599, 53.1607623859002, 119.353430594507, 371.601470947266, 2009603, 4, 94
2021.16737599, 53.1606925510222, 119.353419343415, 371.590911865234, 2009603, 4, 93
2021.16737599, 53.1606227348113, 119.353408070581, 371.750122070312, 2009603, 4, 93
2021.16737599, 53.1605339050683, 119.353393688024, 371.782165527344, 2009603, 4, 93
2021.16737599, 53.1604641054573, 119.353382526803, 371.836608886719, 2009603, 4, 90
2021.16737599, 53.1603880016305, 119.353370171705, 372.00244140625, 2009603, 4, 90
2021.16737599, 53.1603118778331, 119.353358042837, 372.244201660156, 2009603, 4, 90
2021.16737599, 53.160229416008, 119.353344937166, 372.619232177734, 2009603, 4, 66
2021.16737599, 53.1601533220448, 119.353332742659, 372.697204589844, 2009603, 4, 66
2021.16737599, 53.1600835629056, 119.353321669775, 372.636657714844, 2009603, 4, 66
2021.1673764, 52.3433236862218, 119.221546683808, 547.809936523438, 2009603, 4, 55
2021.1673764, 52.3430835820171, 119.221507674975, 547.843933105469, 2009603, 4, 55
2021.16737796, 49.2169123279863, 118.74460003105, 576.301818847656, 2009588, 4, 76
2021.16737796, 49.2168421408523, 118.744590808354, 576.238403320312, 2009588, 4, 76
2021.16737796, 49.2167783453505, 118.744582398424, 576.165405273438, 2009588, 4, 76
2021.16737796, 49.2167018277172, 118.74457214286, 576.0908203125, 2009588, 4, 88
2021.16737796, 49.216625282161, 118.744562148362, 576.21923828125, 2009588, 4, 88
2021.16737796, 49.216504141057, 118.744546111672, 576.492126464844, 2009588, 4, 88
2021.16737796, 49.2163128634138, 118.744520859273, 576.846984863281, 2009588, 4, 61
2021.16737599, 53.1406956504106, 119.303202154446, 373.572937011719, 2009603, 5, 91
2021.16737599, 53.1402565477861, 119.303131291096, 373.190826416016, 2009603, 5, 91
2021.16737599, 53.1400273235935, 119.303094494666, 373.205871582031, 2009603, 5, 90
2021.16737599, 53.13982356417, 119.303061852027, 373.17431640625, 2009603, 5, 90
2021.167376, 53.1396389532052, 119.30303254596, 373.203338623047, 2009603, 5, 92
2021.167376, 53.1394862369371, 119.303008869439, 373.187225341797, 2009603, 5, 91
2021.167376, 53.1392954277149, 119.30297949719, 373.180572509766, 2009603, 5, 91
2021.167376, 53.1389078189039, 119.302920372345, 373.720825195312, 2009603, 5, 80
2021.16737795, 49.2169214393345, 118.701184305008, 575.626831054688, 2009588, 5, 56
2021.16737795, 49.2167049627978, 118.70115753838, 575.632019042969, 2009588, 5, 51
2021.16737795, 49.2164755976076, 118.701128967794, 575.720397949219, 2009588, 5, 52
2021.16737795, 49.2137216020303, 118.700782294291, 575.739196777344, 2009588, 5, 53
2021.16737601, 53.1409483010237, 119.301856531276, 373.808441162109, 2009603, 6, 88
2021.16737601, 53.1408911800004, 119.301846946068, 373.633422851562, 2009603, 6, 88
2021.16737601, 53.1408403680644, 119.30183880993, 373.682250976562, 2009603, 6, 88
2021.16737601, 53.1407705447574, 119.301827323982, 373.756958007812, 2009603, 6, 88
2021.16737601, 53.1407133858597, 119.301818215145, 373.736572265625, 2009603, 6, 91
2021.16737601, 53.1406562497542, 119.301808944413, 373.961791992188, 2009603, 6, 91
2021.16737601, 53.140611777295, 119.301802031277, 374.128601074219, 2009603, 6, 91
2021.16737601, 53.140491172622, 119.301782401547, 373.426513671875, 2009603, 6, 91
2021.16737601, 53.1404276837487, 119.301772180396, 373.317230224609, 2009603, 6, 91
2021.16737601, 53.1403641885195, 119.301761999076, 373.26171875, 2009603, 6, 91
2021.16737601, 53.1403070383706, 119.301752887945, 373.234741210938, 2009603, 6, 91
2021.16737601, 53.140249907543, 119.30174357015, 373.209350585938, 2009603, 6, 90
2021.16737601, 53.1401927349993, 119.301734598075, 373.205139160156, 2009603, 6, 90
2021.16737601, 53.1401292354415, 119.301724410191, 373.195098876953, 2009603, 6, 90
2021.16737601, 53.1400720682886, 119.301715359293, 373.240600585938, 2009603, 6, 90
2021.16737601, 53.1400149103993, 119.301706200046, 373.24169921875, 2009603, 6, 90
2021.16737601, 53.1399451844569, 119.301694887555, 373.235137939453, 2009603, 6, 91
2021.16737601, 53.139887937912, 119.301685730431, 373.221252441406, 2009603, 6, 91
2021.16737601, 53.1398306895154, 119.301676570706, 373.265747070312, 2009603, 6, 91
2021.16737601, 53.1397670933791, 119.301666311743, 373.222473144531, 2009603, 6, 91
2021.16737601, 53.1397098548947, 119.301657130605, 373.204956054688, 2009603, 6, 91
2021.16737601, 53.1396462705913, 119.301646845195, 373.215393066406, 2009603, 6, 91
2021.16737601, 53.1395827128591, 119.301636416546, 373.260101318359, 2009603, 6, 91
2021.16737601, 53.1395191489951, 119.301626134023, 373.223602294922, 2009603, 6, 91
2021.16737601, 53.1394429342809, 119.301613442563, 373.198364257812, 2009603, 6, 92
2021.16737601, 53.1393730914406, 119.301601793622, 373.197906494141, 2009603, 6, 92
2021.16737601, 53.1393095996329, 119.301591350461, 373.208038330078, 2009603, 6, 92
2021.16737601, 53.139239805894, 119.301579680675, 373.212982177734, 2009603, 6, 92
2021.16737601, 53.1391763813303, 119.301569037714, 373.253753662109, 2009603, 6, 92
2021.16737601, 53.1390559768063, 119.301548521866, 373.667907714844, 2009603, 6, 92
2021.16737601, 53.13898632601, 119.301536480837, 373.704071044922, 2009603, 6, 81
2021.16737601, 53.1389293488424, 119.301526748615, 373.759033203125, 2009603, 6, 81
2021.16737601, 53.1388724206161, 119.301516759958, 373.864624023438, 2009603, 6, 81
2021.16737601, 53.1388154822256, 119.301507053661, 374.061340332031, 2009603, 6, 81
2021.16737601, 53.1387522669591, 119.301496031075, 374.159240722656, 2009603, 6, 81
2021.16737796, 49.2179517344393, 118.700417783773, 575.246337890625, 2009588, 6, 82
2021.16737796, 49.2178629401798, 118.700405822546, 575.267150878906, 2009588, 6, 82
2021.16737796, 49.2177740124802, 118.700393994827, 575.264709472656, 2009588, 6, 82
2021.16737796, 49.2176849683814, 118.700382185316, 575.24462890625, 2009588, 6, 89
2021.16737796, 49.2175830329769, 118.700368940787, 575.225036621094, 2009588, 6, 89
2021.16737796, 49.2174936938382, 118.700357618568, 575.228088378906, 2009588, 6, 85
2021.16737796, 49.2173978702665, 118.700345380649, 575.242553710938, 2009588, 6, 85
2021.16737796, 49.2173019174701, 118.700333342272, 575.263671875, 2009588, 6, 85
2021.16737796, 49.2172186712951, 118.700323009855, 575.239501953125, 2009588, 6, 78
2021.16737796, 49.217122540282, 118.700311065049, 575.231384277344, 2009588, 6, 78
2021.16737796, 49.2170263400843, 118.700299149229, 575.183288574219, 2009588, 6, 78
2021.16737796, 49.216942923289, 118.700288809129, 575.173095703125, 2009588, 6, 63
2021.16737796, 49.2168659089226, 118.700279166252, 575.169250488281, 2009588, 6, 63
2021.16737796, 49.2167824389026, 118.700268905527, 575.147338867188, 2009588, 6, 63
2021.16737796, 49.2167182370207, 118.700260897356, 575.125793457031, 2009588, 6, 54
2021.16737796, 49.2166605772597, 118.700253678734, 575.097412109375, 2009588, 6, 54
2021.16737796, 49.2165705117285, 118.700242488808, 575.089477539062, 2009588, 6, 54
2021.16737796, 49.2164612009796, 118.700228825372, 575.072998046875, 2009588, 6, 53
2021.16737796, 49.2163712648596, 118.700217419098, 575.039794921875, 2009588, 6, 53
2021.16737796, 49.2162878268366, 118.700206775765, 575.017883300781, 2009588, 6, 53
2021.16737796, 49.2162108905313, 118.700196862736, 575.02880859375, 2009588, 6, 56
2021.16737796, 49.2161276667785, 118.700185820211, 575.040588378906, 2009588, 6, 56
2021.16737796, 49.2160445187902, 118.700175009016, 575.1435546875, 2009588, 6, 56
2021.16737796, 49.2159360477161, 118.700160108362, 575.226440429688, 2009588, 6, 59
2021.16737796, 49.2158468503208, 118.700147995324, 575.189147949219, 2009588, 6, 59
2021.16737796, 49.2157324257278, 118.700132038385, 575.442749023438, 2009588, 6, 61
2021.16737796, 49.2156119376536, 118.700114865704, 575.512145996094, 2009588, 6, 61
2021.16737796, 49.2154153951407, 118.700086658403, 575.593444824219, 2009588, 6, 61
2021.16737796, 49.2153277239966, 118.70007286551, 575.607238769531, 2009588, 6, 61
2021.16737796, 49.2152401187113, 118.7000592069, 575.614379882812, 2009588, 6, 63
2021.16737796, 49.2151463294384, 118.700044397333, 575.655395507812, 2009588, 6, 63
2021.16737796, 49.2150588091667, 118.700030524579, 575.655944824219, 2009588, 6, 63
2021.16737796, 49.2149774978887, 118.700017760848, 575.754516601562, 2009588, 6, 61
2021.16737796, 49.2148961187711, 118.700005132623, 575.721740722656, 2009588, 6, 61
