2021.81804121, 50.6391535548633, 131.706520818914, 256.686920166016, 2009603, 1, 95
2021.81804121, 50.6387943561166, 131.706471911647, 256.685272216797, 2009603, 1, 95
2021.81804121, 50.6386983836966, 131.706458757108, 256.635101318359, 2009603, 1, 94
2021.81804121, 50.6386344704321, 131.706449901618, 256.644256591797, 2009603, 1, 94
2021.81804121, 50.6385770048859, 131.706441904514, 256.628509521484, 2009603, 1, 94
2021.81804121, 50.6385259697589, 131.706434770441, 256.657043457031, 2009603, 1, 94
2021.81804121, 50.6384813413362, 131.706428442843, 256.638732910156, 2009603, 1, 94
2021.81804121, 50.6384367592621, 131.706422177194, 256.633758544922, 2009603, 1, 94
2021.81804121, 50.6383985640952, 131.706416691628, 256.613739013672, 2009603, 1, 94
2021.81804121, 50.638353781625, 131.706410543475, 256.618774414062, 2009603, 1, 94
2021.81804121, 50.6383031384856, 131.706403103696, 256.593963623047, 2009603, 1, 94
2021.81804121, 50.6382335726643, 131.706392804534, 256.621063232422, 2009603, 1, 95
2021.81804121, 50.6378174753897, 131.706329639417, 256.664978027344, 2009603, 1, 94
2021.81804121, 50.6365758956856, 131.706138582652, 256.5888671875, 2009603, 1, 88
2021.8180414, 50.2628791548371, 131.649294858228, 256.766479492188, 2009603, 1, 92
2021.81804266, 47.7391252840797, 131.276716407147, 58.9425773620605, 2009603, 1, 93
2021.81804266, 47.738290827016, 131.276596506801, 58.9439811706543, 2009603, 1, 96
2021.81804266, 47.7379959898242, 131.276555736675, 58.9420623779297, 2009603, 1, 96
2021.81804266, 47.7377843583591, 131.276526575669, 58.9073448181152, 2009603, 1, 96
2021.81804266, 47.7376048549044, 131.276501872055, 58.923713684082, 2009603, 1, 95
2021.81804266, 47.7373039173611, 131.276460229503, 58.949462890625, 2009603, 1, 96
2021.81804266, 47.7371314009946, 131.276436169795, 58.9395446777344, 2009603, 1, 95
2021.81804266, 47.7369402172468, 131.276409133955, 58.9555587768555, 2009603, 1, 95
2021.81804266, 47.7367366142042, 131.276380143681, 58.9438095092773, 2009603, 1, 96
2021.81804266, 47.7365904682822, 131.276359289978, 58.9133338928223, 2009603, 1, 96
2021.81804266, 47.736457145928, 131.276340221801, 58.9542503356934, 2009603, 1, 95
2021.81804266, 47.7361844050148, 131.276301155076, 58.9659652709961, 2009603, 1, 95
2021.81804266, 47.7359562093062, 131.276268477524, 58.9693450927734, 2009603, 1, 97
2021.81804266, 47.7358167769358, 131.276248588125, 58.9534721374512, 2009603, 1, 97
2021.81804266, 47.7356773156799, 131.276228700106, 58.9585418701172, 2009603, 1, 97
2021.81804266, 47.7355505017393, 131.276210706392, 58.9500770568848, 2009603, 1, 97
2021.81804266, 47.7354172884202, 131.276191850019, 58.9337158203125, 2009603, 1, 96
2021.81804266, 47.7353157420282, 131.276177505228, 58.9577293395996, 2009603, 1, 96
2021.81804266, 47.7349090543059, 131.276120587767, 58.9586067199707, 2009603, 1, 96
2021.81804266, 47.7345460079163, 131.276070310634, 58.9453353881836, 2009603, 1, 95
2021.81804266, 47.7344056168089, 131.276051044169, 58.8999671936035, 2009603, 1, 95
2021.81804266, 47.734175766508, 131.276019507906, 58.9605712890625, 2009603, 1, 95
2021.81804266, 47.7339522083992, 131.275988567696, 58.9460182189941, 2009603, 1, 96
2021.81804266, 47.7337605665991, 131.275961679699, 58.9646415710449, 2009603, 1, 96
2021.81804266, 47.7334604176464, 131.275918929013, 58.9774894714355, 2009603, 1, 96
2021.81804266, 47.7329057538719, 131.275837400223, 58.8613586425781, 2009603, 1, 95
2021.81804266, 47.7326700917063, 131.275803288441, 58.9379653930664, 2009603, 1, 95
2021.81804266, 47.7325299990402, 131.27578346291, 58.9457550048828, 2009603, 1, 95
2021.81804266, 47.7321161713415, 131.275726976477, 58.9308319091797, 2009603, 1, 96
2021.81804266, 47.7314536024902, 131.27564637777, 58.9139938354492, 2009603, 1, 96
2021.81804266, 47.7305878251518, 131.275532562022, 58.9461975097656, 2009603, 1, 93
2021.81804266, 47.7238111643901, 131.274605481304, 58.9465446472168, 2009603, 1, 79
2021.81804266, 47.7236762823423, 131.274587018403, 58.9138565063477, 2009603, 1, 92
2021.81804266, 47.7234708821678, 131.274559154051, 58.9041862487793, 2009603, 1, 93
2021.81804267, 47.7223810018356, 131.274415265716, 58.8421936035156, 2009603, 1, 93
2021.81804122, 50.6390478380617, 131.705181684561, 256.563629150391, 2009603, 2, 94
2021.81804122, 50.6387673625546, 131.70513406651, 256.608306884766, 2009603, 2, 95
2021.81804122, 50.6385377799207, 131.705095308097, 256.614440917969, 2009603, 2, 95
2021.81804122, 50.6383527394384, 131.705064159194, 256.611480712891, 2009603, 2, 95
2021.81804122, 50.6376121208296, 131.704942584196, 256.650787353516, 2009603, 2, 95
2021.81804267, 47.738369483047, 131.275597806953, 58.9296722412109, 2009603, 2, 95
2021.81804267, 47.7376639597481, 131.275504138615, 58.9415054321289, 2009603, 2, 95
2021.81804267, 47.7371930334008, 131.275441990096, 58.9155044555664, 2009603, 2, 96
2021.81804267, 47.7367597584811, 131.27538524571, 58.8945617675781, 2009603, 2, 95
2021.81804267, 47.7363642663801, 131.275333800994, 58.915943145752, 2009603, 2, 97
2021.81804267, 47.7354255859473, 131.275212570991, 58.9396896362305, 2009603, 2, 95
2021.81804267, 47.7343355918617, 131.27507263886, 58.939697265625, 2009603, 2, 96
2021.81804267, 47.7331270077809, 131.274916163559, 58.9231338500977, 2009603, 2, 96
2021.81804267, 47.7314718223228, 131.274696690514, 58.9064521789551, 2009603, 2, 96
2021.81804116, 50.7425239269167, 131.67663812254, 256.539581298828, 2009603, 3, 57
2021.81804116, 50.7423082612257, 131.676603255154, 256.538818359375, 2009603, 3, 72
2021.81804116, 50.74211761368, 131.676572901403, 256.538146972656, 2009603, 3, 58
2021.81804121, 50.6452388121156, 131.661757237408, 256.589019775391, 2009603, 3, 95
2021.81804121, 50.6426042378401, 131.661387404706, 256.538848876953, 2009603, 3, 64
2021.81804139, 50.2785146683052, 131.60634984297, 256.609924316406, 2009603, 3, 90
2021.81804266, 47.7338393148305, 131.232963686684, 59.1845893859863, 2009603, 3, 97
2021.81804266, 47.7320904246257, 131.232734427774, 59.1909866333008, 2009603, 3, 96
2021.81804266, 47.7292007447193, 131.232340643314, 59.2166404724121, 2009603, 3, 95
2021.81804266, 47.7281673014831, 131.232200782111, 59.2604446411133, 2009603, 3, 96
2021.81804266, 47.7276131306687, 131.23212572839, 59.2001686096191, 2009603, 3, 96
2021.81804266, 47.7272073079187, 131.232071169606, 59.2661476135254, 2009603, 3, 97
2021.81804266, 47.7267407137191, 131.232009315348, 59.2073707580566, 2009603, 3, 97
2021.81804266, 47.7263363378283, 131.231956484934, 59.2473449707031, 2009603, 3, 96
2021.81804266, 47.7259829327849, 131.231911010248, 59.2648963928223, 2009603, 3, 96
2021.81804266, 47.725437739569, 131.231841411787, 59.2029151916504, 2009603, 3, 94
2021.81804266, 47.7246727693897, 131.231740667112, 59.8113441467285, 2009603, 3, 73
2021.81804117, 50.7442345094078, 131.675274940658, 256.603302001953, 2009603, 4, 60
2021.81804267, 47.7275960659386, 131.231115299935, 59.334587097168, 2009603, 4, 95
2021.81804124, 50.5913415055939, 131.607365051607, 256.643249511719, 2009603, 5, 95
2021.81804124, 50.5912520017633, 131.607349654221, 256.581604003906, 2009603, 5, 95
2021.81804124, 50.5912072494178, 131.60734188145, 256.622436523438, 2009603, 5, 95
2021.81804124, 50.5911497213473, 131.607332013066, 256.674865722656, 2009603, 5, 95
2021.81804124, 50.5910794312217, 131.607320166765, 256.638488769531, 2009603, 5, 95
2021.81804124, 50.5910091507977, 131.60730813247, 256.671478271484, 2009603, 5, 95
2021.81804124, 50.590919619971, 131.607292737577, 256.638275146484, 2009603, 5, 95
2021.81804124, 50.5908367735075, 131.6072789161, 256.654663085938, 2009603, 5, 95
2021.81804124, 50.5907412277463, 131.607263135423, 256.641937255859, 2009603, 5, 95
2021.81804124, 50.590639366203, 131.607246534238, 256.656219482422, 2009603, 5, 96
2021.81804124, 50.5905375436115, 131.607229763836, 256.6689453125, 2009603, 5, 96
2021.81804124, 50.5903976145448, 131.607206989465, 256.678436279297, 2009603, 5, 96
2021.81804124, 50.5902768150926, 131.607187244523, 256.629730224609, 2009603, 5, 96
2021.81804124, 50.590130642765, 131.607163384412, 256.661499023438, 2009603, 5, 94
2021.81804124, 50.5900035760299, 131.607142641003, 256.645904541016, 2009603, 5, 94
2021.81804124, 50.5898828893576, 131.607122905732, 256.694580078125, 2009603, 5, 85
2021.81804124, 50.5897431557454, 131.607099654355, 256.688140869141, 2009603, 5, 73
2021.81804124, 50.5896098443693, 131.607077696747, 256.690307617188, 2009603, 5, 73
2021.81804124, 50.5894762797238, 131.607055050184, 256.687835693359, 2009603, 5, 65
2021.81804124, 50.5893363874932, 131.607031131547, 256.683288574219, 2009603, 5, 65
2021.81804124, 50.5892219716263, 131.607011620406, 256.692718505859, 2009603, 5, 63
2021.81804124, 50.5891203074054, 131.606994251138, 256.696044921875, 2009603, 5, 63
2021.81804124, 50.5890250364836, 131.606978035974, 256.655853271484, 2009603, 5, 63
2021.81804124, 50.5889425078165, 131.606964178588, 256.698333740234, 2009603, 5, 61
2021.81804124, 50.5888663501464, 131.606951192715, 256.668151855469, 2009603, 5, 61
2021.81804124, 50.5887965687881, 131.606939510596, 256.688659667969, 2009603, 5, 61
2021.81804124, 50.5887268129728, 131.606927808695, 256.680816650391, 2009603, 5, 56
2021.81804124, 50.5886634200439, 131.606917273643, 256.687866210938, 2009603, 5, 56
2021.81804124, 50.5886127153841, 131.606908708651, 256.66455078125, 2009603, 5, 56
2021.81804124, 50.5885493586147, 131.606898234547, 256.717346191406, 2009603, 5, 56
2021.81804136, 50.3493590906367, 131.570880614061, 256.631896972656, 2009603, 5, 89
2021.81804136, 50.3491751995677, 131.570850013142, 256.656433105469, 2009603, 5, 90
2021.81804136, 50.3490037701717, 131.570821982972, 256.680328369141, 2009603, 5, 90
2021.81804136, 50.3487432504463, 131.570779442769, 256.677093505859, 2009603, 5, 79
2021.81804136, 50.3484316304229, 131.570728483571, 256.666076660156, 2009603, 5, 56
2021.81804136, 50.3481707212555, 131.570685337079, 256.657623291016, 2009603, 5, 51
2021.81804137, 50.3146152588215, 131.565701220139, 256.563323974609, 2009603, 5, 51
2021.81804267, 47.7134681728821, 131.187177706052, 59.599853515625, 2009603, 5, 97
2021.81804267, 47.7129131004371, 131.187100768663, 59.6618461608887, 2009603, 5, 97
2021.81804267, 47.7124943007079, 131.187046013771, 59.6292762756348, 2009603, 5, 97
2021.81804267, 47.7121227572789, 131.18700131527, 59.6339149475098, 2009603, 5, 96
2021.81804267, 47.7115770658895, 131.186936475689, 59.6260871887207, 2009603, 5, 95
2021.81804267, 47.7108936865284, 131.186850805741, 59.6326446533203, 2009603, 5, 97
2021.81804267, 47.7104618078092, 131.186794113231, 59.6372528076172, 2009603, 5, 92
2021.81804267, 47.7094767237614, 131.186668374286, 59.6642036437988, 2009603, 5, 92
2021.81804267, 47.7087625027814, 131.18657865482, 59.6355857849121, 2009603, 5, 95
2021.81804267, 47.7080411788203, 131.186483109563, 59.6773986816406, 2009603, 5, 96
2021.81804267, 47.7072064554784, 131.18637112459, 59.6408004760742, 2009603, 5, 97
2021.81804267, 47.7061756466393, 131.186235504613, 59.6610717773438, 2009603, 5, 96
2021.81804293, 47.194613412409, 131.11430376948, 67.0274658203125, 2009603, 5, 89
2021.81804293, 47.1933872647302, 131.114146418772, 67.001838684082, 2009603, 5, 83
2021.81804125, 50.5906153660319, 131.605878747664, 256.586090087891, 2009603, 6, 95
2021.81804125, 50.5902348894036, 131.605819805816, 256.619354248047, 2009603, 6, 95
2021.81804125, 50.5897324176404, 131.605743336296, 256.602478027344, 2009603, 6, 95
2021.81804125, 50.5891703263976, 131.605661545219, 256.631103515625, 2009603, 6, 95
2021.81804125, 50.5885451488525, 131.605572951314, 256.629272460938, 2009603, 6, 70
2021.81804125, 50.5881198575647, 131.605512867636, 256.617279052734, 2009603, 6, 60
2021.81804137, 50.3490053910389, 131.56943750433, 256.629913330078, 2009603, 6, 83
2021.81804137, 50.3483611500605, 131.56934390799, 256.602813720703, 2009603, 6, 51
