2022.53167356, 48.6460941859428, 133.923059463521, 47.0575866699219, 2009587, 1, 94
2022.53167357, 48.6399336117547, 133.92217085679, 46.9554138183594, 2009587, 1, 73
2022.53167357, 48.6395541753931, 133.922116328785, 46.9186973571777, 2009587, 1, 82
2022.53167357, 48.6392826540968, 133.922077676958, 46.8859748840332, 2009587, 1, 87
2022.53167357, 48.6389731544699, 133.922034043832, 46.8592796325684, 2009587, 1, 88
2022.53167357, 48.6387138261083, 133.921997634455, 46.8703460693359, 2009587, 1, 54
2022.53167374, 48.2858579358458, 133.87083647816, 42.0929412841797, 2009603, 1, 96
2022.53167374, 48.2844719591772, 133.870632874655, 42.1177024841309, 2009603, 1, 96
2022.53167427, 47.2307187264993, 133.719438455891, 47.2220306396484, 2009603, 1, 63
2022.53167357, 48.6463515798194, 133.921971922421, 46.996467590332, 2009587, 2, 92
2022.53167357, 48.6457096933716, 133.921885394062, 46.9728393554688, 2009587, 2, 92
2022.53167357, 48.6453671599284, 133.921838074124, 46.9827728271484, 2009587, 2, 66
2022.53167357, 48.6450632666588, 133.921793893517, 46.9736328125, 2009587, 2, 66
2022.53167375, 48.2864668407166, 133.869670536378, 42.0486602783203, 2009603, 2, 90
2022.53167375, 48.2863647746054, 133.869654780465, 42.0565986633301, 2009603, 2, 90
2022.53167375, 48.2861801234834, 133.869625979334, 42.0092658996582, 2009603, 2, 95
2022.53167375, 48.2859387955612, 133.869587920324, 42.0089340209961, 2009603, 2, 96
2022.53167375, 48.2856980823618, 133.869549725765, 42.0354766845703, 2009603, 2, 96
2022.53167375, 48.2853883287756, 133.869500680992, 42.0074806213379, 2009603, 2, 96
2022.53167375, 48.2848898126842, 133.869423515402, 41.9976196289062, 2009603, 2, 95
2022.53167375, 48.2843772007283, 133.869346952001, 41.9703788757324, 2009603, 2, 96
2022.53167355, 48.6664536928581, 133.882071978827, 47.4882278442383, 2009587, 3, 84
2022.53167355, 48.6662176306316, 133.882036964343, 47.471134185791, 2009587, 3, 92
2022.53167355, 48.6659177884189, 133.881992417312, 47.5289993286133, 2009587, 3, 93
2022.53167355, 48.6656179501834, 133.881947890598, 47.4836044311523, 2009587, 3, 93
2022.53167355, 48.6653309596455, 133.88190532087, 47.4800262451172, 2009587, 3, 88
2022.53167379, 48.1898241339919, 133.813166258291, 42.9970016479492, 2009603, 3, 53
2022.53167356, 48.6679781195299, 133.881035430368, 47.4077758789062, 2009587, 4, 74
2022.53167356, 48.6679080360905, 133.881025953513, 47.4766960144043, 2009587, 4, 74
2022.53167356, 48.6678061094156, 133.881012231669, 47.4492263793945, 2009587, 4, 74
2022.53167356, 48.667723284787, 133.881000996887, 47.4777336120605, 2009587, 4, 91
2022.53167356, 48.6676595759475, 133.880992315739, 47.4594917297363, 2009587, 4, 91
2022.53167356, 48.6675831214333, 133.880981810931, 47.4577865600586, 2009587, 4, 91
2022.53167356, 48.6675194214942, 133.880973052893, 47.466121673584, 2009587, 4, 91
2022.53167356, 48.6674748812625, 133.880967197764, 47.4611778259277, 2009587, 4, 90
2022.53167356, 48.6674239025151, 133.880959936003, 47.4613609313965, 2009587, 4, 90
2022.53167356, 48.6673792944753, 133.88095352147, 47.4215469360352, 2009587, 4, 90
2022.53167356, 48.6673410709643, 133.880948059341, 47.4157028198242, 2009587, 4, 90
2022.53167356, 48.6673092084351, 133.880943409902, 47.4329986572266, 2009587, 4, 90
2022.53167356, 48.6672709907993, 133.880937905052, 47.4057350158691, 2009587, 4, 90
2022.53167356, 48.6672263989482, 133.880931378262, 47.447566986084, 2009587, 4, 93
2022.53167356, 48.66715634433, 133.880921136251, 47.4506530761719, 2009587, 4, 93
2022.53167356, 48.66707358615, 133.880909007953, 47.4420394897461, 2009587, 4, 93
2022.53167356, 48.6669463088976, 133.880890111131, 47.4477996826172, 2009587, 4, 94
2022.53167356, 48.6668191141272, 133.880871132896, 47.4328956604004, 2009587, 4, 94
2022.53167356, 48.6667110665424, 133.880854918161, 47.4479446411133, 2009587, 4, 92
2022.53167356, 48.6666030864333, 133.880838683849, 47.4382629394531, 2009587, 4, 92
2022.53167356, 48.6664761342942, 133.880819578569, 47.4269943237305, 2009587, 4, 91
2022.53167356, 48.6663619464009, 133.88080236371, 47.4528465270996, 2009587, 4, 91
2022.53167356, 48.6662668333732, 133.880788007633, 47.4248504638672, 2009587, 4, 91
2022.53167356, 48.6661526631704, 133.880770771683, 47.4884910583496, 2009587, 4, 71
2022.53167356, 48.6660767929022, 133.880759520652, 47.4846458435059, 2009587, 4, 71
2022.53167356, 48.6660262303748, 133.880752099842, 47.4576606750488, 2009587, 4, 71
2022.53167356, 48.6659883050863, 133.880746507673, 47.4427337646484, 2009587, 4, 71
2022.53167356, 48.6659566989916, 133.880741821187, 47.4084091186523, 2009587, 4, 71
2022.53167356, 48.665918777301, 133.880736260059, 47.3857345581055, 2009587, 4, 71
2022.53167356, 48.665874534937, 133.880729781452, 47.4117088317871, 2009587, 4, 71
2022.53167356, 48.6658239609682, 133.880722347055, 47.4293785095215, 2009587, 4, 71
2022.5316738, 48.1901362082108, 133.812100338607, 42.7862281799316, 2009603, 4, 69
2022.53167428, 47.2287844946109, 133.675125703181, 46.9761543273926, 2009603, 4, 80
2022.53167355, 48.6801053301886, 133.840072088054, 48.4244041442871, 2009587, 5, 89
2022.53167355, 48.6796255488742, 133.840001124829, 48.4506072998047, 2009587, 5, 90
2022.53167355, 48.679414315584, 133.839970155047, 48.3832511901855, 2009587, 5, 66
2022.53167355, 48.6793055349537, 133.839954222069, 48.4083023071289, 2009587, 5, 66
2022.53167376, 48.2627596727478, 133.780125013865, 42.4908294677734, 2009603, 5, 62
2022.53167376, 48.2623662653855, 133.78006529962, 42.5056228637695, 2009603, 5, 96
2022.53167376, 48.2618329520616, 133.779984249587, 42.4886283874512, 2009603, 5, 96
2022.53167376, 48.2613486692449, 133.779912026241, 42.5048294067383, 2009603, 5, 96
2022.53167379, 48.1971269581049, 133.770596996222, 43.0742874145508, 2009603, 5, 78
2022.53167379, 48.1967633400498, 133.770547427858, 43.0494537353516, 2009603, 5, 92
2022.53167379, 48.1964058269211, 133.770500587327, 43.0673599243164, 2009603, 5, 94
2022.53167379, 48.1959586545951, 133.770441929627, 43.0504417419434, 2009603, 5, 94
2022.53167379, 48.195357907765, 133.770359808049, 43.0809898376465, 2009603, 5, 95
2022.53167379, 48.1943807528552, 133.770220252676, 43.0694427490234, 2009603, 5, 95
2022.53167427, 47.2244931968344, 133.633011083265, 47.322151184082, 2009603, 5, 55
2022.53167427, 47.2243846684902, 133.632995393326, 47.3107986450195, 2009603, 5, 59
2022.53167427, 47.2242825229062, 133.632980643544, 47.3532066345215, 2009603, 5, 59
2022.53167427, 47.2241739968304, 133.632965007733, 47.3536071777344, 2009603, 5, 56
2022.53167427, 47.2240654936146, 133.63294941923, 47.3561553955078, 2009603, 5, 56
2022.53167356, 48.6802036529792, 133.838887478769, 48.4356422424316, 2009587, 6, 90
2022.53167356, 48.6800964048245, 133.838870309394, 48.4305534362793, 2009587, 6, 90
2022.53167356, 48.6799513387749, 133.838847073122, 48.443359375, 2009587, 6, 89
2022.53167356, 48.6798188605568, 133.838825936939, 48.4563751220703, 2009587, 6, 89
2022.53167356, 48.6796926390989, 133.83880598175, 48.45947265625, 2009587, 6, 89
2022.53167356, 48.6796168605217, 133.838794116808, 48.431022644043, 2009587, 6, 89
2022.53167356, 48.6795663105705, 133.838786244311, 48.4481544494629, 2009587, 6, 89
2022.53167356, 48.6795283886225, 133.838780379042, 48.4183540344238, 2009587, 6, 89
2022.53167356, 48.679490459137, 133.838774547788, 48.3727416992188, 2009587, 6, 53
2022.53167356, 48.6794588343925, 133.838769701954, 48.3810157775879, 2009587, 6, 53
2022.53167356, 48.6794335274515, 133.83876583643, 48.3911895751953, 2009587, 6, 53
2022.53167356, 48.6794018887179, 133.838761032396, 48.3907623291016, 2009587, 6, 53
2022.53167356, 48.6793765677692, 133.838757199967, 48.3920097351074, 2009587, 6, 53
2022.53167356, 48.6793513930336, 133.838752915879, 48.3972282409668, 2009587, 6, 53
2022.53167357, 48.647961471723, 133.834320022082, 48.0299224853516, 2009587, 6, 79
2022.53167357, 48.6476621583911, 133.834280866478, 48.011962890625, 2009587, 6, 81
2022.53167377, 48.262549015179, 133.778851314635, 42.5396995544434, 2009603, 6, 86
2022.53167377, 48.262396257656, 133.778827900761, 42.5462265014648, 2009603, 6, 94
2022.53167377, 48.2622371832032, 133.778803694626, 42.5141220092773, 2009603, 6, 95
2022.53167377, 48.2620971539821, 133.778782278883, 42.5339126586914, 2009603, 6, 95
2022.53167377, 48.2619256892879, 133.778757124713, 42.5342292785645, 2009603, 6, 96
2022.53167377, 48.2617606710642, 133.77873312984, 42.5270614624023, 2009603, 6, 96
2022.53167377, 48.2616211079072, 133.778712954352, 42.5272254943848, 2009603, 6, 96
2022.53167377, 48.2615259767093, 133.77869924, 42.5308952331543, 2009603, 6, 96
2022.53167377, 48.2614245295508, 133.778684637832, 42.534309387207, 2009603, 6, 96
2022.53167377, 48.2613104149365, 133.778668215902, 42.5499267578125, 2009603, 6, 96
2022.53167377, 48.2611836487719, 133.778649970984, 42.508171081543, 2009603, 6, 96
2022.53167377, 48.2609237820286, 133.778612420459, 42.5643577575684, 2009603, 6, 95
2022.53167377, 48.2510926189528, 133.777181447595, 42.5478935241699, 2009603, 6, 79
2022.5316738, 48.1952908620169, 133.769340192917, 43.0697593688965, 2009603, 6, 91
2022.5316738, 48.194883571643, 133.769287629937, 43.0572395324707, 2009603, 6, 95
2022.5316738, 48.1941586973425, 133.769180869484, 43.0368118286133, 2009603, 6, 95
2022.53167428, 47.2269768872937, 133.632189214404, 47.5124320983887, 2009603, 6, 63
2022.53167428, 47.226775747376, 133.632159627161, 47.4556579589844, 2009603, 6, 63
