2018.94705912, 55.3969838028767, 130.529451297297, 651.357849121094, 2007670, 1, 94
2018.94705912, 55.3967997273098, 130.529419350693, 651.118103027344, 2007670, 1, 94
2018.94705912, 55.3965900561931, 130.529383310919, 651.26953125, 2007670, 1, 86
2018.94705923, 55.1661190001462, 130.489222381156, 557.520080566406, 2007670, 1, 80
2018.94705923, 55.1659287165988, 130.489189262603, 557.492492675781, 2007670, 1, 92
2018.94705923, 55.1657065977157, 130.48915063074, 557.290954589844, 2007670, 1, 93
2018.94705923, 55.1654970322343, 130.48911425724, 557.194030761719, 2007670, 1, 92
2018.94705923, 55.165280967598, 130.489076951094, 557.212463378906, 2007670, 1, 92
2018.94705923, 55.1650774285427, 130.48904220673, 557.156616210938, 2007670, 1, 91
2018.94705923, 55.1648801564488, 130.489008753199, 557.212890625, 2007670, 1, 74
2018.94706005, 53.5349078688224, 130.212680572947, 319.591064453125, 2009603, 1, 94
2018.94706005, 53.5346846830502, 130.212645035428, 319.547515869141, 2009603, 1, 90
2018.94706005, 53.5344934313437, 130.212614761567, 319.523803710938, 2009603, 1, 67
2018.94706005, 53.5342895864964, 130.212582559591, 319.578582763672, 2009603, 1, 67
2018.94706005, 53.5336863741218, 130.212486763384, 319.529724121094, 2009603, 1, 94
2018.94706005, 53.5334774861833, 130.212453154593, 319.448211669922, 2009603, 1, 93
2018.94706005, 53.5332749811192, 130.212420456178, 319.364227294922, 2009603, 1, 93
2018.94706005, 53.5330850868038, 130.212389579834, 319.282501220703, 2009603, 1, 62
2018.94706019, 53.2397128295428, 130.164255113052, 279.132171630859, 2009603, 1, 82
2018.94706019, 53.2395405395509, 130.164228474271, 279.007110595703, 2009603, 1, 87
2018.94706019, 53.2393364255727, 130.164196531048, 279.028656005859, 2009603, 1, 85
2018.94706019, 53.2391323823358, 130.164164441242, 279.045837402344, 2009603, 1, 65
2018.94706041, 52.8079460335348, 130.093797768932, 232.107650756836, 2009603, 1, 87
2018.94706041, 52.807723710971, 130.093762976291, 232.310150146484, 2009603, 1, 89
2018.94706041, 52.8074952364266, 130.09372713468, 232.208465576172, 2009603, 1, 87
2018.94706041, 52.8072542457313, 130.093688996048, 232.022659301758, 2009603, 1, 87
2018.94706041, 52.8070387227375, 130.093654426012, 231.932189941406, 2009603, 1, 89
2018.94706041, 52.8068232964011, 130.093619103306, 231.929214477539, 2009603, 1, 83
2018.94706041, 52.799317669082, 130.092398756808, 231.641250610352, 2009603, 1, 75
2018.94706041, 52.7991079162688, 130.092365470354, 231.674362182617, 2009603, 1, 75
2018.94706041, 52.7988917635521, 130.092331435142, 231.671600341797, 2009603, 1, 90
2018.94706041, 52.7986755948451, 130.092297552684, 231.636093139648, 2009603, 1, 91
2018.94706041, 52.7984467221222, 130.092261709862, 231.644470214844, 2009603, 1, 89
2018.94706041, 52.7982560237832, 130.09223175806, 231.665512084961, 2009603, 1, 77
2018.94706042, 52.7891947837614, 130.09077381834, 231.622283935547, 2009603, 1, 87
2018.94706042, 52.7889670437697, 130.090736708213, 231.583724975586, 2009603, 1, 91
2018.94706042, 52.7887266407476, 130.0906976739, 231.5751953125, 2009603, 1, 86
2018.94706042, 52.7884923779104, 130.090659819449, 231.602478027344, 2009603, 1, 82
2018.94706042, 52.7882704825541, 130.090624126647, 231.605590820312, 2009603, 1, 82
2018.94705924, 55.1664648043227, 130.488037446556, 557.279113769531, 2007670, 2, 93
2018.94705924, 55.1664143543473, 130.488028891562, 557.22900390625, 2007670, 2, 93
2018.94705924, 55.1663639253311, 130.488020411137, 557.218811035156, 2007670, 2, 93
2018.94705924, 55.1663134665617, 130.488011901935, 557.207763671875, 2007670, 2, 93
2018.94705924, 55.166256685673, 130.488002337689, 557.2314453125, 2007670, 2, 93
2018.94705924, 55.1662124881818, 130.48799486165, 557.174133300781, 2007670, 2, 94
2018.94705924, 55.1661619937801, 130.487986393834, 557.171081542969, 2007670, 2, 94
2018.94705924, 55.1661240757977, 130.487979971903, 557.188171386719, 2007670, 2, 94
2018.94705924, 55.1660735307608, 130.487971470037, 557.157409667969, 2007670, 2, 94
2018.94705924, 55.1660229633569, 130.487962973692, 557.16748046875, 2007670, 2, 94
2018.94705924, 55.1659786851685, 130.48795551307, 557.169555664062, 2007670, 2, 92
2018.94705924, 55.1659343722826, 130.487948016141, 557.195556640625, 2007670, 2, 92
2018.94705924, 55.1658837059656, 130.48793944993, 557.195373535156, 2007670, 2, 92
2018.94705924, 55.1658393645564, 130.487931978366, 557.192504882812, 2007670, 2, 92
2018.94705924, 55.1657823157521, 130.487922354478, 557.159973144531, 2007670, 2, 92
2018.94705946, 54.7399754239822, 130.4142233454, 419.266937255859, 2007670, 2, 91
2018.94705946, 54.739917943006, 130.414214135493, 419.142761230469, 2007670, 2, 91
2018.94705946, 54.7398731686706, 130.414206906615, 419.147552490234, 2007670, 2, 91
2018.94705946, 54.7398220188768, 130.414198753968, 419.099426269531, 2007670, 2, 91
2018.94705946, 54.7397772173022, 130.414191584275, 419.032165527344, 2007670, 2, 91
2018.94705946, 54.739719633907, 130.414182466372, 418.909851074219, 2007670, 2, 91
2018.94705946, 54.7396684213024, 130.41417435151, 418.953460693359, 2007670, 2, 91
2018.94705946, 54.7396171853421, 130.414166222717, 419.017303466797, 2007670, 2, 91
2018.94705946, 54.7395659319524, 130.414158077319, 419.187225341797, 2007670, 2, 91
2018.94705946, 54.7395146888882, 130.414149969401, 419.357299804688, 2007670, 2, 91
2018.94705946, 54.7394570427034, 130.414140854507, 419.468597412109, 2007670, 2, 91
2018.94705946, 54.7393994174126, 130.414131773127, 419.556182861328, 2007670, 2, 91
2018.94705946, 54.7393482024425, 130.414123692999, 419.553009033203, 2007670, 2, 91
2018.94705946, 54.739284181656, 130.41411355011, 419.532348632812, 2007670, 2, 91
2018.9470602, 53.2387185023218, 130.16292037986, 279.005096435547, 2009603, 2, 81
2018.9470602, 53.2386546616179, 130.162910909448, 278.917999267578, 2009603, 2, 81
2018.9470602, 53.2385972177676, 130.16290237881, 278.874114990234, 2009603, 2, 81
2018.9470602, 53.2385397401379, 130.162893737088, 278.917877197266, 2009603, 2, 81
2018.9470602, 53.2384822784971, 130.162885078246, 278.958709716797, 2009603, 2, 87
2018.9470602, 53.2384248248899, 130.162876374393, 278.905456542969, 2009603, 2, 87
2018.9470602, 53.2383673784689, 130.162867627176, 278.873474121094, 2009603, 2, 87
2018.9470602, 53.2383035632663, 130.162857856732, 278.833618164062, 2009603, 2, 87
2018.94706021, 53.2382461306252, 130.162848988612, 278.804107666016, 2009603, 2, 87
2018.94706021, 53.2381886919282, 130.162840027372, 278.790863037109, 2009603, 2, 87
2018.94706021, 53.2381312491496, 130.162831412658, 278.794769287109, 2009603, 2, 87
2018.94706021, 53.2380738367044, 130.162822072375, 278.800659179688, 2009603, 2, 87
2018.94706021, 53.238016460014, 130.162812721498, 278.785919189453, 2009603, 2, 87
2018.94706021, 53.2379654346339, 130.162804290869, 278.779968261719, 2009603, 2, 81
2018.94706021, 53.2379080724833, 130.162794821005, 278.791076660156, 2009603, 2, 81
2018.94706021, 53.2378570619878, 130.162786297167, 278.817779541016, 2009603, 2, 81
2018.94706021, 53.237806073496, 130.162777763964, 278.810516357422, 2009603, 2, 81
2018.94706021, 53.237755092991, 130.162769191597, 278.910217285156, 2009603, 2, 81
2018.94706021, 53.2376914039517, 130.162758485144, 278.944702148438, 2009603, 2, 68
2018.94706021, 53.2376277126102, 130.162747706726, 278.980010986328, 2009603, 2, 68
2018.94706021, 53.2375767451148, 130.162739010278, 278.976776123047, 2009603, 2, 68
2018.94706021, 53.2375258362307, 130.162730392827, 278.996826171875, 2009603, 2, 68
2018.94706042, 52.807698820009, 130.092549527991, 232.300445556641, 2009603, 2, 64
2018.94706042, 52.8076413531923, 130.092540576876, 232.202133178711, 2009603, 2, 64
2018.94706042, 52.8075902404849, 130.092532557343, 232.473297119141, 2009603, 2, 64
2018.94706042, 52.8075391081878, 130.092524501073, 232.641052246094, 2009603, 2, 64
2018.94706042, 52.8074816420003, 130.092515542502, 232.756195068359, 2009603, 2, 64
2018.94706042, 52.8074305472791, 130.092507538202, 232.695892333984, 2009603, 2, 64
2018.94706042, 52.8069589944591, 130.092433085752, 233.414199829102, 2009603, 2, 65
2018.94706042, 52.8069017505872, 130.092423878059, 233.339797973633, 2009603, 2, 65
2018.94706042, 52.8068509287685, 130.092415796873, 233.209350585938, 2009603, 2, 65
2018.94706042, 52.8067937658996, 130.092406705752, 233.107238769531, 2009603, 2, 65
2018.94706042, 52.8067429357191, 130.092398570884, 233.124877929688, 2009603, 2, 82
2018.94706042, 52.8066920941116, 130.092390395807, 233.028549194336, 2009603, 2, 82
2018.94706042, 52.8066285814153, 130.092380245161, 232.875335693359, 2009603, 2, 82
2018.94706042, 52.806571445027, 130.092371148692, 232.793395996094, 2009603, 2, 82
2018.94706042, 52.8065206190617, 130.092362976476, 232.623580932617, 2009603, 2, 82
2018.94706042, 52.8064634891735, 130.092353884374, 232.514709472656, 2009603, 2, 87
2018.94706042, 52.8064126964861, 130.092345781197, 232.433853149414, 2009603, 2, 87
2018.94706042, 52.8063618866069, 130.092337644828, 232.318130493164, 2009603, 2, 87
2018.94706042, 52.8063047119873, 130.092328468203, 232.295700073242, 2009603, 2, 87
2018.94706042, 52.8062475378588, 130.092319304867, 232.140975952148, 2009603, 2, 87
2018.94706042, 52.8061903812966, 130.092310187307, 232.083084106445, 2009603, 2, 87
2018.94706042, 52.8061395378859, 130.092302019864, 232.044448852539, 2009603, 2, 87
2018.94706042, 52.8060887092035, 130.092293889883, 232.018646240234, 2009603, 2, 87
2018.94706042, 52.8060378642858, 130.092285745475, 232.048217773438, 2009603, 2, 87
2018.94706042, 52.8059808024828, 130.092276501687, 231.959991455078, 2009603, 2, 88
2018.94706042, 52.8059171591305, 130.092266466448, 231.913314819336, 2009603, 2, 88
2018.94706042, 52.8058598583966, 130.09225740505, 231.915985107422, 2009603, 2, 88
2018.94706042, 52.8058025455067, 130.092248337684, 231.868194580078, 2009603, 2, 88
2018.94706042, 52.8057515944119, 130.092240273499, 231.875183105469, 2009603, 2, 88
2018.94706042, 52.8056879263534, 130.092230241182, 231.811309814453, 2009603, 2, 83
2018.94706042, 52.805630611938, 130.092221185392, 231.78337097168, 2009603, 2, 83
2018.94706042, 52.8055732761648, 130.092212086384, 231.743438720703, 2009603, 2, 83
2018.94706042, 52.8055159513314, 130.092203004691, 231.71354675293, 2009603, 2, 83
2018.94706042, 52.8007455138493, 130.091438888847, 231.925552368164, 2009603, 2, 75
2018.94706042, 52.8006882896214, 130.091429976522, 231.82258605957, 2009603, 2, 75
2018.94706042, 52.8006374053679, 130.091422049734, 231.774703979492, 2009603, 2, 75
2018.94706042, 52.8005865192906, 130.091414145751, 231.673568725586, 2009603, 2, 75
2018.94706042, 52.8005356193087, 130.091406239306, 231.671829223633, 2009603, 2, 75
2018.94706042, 52.8004847016131, 130.091398324521, 231.641983032227, 2009603, 2, 87
2018.94706042, 52.8004338005775, 130.091390465704, 231.624374389648, 2009603, 2, 87
2018.94706042, 52.8003765204298, 130.091381626388, 231.64079284668, 2009603, 2, 87
2018.94706042, 52.8003192246221, 130.091372785279, 231.616073608398, 2009603, 2, 87
2018.94706042, 52.800268275275, 130.091364912821, 231.59196472168, 2009603, 2, 87
2018.94706042, 52.8002109635622, 130.09135609276, 231.593139648438, 2009603, 2, 89
2018.94706042, 52.8001536338293, 130.091347267183, 231.597015380859, 2009603, 2, 89
2018.94706042, 52.8001026654173, 130.0913394248, 231.583740234375, 2009603, 2, 89
2018.94706042, 52.8000516691964, 130.091331545471, 231.573333740234, 2009603, 2, 89
2018.94706042, 52.8000006801844, 130.091323693875, 231.613204956055, 2009603, 2, 89
2018.94706042, 52.7999496777172, 130.091315832025, 231.579544067383, 2009603, 2, 89
2018.94706042, 52.7998986694795, 130.091307972478, 231.600494384766, 2009603, 2, 89
2018.94706042, 52.7998412878067, 130.091299148466, 231.616485595703, 2009603, 2, 89
2018.94706042, 52.7997838698444, 130.091290257426, 231.610168457031, 2009603, 2, 89
2018.94706042, 52.7997200865207, 130.091280419597, 231.586975097656, 2009603, 2, 89
2018.94706042, 52.7996690446056, 130.091272520596, 231.586303710938, 2009603, 2, 89
2018.94706042, 52.7996181763032, 130.091264655928, 231.575607299805, 2009603, 2, 89
2018.94706042, 52.7995669870133, 130.091256655287, 231.559265136719, 2009603, 2, 89
2018.94706042, 52.7995158053969, 130.091248664296, 231.580062866211, 2009603, 2, 89
2018.94706042, 52.7994582226267, 130.091239652649, 231.590576171875, 2009603, 2, 82
2018.94706042, 52.7994006612699, 130.091230661825, 231.597854614258, 2009603, 2, 82
2018.94706042, 52.7993366960624, 130.091220610575, 231.589218139648, 2009603, 2, 82
2018.94706042, 52.7992791420949, 130.091211554988, 231.557144165039, 2009603, 2, 82
2018.94706042, 52.7992279757701, 130.091203451474, 231.55810546875, 2009603, 2, 82
2018.94706042, 52.7991704585268, 130.091194371638, 231.543563842773, 2009603, 2, 82
2018.94706042, 52.7991193256317, 130.091186242244, 231.582015991211, 2009603, 2, 82
2018.94706042, 52.7990618426706, 130.091177119244, 231.576065063477, 2009603, 2, 82
2018.94706042, 52.7990171457708, 130.091169999192, 231.573181152344, 2009603, 2, 82
2018.94706042, 52.798972459743, 130.091162857751, 231.582977294922, 2009603, 2, 54
2018.94706042, 52.7989214246811, 130.091154705495, 231.590866088867, 2009603, 2, 54
2018.94706042, 52.7988704091188, 130.091146531429, 231.585556030273, 2009603, 2, 54
2018.94706043, 52.7893552034335, 130.089624130253, 232.076766967773, 2009603, 2, 72
2018.94706043, 52.7893045659082, 130.089616301003, 231.980560302734, 2009603, 2, 72
2018.94706043, 52.7892475760408, 130.089607535765, 231.939315795898, 2009603, 2, 91
2018.94706043, 52.7891905245814, 130.089598748452, 231.755935668945, 2009603, 2, 91
2018.94706043, 52.7891334363206, 130.089589979839, 231.626831054688, 2009603, 2, 91
2018.94706043, 52.7890762941743, 130.089581189687, 231.579284667969, 2009603, 2, 91
2018.94706043, 52.7890127654661, 130.089571441831, 231.603042602539, 2009603, 2, 91
2018.94706043, 52.7889555706124, 130.089562714344, 231.553619384766, 2009603, 2, 91
2018.94706043, 52.7888983053542, 130.089553918032, 231.54573059082, 2009603, 2, 91
2018.94706043, 52.7888410457657, 130.089545198701, 231.544937133789, 2009603, 2, 91
2018.94706043, 52.7887900895814, 130.089537376886, 231.437759399414, 2009603, 2, 91
2018.94706043, 52.7887327615581, 130.089528627614, 231.454376220703, 2009603, 2, 90
2018.94706043, 52.7886754091243, 130.089519876307, 231.471664428711, 2009603, 2, 90
2018.94706043, 52.7886180089897, 130.089511071233, 231.508087158203, 2009603, 2, 90
2018.94706043, 52.7885669772218, 130.089503251753, 231.52197265625, 2009603, 2, 90
2018.94706043, 52.7885095464817, 130.089494444328, 231.511505126953, 2009603, 2, 90
2018.94706043, 52.788439346387, 130.089483699056, 231.537155151367, 2009603, 2, 89
2018.94706043, 52.7883818818972, 130.089474862556, 231.514373779297, 2009603, 2, 89
2018.94706043, 52.7883243852628, 130.089465974704, 231.515548706055, 2009603, 2, 89
2018.94706043, 52.7882669118946, 130.089457136598, 231.553909301758, 2009603, 2, 89
2018.94706061, 52.4362813269588, 130.032729226322, 215.170974731445, 2009603, 2, 69
2018.94705914, 55.3543246886411, 130.470978964866, 632.624084472656, 2007670, 3, 72
2018.94705914, 55.3541085182082, 130.470941723012, 632.255676269531, 2007670, 3, 94
2018.94705914, 55.3538795352565, 130.470902628119, 632.171508789062, 2007670, 3, 92
2018.94705945, 54.7366601350004, 130.364614455407, 415.810546875, 2007670, 3, 87
2018.94705945, 54.7364761475653, 130.364583400804, 415.828857421875, 2007670, 3, 89
2018.94705945, 54.736273186858, 130.364549001139, 415.842315673828, 2007670, 3, 89
2018.94705945, 54.7360575330602, 130.364512376853, 415.827575683594, 2007670, 3, 82
2018.94705945, 54.7358545296408, 130.364477875701, 415.927459716797, 2007670, 3, 55
2018.94706007, 53.4952468897882, 130.157450953257, 308.010162353516, 2009603, 3, 88
2018.94706007, 53.4950380432639, 130.157416997983, 307.908874511719, 2009603, 3, 88
2018.94706007, 53.4948176535862, 130.157380910868, 307.882629394531, 2009603, 3, 78
2018.9470602, 53.2260872932662, 130.113577778086, 274.863647460938, 2009603, 3, 79
2018.9470602, 53.225890147525, 130.113547229419, 275.519073486328, 2009603, 3, 86
2018.9470602, 53.2256611130461, 130.113511528055, 275.599822998047, 2009603, 3, 88
2018.94706028, 53.0713729832904, 130.088293223412, 254.514022827148, 2009603, 3, 88
2018.94706028, 53.0711380124475, 130.088255097619, 254.714294433594, 2009603, 3, 87
2018.94706028, 53.0709095040539, 130.088217979087, 254.862823486328, 2009603, 3, 79
2018.94706028, 53.0581060298696, 130.086128384148, 254.250061035156, 2009603, 3, 65
2018.94706029, 53.0578842935382, 130.086092494553, 254.875839233398, 2009603, 3, 63
2018.94706029, 53.0576687961101, 130.086057105656, 254.891952514648, 2009603, 3, 68
2018.94706029, 53.0441707810898, 130.083857333027, 252.178466796875, 2009603, 3, 80
2018.94706029, 53.0439361309625, 130.083819506401, 252.0673828125, 2009603, 3, 89
2018.94706029, 53.0436747737161, 130.083776683957, 251.984924316406, 2009603, 3, 73
2018.9470603, 53.0370942492336, 130.082719368794, 251.425415039062, 2009603, 3, 82
2018.9470603, 53.0230313480368, 130.080483091561, 249.920288085938, 2009603, 3, 88
2018.9470603, 53.0225681538624, 130.080411213023, 249.779052734375, 2009603, 3, 81
2018.9470603, 53.0223459127768, 130.080376642068, 250.103317260742, 2009603, 3, 67
2018.94706042, 52.7802622465574, 130.041364177261, 229.491424560547, 2009603, 3, 86
2018.94706042, 52.7801031803564, 130.041339158459, 229.363464355469, 2009603, 3, 85
2018.94706042, 52.7798870639512, 130.04130508895, 229.354187011719, 2009603, 3, 85
2018.94706042, 52.7796585161524, 130.041268953437, 229.352600097656, 2009603, 3, 88
2018.94706042, 52.7794430151454, 130.041234731435, 229.364837646484, 2009603, 3, 86
2018.94706043, 52.767217560553, 130.039307498945, 228.731628417969, 2009603, 3, 90
2018.94706043, 52.766938240424, 130.039263569926, 228.764724731445, 2009603, 3, 89
2018.94706043, 52.766716206649, 130.039228788141, 228.790908813477, 2009603, 3, 91
2018.94706043, 52.7664815892171, 130.039192169237, 228.832290649414, 2009603, 3, 92
2018.94706043, 52.7662277720582, 130.039152427615, 228.822189331055, 2009603, 3, 74
2018.94706044, 52.7559789844504, 130.037533645348, 229.393402099609, 2009603, 3, 84
2018.94706044, 52.755623177331, 130.037478687653, 228.288818359375, 2009603, 3, 88
2018.94706044, 52.7554071427107, 130.037445424061, 228.288757324219, 2009603, 3, 89
2018.94706044, 52.7551975481749, 130.037413269253, 228.315002441406, 2009603, 3, 90
2018.94706044, 52.7549562423211, 130.037376120579, 228.285369873047, 2009603, 3, 89
2018.94706044, 52.7547022688893, 130.037336755108, 228.309936523438, 2009603, 3, 88
2018.94706044, 52.7544419587518, 130.037296005584, 228.296813964844, 2009603, 3, 88
2018.94706044, 52.7542578244466, 130.03726689731, 228.327713012695, 2009603, 3, 88
2018.94706044, 52.7540228981971, 130.037229348996, 228.397354125977, 2009603, 3, 88
2018.94706044, 52.7537752607029, 130.037189274447, 228.326873779297, 2009603, 3, 84
2018.94706044, 52.7535592157043, 130.03715409187, 228.228378295898, 2009603, 3, 77
2018.94706044, 52.7533429886402, 130.03711877876, 228.195785522461, 2009603, 3, 78
2018.94706044, 52.7531074678643, 130.037080306086, 228.143859863281, 2009603, 3, 82
2018.94706044, 52.7528526594444, 130.037038800781, 228.244720458984, 2009603, 3, 85
2018.94706045, 52.7267381051852, 130.032883252815, 227.605865478516, 2009603, 3, 86
2018.94706045, 52.7265796174807, 130.032857795171, 227.615844726562, 2009603, 3, 86
2018.94706045, 52.7263896685604, 130.032827164224, 227.615524291992, 2009603, 3, 90
2018.94706045, 52.7261556556235, 130.032789335376, 227.602600097656, 2009603, 3, 91
2018.94706045, 52.7259286590879, 130.032751799834, 227.607131958008, 2009603, 3, 91
2018.94706045, 52.7256827537421, 130.032711265843, 227.637680053711, 2009603, 3, 87
2018.94706045, 52.7254176303509, 130.032668038074, 227.610809326172, 2009603, 3, 86
2018.94706045, 52.7251772508248, 130.032629485987, 227.604782104492, 2009603, 3, 86
2018.94706045, 52.7249236472277, 130.032589346705, 227.569778442383, 2009603, 3, 77
2018.94706045, 52.7244771204609, 130.032522200411, 227.904556274414, 2009603, 3, 86
2018.94706045, 52.724246863456, 130.032487753139, 227.900939941406, 2009603, 3, 87
2018.94706045, 52.7239587969253, 130.032444215941, 227.43098449707, 2009603, 3, 89
2018.94706045, 52.7237219587372, 130.032407775155, 227.440673828125, 2009603, 3, 87
2018.94706045, 52.7234789954917, 130.032369254637, 227.256683349609, 2009603, 3, 89
2018.94706045, 52.72323007179, 130.032328573899, 227.185897827148, 2009603, 3, 89
2018.94706045, 52.7230006635436, 130.032290659032, 227.177703857422, 2009603, 3, 89
2018.94706045, 52.7227525555949, 130.032249480943, 226.996307373047, 2009603, 3, 89
2018.94706045, 52.7225048575284, 130.032208461859, 226.880325317383, 2009603, 3, 88
2018.94706045, 52.7222448644651, 130.032165901872, 226.838272094727, 2009603, 3, 89
2018.94706045, 52.7219535851913, 130.032119241185, 226.843383789062, 2009603, 3, 89
2018.94706045, 52.7216877587835, 130.032076876359, 226.871841430664, 2009603, 3, 88
2018.94706045, 52.7214535481064, 130.032039564556, 226.878814697266, 2009603, 3, 89
2018.94706045, 52.7212192231241, 130.032002120348, 226.865982055664, 2009603, 3, 88
2018.94706045, 52.7210790540716, 130.031979712577, 226.883728027344, 2009603, 3, 88
2018.94706053, 52.5714437455129, 130.007877148509, 216.638763427734, 2009603, 3, 61
2018.94706053, 52.5712340811082, 130.007844398065, 216.55387878418, 2009603, 3, 61
2018.94705915, 55.3546914787458, 130.469726758481, 632.308044433594, 2007670, 4, 90
2018.94705915, 55.3546280109972, 130.469715651094, 632.272338867188, 2007670, 4, 90
2018.94705915, 55.3545582365421, 130.469703403819, 632.141723632812, 2007670, 4, 90
2018.94705915, 55.3545011058789, 130.469693373362, 632.077514648438, 2007670, 4, 90
2018.94705915, 55.354424987464, 130.469679962677, 632.074340820312, 2007670, 4, 93
2018.94705915, 55.3543678783655, 130.469669888063, 632.041625976562, 2007670, 4, 93
2018.94705915, 55.3543044654969, 130.469658663768, 632.0732421875, 2007670, 4, 93
2018.94705915, 55.354241221282, 130.46964754993, 632.116882324219, 2007670, 4, 93
2018.94705915, 55.3541712891973, 130.469635056521, 632.044616699219, 2007670, 4, 93
2018.94705915, 55.3541141065204, 130.469624808003, 631.999328613281, 2007670, 4, 93
2018.94705915, 55.3540569125664, 130.469614545214, 631.977966308594, 2007670, 4, 93
2018.94705946, 54.7363680698882, 130.36333864099, 415.870971679688, 2007670, 4, 83
2018.94705946, 54.7363173627312, 130.363330572795, 415.776794433594, 2007670, 4, 83
2018.94705946, 54.7362603677268, 130.363321489783, 415.798034667969, 2007670, 4, 83
2018.94705946, 54.736209698563, 130.363313414522, 415.800872802734, 2007670, 4, 89
2018.94705946, 54.7361464166525, 130.363303301405, 415.834503173828, 2007670, 4, 89
2018.94705946, 54.7360831686691, 130.363293165399, 415.807495117188, 2007670, 4, 89
2018.94705946, 54.7360199218611, 130.363283006503, 415.823822021484, 2007670, 4, 89
2018.94705946, 54.735950412338, 130.36327178426, 415.800079345703, 2007670, 4, 79
2018.94705946, 54.7358935470772, 130.363262568262, 415.817474365234, 2007670, 4, 79
2018.94705946, 54.7358241070921, 130.36325124674, 415.803161621094, 2007670, 4, 79
2018.94705946, 54.7357672923285, 130.36324193989, 415.713409423828, 2007670, 4, 88
2018.94705946, 54.7357042229719, 130.363231537942, 415.754089355469, 2007670, 4, 72
2018.94705946, 54.7356474386282, 130.363222131795, 415.774291992188, 2007670, 4, 72
2018.94705946, 54.7355903802262, 130.36321294268, 415.799896240234, 2007670, 4, 72
2018.94705946, 54.73552131764, 130.363201049901, 415.813201904297, 2007670, 4, 72
2018.94706008, 53.493245281591, 130.155946765419, 308.015350341797, 2009603, 4, 88
2018.94706008, 53.4931758431875, 130.155935372517, 307.987701416016, 2009603, 4, 88
2018.94706008, 53.4931000735389, 130.155922960701, 307.933746337891, 2009603, 4, 88
2018.94706008, 53.4930368918161, 130.155912637337, 307.928619384766, 2009603, 4, 88
2018.94706008, 53.4929673830154, 130.155901298756, 307.926330566406, 2009603, 4, 69
2018.94706008, 53.4929043390837, 130.15589083102, 307.934478759766, 2009603, 4, 69
2018.94706008, 53.4928345542802, 130.155879728241, 307.925842285156, 2009603, 4, 69
2018.94706008, 53.4927710772206, 130.155869652174, 307.924072265625, 2009603, 4, 69
2018.94706029, 53.0719888059533, 130.087122642781, 254.633834838867, 2009603, 4, 87
2018.94706029, 53.0719127980244, 130.087109638229, 254.666213989258, 2009603, 4, 87
2018.94706029, 53.0718431508987, 130.087097664501, 254.627731323242, 2009603, 4, 87
2018.94706029, 53.07177982579, 130.087086746315, 254.645568847656, 2009603, 4, 87
2018.94706029, 53.0717165332869, 130.08707579618, 254.648239135742, 2009603, 4, 89
2018.94706029, 53.0716532240907, 130.087064829297, 254.801193237305, 2009603, 4, 89
2018.94706029, 53.0715835862253, 130.087052750982, 254.908233642578, 2009603, 4, 89
2018.94706029, 53.0715139727181, 130.087040660398, 255.1630859375, 2009603, 4, 89
2018.94706029, 53.0714443598501, 130.087028571405, 255.192855834961, 2009603, 4, 88
2018.94706029, 53.0713810518216, 130.087017595427, 255.363494873047, 2009603, 4, 88
2018.94706029, 53.0713113882927, 130.087005543101, 255.418014526367, 2009603, 4, 88
2018.9470603, 53.0579583108064, 130.084851165593, 254.070892333984, 2009603, 4, 58
2018.9470603, 53.0578943978537, 130.084840924772, 253.961196899414, 2009603, 4, 58
2018.9470603, 53.0578368882422, 130.084831743531, 253.863815307617, 2009603, 4, 58
2018.9470603, 53.0577729576062, 130.084821589797, 254.077926635742, 2009603, 4, 58
2018.9470603, 53.0577026515435, 130.084810465474, 254.019104003906, 2009603, 4, 59
2018.9470603, 53.0576259384691, 130.084798389566, 254.056289672852, 2009603, 4, 59
2018.9470603, 53.0575555987426, 130.084787374077, 253.911239624023, 2009603, 4, 59
2018.9470603, 53.0574980467804, 130.084778395192, 254.170684814453, 2009603, 4, 70
2018.9470603, 53.0574277336794, 130.084767454905, 254.308197021484, 2009603, 4, 70
2018.9470603, 53.0573573937228, 130.084756561073, 254.269515991211, 2009603, 4, 70
2018.9470603, 53.057293459295, 130.084746687671, 254.330856323242, 2009603, 4, 70
2018.9470603, 53.0572167795537, 130.084734870004, 254.324142456055, 2009603, 4, 51
2018.9470603, 53.0571592542686, 130.084726033928, 254.147247314453, 2009603, 4, 51
2018.9470603, 53.0570889721443, 130.084715255846, 254.128204345703, 2009603, 4, 51
2018.9470603, 53.0570187070836, 130.084704498657, 254.058074951172, 2009603, 4, 51
2018.9470603, 53.0532204349237, 130.084110017655, 252.752624511719, 2009603, 4, 55
2018.9470603, 53.0531759656724, 130.084102981816, 252.41374206543, 2009603, 4, 55
2018.9470603, 53.0531505122428, 130.084098961758, 252.467895507812, 2009603, 4, 55
2018.9470603, 53.0531185807941, 130.084094139143, 252.734115600586, 2009603, 4, 55
2018.9470603, 53.0529851881452, 130.084072564039, 253.622161865234, 2009603, 4, 78
2018.9470603, 53.0527185305833, 130.084029095464, 254.843200683594, 2009603, 4, 70
2018.9470603, 53.0525218461377, 130.083996868259, 255.34748840332, 2009603, 4, 60
2018.9470603, 53.0524457657998, 130.083984383819, 255.444305419922, 2009603, 4, 62
2018.9470603, 53.0523823707637, 130.083973987678, 255.3681640625, 2009603, 4, 62
2018.9470603, 53.0523189499792, 130.083963606041, 254.796264648438, 2009603, 4, 62
2018.9470603, 53.0518876730213, 130.08389353159, 254.577560424805, 2009603, 4, 69
2018.9470603, 53.0517480549303, 130.083871184673, 254.290374755859, 2009603, 4, 74
2018.9470603, 53.0516909016079, 130.083862182218, 253.869018554688, 2009603, 4, 74
2018.9470603, 53.0516210558651, 130.083851206268, 253.770462036133, 2009603, 4, 74
2018.9470603, 53.0515448508194, 130.083839266415, 253.531921386719, 2009603, 4, 74
2018.9470603, 53.0514813177958, 130.083829344978, 253.383651733398, 2009603, 4, 74
2018.9470603, 53.0514114622771, 130.083818445659, 253.274322509766, 2009603, 4, 74
2018.9470603, 53.0513415977384, 130.083807566137, 253.169860839844, 2009603, 4, 74
2018.9470603, 53.0512717534101, 130.083796697699, 253.113708496094, 2009603, 4, 74
2018.9470603, 53.0512082667636, 130.083786824648, 253.080032348633, 2009603, 4, 82
2018.9470603, 53.0511384489523, 130.083775967878, 253.09912109375, 2009603, 4, 82
2018.9470603, 53.0510749549308, 130.083766105973, 253.145080566406, 2009603, 4, 82
2018.9470603, 53.0510115198086, 130.083756233251, 253.27131652832, 2009603, 4, 82
2018.9470603, 53.0509480503495, 130.083746363998, 253.258941650391, 2009603, 4, 82
2018.9470603, 53.0508846241164, 130.083736482726, 253.179046630859, 2009603, 4, 82
2018.9470603, 53.0508212048078, 130.083726592199, 253.141738891602, 2009603, 4, 82
2018.9470603, 53.0507514880729, 130.083715693483, 253.020858764648, 2009603, 4, 82
2018.9470603, 53.0506880790446, 130.083705778504, 252.903121948242, 2009603, 4, 85
2018.9470603, 53.0506247261198, 130.083695840581, 252.835662841797, 2009603, 4, 85
2018.9470603, 53.0505612853716, 130.083685982247, 252.805084228516, 2009603, 4, 85
2018.9470603, 53.0504980195251, 130.083675912031, 252.741134643555, 2009603, 4, 73
2018.9470603, 53.0504347774526, 130.083665822534, 252.682739257812, 2009603, 4, 73
2018.9470603, 53.0503715597657, 130.083655712724, 252.60905456543, 2009603, 4, 73
2018.9470603, 53.0503083066938, 130.083645594673, 252.552780151367, 2009603, 4, 73
2018.9470603, 53.0449631447264, 130.082796898049, 252.010772705078, 2009603, 4, 80
2018.9470603, 53.0448868208207, 130.082785111231, 252.124557495117, 2009603, 4, 80
2018.9470603, 53.0447660790366, 130.082766361359, 253.155227661133, 2009603, 4, 80
2018.9470603, 53.0443361011941, 130.082698005934, 252.235427856445, 2009603, 4, 82
2018.9470603, 53.0442668121594, 130.082686766788, 252.195343017578, 2009603, 4, 82
2018.94706031, 53.0372235771337, 130.081578074908, 250.828643798828, 2009603, 4, 91
2018.94706031, 53.0371793887577, 130.081571413505, 250.808975219727, 2009603, 4, 91
2018.94706031, 53.037135142035, 130.081564753312, 251.264877319336, 2009603, 4, 91
2018.94706031, 53.037078327259, 130.081556160888, 251.159790039062, 2009603, 4, 91
2018.94706031, 53.037015161815, 130.081546594632, 251.014495849609, 2009603, 4, 91
2018.94706031, 53.0369456986692, 130.081536029605, 251.050888061523, 2009603, 4, 55
2018.94706031, 53.0368761873583, 130.081525426589, 251.054611206055, 2009603, 4, 55
2018.94706031, 53.0368066763896, 130.081514771679, 251.088577270508, 2009603, 4, 55
2018.94706044, 52.7668663771783, 130.038077113038, 229.145935058594, 2009603, 4, 89
2018.94706044, 52.7667965423323, 130.038065083591, 228.818908691406, 2009603, 4, 89
2018.94706044, 52.7667204077712, 130.038051916812, 228.801651000977, 2009603, 4, 91
2018.94706044, 52.7666506646291, 130.038039822726, 228.81787109375, 2009603, 4, 91
2018.94706044, 52.7665809670814, 130.038027717488, 228.821350097656, 2009603, 4, 91
2018.94706044, 52.7665176369365, 130.03801671716, 228.819473266602, 2009603, 4, 91
2018.94706044, 52.7664480184306, 130.038004632801, 228.80158996582, 2009603, 4, 90
2018.94706044, 52.7663847536463, 130.037993672979, 228.824478149414, 2009603, 4, 90
2018.94706044, 52.7663215312955, 130.037982744798, 228.869659423828, 2009603, 4, 90
2018.94706044, 52.7662520048861, 130.037970776127, 228.868316650391, 2009603, 4, 90
2018.94706044, 52.7661888152505, 130.037959950436, 228.856018066406, 2009603, 4, 89
2018.94706044, 52.7661319474285, 130.037950260225, 228.876602172852, 2009603, 4, 89
2018.94706044, 52.7660687977907, 130.037939552175, 228.86051940918, 2009603, 4, 89
2018.94706044, 52.7660056419235, 130.037928919656, 228.842742919922, 2009603, 4, 89
2018.94706045, 52.7552196172883, 130.036221206648, 228.603302001953, 2009603, 4, 87
2018.94706045, 52.7551553987791, 130.036211700713, 228.419815063477, 2009603, 4, 87
2018.94706045, 52.7550912136183, 130.036202172129, 228.403305053711, 2009603, 4, 87
2018.94706045, 52.7547009978305, 130.036143318196, 228.447769165039, 2009603, 4, 87
2018.94706045, 52.7546372400322, 130.036133531807, 228.357391357422, 2009603, 4, 87
2018.94706045, 52.7545608445765, 130.0361217265, 228.352554321289, 2009603, 4, 87
2018.94706045, 52.7544972478609, 130.03611184011, 228.20344543457, 2009603, 4, 87
2018.94706045, 52.7544271059722, 130.036101029927, 228.17431640625, 2009603, 4, 87
2018.94706045, 52.754351195017, 130.036088947848, 228.142974853516, 2009603, 4, 87
2018.94706045, 52.7542816393138, 130.036077824338, 228.241516113281, 2009603, 4, 87
2018.94706045, 52.7542122117171, 130.036066640441, 228.277893066406, 2009603, 4, 83
2018.94706046, 52.7262217883713, 130.031587023774, 232.132827758789, 2009603, 4, 82
2018.94706046, 52.7260828963649, 130.031566147292, 227.611465454102, 2009603, 4, 82
2018.94706046, 52.7260133389881, 130.031555776446, 227.637588500977, 2009603, 4, 82
2018.94706046, 52.725937470248, 130.0315444747, 227.659042358398, 2009603, 4, 90
2018.94706046, 52.7258742112453, 130.031535061518, 227.622009277344, 2009603, 4, 90
2018.94706046, 52.7258046271387, 130.03152469381, 227.633941650391, 2009603, 4, 90
2018.94706054, 52.5716703216783, 130.006725961164, 221.042816162109, 2009603, 4, 83
2018.94706054, 52.5715878587069, 130.006713259, 220.962844848633, 2009603, 4, 83
2018.94706054, 52.5714101900566, 130.006686102814, 216.600296020508, 2009603, 4, 80
2018.94706054, 52.5713531120823, 130.00667734692, 216.556503295898, 2009603, 4, 80
2018.94706054, 52.5712827645063, 130.006666965523, 216.557342529297, 2009603, 4, 80
2018.94706054, 52.5712123792121, 130.006656616517, 216.597213745117, 2009603, 4, 80
2018.94706054, 52.5711483312254, 130.006647234699, 216.740036010742, 2009603, 4, 80
2018.94706054, 52.5710842077562, 130.006637876537, 217.270751953125, 2009603, 4, 80
2018.94705915, 55.3421242342531, 130.417754337162, 618.323791503906, 2007670, 5, 53
2018.94705915, 55.341908637724, 130.417717954422, 618.371520996094, 2007670, 5, 89
2018.94705915, 55.3417112004095, 130.417683201868, 618.442749023438, 2007670, 5, 81
2018.94705915, 55.3415007401151, 130.417645958655, 618.806701660156, 2007670, 5, 81
2018.9470592, 55.2418966892129, 130.400207934413, 582.151428222656, 2007670, 5, 76
2018.9470592, 55.2416875903954, 130.400174397058, 582.178833007812, 2007670, 5, 91
2018.9470592, 55.2414969868572, 130.400143775569, 582.279235839844, 2007670, 5, 93
2018.9470592, 55.2413116609768, 130.400113408727, 582.336791992188, 2007670, 5, 93
2018.9470592, 55.2411388505085, 130.400084793445, 582.364318847656, 2007670, 5, 92
2018.9470592, 55.2409723169161, 130.400056962905, 582.312438964844, 2007670, 5, 91
2018.9470592, 55.2407737558324, 130.400023430489, 582.179016113281, 2007670, 5, 91
2018.9470592, 55.2405817572083, 130.399990616883, 582.025329589844, 2007670, 5, 92
2018.9470592, 55.2403964264302, 130.399958668883, 581.82470703125, 2007670, 5, 91
2018.9470592, 55.2401860306903, 130.399922083274, 581.717956542969, 2007670, 5, 90
2018.9470592, 55.2399956144661, 130.399888661395, 581.519592285156, 2007670, 5, 93
2018.9470592, 55.2397928578974, 130.399852990428, 581.329895019531, 2007670, 5, 93
2018.9470592, 55.2395776956026, 130.399815270098, 581.275329589844, 2007670, 5, 90
2018.9470592, 55.2393626614856, 130.399777762787, 581.009704589844, 2007670, 5, 89
2018.9470592, 55.2391665809185, 130.399743820073, 580.81298828125, 2007670, 5, 65
2018.9470592, 55.2389703951235, 130.39971007498, 580.744018554688, 2007670, 5, 71
2018.9470592, 55.2387738300119, 130.399677016441, 580.669494628906, 2007670, 5, 71
2018.9470592, 55.2385897359677, 130.399646166538, 580.639770507812, 2007670, 5, 77
2018.9470592, 55.2383863565898, 130.399612064898, 580.661376953125, 2007670, 5, 84
2018.9470592, 55.2382145696232, 130.399583172553, 580.586853027344, 2007670, 5, 89
2018.9470592, 55.2380298979008, 130.399551856383, 580.589782714844, 2007670, 5, 89
2018.9470592, 55.2378387251043, 130.399519206012, 580.623962402344, 2007670, 5, 90
2018.9470592, 55.2376155390539, 130.399480462663, 580.582946777344, 2007670, 5, 90
2018.9470592, 55.2374113305771, 130.39944431518, 580.568786621094, 2007670, 5, 92
2018.9470592, 55.2372072799096, 130.399407977057, 580.598205566406, 2007670, 5, 90
2018.9470592, 55.2370034979605, 130.399371591448, 580.601623535156, 2007670, 5, 90
2018.9470592, 55.2368000617631, 130.399335314823, 580.594848632812, 2007670, 5, 93
2018.9470592, 55.2366160283815, 130.399302724916, 580.650207519531, 2007670, 5, 91
2018.9470592, 55.2363880526846, 130.39926258257, 580.695190429688, 2007670, 5, 91
2018.9470592, 55.2361736055659, 130.399225585712, 580.688842773438, 2007670, 5, 93
2018.9470592, 55.2359908182288, 130.399194315617, 580.658874511719, 2007670, 5, 94
2018.9470592, 55.2358143138497, 130.399164318614, 580.745788574219, 2007670, 5, 94
2018.9470592, 55.2356250598208, 130.399132285516, 580.75146484375, 2007670, 5, 94
2018.9470592, 55.2354355442568, 130.399100328551, 580.702941894531, 2007670, 5, 94
2018.9470592, 55.2352583565702, 130.399070518218, 580.712036132812, 2007670, 5, 94
2018.9470592, 55.2350615967105, 130.399037341817, 580.7431640625, 2007670, 5, 94
2018.9470592, 55.2348450296502, 130.399000700747, 580.684020996094, 2007670, 5, 93
2018.9470592, 55.2346281908819, 130.398964033769, 580.727355957031, 2007670, 5, 93
2018.9470592, 55.2344303820234, 130.398930676587, 580.700805664062, 2007670, 5, 93
2018.9470592, 55.2342453599593, 130.398899488887, 580.597717285156, 2007670, 5, 93
2018.9470592, 55.2340795628854, 130.398871645261, 580.538757324219, 2007670, 5, 93
2018.9470592, 55.2338756596758, 130.398837391412, 580.571472167969, 2007670, 5, 93
2018.9470592, 55.2336788598418, 130.398804577867, 580.520141601562, 2007670, 5, 92
2018.9470592, 55.2335012390997, 130.398774877611, 580.434936523438, 2007670, 5, 92
2018.9470592, 55.2333236870592, 130.398745159949, 580.325927734375, 2007670, 5, 81
2018.9470592, 55.2331398070703, 130.398714275864, 580.230895996094, 2007670, 5, 78
2018.9470592, 55.2329495474897, 130.398682111089, 580.146484375, 2007670, 5, 80
2018.9470592, 55.232746502574, 130.398647592076, 580.056945800781, 2007670, 5, 74
2018.9470592, 55.2325304802023, 130.398610534225, 580.043884277344, 2007670, 5, 74
2018.9470592, 55.2323267413322, 130.398575230667, 580.007873535156, 2007670, 5, 90
2018.9470592, 55.232129407039, 130.398540738572, 579.929504394531, 2007670, 5, 90
2018.9470592, 55.2319385619317, 130.398507140923, 579.871765136719, 2007670, 5, 90
2018.9470592, 55.2317288605944, 130.398469958183, 579.936706542969, 2007670, 5, 67
2018.9470592, 55.2315131152322, 130.398431519661, 579.928283691406, 2007670, 5, 67
2018.9470592, 55.2312914577221, 130.398391771577, 579.828918457031, 2007670, 5, 71
2018.9470592, 55.2310957769326, 130.398356488838, 579.755187988281, 2007670, 5, 76
2018.9470592, 55.2309127911104, 130.398323651041, 579.734619140625, 2007670, 5, 83
2018.9470592, 55.230710820677, 130.39828764274, 579.75634765625, 2007670, 5, 85
2018.9470592, 55.2305086447425, 130.398251997813, 579.74267578125, 2007670, 5, 85
2018.9470592, 55.2303188027389, 130.398218983193, 579.711791992188, 2007670, 5, 85
2018.9470592, 55.2301223523285, 130.398185161506, 579.684204101562, 2007670, 5, 88
2018.9470592, 55.2299314026406, 130.398153232096, 579.723022460938, 2007670, 5, 89
2018.9470592, 55.2297400802754, 130.398121580536, 579.700439453125, 2007670, 5, 91
2018.9470592, 55.2295228794067, 130.398085989822, 579.740539550781, 2007670, 5, 91
2018.9470592, 55.2292798089901, 130.398046365444, 579.713562011719, 2007670, 5, 93
2018.9470592, 55.2290749941616, 130.398012995796, 579.700866699219, 2007670, 5, 93
2018.9470592, 55.2286910942834, 130.397949962596, 579.686401367188, 2007670, 5, 68
2018.9470592, 55.2284802291029, 130.39791485743, 579.713256835938, 2007670, 5, 71
2018.9470592, 55.2282951529135, 130.397883890483, 579.71533203125, 2007670, 5, 71
2018.9470592, 55.228103961621, 130.397851783637, 579.755737304688, 2007670, 5, 81
2018.9470592, 55.227893984897, 130.397816468539, 579.786682128906, 2007670, 5, 89
2018.9470592, 55.2276843592082, 130.397781171945, 579.848937988281, 2007670, 5, 91
2018.9470592, 55.2274877506784, 130.397748055949, 579.908630371094, 2007670, 5, 93
2018.9470592, 55.2272915243317, 130.397715139648, 579.976257324219, 2007670, 5, 93
2018.9470592, 55.2271080925796, 130.397684330791, 580.055603027344, 2007670, 5, 88
2018.9470592, 55.2269183915925, 130.397652439687, 580.129089355469, 2007670, 5, 74
2018.9470592, 55.226703365365, 130.397616250306, 580.116271972656, 2007670, 5, 66
2018.9470592, 55.2265072021955, 130.397583143287, 580.115783691406, 2007670, 5, 66
2018.9470592, 55.2263362867204, 130.39755413321, 580.165161132812, 2007670, 5, 60
2018.9470592, 55.2259427758689, 130.397487230546, 579.981506347656, 2007670, 5, 84
2018.9470592, 55.2257584474428, 130.397455608147, 579.775024414062, 2007670, 5, 84
2018.9470592, 55.2255548903648, 130.397420461638, 579.409545898438, 2007670, 5, 84
2018.9470592, 55.2251410895903, 130.397348205142, 577.7607421875, 2007670, 5, 74
2018.94705945, 54.7245227642748, 130.312255569771, 412.908020019531, 2007670, 5, 90
2018.94705945, 54.7243497738624, 130.312226898725, 412.668884277344, 2007670, 5, 88
2018.94705945, 54.7241574551779, 130.312194876965, 412.555450439453, 2007670, 5, 88
2018.94705945, 54.7239652145696, 130.312162660326, 412.556091308594, 2007670, 5, 88
2018.94705945, 54.7237732222166, 130.31213043602, 412.531005859375, 2007670, 5, 88
2018.94705945, 54.7235625120372, 130.312094829151, 412.546997070312, 2007670, 5, 88
2018.94705947, 54.6934240688927, 130.30712963903, 407.823913574219, 2007670, 5, 86
2018.94705947, 54.6932155444612, 130.307095105148, 407.454528808594, 2007670, 5, 86
2018.94705947, 54.6930002003336, 130.307059690788, 407.205078125, 2007670, 5, 86
2018.94705947, 54.692784220246, 130.30702445025, 407.190216064453, 2007670, 5, 89
2018.94705947, 54.6925864589497, 130.306992630912, 407.100616455078, 2007670, 5, 90
2018.94705947, 54.6923876187992, 130.306961112255, 407.07373046875, 2007670, 5, 91
2018.94705947, 54.6921757649043, 130.306927563, 407.1015625, 2007670, 5, 89
2018.94705947, 54.6919447821687, 130.306890775043, 407.113800048828, 2007670, 5, 88
2018.94705947, 54.6917398564626, 130.306857762689, 407.068084716797, 2007670, 5, 58
2018.94705947, 54.691522746353, 130.306822395447, 407.089294433594, 2007670, 5, 58
2018.94706007, 53.4931926377459, 130.108287688198, 308.042907714844, 2009603, 5, 76
2018.94706024, 53.1507085427187, 130.052881655835, 261.707092285156, 2009603, 5, 75
2018.94706024, 53.1504925505522, 130.052846311355, 261.735534667969, 2009603, 5, 89
2018.94706024, 53.1502127636615, 130.052800610283, 261.649078369141, 2009603, 5, 90
2018.94706024, 53.150015518733, 130.052768473148, 261.513519287109, 2009603, 5, 90
2018.94706024, 53.1497926505968, 130.052732164814, 261.527679443359, 2009603, 5, 91
2018.94706024, 53.1495570180749, 130.052694023579, 261.482208251953, 2009603, 5, 87
2018.94706024, 53.1493023345209, 130.052653119193, 261.472045898438, 2009603, 5, 72
2018.94705921, 55.2429673384214, 130.399101754681, 582.132934570312, 2007670, 6, 69
2018.94705921, 55.2429171638066, 130.399093493064, 582.107299804688, 2007670, 6, 69
2018.94705921, 55.2428670018993, 130.39908525615, 582.07861328125, 2007670, 6, 69
2018.94705921, 55.2428231454844, 130.399078002088, 582.123352050781, 2007670, 6, 69
2018.94705921, 55.242779233034, 130.3990708902, 582.138000488281, 2007670, 6, 69
2018.94705921, 55.2427291177349, 130.399062615779, 582.117553710938, 2007670, 6, 69
2018.94705921, 55.2426789502955, 130.399054446343, 582.18115234375, 2007670, 6, 69
2018.94705921, 55.2426225444963, 130.399045160059, 582.404418945312, 2007670, 6, 69
2018.94705921, 55.2425723568619, 130.399036979529, 582.589477539062, 2007670, 6, 69
2018.94705921, 55.242528421735, 130.399029818999, 582.679748535156, 2007670, 6, 69
2018.94705921, 55.2424782222572, 130.399021550001, 582.739135742188, 2007670, 6, 89
2018.94705921, 55.2424342516242, 130.399014352184, 582.832397460938, 2007670, 6, 89
2018.94705921, 55.2423839833887, 130.399006084468, 582.882141113281, 2007670, 6, 89
2018.94705921, 55.242339928376, 130.398998915432, 582.989318847656, 2007670, 6, 53
2018.94705921, 55.2422832996782, 130.398989546141, 583.109130859375, 2007670, 6, 53
2018.94705946, 54.7247410684103, 130.311082899294, 413.563110351562, 2007670, 6, 89
2018.94705947, 54.7246906394988, 130.31107457284, 413.385314941406, 2007670, 6, 89
2018.94705947, 54.7246339126531, 130.311065120287, 413.17333984375, 2007670, 6, 89
2018.94705947, 54.7245834709461, 130.311056688788, 412.995208740234, 2007670, 6, 89
2018.94705947, 54.7245393141151, 130.311049306372, 412.806182861328, 2007670, 6, 89
2018.94705947, 54.7244888504963, 130.311040797526, 412.814361572266, 2007670, 6, 88
2018.94705947, 54.7244383641896, 130.311032269313, 412.813415527344, 2007670, 6, 88
2018.94705947, 54.724394157356, 130.311024819233, 412.727355957031, 2007670, 6, 88
2018.94705947, 54.7243436378278, 130.311016232356, 412.660827636719, 2007670, 6, 88
2018.94705947, 54.7242931057751, 130.311007607925, 412.703948974609, 2007670, 6, 88
2018.94705947, 54.7242488480819, 130.311000092953, 412.584411621094, 2007670, 6, 88
2018.94705947, 54.7241982652923, 130.310991444169, 412.578704833984, 2007670, 6, 88
2018.94705947, 54.7241413418777, 130.310981671839, 412.5556640625, 2007670, 6, 88
2018.94705947, 54.7240970414525, 130.310974075604, 412.543914794922, 2007670, 6, 88
2018.94705947, 54.724052700457, 130.31096651111, 412.553497314453, 2007670, 6, 88
2018.94705947, 54.7240083629099, 130.310958890633, 412.554626464844, 2007670, 6, 88
2018.94705947, 54.7239576781535, 130.310950154754, 412.521087646484, 2007670, 6, 87
2018.94705947, 54.7239069368562, 130.310941478538, 412.516723632812, 2007670, 6, 87
2018.94705947, 54.7238561996743, 130.310932741716, 412.526489257812, 2007670, 6, 87
2018.94705947, 54.7238054034115, 130.310924073633, 412.531707763672, 2007670, 6, 87
2018.94705947, 54.7237609569452, 130.310916445699, 412.539642333984, 2007670, 6, 87
2018.94705947, 54.7237101302138, 130.310907748596, 412.540100097656, 2007670, 6, 85
2018.94705947, 54.7236592963045, 130.310899027803, 412.507476806641, 2007670, 6, 85
2018.94705947, 54.7236147766873, 130.310891442108, 412.511688232422, 2007670, 6, 85
2018.94705947, 54.7235702333694, 130.310883877659, 412.516204833984, 2007670, 6, 85
2018.94705947, 54.7235193256627, 130.310875202852, 412.550018310547, 2007670, 6, 85
2018.94705947, 54.7132497219727, 130.309196118803, 409.962219238281, 2007670, 6, 88
2018.94705947, 54.7131985838393, 130.309187594894, 409.849426269531, 2007670, 6, 88
2018.94705947, 54.7131474516592, 130.309179097408, 409.768249511719, 2007670, 6, 88
2018.94705947, 54.7130963673462, 130.309170543315, 409.772857666016, 2007670, 6, 88
2018.94705947, 54.7130516632175, 130.309163113418, 409.808776855469, 2007670, 6, 88
2018.94705947, 54.713000619408, 130.309154567537, 409.819763183594, 2007670, 6, 88
2018.94705947, 54.7129559552959, 130.309147139572, 409.906860351562, 2007670, 6, 91
2018.94705947, 54.7129113435845, 130.309139645456, 409.909759521484, 2007670, 6, 91
2018.94705947, 54.7128603749754, 130.30913111196, 409.882965087891, 2007670, 6, 91
2018.94705947, 54.712809459537, 130.309122525413, 409.863128662109, 2007670, 6, 91
2018.94705947, 54.7127585548358, 130.309113985621, 409.852233886719, 2007670, 6, 91
2018.94705947, 54.712707670726, 130.309105474813, 409.894744873047, 2007670, 6, 89
2018.94705947, 54.7126568274139, 130.309096955917, 409.847808837891, 2007670, 6, 89
2018.94705947, 54.7126123592999, 130.30908951605, 409.829010009766, 2007670, 6, 89
2018.94705947, 54.7125615830586, 130.309080989518, 409.80615234375, 2007670, 6, 89
2018.94705947, 54.7125171638911, 130.309073570828, 409.800506591797, 2007670, 6, 89
2018.94705947, 54.7124790920449, 130.309067252936, 409.840118408203, 2007670, 6, 80
2018.94705947, 54.7124283754553, 130.309058803708, 409.826080322266, 2007670, 6, 80
2018.94705947, 54.712377695261, 130.309050346254, 409.891723632812, 2007670, 6, 80
2018.94705947, 54.712333341611, 130.309043024167, 409.890075683594, 2007670, 6, 80
2018.94705947, 54.7122827102662, 130.309034600024, 410.200653076172, 2007670, 6, 80
2018.94705947, 54.712232067908, 130.309026266577, 410.330810546875, 2007670, 6, 51
2018.94705947, 54.7121814543239, 130.30901794335, 410.537658691406, 2007670, 6, 51
2018.94705947, 54.7121371623835, 130.309010721236, 410.633270263672, 2007670, 6, 51
2018.94705947, 54.7120928851554, 130.309003512166, 410.798187255859, 2007670, 6, 51
2018.94705947, 54.7120483771155, 130.308995935261, 410.960418701172, 2007670, 6, 51
2018.94705947, 54.712004246471, 130.308988938613, 411.151214599609, 2007670, 6, 51
2018.94705948, 54.6927110247595, 130.30584131648, 407.627410888672, 2007670, 6, 79
2018.94705948, 54.6926535279311, 130.305831854771, 407.544952392578, 2007670, 6, 79
2018.94705948, 54.6926024375378, 130.305823398999, 407.410705566406, 2007670, 6, 79
2018.94705948, 54.6925577033332, 130.305816066651, 407.351806640625, 2007670, 6, 79
2018.94705948, 54.6925066005624, 130.30580763325, 407.3154296875, 2007670, 6, 79
2018.94705948, 54.6924555227708, 130.305799149307, 407.267272949219, 2007670, 6, 90
2018.94705948, 54.6924044353995, 130.305790691048, 407.198699951172, 2007670, 6, 90
2018.94705948, 54.6923533477216, 130.305782248108, 407.195404052734, 2007670, 6, 90
2018.94705948, 54.6923022753838, 130.305773778162, 407.119995117188, 2007670, 6, 90
2018.94705948, 54.6922575694318, 130.305766415604, 407.083129882812, 2007670, 6, 90
2018.94705948, 54.6922128925672, 130.305759004627, 407.067810058594, 2007670, 6, 90
2018.94705948, 54.6921618518035, 130.305750514898, 407.028228759766, 2007670, 6, 90
2018.94705948, 54.6921108126565, 130.305742046686, 407.042785644531, 2007670, 6, 90
2018.94705948, 54.6920597592488, 130.305733628341, 407.055999755859, 2007670, 6, 90
2018.94705948, 54.6920087525542, 130.305725139167, 407.036407470703, 2007670, 6, 90
2018.94705948, 54.691957727377, 130.305716716152, 407.031799316406, 2007670, 6, 89
2018.94705948, 54.6919067273385, 130.305708274804, 407.053985595703, 2007670, 6, 89
2018.94705948, 54.6918621169178, 130.305700881443, 407.040344238281, 2007670, 6, 89
2018.94705948, 54.691811150219, 130.305692427398, 407.060089111328, 2007670, 6, 89
2018.94705948, 54.691766546291, 130.305685075866, 407.049926757812, 2007670, 6, 89
2018.94705948, 54.6917155624298, 130.305676601901, 407.032073974609, 2007670, 6, 90
2018.94705948, 54.6916646600698, 130.3056681942, 407.026611328125, 2007670, 6, 90
2018.94705948, 54.6916137738086, 130.305659790704, 407.025604248047, 2007670, 6, 90
2018.94705948, 54.691562871052, 130.305651462058, 407.016632080078, 2007670, 6, 90
2018.94705948, 54.6915119874828, 130.305643128989, 407.030334472656, 2007670, 6, 90
2018.94705948, 54.6914611365402, 130.305634768916, 407.055725097656, 2007670, 6, 89
2018.94705948, 54.6914039474339, 130.305625364777, 407.070495605469, 2007670, 6, 89
2018.94705948, 54.6913531202172, 130.30561702997, 407.036224365234, 2007670, 6, 89
2018.94705948, 54.691302299748, 130.305608715297, 407.067596435547, 2007670, 6, 89
2018.94705948, 54.6912451359918, 130.305599387837, 407.056762695312, 2007670, 6, 88
2018.94705948, 54.691194354796, 130.305591065139, 407.059295654297, 2007670, 6, 88
2018.94705948, 54.6911435758119, 130.305582769198, 407.061370849609, 2007670, 6, 88
2018.94705948, 54.6910928008208, 130.305574496606, 407.068420410156, 2007670, 6, 88
2018.94705948, 54.6910483903501, 130.305567252725, 407.038665771484, 2007670, 6, 88
2018.94705948, 54.6909976339182, 130.305558998609, 407.044403076172, 2007670, 6, 53
2018.94705948, 54.6909468965584, 130.305550733203, 407.035949707031, 2007670, 6, 53
2018.94705948, 54.6909024886635, 130.305543550262, 407.056701660156, 2007670, 6, 53
2018.94705948, 54.6908581037671, 130.305536344926, 407.033782958984, 2007670, 6, 53
2018.94705948, 54.690807393504, 130.305528095286, 407.041748046875, 2007670, 6, 53
2018.94705948, 54.6907566835497, 130.305519871061, 407.043395996094, 2007670, 6, 53
2018.94705948, 54.6905919343531, 130.30549317026, 407.076721191406, 2007670, 6, 52
2018.94705948, 54.6905475922478, 130.305485986994, 407.078277587891, 2007670, 6, 52
2018.94705948, 54.6905032357123, 130.305478849346, 407.153686523438, 2007670, 6, 52
2018.94706007, 53.5168282139244, 130.110873531182, 322.365539550781, 2009603, 6, 82
2018.94706007, 53.5167775009449, 130.110865083921, 322.283172607422, 2009603, 6, 82
2018.94706008, 53.4937434069493, 130.107177417237, 308.060211181641, 2009603, 6, 60
2018.94706008, 53.4936924060228, 130.10716934356, 308.031555175781, 2009603, 6, 60
2018.94706008, 53.4936477836949, 130.107162292594, 308.058990478516, 2009603, 6, 60
2018.94706008, 53.4935968007072, 130.107154232519, 308.026336669922, 2009603, 6, 60
2018.94706008, 53.4935457903931, 130.107146254451, 308.063232421875, 2009603, 6, 60
2018.94706025, 53.1512296603369, 130.05167868174, 263.143035888672, 2009603, 6, 84
2018.94706025, 53.151191594232, 130.051672793541, 263.031524658203, 2009603, 6, 84
2018.94706025, 53.1509507773755, 130.051635353112, 261.719665527344, 2009603, 6, 88
2018.94706025, 53.1509000762797, 130.051627529973, 261.619689941406, 2009603, 6, 88
2018.94706025, 53.1508430087069, 130.051618796125, 261.537963867188, 2009603, 6, 88
2018.94706025, 53.150785974327, 130.051609989951, 261.495208740234, 2009603, 6, 88
2018.94706025, 53.1507352542953, 130.051602204797, 261.488159179688, 2009603, 6, 90
2018.94706025, 53.1506845434057, 130.051594384252, 261.503631591797, 2009603, 6, 90
2018.94706025, 53.1506274644658, 130.051585620304, 261.505920410156, 2009603, 6, 90
2018.94706025, 53.1505830466057, 130.051578828749, 261.484252929688, 2009603, 6, 90
2018.94706025, 53.1505323038914, 130.051571002063, 261.502288818359, 2009603, 6, 90
2018.94706025, 53.150475210304, 130.051562162442, 261.524200439453, 2009603, 6, 81
2018.94706025, 53.1504244250324, 130.05155433883, 261.485412597656, 2009603, 6, 81
2018.94706025, 53.1503736373921, 130.051546473475, 261.476928710938, 2009603, 6, 81
2018.94706025, 53.1503228498639, 130.051538563726, 261.471984863281, 2009603, 6, 81
2018.94706025, 53.1502720952373, 130.051530766773, 261.476745605469, 2009603, 6, 81
