2020.92553946, 52.0403174501443, 121.524529748908, 549.099426269531, 2009603, 1, 68
2020.92553946, 52.0403812493453, 121.524519182654, 549.073608398438, 2009603, 1, 68
2020.92553946, 52.04043865288, 121.524509611054, 549.069213867188, 2009603, 1, 68
2020.92553946, 52.0405087806198, 121.524497962691, 549.013122558594, 2009603, 1, 85
2020.92553946, 52.0405661163583, 121.524488686506, 549.0302734375, 2009603, 1, 85
2020.92553946, 52.0406236201798, 121.524479215841, 549.079650878906, 2009603, 1, 85
2020.92553946, 52.0406807635037, 121.524469964565, 549.060791015625, 2009603, 1, 85
2020.92553946, 52.0407378819352, 121.524460771374, 549.001953125, 2009603, 1, 85
2020.9255401, 53.3164442115957, 121.318369677388, 310.265441894531, 2009603, 1, 91
2020.9255401, 53.3165083364718, 121.318358574704, 310.299346923828, 2009603, 1, 93
2020.9255401, 53.3165851893741, 121.318345302269, 310.389862060547, 2009603, 1, 93
2020.9255401, 53.3166555334993, 121.318333274773, 310.393157958984, 2009603, 1, 93
2020.9255401, 53.3167385377159, 121.318319111367, 310.350128173828, 2009603, 1, 93
2020.9255401, 53.3168213850259, 121.318305130074, 310.332977294922, 2009603, 1, 93
2020.9255401, 53.3169104320482, 121.31829017573, 310.335571289062, 2009603, 1, 93
2020.9255401, 53.3169931962488, 121.318276140145, 310.339324951172, 2009603, 1, 93
2020.9255401, 53.3170626517018, 121.318265019596, 310.346832275391, 2009603, 1, 92
2020.9255401, 53.3171382969522, 121.318252969825, 310.346710205078, 2009603, 1, 92
2020.9255401, 53.3172264030096, 121.318238930751, 310.319244384766, 2009603, 1, 92
2020.9255401, 53.3173080771911, 121.318226151995, 310.286590576172, 2009603, 1, 93
2020.9255401, 53.3173833785167, 121.318214288235, 310.331756591797, 2009603, 1, 93
2020.9255401, 53.317471119491, 121.318200637427, 310.308502197266, 2009603, 1, 93
2020.9255401, 53.3175587778791, 121.318187001632, 310.3115234375, 2009603, 1, 92
2020.9255401, 53.3176526253409, 121.31817239095, 310.328063964844, 2009603, 1, 92
2020.9255401, 53.3177339207834, 121.318159765748, 310.257781982422, 2009603, 1, 92
2020.9255401, 53.3178089452621, 121.318148112669, 310.283386230469, 2009603, 1, 92
2020.9255401, 53.3178902264172, 121.318135439708, 310.266448974609, 2009603, 1, 92
2020.9255401, 53.3179715338433, 121.318122615391, 310.311065673828, 2009603, 1, 92
2020.9255401, 53.318052863151, 121.318109906125, 310.287017822266, 2009603, 1, 93
2020.9255401, 53.3181279888875, 121.318098044616, 310.290435791016, 2009603, 1, 93
2020.9255401, 53.3182031697614, 121.318086117747, 310.275451660156, 2009603, 1, 93
2020.9255401, 53.318265830194, 121.318076215093, 310.277099609375, 2009603, 1, 91
2020.9255401, 53.3183412031328, 121.318063916996, 310.29443359375, 2009603, 1, 91
2020.9255401, 53.3184229491324, 121.318050516063, 310.294036865234, 2009603, 1, 91
2020.9255401, 53.3185048016898, 121.318036972477, 310.243286132812, 2009603, 1, 91
2020.9255401, 53.3185741461606, 121.318025520534, 310.275238037109, 2009603, 1, 91
2020.9255401, 53.3186372690108, 121.31801488136, 310.252990722656, 2009603, 1, 91
2020.9255401, 53.3187067726974, 121.318003313804, 310.28955078125, 2009603, 1, 91
2020.9255401, 53.3187826983526, 121.317990586436, 310.257019042969, 2009603, 1, 90
2020.9255401, 53.3188587291146, 121.317977790512, 310.27587890625, 2009603, 1, 90
2020.9255401, 53.3189348603232, 121.317964975547, 310.292907714844, 2009603, 1, 90
2020.9255401, 53.3190110934931, 121.317952175699, 310.28271484375, 2009603, 1, 89
2020.9255401, 53.3190810656544, 121.317940314891, 310.277648925781, 2009603, 1, 89
2020.9255401, 53.3191574910811, 121.317927400316, 310.248870849609, 2009603, 1, 89
2020.9255401, 53.3192403913043, 121.317913382772, 310.258850097656, 2009603, 1, 89
2020.9255401, 53.3194064859673, 121.317885343511, 310.254333496094, 2009603, 1, 88
2020.9255401, 53.3194894333557, 121.317871236214, 310.264343261719, 2009603, 1, 88
2020.9255401, 53.3195728760359, 121.317857354356, 310.285858154297, 2009603, 1, 86
2020.9255401, 53.3196499629922, 121.317844421941, 310.203033447266, 2009603, 1, 86
2020.9255401, 53.3197270764838, 121.317831635252, 310.192321777344, 2009603, 1, 86
2020.92554018, 53.4776194316684, 121.292062608922, 315.166961669922, 2009603, 1, 60
2020.92554018, 53.4776702126577, 121.292054265111, 315.063873291016, 2009603, 1, 60
2020.92554018, 53.477733663663, 121.292044164059, 314.923583984375, 2009603, 1, 60
2020.92554018, 53.4777907853509, 121.292034796475, 314.883270263672, 2009603, 1, 89
2020.92554018, 53.477873268681, 121.29202155688, 314.829925537109, 2009603, 1, 89
2020.92554018, 53.4779430584086, 121.292010381459, 314.734252929688, 2009603, 1, 89
2020.92554018, 53.4780065208616, 121.291999931879, 314.536499023438, 2009603, 1, 57
2020.92554018, 53.4780826421305, 121.291987836109, 314.541168212891, 2009603, 1, 57
2020.92554018, 53.4781460945341, 121.291977491617, 314.563659667969, 2009603, 1, 57
2020.92554018, 53.4782158746048, 121.291966361038, 314.559051513672, 2009603, 1, 57
2020.92554018, 53.478355449814, 121.291943858311, 314.404602050781, 2009603, 1, 89
2020.92554018, 53.4784189143314, 121.291933587726, 314.359252929688, 2009603, 1, 89
2020.92554018, 53.4784823465464, 121.29192333337, 314.425903320312, 2009603, 1, 89
2020.92554018, 53.4785457828226, 121.291913104141, 314.480926513672, 2009603, 1, 91
2020.92554018, 53.4786092228869, 121.291902858267, 314.430053710938, 2009603, 1, 91
2020.92554018, 53.478685356872, 121.291890541128, 314.406219482422, 2009603, 1, 91
2020.92554018, 53.4787551592234, 121.291879202097, 314.332397460938, 2009603, 1, 91
2020.92554018, 53.4788249646529, 121.291867923245, 314.320343017578, 2009603, 1, 91
2020.92554018, 53.4788884300513, 121.291857669093, 314.281860351562, 2009603, 1, 91
2020.92554018, 53.4789646061235, 121.291845295003, 314.287475585938, 2009603, 1, 91
2020.92554018, 53.4790344502495, 121.291833905255, 314.271179199219, 2009603, 1, 93
2020.92554018, 53.479110648478, 121.291821540229, 314.294586181641, 2009603, 1, 93
2020.92554018, 53.479186862809, 121.29180920897, 314.291870117188, 2009603, 1, 93
2020.92554018, 53.4792503896548, 121.291798883104, 314.272735595703, 2009603, 1, 92
2020.92554018, 53.4793139262798, 121.291788529939, 314.278930664062, 2009603, 1, 92
2020.92554018, 53.4793901818345, 121.291776206428, 314.283477783203, 2009603, 1, 92
2020.92554018, 53.4794601038952, 121.291764788436, 314.297698974609, 2009603, 1, 92
2020.92554018, 53.4795300304914, 121.291753481177, 314.297210693359, 2009603, 1, 92
2020.92554018, 53.479599975407, 121.291742128203, 314.234497070312, 2009603, 1, 92
2020.92554018, 53.4796635489914, 121.291731654445, 314.248291015625, 2009603, 1, 92
2020.92554018, 53.4797335436806, 121.29172028546, 314.216369628906, 2009603, 1, 92
2020.92554018, 53.4797908183537, 121.291711059303, 314.255187988281, 2009603, 1, 93
2020.92554018, 53.4798608360967, 121.291699677783, 314.255920410156, 2009603, 1, 93
2020.92554018, 53.4799372219016, 121.291687353872, 314.254669189453, 2009603, 1, 93
2020.92554018, 53.4800008933872, 121.291676972243, 314.250213623047, 2009603, 1, 92
2020.92554018, 53.4800645681221, 121.291666605192, 314.246002197266, 2009603, 1, 92
2020.92554018, 53.4801346123767, 121.291655257889, 314.284271240234, 2009603, 1, 92
2020.92554018, 53.4802046521493, 121.29164398585, 314.2470703125, 2009603, 1, 92
2020.92554018, 53.4802683414861, 121.291633539012, 314.292114257812, 2009603, 1, 92
2020.92554018, 53.4803383920028, 121.291622155582, 314.29833984375, 2009603, 1, 92
2020.92554018, 53.4804084344273, 121.291610859114, 314.28076171875, 2009603, 1, 92
2020.92554018, 53.4804784799764, 121.291599480369, 314.293853759766, 2009603, 1, 92
2020.92554018, 53.4805357905802, 121.291590121055, 314.300048828125, 2009603, 1, 92
2020.92554018, 53.4806058249316, 121.291578737963, 314.290191650391, 2009603, 1, 92
2020.92554018, 53.4806822211253, 121.291566299443, 314.298553466797, 2009603, 1, 92
2020.92554018, 53.4807522385272, 121.291554960127, 314.308380126953, 2009603, 1, 92
2020.92554018, 53.4808095210435, 121.291545591356, 314.313781738281, 2009603, 1, 92
2020.92554018, 53.4808731575267, 121.291535247731, 314.275421142578, 2009603, 1, 92
2020.92554018, 53.4809431345238, 121.291523944962, 314.287475585938, 2009603, 1, 92
2020.92554018, 53.4810067565623, 121.291513541458, 314.313201904297, 2009603, 1, 89
2020.92554018, 53.4810767339325, 121.291502044762, 314.294708251953, 2009603, 1, 89
2020.92554018, 53.4811403255346, 121.291491752744, 314.297668457031, 2009603, 1, 89
2020.92554018, 53.4812039099997, 121.29148138636, 314.300903320312, 2009603, 1, 89
2020.92554018, 53.4812738365057, 121.291469952989, 314.309112548828, 2009603, 1, 89
2020.92554018, 53.4813373919351, 121.291459593715, 314.285675048828, 2009603, 1, 89
2020.92554018, 53.4813882284396, 121.291451272509, 314.289215087891, 2009603, 1, 89
2020.92554018, 53.4814454049175, 121.291441925347, 314.288818359375, 2009603, 1, 89
2020.92554018, 53.4815089227438, 121.291431545141, 314.302062988281, 2009603, 1, 54
2020.92554018, 53.4815724238766, 121.291421221712, 314.26123046875, 2009603, 1, 54
2020.92554018, 53.4816295694025, 121.29141181634, 314.260894775391, 2009603, 1, 54
2020.92554018, 53.4816930426359, 121.291401491884, 314.289978027344, 2009603, 1, 54
2020.92554029, 53.7077878596097, 121.253979941848, 385.118316650391, 2009603, 1, 80
2020.92554029, 53.7078383825284, 121.253972577589, 385.122497558594, 2009603, 1, 80
2020.92554029, 53.7078952445307, 121.253964311669, 385.197387695312, 2009603, 1, 80
2020.92554029, 53.7079584558827, 121.253955100608, 385.140197753906, 2009603, 1, 80
2020.92554029, 53.7080217076309, 121.253945861803, 385.140380859375, 2009603, 1, 80
2020.92554029, 53.7080786721017, 121.253937491619, 385.194580078125, 2009603, 1, 80
2020.92554029, 53.7081420037236, 121.253928214053, 385.206146240234, 2009603, 1, 80
2020.92554029, 53.7081927027376, 121.253920700893, 385.137268066406, 2009603, 1, 80
2020.92554029, 53.7082497849033, 121.253912106837, 385.106140136719, 2009603, 1, 80
2020.92554029, 53.7083132520903, 121.253902540903, 385.117797851562, 2009603, 1, 80
2020.92554029, 53.708370404705, 121.253894001647, 385.141357421875, 2009603, 1, 80
2020.92554029, 53.7084337090459, 121.253884795404, 385.221710205078, 2009603, 1, 80
2020.92554029, 53.7084911249547, 121.253875693709, 385.297332763672, 2009603, 1, 80
2020.92554041, 53.9572696828294, 121.212391778051, 498.483184814453, 2009603, 1, 71
2020.92554041, 53.9573395219812, 121.212380337241, 498.620574951172, 2009603, 1, 71
2020.92554041, 53.9574093558562, 121.212368880875, 498.651763916016, 2009603, 1, 71
2020.92554041, 53.95746013991, 121.212360515136, 498.661590576172, 2009603, 1, 71
2020.92553947, 52.0407668136069, 121.525911544413, 549.42626953125, 2009603, 2, 57
2020.92553947, 52.0409962138841, 121.525876084899, 549.158935546875, 2009603, 2, 57
2020.92553947, 52.0414865039258, 121.525801029638, 549.043029785156, 2009603, 2, 86
2020.92554011, 53.3176024481714, 121.319661015365, 310.240600585938, 2009603, 2, 93
2020.92554011, 53.3178640505977, 121.319618778884, 310.277984619141, 2009603, 2, 93
2020.92554011, 53.3181765107914, 121.319567732487, 310.259185791016, 2009603, 2, 93
2020.92554011, 53.3184627901129, 121.319519683014, 310.253692626953, 2009603, 2, 94
2020.92554011, 53.3188058354975, 121.319461914969, 310.238128662109, 2009603, 2, 94
2020.92554011, 53.3191231397047, 121.319409146236, 310.273712158203, 2009603, 2, 92
2020.92554011, 53.319770039706, 121.319305083559, 310.207061767578, 2009603, 2, 90
2020.92554011, 53.3201063435067, 121.319252999014, 310.228881835938, 2009603, 2, 90
2020.92554011, 53.3204429449087, 121.3192013907, 310.213134765625, 2009603, 2, 81
2020.92554019, 53.4755213453431, 121.293821909952, 314.351959228516, 2009603, 2, 90
2020.92554019, 53.475813647094, 121.293771047428, 314.229644775391, 2009603, 2, 90
2020.92554019, 53.4761102699957, 121.293721733132, 314.215972900391, 2009603, 2, 84
2020.92554019, 53.4763811934781, 121.293677386883, 314.209716796875, 2009603, 2, 89
2020.92554019, 53.4766395792268, 121.293635511872, 314.251068115234, 2009603, 2, 88
2020.92554019, 53.4768983751308, 121.293593528618, 314.247863769531, 2009603, 2, 88
2020.92554019, 53.4772151403739, 121.293541475783, 314.245300292969, 2009603, 2, 89
2020.92554019, 53.4775207314628, 121.293490330073, 314.204772949219, 2009603, 2, 91
2020.92554019, 53.4777631207273, 121.293449558628, 314.240264892578, 2009603, 2, 93
2020.92554019, 53.4780759104847, 121.293396686335, 314.239013671875, 2009603, 2, 92
2020.92554019, 53.4783695115711, 121.293346994537, 314.245758056641, 2009603, 2, 93
2020.92554019, 53.4786559955285, 121.293298955417, 314.244995117188, 2009603, 2, 92
2020.92554019, 53.4789485316405, 121.293249781192, 314.259704589844, 2009603, 2, 93
2020.92554019, 53.4792026992118, 121.293206890675, 314.225921630859, 2009603, 2, 93
2020.92554019, 53.4794884566803, 121.2931583636, 314.206878662109, 2009603, 2, 92
2020.92554019, 53.4797931933582, 121.29310593753, 314.249298095703, 2009603, 2, 90
2020.92554019, 53.4800852075601, 121.293055198111, 314.222106933594, 2009603, 2, 88
2020.92554019, 53.4803516736688, 121.293008853579, 314.255096435547, 2009603, 2, 88
2020.92554019, 53.4806242925863, 121.292961444952, 314.281951904297, 2009603, 2, 76
2020.9255403, 53.7082415103677, 121.255329743832, 385.106323242188, 2009603, 2, 68
2020.9255403, 53.7085349481711, 121.255278285215, 385.064514160156, 2009603, 2, 81
2020.9255403, 53.7088027238104, 121.255230981543, 385.105804443359, 2009603, 2, 76
2020.92553946, 52.0497587453904, 121.570220108715, 552.805297851562, 2009603, 3, 91
2020.92553946, 52.0498352668368, 121.570208606272, 552.829528808594, 2009603, 3, 91
2020.92553946, 52.049905473784, 121.570198048089, 552.835021972656, 2009603, 3, 91
2020.92553946, 52.0499821211852, 121.57018651179, 552.814392089844, 2009603, 3, 91
2020.92553946, 52.0500652170672, 121.570174008761, 552.834350585938, 2009603, 3, 94
2020.92553946, 52.0501483798901, 121.570161429973, 552.835083007812, 2009603, 3, 94
2020.92553946, 52.0502315728084, 121.570148881052, 552.799194335938, 2009603, 3, 94
2020.92553946, 52.0503083972392, 121.570137277733, 552.811462402344, 2009603, 3, 94
2020.92553946, 52.0503788504126, 121.570126549456, 552.820617675781, 2009603, 3, 94
2020.92553946, 52.0504493181254, 121.57011579372, 552.840270996094, 2009603, 3, 94
2020.92553946, 52.0505325999036, 121.570103068475, 552.817321777344, 2009603, 3, 92
2020.92553946, 52.0506222890322, 121.570089284378, 552.837097167969, 2009603, 3, 92
2020.92553946, 52.0507119726323, 121.570075414259, 552.853698730469, 2009603, 3, 92
2020.92553946, 52.0507952257446, 121.57006248548, 552.90625, 2009603, 3, 64
2020.92553946, 52.0508656952948, 121.570051609182, 552.976623535156, 2009603, 3, 64
2020.9255401, 53.3218228834401, 121.3661176551, 309.53857421875, 2009603, 3, 53
2020.9255401, 53.3219182931807, 121.366102908341, 309.582336425781, 2009603, 3, 53
2020.9255401, 53.3220073337846, 121.366089091707, 309.618591308594, 2009603, 3, 89
2020.9255401, 53.3220964032185, 121.366075022552, 309.63623046875, 2009603, 3, 89
2020.9255401, 53.3221855131149, 121.366061072624, 309.572509765625, 2009603, 3, 89
2020.9255401, 53.3222871052378, 121.366044414962, 309.337982177734, 2009603, 3, 93
2020.9255401, 53.3223823631559, 121.366028644792, 309.360748291016, 2009603, 3, 93
2020.9255401, 53.3224839934048, 121.36601170369, 309.358764648438, 2009603, 3, 93
2020.9255401, 53.3225792933241, 121.365995745202, 309.372772216797, 2009603, 3, 92
2020.9255401, 53.322680996737, 121.365978588641, 309.347869873047, 2009603, 3, 92
2020.9255401, 53.3227827388021, 121.365961391128, 309.387512207031, 2009603, 3, 93
2020.9255401, 53.3228845480789, 121.365944086738, 309.407073974609, 2009603, 3, 93
2020.9255401, 53.3229927651883, 121.365925733268, 309.381958007812, 2009603, 3, 93
2020.9255401, 53.3230946811252, 121.365908446717, 309.390350341797, 2009603, 3, 93
2020.9255401, 53.3231775360675, 121.365894378081, 309.393798828125, 2009603, 3, 93
2020.9255401, 53.3232859257058, 121.365876070691, 309.393798828125, 2009603, 3, 93
2020.9255401, 53.3234004353881, 121.365856529153, 309.411224365234, 2009603, 3, 93
2020.9255401, 53.3235093048006, 121.365838585127, 309.442565917969, 2009603, 3, 92
2020.9255401, 53.3236053835133, 121.365822818989, 309.397064208984, 2009603, 3, 92
2020.9255401, 53.3237078529639, 121.365806063081, 309.390502929688, 2009603, 3, 92
2020.9255401, 53.3238038856463, 121.365790416056, 309.413543701172, 2009603, 3, 92
2020.9255401, 53.3238998576683, 121.365774826679, 309.445037841797, 2009603, 3, 92
2020.9255401, 53.3239957643547, 121.36575923613, 309.460174560547, 2009603, 3, 92
2020.9255401, 53.3240979438314, 121.365742713461, 309.467010498047, 2009603, 3, 92
2020.9255401, 53.3241936289656, 121.365727225638, 309.443115234375, 2009603, 3, 92
2020.9255401, 53.3242764611497, 121.365713786654, 309.377075195312, 2009603, 3, 91
2020.9255401, 53.3243782620069, 121.365697302119, 309.424987792969, 2009603, 3, 91
2020.9255401, 53.324473547931, 121.36568188317, 309.427978515625, 2009603, 3, 91
2020.92554011, 53.3465624157865, 121.362149478918, 309.123168945312, 2009603, 3, 73
2020.92554011, 53.3466574729509, 121.362134337732, 309.137817382812, 2009603, 3, 73
2020.92554011, 53.3467525852584, 121.362119198355, 309.062164306641, 2009603, 3, 90
2020.92554011, 53.3468540772559, 121.362103198145, 309.050415039062, 2009603, 3, 90
2020.92554011, 53.346955630543, 121.36208723225, 309.053344726562, 2009603, 3, 90
2020.92554011, 53.3470445400559, 121.362073328355, 309.058807373047, 2009603, 3, 92
2020.92554011, 53.3471334997093, 121.362059448117, 309.074249267578, 2009603, 3, 92
2020.92554011, 53.3472288684862, 121.362044633095, 309.049346923828, 2009603, 3, 92
2020.92554011, 53.3473306392546, 121.362028961471, 309.035278320312, 2009603, 3, 92
2020.92554011, 53.3474324775039, 121.362013336692, 309.068756103516, 2009603, 3, 92
2020.92554011, 53.3475216332917, 121.361999709197, 309.047668457031, 2009603, 3, 93
2020.92554011, 53.3476108445254, 121.361986066019, 309.031585693359, 2009603, 3, 93
2020.92554011, 53.3477000616584, 121.361972686217, 309.045379638672, 2009603, 3, 93
2020.92554011, 53.3478020625859, 121.36195747832, 309.000366210938, 2009603, 3, 92
2020.92554011, 53.3478913523882, 121.361944212124, 309.023071289062, 2009603, 3, 92
2020.92554011, 53.3479743087125, 121.361931842433, 309.018218994141, 2009603, 3, 92
2020.92554011, 53.3480700646288, 121.361917571922, 309.046783447266, 2009603, 3, 92
2020.92554011, 53.3481594693276, 121.361904232125, 309.051696777344, 2009603, 3, 92
2020.92554011, 53.3482488989388, 121.361890894574, 309.031982421875, 2009603, 3, 92
2020.92554011, 53.3483447545266, 121.361876522358, 309.052215576172, 2009603, 3, 91
2020.92554011, 53.3484406455946, 121.361862032952, 309.066040039062, 2009603, 3, 91
2020.92554011, 53.348530156315, 121.361848487418, 309.027313232422, 2009603, 3, 93
2020.92554011, 53.3486196930474, 121.361834807552, 309.054840087891, 2009603, 3, 93
2020.92554011, 53.3487156244783, 121.361820134989, 309.035705566406, 2009603, 3, 93
2020.92554011, 53.3489139012429, 121.361789431762, 309.151153564453, 2009603, 3, 93
2020.92554011, 53.3490099279136, 121.361774124321, 309.121978759766, 2009603, 3, 92
2020.92554011, 53.3490995390014, 121.361759729733, 309.090057373047, 2009603, 3, 92
2020.92554011, 53.3491827131911, 121.361746379328, 309.111694335938, 2009603, 3, 92
2020.92554011, 53.349265870825, 121.361732909105, 309.152770996094, 2009603, 3, 92
2020.92554011, 53.3493489862091, 121.361719447916, 309.156097412109, 2009603, 3, 92
2020.92554011, 53.3494320475806, 121.361706015171, 309.133880615234, 2009603, 3, 92
2020.92554011, 53.3495278503656, 121.361690385595, 309.109954833984, 2009603, 3, 91
2020.92554011, 53.3496108247749, 121.361676836015, 309.082214355469, 2009603, 3, 91
2020.92554011, 53.3496873574268, 121.361664355497, 309.077941894531, 2009603, 3, 91
2020.92554011, 53.349763839884, 121.361651892713, 309.129852294922, 2009603, 3, 81
2020.92554011, 53.3498466395255, 121.361638393817, 309.133941650391, 2009603, 3, 81
2020.92554011, 53.349935733398, 121.361623882793, 309.205810546875, 2009603, 3, 81
2020.92554011, 53.350018387939, 121.361610484, 309.464904785156, 2009603, 3, 61
2020.92554011, 53.3501201195369, 121.361593723476, 309.561492919922, 2009603, 3, 61
2020.92554011, 53.3502089015576, 121.361579549354, 309.5927734375, 2009603, 3, 61
2020.92554011, 53.3585128508492, 121.360279108261, 309.835113525391, 2009603, 3, 85
2020.92554011, 53.3586016340496, 121.360264731261, 309.960418701172, 2009603, 3, 85
2020.92554011, 53.3586903867212, 121.36025038494, 310.338897705078, 2009603, 3, 85
2020.92554011, 53.3587854846866, 121.360234914732, 310.707214355469, 2009603, 3, 91
2020.92554011, 53.359045593608, 121.360191907579, 309.925567626953, 2009603, 3, 92
2020.92554011, 53.3591407215598, 121.360175748983, 309.963684082031, 2009603, 3, 92
2020.92554011, 53.3592422244508, 121.360158503877, 310.02880859375, 2009603, 3, 92
2020.92554011, 53.3594136001581, 121.360129495879, 310.000549316406, 2009603, 3, 92
2020.92554011, 53.3595088760393, 121.360113447245, 309.979919433594, 2009603, 3, 92
2020.92554011, 53.3595978506734, 121.360098545086, 309.886108398438, 2009603, 3, 92
2020.92554011, 53.3596995774339, 121.360081699515, 309.824005126953, 2009603, 3, 92
2020.92554011, 53.359795006592, 121.360066055006, 309.879058837891, 2009603, 3, 93
2020.92554011, 53.3598968528444, 121.36004957038, 309.939239501953, 2009603, 3, 93
2020.92554012, 53.3599924043635, 121.360034222505, 309.936065673828, 2009603, 3, 93
2020.92554012, 53.3600816398515, 121.36002004694, 309.880065917969, 2009603, 3, 93
2020.92554012, 53.3601836604073, 121.360004108048, 309.866485595703, 2009603, 3, 93
2020.92554012, 53.3602663981846, 121.359990869248, 309.898773193359, 2009603, 3, 92
2020.92554012, 53.3603559090448, 121.359977684108, 309.978118896484, 2009603, 3, 92
2020.92554012, 53.3604518346002, 121.359963757951, 309.954620361328, 2009603, 3, 92
2020.92554012, 53.3605477670627, 121.359949988864, 309.967315673828, 2009603, 3, 92
2020.92554012, 53.3606373060135, 121.359937221657, 309.994659423828, 2009603, 3, 92
2020.92554012, 53.3607396337749, 121.359922633897, 310.021392822266, 2009603, 3, 92
2020.92554012, 53.3609249791936, 121.359896341167, 310.123291015625, 2009603, 3, 93
2020.92554012, 53.3610207707809, 121.359882695535, 310.060546875, 2009603, 3, 91
2020.92554012, 53.3611164946861, 121.359868990993, 310.015106201172, 2009603, 3, 91
2020.92554012, 53.3612057608486, 121.359856136545, 310.083068847656, 2009603, 3, 91
2020.92554012, 53.3612949818545, 121.359843050165, 310.078491210938, 2009603, 3, 82
2020.92554012, 53.3614604226868, 121.359818615179, 309.983978271484, 2009603, 3, 82
2020.92554015, 53.4292514295876, 121.348547221156, 313.8408203125, 2009603, 3, 80
2020.92554015, 53.4293213014055, 121.348535635924, 313.749481201172, 2009603, 3, 80
2020.92554015, 53.4294038994809, 121.34852215308, 313.629425048828, 2009603, 3, 80
2020.92554015, 53.4294802479396, 121.348509519965, 313.152557373047, 2009603, 3, 80
2020.92554015, 53.4295630055106, 121.348495942922, 313.069396972656, 2009603, 3, 86
2020.92554015, 53.4296522038263, 121.348481307061, 313.0888671875, 2009603, 3, 86
2020.92554015, 53.4297287147735, 121.348468777623, 313.093322753906, 2009603, 3, 86
2020.92554015, 53.4298244150415, 121.348453148006, 313.086761474609, 2009603, 3, 90
2020.92554015, 53.4299138049194, 121.348438496862, 313.076507568359, 2009603, 3, 90
2020.92554015, 53.4300032285171, 121.348423923045, 313.028564453125, 2009603, 3, 91
2020.92554015, 53.4300863143442, 121.348410308268, 313.029754638672, 2009603, 3, 91
2020.92554015, 53.430175663123, 121.348395588634, 313.076202392578, 2009603, 3, 91
2020.92554015, 53.4302589402672, 121.348382038693, 313.039276123047, 2009603, 3, 91
2020.92554015, 53.4303358112374, 121.34836953101, 313.082824707031, 2009603, 3, 91
2020.92554015, 53.4304190876672, 121.348355936205, 313.061218261719, 2009603, 3, 91
2020.92554015, 53.4305151483599, 121.348340214629, 313.025939941406, 2009603, 3, 90
2020.92554015, 53.4306047632644, 121.348325516494, 313.044677734375, 2009603, 3, 90
2020.92554015, 53.4306879245961, 121.348311844255, 313.055389404297, 2009603, 3, 90
2020.92554015, 53.4307710316297, 121.348298106246, 313.046691894531, 2009603, 3, 91
2020.92554015, 53.4308540735639, 121.34828432877, 313.008544921875, 2009603, 3, 91
2020.92554015, 53.4309242790062, 121.348272633143, 313.028900146484, 2009603, 3, 91
2020.92554015, 53.4310135324445, 121.348257781124, 313.041809082031, 2009603, 3, 92
2020.92554015, 53.4311090582552, 121.348241768955, 313.052612304688, 2009603, 3, 92
2020.92554015, 53.4311853979002, 121.34822887146, 313.016021728516, 2009603, 3, 92
2020.92554015, 53.4312679877661, 121.348214970511, 313.042816162109, 2009603, 3, 91
2020.92554015, 53.4313631808963, 121.348198806261, 313.014251708984, 2009603, 3, 91
2020.92554015, 53.4314459159478, 121.34818500845, 313.031829833984, 2009603, 3, 91
2020.92554015, 53.4315279253539, 121.348170761081, 313.040100097656, 2009603, 3, 91
2020.92554015, 53.4316035465114, 121.348157634194, 313.045104980469, 2009603, 3, 91
2020.92554015, 53.4316854053282, 121.34814344498, 313.03564453125, 2009603, 3, 91
2020.92554015, 53.4317609419609, 121.348130276827, 313.048522949219, 2009603, 3, 91
2020.92554015, 53.431849020875, 121.34811500595, 313.017517089844, 2009603, 3, 91
2020.92554015, 53.4319370900556, 121.348099773342, 313.080993652344, 2009603, 3, 91
2020.92554015, 53.4320188770628, 121.348085653421, 313.041229248047, 2009603, 3, 91
2020.92554015, 53.4321006904041, 121.348071597599, 313.019470214844, 2009603, 3, 91
2020.92554015, 53.43217625633, 121.348058630191, 313.056945800781, 2009603, 3, 91
2020.92554015, 53.4322581508004, 121.348044740101, 313.074340820312, 2009603, 3, 87
2020.92554015, 53.432327504464, 121.34803302848, 313.062377929688, 2009603, 3, 87
2020.92554015, 53.4323969268492, 121.348021322006, 313.036682128906, 2009603, 3, 87
2020.92554015, 53.4324727208551, 121.348008666734, 312.995666503906, 2009603, 3, 87
2020.92554015, 53.4325485922579, 121.34799612296, 313.108093261719, 2009603, 3, 85
2020.92554015, 53.4326245634362, 121.347983602333, 313.105255126953, 2009603, 3, 85
2020.9255403, 53.7240144787984, 121.300398005149, 379.213226318359, 2009603, 3, 59
2020.9255403, 53.7240781330635, 121.300387040088, 379.198120117188, 2009603, 3, 59
2020.9255403, 53.7241481015495, 121.300375129404, 379.193298339844, 2009603, 3, 59
2020.9255403, 53.724224420866, 121.300362082744, 379.1875, 2009603, 3, 59
2020.9255403, 53.7242880008921, 121.300351236098, 379.187591552734, 2009603, 3, 85
2020.9255403, 53.7243642555745, 121.300338342645, 379.141998291016, 2009603, 3, 85
2020.9255403, 53.7244341470169, 121.300326498378, 379.146392822266, 2009603, 3, 85
2020.9255403, 53.7245103565936, 121.30031369439, 379.089813232422, 2009603, 3, 78
2020.9255403, 53.7245865361632, 121.300300984786, 379.146331787109, 2009603, 3, 78
2020.9255403, 53.7246563558273, 121.300289352654, 379.133331298828, 2009603, 3, 78
2020.9255403, 53.7247388388492, 121.300275731124, 379.217803955078, 2009603, 3, 78
2020.92554046, 54.0595624414129, 121.24474272971, 528.714050292969, 2009603, 3, 85
2020.92554046, 54.0596383848774, 121.244730459455, 528.741394042969, 2009603, 3, 85
2020.92554046, 54.0597206779099, 121.244717080367, 528.768249511719, 2009603, 3, 85
2020.92554046, 54.0597966535014, 121.244704683893, 528.664428710938, 2009603, 3, 63
2020.92554046, 54.0598599982554, 121.244694228849, 528.587524414062, 2009603, 3, 63
2020.92554046, 54.0599296903437, 121.244682714848, 528.595947265625, 2009603, 3, 63
2020.92553947, 52.0500475487604, 121.571623172473, 552.955322265625, 2009603, 4, 65
2020.92553947, 52.0503014841695, 121.571585113367, 552.917053222656, 2009603, 4, 92
2020.92553947, 52.0505999533875, 121.571540569694, 552.87890625, 2009603, 4, 93
2020.92553947, 52.0508350551119, 121.571505579469, 552.879638671875, 2009603, 4, 92
2020.92554011, 53.3216404706003, 121.36758649168, 309.287353515625, 2009603, 4, 73
2020.92554011, 53.3219586564879, 121.367537121563, 309.315765380859, 2009603, 4, 93
2020.92554011, 53.3222633427971, 121.367490433628, 309.334381103516, 2009603, 4, 92
2020.92554011, 53.3226432803503, 121.367432666692, 309.397186279297, 2009603, 4, 93
2020.92554011, 53.3229917053263, 121.367379204485, 309.377838134766, 2009603, 4, 92
2020.92554011, 53.3233214583354, 121.367327970007, 309.411285400391, 2009603, 4, 93
2020.92554011, 53.3236592433596, 121.367274055974, 309.418121337891, 2009603, 4, 90
2020.92554011, 53.3240228197157, 121.367215128136, 309.407043457031, 2009603, 4, 91
2020.92554011, 53.3243224202495, 121.367166222611, 309.414245605469, 2009603, 4, 90
2020.92554012, 53.3456763917885, 121.363803903539, 309.064392089844, 2009603, 4, 85
2020.92554012, 53.3459884630198, 121.363753937622, 309.069793701172, 2009603, 4, 92
2020.92554012, 53.3462877946819, 121.3637058428, 309.055419921875, 2009603, 4, 93
2020.92554012, 53.3465743221179, 121.363659227486, 309.073791503906, 2009603, 4, 92
2020.92554012, 53.346937079419, 121.363600209233, 309.067291259766, 2009603, 4, 92
2020.92554012, 53.3472805132575, 121.363544598857, 309.113220214844, 2009603, 4, 93
2020.92554012, 53.3476237339511, 121.363489599345, 309.176208496094, 2009603, 4, 90
2020.92554012, 53.3479412710403, 121.363439435458, 309.138031005859, 2009603, 4, 88
2020.92554013, 53.3602795170475, 121.361454015107, 309.973968505859, 2009603, 4, 91
2020.92554013, 53.36059751133, 121.361400838184, 309.967346191406, 2009603, 4, 92
2020.92554013, 53.3608834334872, 121.361352968401, 309.958557128906, 2009603, 4, 92
2020.92554013, 53.3611944616495, 121.361301425559, 310.063415527344, 2009603, 4, 91
2020.92554013, 53.3615115504976, 121.361249564039, 310.127227783203, 2009603, 4, 90
2020.92554013, 53.361834518073, 121.361199203959, 310.330200195312, 2009603, 4, 90
2020.92554013, 53.3621955020712, 121.361143050849, 310.161102294922, 2009603, 4, 86
2020.92554016, 53.4288746144402, 121.350029138515, 313.026916503906, 2009603, 4, 92
2020.92554016, 53.4291234302659, 121.349990252723, 313.035736083984, 2009603, 4, 91
2020.92554016, 53.42939154389, 121.349948417824, 313.028961181641, 2009603, 4, 90
2020.92554016, 53.4297361042684, 121.349894323314, 313.033020019531, 2009603, 4, 90
2020.92554016, 53.4300100895164, 121.349850848878, 313.038116455078, 2009603, 4, 91
2020.92554016, 53.4302834362459, 121.349806606031, 313.024139404297, 2009603, 4, 91
2020.92554016, 53.4305624161186, 121.34976064941, 313.080444335938, 2009603, 4, 91
2020.92554016, 53.4308410573376, 121.349715177951, 313.051818847656, 2009603, 4, 91
2020.92554016, 53.4311448836336, 121.349666657462, 313.049407958984, 2009603, 4, 91
2020.92554016, 53.4314361117086, 121.349621402493, 313.125701904297, 2009603, 4, 90
2020.92554016, 53.4316961024303, 121.349583353523, 312.999084472656, 2009603, 4, 85
2020.92553889, 50.9026095769373, 121.794441061466, 749.956848144531, 2009588, 5, 61
2020.92553946, 52.0540357559658, 121.616674090318, 556.942749023438, 2009603, 5, 75
2020.92553946, 52.0540927899513, 121.616665178477, 556.946960449219, 2009603, 5, 75
2020.92553946, 52.0541561469193, 121.616655300441, 556.92724609375, 2009603, 5, 75
2020.92553946, 52.0542131829741, 121.616646428795, 556.928588867188, 2009603, 5, 75
2020.92553946, 52.054257553517, 121.616639541028, 556.943237304688, 2009603, 5, 89
2020.92553946, 52.0543019122679, 121.616632666631, 556.923278808594, 2009603, 5, 89
2020.92553946, 52.0543336146654, 121.616627761406, 556.945495605469, 2009603, 5, 89
2020.92553946, 52.0543653056076, 121.616622863693, 556.919250488281, 2009603, 5, 89
2020.92553946, 52.0543906677672, 121.616618948695, 556.929504394531, 2009603, 5, 89
2020.92553946, 52.0544223621315, 121.616614061414, 556.940979003906, 2009603, 5, 89
2020.92553946, 52.0544477345424, 121.616610153817, 556.939392089844, 2009603, 5, 89
2020.92553946, 52.0544731012203, 121.61660625076, 556.932495117188, 2009603, 5, 89
2020.92553946, 52.0545048037298, 121.616601378098, 556.952819824219, 2009603, 5, 90
2020.92553946, 52.054530182955, 121.616597482008, 556.946350097656, 2009603, 5, 90
2020.92553946, 52.054555556426, 121.616593590385, 556.948486328125, 2009603, 5, 90
2020.92553946, 52.0545872734243, 121.616588731057, 556.942810058594, 2009603, 5, 90
2020.92553946, 52.0546126593145, 121.616584846228, 556.949523925781, 2009603, 5, 90
2020.92553946, 52.0546443849416, 121.616579996095, 556.928466796875, 2009603, 5, 90
2020.92553946, 52.0546761183197, 121.616575150591, 556.992980957031, 2009603, 5, 90
2020.92553946, 52.0547078647053, 121.616570309044, 556.951232910156, 2009603, 5, 90
2020.92553946, 52.0547395322411, 121.616565431741, 556.957946777344, 2009603, 5, 90
2020.92553946, 52.0547713070043, 121.61656061469, 556.989990234375, 2009603, 5, 89
2020.92553946, 52.0548030909927, 121.616555801663, 556.940979003906, 2009603, 5, 89
2020.92553946, 52.0548348687016, 121.61655099432, 556.969665527344, 2009603, 5, 89
2020.92553946, 52.0548666626126, 121.616546189685, 556.967346191406, 2009603, 5, 89
2020.92553946, 52.0548984672915, 121.616541388207, 557.040344238281, 2009603, 5, 89
2020.92553946, 52.0549302677431, 121.616536591614, 557.016479492188, 2009603, 5, 89
2020.92553946, 52.054962075903, 121.616531798041, 557.028381347656, 2009603, 5, 89
2020.92553946, 52.0550002425768, 121.616526051168, 557.045104980469, 2009603, 5, 81
2020.92553946, 52.0550320631809, 121.616521264162, 557.064575195312, 2009603, 5, 81
2020.92553946, 52.0550702489358, 121.616515524002, 557.056335449219, 2009603, 5, 81
2020.92553946, 52.0551084398736, 121.616509787555, 557.106323242188, 2009603, 5, 81
2020.92553946, 52.055146638184, 121.616504054239, 557.139770507812, 2009603, 5, 81
2020.92554009, 53.3189165682649, 121.415163640576, 307.802429199219, 2009603, 5, 80
2020.92554009, 53.3189867860569, 121.415151776043, 307.780853271484, 2009603, 5, 80
2020.92554009, 53.3190633307559, 121.415138848134, 307.795288085938, 2009603, 5, 92
2020.92554009, 53.3191398447342, 121.41512594222, 307.80029296875, 2009603, 5, 92
2020.92554009, 53.3192099478355, 121.415114137651, 307.800659179688, 2009603, 5, 92
2020.92554009, 53.3192863510066, 121.415101295858, 307.823211669922, 2009603, 5, 94
2020.92554009, 53.3193817694032, 121.415085303641, 307.796936035156, 2009603, 5, 94
2020.92554009, 53.3194580441797, 121.415072564407, 307.783874511719, 2009603, 5, 94
2020.92554009, 53.3195405862984, 121.415058823912, 307.767822265625, 2009603, 5, 94
2020.92554009, 53.3196230405724, 121.415045150479, 307.787384033203, 2009603, 5, 94
2020.92554009, 53.3196995879014, 121.415032236618, 307.769317626953, 2009603, 5, 94
2020.92554009, 53.3197814693483, 121.415018992019, 307.771606445312, 2009603, 5, 91
2020.92554009, 53.3198632722318, 121.415005811672, 307.777648925781, 2009603, 5, 91
2020.92554009, 53.3199450439143, 121.414992683561, 307.771728515625, 2009603, 5, 91
2020.92554009, 53.320026776341, 121.414979596695, 307.761779785156, 2009603, 5, 90
2020.92554009, 53.3201085041003, 121.41496653906, 307.753936767578, 2009603, 5, 90
2020.92554009, 53.3201839575891, 121.414954500963, 307.729797363281, 2009603, 5, 90
2020.92554009, 53.3202594366382, 121.414942467885, 307.717010498047, 2009603, 5, 68
2020.92554009, 53.3203349672783, 121.414930430926, 307.735412597656, 2009603, 5, 68
2020.92554009, 53.3204105577583, 121.414918380707, 307.706207275391, 2009603, 5, 68
2020.92554009, 53.32049251947, 121.414905303023, 307.722717285156, 2009603, 5, 68
2020.92554009, 53.3217512272518, 121.414699365227, 307.611114501953, 2009603, 5, 74
2020.92554009, 53.3218155087107, 121.414688773544, 307.741821289062, 2009603, 5, 74
2020.92554009, 53.3219054507117, 121.414674002419, 307.845275878906, 2009603, 5, 74
2020.92554009, 53.3219760575362, 121.414662450427, 307.76171875, 2009603, 5, 74
2020.92554009, 53.3220529874798, 121.414649908691, 307.779113769531, 2009603, 5, 91
2020.92554009, 53.3221298248979, 121.414637433383, 307.794921875, 2009603, 5, 91
2020.92554009, 53.3221937775274, 121.414627091046, 307.766754150391, 2009603, 5, 91
2020.92554009, 53.3222771306756, 121.41461346209, 307.795257568359, 2009603, 5, 93
2020.92554009, 53.3223596179412, 121.414600492939, 307.777709960938, 2009603, 5, 93
2020.92554009, 53.3224293139944, 121.414589577409, 307.784851074219, 2009603, 5, 93
2020.92554009, 53.3224989117793, 121.414578708007, 307.780944824219, 2009603, 5, 93
2020.92554009, 53.3225747734907, 121.414566892074, 307.748718261719, 2009603, 5, 94
2020.92554009, 53.3226821096189, 121.414550209044, 307.747192382812, 2009603, 5, 94
2020.92554009, 53.3227640898842, 121.414537478556, 307.7646484375, 2009603, 5, 92
2020.92554009, 53.3228334326096, 121.414526712707, 307.795135498047, 2009603, 5, 92
2020.92554009, 53.322909023178, 121.414514965758, 307.741027832031, 2009603, 5, 92
2020.92554009, 53.3229783167173, 121.41450418496, 307.760437011719, 2009603, 5, 92
2020.92554009, 53.3230538815993, 121.41449240237, 307.768157958984, 2009603, 5, 87
2020.92554009, 53.3231231598598, 121.414481573256, 307.791473388672, 2009603, 5, 87
2020.92554009, 53.3231924315238, 121.414470709936, 307.775360107422, 2009603, 5, 87
2020.92554011, 53.35004654611, 121.410180996436, 308.521270751953, 2009603, 5, 53
2020.92554011, 53.3501161865801, 121.410169979499, 308.385467529297, 2009603, 5, 53
2020.92554011, 53.3501794996417, 121.410159972829, 308.387786865234, 2009603, 5, 53
2020.92554011, 53.35025543498, 121.410147974622, 308.389343261719, 2009603, 5, 63
2020.92554011, 53.3503314397151, 121.410135990474, 308.303070068359, 2009603, 5, 63
2020.92554011, 53.3503947821858, 121.410126012626, 308.231109619141, 2009603, 5, 63
2020.92554011, 53.35046446269, 121.410115045566, 308.273986816406, 2009603, 5, 63
2020.92554011, 53.3567774543578, 121.409130523862, 308.247100830078, 2009603, 5, 71
2020.92554011, 53.3568409842185, 121.409120778458, 308.25048828125, 2009603, 5, 71
2020.92554011, 53.3568981548903, 121.409112023568, 308.354431152344, 2009603, 5, 71
2020.92554011, 53.3569617333019, 121.409102309604, 308.608489990234, 2009603, 5, 71
2020.92554011, 53.3570380851411, 121.409090667384, 308.552062988281, 2009603, 5, 92
2020.92554011, 53.3571081162014, 121.40908000368, 308.545318603516, 2009603, 5, 92
2020.92554011, 53.3571718064386, 121.409070312223, 308.488342285156, 2009603, 5, 92
2020.92554011, 53.3572355277279, 121.409060620093, 308.371765136719, 2009603, 5, 92
2020.92554011, 53.3573056433226, 121.409049953324, 308.112915039062, 2009603, 5, 93
2020.92554011, 53.3573757974323, 121.409039276513, 308.149932861328, 2009603, 5, 93
2020.92554011, 53.357439610471, 121.409029558628, 308.16455078125, 2009603, 5, 93
2020.92554011, 53.3575225912406, 121.409016903404, 308.176879882812, 2009603, 5, 91
2020.92554011, 53.3575992192754, 121.409005195313, 308.174285888672, 2009603, 5, 91
2020.92554011, 53.3576758718908, 121.408993458513, 308.175628662109, 2009603, 5, 91
2020.92554011, 53.3577589174876, 121.408980707476, 308.214813232422, 2009603, 5, 92
2020.92554011, 53.3578354851332, 121.408969083142, 308.179351806641, 2009603, 5, 92
2020.92554011, 53.357912254377, 121.408957101972, 308.155090332031, 2009603, 5, 92
2020.92554011, 53.3579762426027, 121.408947090859, 308.150970458984, 2009603, 5, 92
2020.92554011, 53.3580593965234, 121.408934045061, 308.163726806641, 2009603, 5, 92
2020.92554011, 53.3581297640068, 121.408922981758, 308.2001953125, 2009603, 5, 92
2020.92554011, 53.3582000892466, 121.408911900129, 308.199768066406, 2009603, 5, 92
2020.92554011, 53.3582640324926, 121.408901812409, 308.108154296875, 2009603, 5, 93
2020.92554011, 53.3583343273377, 121.408890706055, 308.063018798828, 2009603, 5, 93
2020.92554011, 53.3584045900181, 121.408879592361, 308.091613769531, 2009603, 5, 93
2020.92554011, 53.358474811711, 121.408868475666, 308.090576171875, 2009603, 5, 93
2020.92554011, 53.3585450068998, 121.408857360437, 308.09765625, 2009603, 5, 92
2020.92554011, 53.3586342788321, 121.408843221761, 308.063171386719, 2009603, 5, 92
2020.92554011, 53.358704376173, 121.408832124126, 308.072418212891, 2009603, 5, 92
2020.92554011, 53.3587680616681, 121.408822048136, 308.067504882812, 2009603, 5, 91
2020.92554011, 53.3588317068467, 121.40881198641, 308.072875976562, 2009603, 5, 91
2020.92554011, 53.3589080121171, 121.408799935817, 308.091705322266, 2009603, 5, 91
2020.92554011, 53.3589842773887, 121.408787914408, 308.092041015625, 2009603, 5, 91
2020.9255403, 53.7380484086851, 121.347101191045, 375.260681152344, 2009603, 5, 51
2020.9255403, 53.7381626927745, 121.347081499893, 374.899383544922, 2009603, 5, 51
2020.9255403, 53.738232473566, 121.347069498049, 374.866577148438, 2009603, 5, 51
2020.9255403, 53.738295879469, 121.347058603928, 374.85791015625, 2009603, 5, 83
2020.9255403, 53.7383592518104, 121.347047722771, 374.868011474609, 2009603, 5, 83
2020.9255403, 53.7384225967002, 121.34703685268, 374.857452392578, 2009603, 5, 83
2020.9255403, 53.7384859071631, 121.347025989728, 374.853881835938, 2009603, 5, 83
2020.92553947, 52.0554126492942, 121.617934913753, 557.251953125, 2009603, 6, 68
2020.92553947, 52.0555841888714, 121.617909517751, 557.142272949219, 2009603, 6, 88
2020.92553947, 52.0556986260005, 121.617892538267, 557.207214355469, 2009603, 6, 88
2020.92553948, 52.0558131267119, 121.617875512955, 557.227844238281, 2009603, 6, 88
2020.92553948, 52.0559531646279, 121.617854631546, 557.334045410156, 2009603, 6, 88
2020.92553948, 52.0561572329946, 121.617824022063, 557.407165527344, 2009603, 6, 89
2020.92553948, 52.0563488686936, 121.617795089807, 557.418884277344, 2009603, 6, 89
2020.92553948, 52.0565341170158, 121.617767016442, 557.445495605469, 2009603, 6, 88
2020.9255401, 53.3200697867864, 121.416401122439, 307.670318603516, 2009603, 6, 94
2020.9255401, 53.320316708606, 121.416361633438, 307.723175048828, 2009603, 6, 93
2020.9255401, 53.3206143960837, 121.416313383451, 307.641662597656, 2009603, 6, 94
2020.9255401, 53.3209123390637, 121.416264714964, 307.632629394531, 2009603, 6, 94
2020.9255401, 53.3212756411008, 121.416205093102, 307.641387939453, 2009603, 6, 93
2020.9255401, 53.3216010532941, 121.416152176766, 307.634674072266, 2009603, 6, 93
2020.9255401, 53.3219008171109, 121.416104172237, 307.500244140625, 2009603, 6, 83
2020.92554011, 53.3221492454358, 121.416065033623, 307.365356445312, 2009603, 6, 75
2020.92554011, 53.3224033590805, 121.416025843133, 307.530670166016, 2009603, 6, 84
2020.92554011, 53.3227075833441, 121.415979691251, 307.669921875, 2009603, 6, 91
2020.92554011, 53.3230053141885, 121.415934611885, 307.68701171875, 2009603, 6, 94
2020.92554011, 53.3233221878696, 121.415886285442, 307.657562255859, 2009603, 6, 92
2020.92554011, 53.3236141769589, 121.415840998589, 307.711181640625, 2009603, 6, 66
2020.92554012, 53.3570560002894, 121.410590301265, 308.340423583984, 2009603, 6, 92
2020.92554012, 53.3574308628006, 121.410531247035, 308.131713867188, 2009603, 6, 93
2020.92554012, 53.3577739192558, 121.410477079206, 308.0947265625, 2009603, 6, 92
2020.92554012, 53.3580598408689, 121.410431270969, 308.239685058594, 2009603, 6, 93
2020.92554012, 53.3583395005616, 121.410386299886, 308.180328369141, 2009603, 6, 92
2020.92554012, 53.3586383681713, 121.410338173747, 308.095062255859, 2009603, 6, 93
2020.92554031, 53.7386422270261, 121.348212560758, 374.874237060547, 2009603, 6, 82
