2019.65530904, 53.7207483593263, 121.150385164856, 395.944671630859, 2009603, 1, 68
2019.65530904, 53.720684770301, 121.15037477755, 395.934906005859, 2009603, 1, 68
2019.65530904, 53.7206275472499, 121.150365415556, 395.941802978516, 2009603, 1, 68
2019.65530904, 53.7205830393928, 121.150358149052, 395.967102050781, 2009603, 1, 68
2019.65530904, 53.7205131054215, 121.150346691278, 395.973083496094, 2009603, 1, 68
2019.65530918, 53.4349874438897, 121.103039980866, 323.853576660156, 2009603, 1, 88
2019.65530918, 53.4349621923157, 121.103035799519, 323.842956542969, 2009603, 1, 88
2019.65530918, 53.4349369456082, 121.103031622148, 323.840576171875, 2009603, 1, 88
2019.65530918, 53.4349117005989, 121.103027461549, 323.841918945312, 2009603, 1, 88
2019.65530918, 53.4348864579548, 121.103023308947, 323.835723876953, 2009603, 1, 88
2019.65530918, 53.4348612239014, 121.10301914919, 323.840484619141, 2009603, 1, 88
2019.65530918, 53.4348359851948, 121.10301502218, 323.83984375, 2009603, 1, 88
2019.65530918, 53.4348107538422, 121.103010884354, 323.841644287109, 2009603, 1, 88
2019.65530918, 53.4347855239654, 121.10300675595, 323.822784423828, 2009603, 1, 88
2019.65530918, 53.4347602975066, 121.10300263742, 323.847381591797, 2009603, 1, 88
2019.65530918, 53.4347350731477, 121.102998515253, 323.854064941406, 2009603, 1, 93
2019.65530918, 53.4347035476284, 121.102993361859, 323.851776123047, 2009603, 1, 93
2019.65530918, 53.4346783234843, 121.102989260704, 323.845367431641, 2009603, 1, 93
2019.65530918, 53.4346531026757, 121.102985157475, 323.850311279297, 2009603, 1, 93
2019.65530918, 53.4346278771509, 121.10298107477, 323.841156005859, 2009603, 1, 93
2019.65530918, 53.4346026537889, 121.102976989702, 323.845764160156, 2009603, 1, 93
2019.65530918, 53.4345711323572, 121.102971863768, 323.840454101562, 2009603, 1, 93
2019.65530918, 53.4345459120726, 121.102967782839, 323.848083496094, 2009603, 1, 93
2019.65530918, 53.4345206844281, 121.102963719572, 323.846954345703, 2009603, 1, 93
2019.65530918, 53.4344954612263, 121.102959642549, 323.853454589844, 2009603, 1, 93
2019.65530918, 53.4344639322153, 121.102954540147, 323.856414794922, 2009603, 1, 93
2019.65530918, 53.434438704992, 121.102950471417, 323.844573974609, 2009603, 1, 93
2019.65530918, 53.434413473307, 121.102946413501, 323.839050292969, 2009603, 1, 93
2019.65530918, 53.4343882402221, 121.102942353233, 323.831207275391, 2009603, 1, 93
2019.65530918, 53.43436300714, 121.10293828781, 323.84814453125, 2009603, 1, 93
2019.65530918, 53.4343377708168, 121.102934232637, 323.846832275391, 2009603, 1, 93
2019.65530918, 53.4343062267088, 121.102929134842, 323.848449707031, 2009603, 1, 93
2019.65530918, 53.4342809828204, 121.102925077539, 323.857421875, 2009603, 1, 93
2019.65530918, 53.4342620449616, 121.102922044527, 323.844177246094, 2009603, 1, 93
2019.65530918, 53.4342367949531, 121.102917986359, 323.846771240234, 2009603, 1, 93
2019.65530918, 53.4342052332552, 121.102912894624, 323.843963623047, 2009603, 1, 93
2019.65530918, 53.4341799750883, 121.102908832316, 323.864440917969, 2009603, 1, 93
2019.65530918, 53.4341547149251, 121.102904765666, 323.855194091797, 2009603, 1, 93
2019.65530918, 53.4341294499062, 121.102900706597, 323.83740234375, 2009603, 1, 93
2019.65530918, 53.4341041763062, 121.102896653577, 323.846893310547, 2009603, 1, 93
2019.65530918, 53.4340789018554, 121.102892584701, 323.841339111328, 2009603, 1, 93
2019.65530918, 53.4340536211914, 121.102888519062, 323.842712402344, 2009603, 1, 93
2019.65530918, 53.4340283369731, 121.102884446987, 323.837585449219, 2009603, 1, 93
2019.65530918, 53.4339967299069, 121.102879337443, 323.840393066406, 2009603, 1, 93
2019.65530918, 53.433971679758, 121.102875279535, 323.840911865234, 2009603, 1, 93
2019.65530918, 53.4339462973343, 121.102871203083, 323.837738037109, 2009603, 1, 93
2019.65530918, 53.4339209143096, 121.102867116948, 323.843780517578, 2009603, 1, 93
2019.65530918, 53.4338955259832, 121.10286302072, 323.843536376953, 2009603, 1, 93
2019.65530918, 53.4338637887104, 121.102857879833, 323.842315673828, 2009603, 1, 93
2019.65530918, 53.4338383884169, 121.102853783322, 323.826477050781, 2009603, 1, 93
2019.65530918, 53.433812983897, 121.102849681184, 323.828460693359, 2009603, 1, 93
2019.65530918, 53.4337812302324, 121.102844524261, 323.839752197266, 2009603, 1, 93
2019.65530918, 53.4337558185103, 121.102840406544, 323.824859619141, 2009603, 1, 93
2019.65530918, 53.4337304018182, 121.102836292846, 323.8271484375, 2009603, 1, 92
2019.65530918, 53.433704987477, 121.10283216237, 323.840606689453, 2009603, 1, 92
2019.65530918, 53.4336795661184, 121.102828034011, 323.818908691406, 2009603, 1, 92
2019.65530918, 53.4336541443868, 121.102823890724, 323.828125, 2009603, 1, 92
2019.65530918, 53.4336287183959, 121.102819750154, 323.834564208984, 2009603, 1, 92
2019.65530918, 53.4335969413872, 121.102814535794, 323.834014892578, 2009603, 1, 92
2019.65530918, 53.4335715116237, 121.102810379793, 323.837707519531, 2009603, 1, 92
2019.65530918, 53.4335460809271, 121.102806215518, 323.837188720703, 2009603, 1, 92
2019.65530918, 53.4335206439579, 121.102802058235, 323.826782226562, 2009603, 1, 92
2019.65530918, 53.4334952101092, 121.102797883824, 323.831817626953, 2009603, 1, 93
2019.65530918, 53.4334634239674, 121.102792639729, 323.817047119141, 2009603, 1, 93
2019.65530918, 53.4334379885237, 121.102788447251, 323.835571289062, 2009603, 1, 93
2019.65530918, 53.4334125546021, 121.102784245169, 323.850341796875, 2009603, 1, 93
2019.65530918, 53.4333871173988, 121.102780047059, 323.848175048828, 2009603, 1, 93
2019.65530918, 53.4333616783022, 121.102775845416, 323.839019775391, 2009603, 1, 93
2019.65530918, 53.4333362423134, 121.102771630969, 323.838409423828, 2009603, 1, 93
2019.65530918, 53.4333108066827, 121.102767406837, 323.840240478516, 2009603, 1, 93
2019.65530918, 53.4332853727187, 121.102763175745, 323.835235595703, 2009603, 1, 93
2019.65530918, 53.4332599412144, 121.102758939481, 323.844573974609, 2009603, 1, 93
2019.65530918, 53.4332281555777, 121.102753618396, 323.837310791016, 2009603, 1, 93
2019.65530918, 53.4332027251942, 121.102749365351, 323.836456298828, 2009603, 1, 94
2019.65530918, 53.4331772945324, 121.102745108094, 323.833801269531, 2009603, 1, 94
2019.65530918, 53.4331518679434, 121.10274083922, 323.826934814453, 2009603, 1, 94
2019.65530918, 53.4331264366967, 121.102736583668, 323.827606201172, 2009603, 1, 94
2019.65530918, 53.4331010114249, 121.102732309406, 323.8134765625, 2009603, 1, 94
2019.65530918, 53.4330692395407, 121.102726934445, 323.831390380859, 2009603, 1, 94
2019.65530918, 53.4330438185655, 121.102722654367, 323.829742431641, 2009603, 1, 94
2019.65530918, 53.4330183999737, 121.102718357732, 323.834594726562, 2009603, 1, 94
2019.65530918, 53.4329866375346, 121.102712958819, 323.839996337891, 2009603, 1, 93
2019.65530918, 53.43296122592, 121.10270864553, 323.839691162109, 2009603, 1, 93
2019.65530918, 53.432935816071, 121.102704329073, 323.816223144531, 2009603, 1, 93
2019.65530918, 53.4329104053307, 121.102700020969, 323.826263427734, 2009603, 1, 93
2019.65530918, 53.4328850014945, 121.102695689941, 323.817901611328, 2009603, 1, 93
2019.65530918, 53.4328596014944, 121.102691353433, 323.822784423828, 2009603, 1, 93
2019.65530918, 53.4328342056308, 121.102687014108, 323.812896728516, 2009603, 1, 93
2019.65530918, 53.4328024666249, 121.102681568121, 323.813598632812, 2009603, 1, 93
2019.65530918, 53.4327770761351, 121.102677213239, 323.80029296875, 2009603, 1, 93
2019.65530918, 53.4327516851916, 121.102672866625, 323.815155029297, 2009603, 1, 93
2019.65530918, 53.4327262989922, 121.102668508003, 323.808654785156, 2009603, 1, 89
2019.65530918, 53.4326943058148, 121.102663161912, 323.801696777344, 2009603, 1, 89
2019.65530918, 53.432669017689, 121.10265876138, 323.803924560547, 2009603, 1, 89
2019.65530918, 53.4326374213968, 121.102653216853, 323.807739257812, 2009603, 1, 89
2019.65530918, 53.4326121456872, 121.102648790898, 323.80712890625, 2009603, 1, 89
2019.65530918, 53.4325868698161, 121.102644360133, 323.803619384766, 2009603, 1, 89
2019.65530918, 53.4325615923201, 121.102639938457, 323.789215087891, 2009603, 1, 89
2019.65530918, 53.4325363176335, 121.102635508805, 323.810485839844, 2009603, 1, 89
2019.65530918, 53.4325047293539, 121.102629951267, 323.788269042969, 2009603, 1, 89
2019.65530924, 53.3079896497574, 121.082157488522, 316.547119140625, 2009603, 1, 73
2019.65530924, 53.3079388601444, 121.082148772476, 316.574676513672, 2009603, 1, 73
2019.65530924, 53.3078753674024, 121.082137802197, 316.572875976562, 2009603, 1, 73
2019.65530924, 53.3078118541329, 121.082126812028, 316.555206298828, 2009603, 1, 73
2019.65530925, 53.3054649346607, 121.081734980044, 316.376190185547, 2009603, 1, 78
2019.65530925, 53.3054071899291, 121.08172544175, 316.366729736328, 2009603, 1, 78
2019.65530925, 53.3053622665276, 121.081718021806, 316.354705810547, 2009603, 1, 78
2019.65530925, 53.3053237471538, 121.081711682194, 316.369293212891, 2009603, 1, 78
2019.65530925, 53.3052659747614, 121.081702116522, 316.395843505859, 2009603, 1, 78
2019.65530925, 53.3052017788902, 121.081691482393, 316.383514404297, 2009603, 1, 87
2019.65530925, 53.3051376007291, 121.081680795289, 316.397918701172, 2009603, 1, 87
2019.65530925, 53.3050862495535, 121.081672286728, 316.385955810547, 2009603, 1, 87
2019.65530925, 53.3050349168627, 121.081663740013, 316.408020019531, 2009603, 1, 87
2019.65530925, 53.3049771798297, 121.081654127041, 316.376312255859, 2009603, 1, 87
2019.65530925, 53.3049258725271, 121.081645593617, 316.39453125, 2009603, 1, 87
2019.65530925, 53.3048745929353, 121.081637021142, 316.389617919922, 2009603, 1, 87
2019.65530925, 53.3048233155325, 121.081628506847, 316.399291992188, 2009603, 1, 87
2019.65530925, 53.304772083723, 121.081619918861, 316.414672851562, 2009603, 1, 87
2019.65530925, 53.3047208596492, 121.081611398116, 316.393981933594, 2009603, 1, 83
2019.65530925, 53.3046440777645, 121.081598601851, 316.405670166016, 2009603, 1, 83
2019.65530925, 53.3045609904066, 121.081584690952, 316.409484863281, 2009603, 1, 83
2019.65530925, 53.3044907417299, 121.08157297056, 316.377777099609, 2009603, 1, 85
2019.65530925, 53.3044333019055, 121.081563421931, 316.402526855469, 2009603, 1, 85
2019.65530925, 53.3043759258669, 121.081553811357, 316.428100585938, 2009603, 1, 85
2019.65530925, 53.3043119570787, 121.081542922284, 316.401672363281, 2009603, 1, 85
2019.65530925, 53.3042485238285, 121.081532538862, 316.415161132812, 2009603, 1, 91
2019.65530925, 53.3041724742953, 121.081520069878, 316.443084716797, 2009603, 1, 91
2019.65530925, 53.3040964982574, 121.081507567441, 316.429504394531, 2009603, 1, 91
2019.65530925, 53.3040395442258, 121.081498215911, 316.447723388672, 2009603, 1, 89
2019.65530925, 53.3039636538723, 121.081485698654, 316.449737548828, 2009603, 1, 89
2019.65530925, 53.3039004358504, 121.081475263178, 316.484313964844, 2009603, 1, 89
2019.65530925, 53.3038435566255, 121.081465860782, 316.458343505859, 2009603, 1, 89
2019.65530925, 53.3037866874595, 121.081456432219, 316.493438720703, 2009603, 1, 89
2019.65530925, 53.3036729663325, 121.08143750607, 316.473846435547, 2009603, 1, 93
2019.65530925, 53.3035971531803, 121.081424827548, 316.432647705078, 2009603, 1, 93
2019.65530925, 53.303527638035, 121.081413185053, 316.453430175781, 2009603, 1, 93
2019.65530925, 53.3034770748828, 121.081404676583, 316.473999023438, 2009603, 1, 93
2019.65530925, 53.3034265108732, 121.081396114739, 316.457977294922, 2009603, 1, 93
2019.65530925, 53.3033822387973, 121.081388651541, 316.44775390625, 2009603, 1, 93
2019.65530925, 53.3033316487947, 121.081380024981, 316.454559326172, 2009603, 1, 93
2019.65530925, 53.3032810275167, 121.081371420984, 316.442260742188, 2009603, 1, 93
2019.65530925, 53.3032303822555, 121.081362810399, 316.449676513672, 2009603, 1, 82
2019.65530925, 53.3031797328154, 121.081354108442, 316.45947265625, 2009603, 1, 82
2019.65530925, 53.3031290518034, 121.08134541482, 316.451629638672, 2009603, 1, 82
2019.65530925, 53.3030910190689, 121.081338897648, 316.422790527344, 2009603, 1, 82
2019.65530925, 53.3030532505826, 121.081332689336, 316.439056396484, 2009603, 1, 82
2019.65530925, 53.303002341676, 121.081323698978, 316.505828857422, 2009603, 1, 82
2019.65530992, 51.9554452604163, 120.863882024457, 450.759979248047, 2009603, 1, 74
2019.65530992, 51.9552926730329, 120.863858751063, 450.746704101562, 2009603, 1, 74
2019.65530992, 51.9551085043705, 120.863830506565, 450.752685546875, 2009603, 1, 79
2019.65530993, 51.9359938446301, 120.860815522153, 454.387542724609, 2009603, 1, 92
2019.65530993, 51.9359433291112, 120.860807589201, 454.357330322266, 2009603, 1, 92
2019.65530993, 51.9358864778054, 120.860798668381, 454.388458251953, 2009603, 1, 92
2019.65530993, 51.9358169577168, 120.860787747896, 454.412902832031, 2009603, 1, 92
2019.65530993, 51.9357473935226, 120.860776825616, 454.372375488281, 2009603, 1, 92
2019.65530993, 51.9356841068593, 120.860766910432, 454.373443603516, 2009603, 1, 92
2019.65530993, 51.9356144416023, 120.860755990188, 454.379058837891, 2009603, 1, 92
2019.65530993, 51.9355383809173, 120.860744065892, 454.388702392578, 2009603, 1, 86
2019.65530905, 53.7203888036268, 121.148935872111, 395.954559326172, 2009603, 2, 70
2019.65530919, 53.435645233772, 121.101768350331, 323.847930908203, 2009603, 2, 65
2019.65530919, 53.435537482134, 121.101750735419, 323.851287841797, 2009603, 2, 65
2019.65530919, 53.435423280201, 121.101732791519, 323.851135253906, 2009603, 2, 93
2019.65530919, 53.4353153779026, 121.101715859155, 323.846008300781, 2009603, 2, 93
2019.65530919, 53.4352137854003, 121.101699897213, 323.838592529297, 2009603, 2, 93
2019.65530919, 53.4351121498851, 121.101683872759, 323.839080810547, 2009603, 2, 93
2019.65530919, 53.4350104803766, 121.1016677663, 323.8564453125, 2009603, 2, 93
2019.65530919, 53.434908771788, 121.101651547281, 323.830139160156, 2009603, 2, 94
2019.65530919, 53.4348006723311, 121.101634177999, 323.850128173828, 2009603, 2, 94
2019.65530919, 53.4347052572641, 121.101618702063, 323.858184814453, 2009603, 2, 93
2019.65530919, 53.4346034546207, 121.101602038879, 323.839538574219, 2009603, 2, 93
2019.65530919, 53.4345016327692, 121.101585221538, 323.845123291016, 2009603, 2, 93
2019.65530919, 53.4343997808672, 121.101568195445, 323.840911865234, 2009603, 2, 92
2019.65530919, 53.4342979186568, 121.101551017561, 323.849853515625, 2009603, 2, 92
2019.65530919, 53.4341960384563, 121.101533674738, 323.845306396484, 2009603, 2, 93
2019.65530919, 53.434087784829, 121.101514465612, 323.838806152344, 2009603, 2, 93
2019.65530919, 53.4339858918613, 121.1014962871, 323.842071533203, 2009603, 2, 91
2019.65530919, 53.4338839993184, 121.101478049131, 323.838317871094, 2009603, 2, 91
2019.65530919, 53.4337821096575, 121.101459813134, 323.857879638672, 2009603, 2, 91
2019.65530919, 53.4336738628138, 121.101440485059, 323.868804931641, 2009603, 2, 94
2019.65530919, 53.4335719892227, 121.101422348133, 323.843383789062, 2009603, 2, 94
2019.65530919, 53.433463768435, 121.101403212403, 323.861236572266, 2009603, 2, 93
2019.65530919, 53.433355567029, 121.1013842452, 323.842590332031, 2009603, 2, 93
2019.65530919, 53.4332473893509, 121.101365464543, 323.841857910156, 2009603, 2, 87
2019.65530919, 53.4331392378989, 121.101346903853, 323.823181152344, 2009603, 2, 87
2019.65530919, 53.433024761362, 121.101327526003, 323.841735839844, 2009603, 2, 87
2019.65530926, 53.3083923208886, 121.080824632234, 316.613739013672, 2009603, 2, 74
2019.65530926, 53.3051063348457, 121.080283466801, 316.466430664062, 2009603, 2, 91
2019.65530926, 53.3047255079011, 121.080219317921, 316.455474853516, 2009603, 2, 94
2019.65530926, 53.3043960493669, 121.080163870564, 316.428558349609, 2009603, 2, 92
2019.65530926, 53.304009899516, 121.080099148908, 316.416015625, 2009603, 2, 87
2019.65530926, 53.3038135218652, 121.080066441343, 316.378540039062, 2009603, 2, 87
2019.65530926, 53.3036994098239, 121.080047474645, 316.401153564453, 2009603, 2, 76
2019.65530926, 53.3035788878112, 121.080027510848, 316.412567138672, 2009603, 2, 76
2019.65530926, 53.3034646332762, 121.080008643598, 316.399383544922, 2009603, 2, 78
2019.65530926, 53.3033249464865, 121.079985597956, 316.416351318359, 2009603, 2, 78
2019.65530926, 53.3031147946606, 121.079951219048, 316.446655273438, 2009603, 2, 91
2019.65530926, 53.3028534641279, 121.079908547429, 316.492767333984, 2009603, 2, 89
2019.65530993, 51.9574047534268, 120.86289695535, 450.565338134766, 2009603, 2, 64
2019.65530993, 51.9549057743316, 120.862510929599, 450.640625, 2009603, 2, 76
2019.65530994, 51.936163830892, 120.859544447224, 454.295806884766, 2009603, 2, 91
2019.65530994, 51.9360054076045, 120.859519865265, 454.2880859375, 2009603, 2, 91
2019.65530994, 51.9358153563141, 120.859490520431, 454.310455322266, 2009603, 2, 83
2019.65530903, 53.7307420945643, 121.102943759195, 400.285522460938, 2009603, 3, 67
2019.65530903, 53.7306334790475, 121.1029256624, 400.291717529297, 2009603, 3, 67
2019.65530903, 53.7305572587493, 121.102913001294, 400.261932373047, 2009603, 3, 67
2019.65530903, 53.7305128355335, 121.102905632412, 400.220397949219, 2009603, 3, 67
2019.65530915, 53.4982358249022, 121.064655204024, 326.208618164062, 2009603, 3, 93
2019.65530915, 53.4982104237528, 121.06465100075, 326.213287353516, 2009603, 3, 93
2019.65530915, 53.4981850267545, 121.064646801202, 326.22412109375, 2009603, 3, 93
2019.65530915, 53.4981659735087, 121.064643650883, 326.221252441406, 2009603, 3, 93
2019.65530915, 53.4981469214452, 121.064640502932, 326.230773925781, 2009603, 3, 93
2019.65530915, 53.4981342168314, 121.064638403823, 326.221862792969, 2009603, 3, 93
2019.65530915, 53.4981151627905, 121.064635257432, 326.238647460938, 2009603, 3, 93
2019.65530915, 53.4980961926655, 121.064632050814, 326.241821289062, 2009603, 3, 93
2019.65530915, 53.4980643982328, 121.064626833487, 326.232879638672, 2009603, 3, 93
2019.65530915, 53.4980453228327, 121.064623705417, 326.234680175781, 2009603, 3, 93
2019.65530915, 53.4980262457633, 121.064620578297, 326.218994140625, 2009603, 3, 93
2019.65530915, 53.4980008098467, 121.064616411066, 326.200988769531, 2009603, 3, 93
2019.65530915, 53.4979817323947, 121.064613286987, 326.227172851562, 2009603, 3, 91
2019.65530915, 53.4979626509143, 121.064610162932, 326.195220947266, 2009603, 3, 91
2019.65530915, 53.4979372127394, 121.064606000454, 326.189971923828, 2009603, 3, 91
2019.65530915, 53.4979117734741, 121.064601840306, 326.187591552734, 2009603, 3, 91
2019.65530915, 53.4978863314539, 121.064597681267, 326.184020996094, 2009603, 3, 91
2019.65530915, 53.4978608932522, 121.064593525832, 326.164794921875, 2009603, 3, 91
2019.65530915, 53.4978354521037, 121.064589371187, 326.151123046875, 2009603, 3, 91
2019.65530915, 53.497810007125, 121.064585217108, 326.152526855469, 2009603, 3, 91
2019.65530915, 53.4977718478746, 121.064578992372, 326.198822021484, 2009603, 3, 91
2019.65530915, 53.4977336800544, 121.064572767865, 326.176666259766, 2009603, 3, 93
2019.65530915, 53.497701876104, 121.06456758482, 326.122833251953, 2009603, 3, 93
2019.65530915, 53.4976637203192, 121.064561370866, 326.139617919922, 2009603, 3, 93
2019.65530915, 53.4976255573399, 121.064555157342, 326.157745361328, 2009603, 3, 93
2019.65530915, 53.4975873966026, 121.064548946927, 326.125305175781, 2009603, 3, 93
2019.65530915, 53.4975619513487, 121.064544806214, 326.1328125, 2009603, 3, 93
2019.65530915, 53.4975365116181, 121.064540668138, 326.143157958984, 2009603, 3, 93
2019.65530915, 53.497504719715, 121.064535498888, 326.132415771484, 2009603, 3, 93
2019.65530915, 53.4974792781112, 121.064531361739, 326.132171630859, 2009603, 3, 93
2019.65530915, 53.4974474883482, 121.064526195005, 326.140716552734, 2009603, 3, 93
2019.65530915, 53.4974220482439, 121.064522059144, 326.126647949219, 2009603, 3, 93
2019.65530915, 53.4973966153307, 121.064517925913, 326.144866943359, 2009603, 3, 93
2019.65530915, 53.4973711830343, 121.064513793002, 326.140930175781, 2009603, 3, 93
2019.65530915, 53.4973457496736, 121.06450965987, 326.125823974609, 2009603, 3, 93
2019.65530915, 53.4973203221022, 121.064505528467, 326.138214111328, 2009603, 3, 93
2019.65530915, 53.4972885417975, 121.064500365003, 326.132690429688, 2009603, 3, 93
2019.65530915, 53.4972631098827, 121.06449623151, 326.122406005859, 2009603, 3, 93
2019.65530915, 53.4972376865783, 121.064492100482, 326.116363525391, 2009603, 3, 94
2019.65530915, 53.4972059111385, 121.06448693722, 326.128601074219, 2009603, 3, 94
2019.65530915, 53.4971804896885, 121.064482805527, 326.134307861328, 2009603, 3, 94
2019.65530915, 53.4971614225372, 121.064479705876, 326.141906738281, 2009603, 3, 94
2019.65530915, 53.4971360047381, 121.064475574028, 326.146362304688, 2009603, 3, 94
2019.65530915, 53.4971105884935, 121.064471441688, 326.139099121094, 2009603, 3, 94
2019.65530915, 53.4970851750565, 121.064467308936, 326.127380371094, 2009603, 3, 94
2019.65530915, 53.49705976422, 121.064463176323, 326.138732910156, 2009603, 3, 94
2019.65530915, 53.4970343507731, 121.064459041758, 326.11962890625, 2009603, 3, 94
2019.65530915, 53.4970089427627, 121.064454907633, 326.139495849609, 2009603, 3, 94
2019.65530915, 53.4969835348655, 121.064450772247, 326.135986328125, 2009603, 3, 95
2019.65530915, 53.4969517830572, 121.064445603691, 326.138244628906, 2009603, 3, 95
2019.65530915, 53.4969263809097, 121.064441466847, 326.141632080078, 2009603, 3, 95
2019.65530915, 53.4969009796312, 121.064437328864, 326.139404296875, 2009603, 3, 95
2019.65530915, 53.4968755784175, 121.064433188684, 326.135284423828, 2009603, 3, 95
2019.65530915, 53.4968438358412, 121.064428014683, 326.127990722656, 2009603, 3, 95
2019.65530915, 53.496818304325, 121.064423862231, 326.116058349609, 2009603, 3, 95
2019.65530915, 53.4967866219569, 121.064418689116, 326.123199462891, 2009603, 3, 95
2019.65530915, 53.4967612656196, 121.064414544896, 326.109954833984, 2009603, 3, 95
2019.65530915, 53.4967295891279, 121.064409368465, 326.106872558594, 2009603, 3, 93
2019.65530915, 53.4966979062267, 121.064404186964, 326.103393554688, 2009603, 3, 93
2019.65530915, 53.4966725615294, 121.064400040008, 326.121978759766, 2009603, 3, 93
2019.65530915, 53.4966472189882, 121.064395891544, 326.119232177734, 2009603, 3, 93
2019.65530915, 53.4966218758454, 121.064391741292, 326.131103515625, 2009603, 3, 93
2019.65530915, 53.4965965339236, 121.064387589645, 326.14599609375, 2009603, 3, 93
2019.65530915, 53.4965711908968, 121.064383435623, 326.139526367188, 2009603, 3, 93
2019.65530915, 53.4965458498048, 121.064379280567, 326.119537353516, 2009603, 3, 93
2019.65530915, 53.4965205130988, 121.064375124904, 326.128143310547, 2009603, 3, 93
2019.65530915, 53.4964951688104, 121.064370964929, 326.121643066406, 2009603, 3, 93
2019.65530915, 53.4964698260716, 121.064366803671, 326.089416503906, 2009603, 3, 93
2019.65530915, 53.4964444845117, 121.064362640823, 326.121490478516, 2009603, 3, 93
2019.65530915, 53.4964191418936, 121.06435847566, 326.121520996094, 2009603, 3, 93
2019.65530915, 53.4964001293406, 121.064355349043, 326.105743408203, 2009603, 3, 93
2019.65530915, 53.4963747835798, 121.064351180005, 326.093780517578, 2009603, 3, 93
2019.65530915, 53.4963494379243, 121.064347009313, 326.119995117188, 2009603, 3, 93
2019.65530915, 53.4963240925294, 121.064342837137, 326.130981445312, 2009603, 3, 93
2019.65530915, 53.4963050780876, 121.064339705085, 326.150451660156, 2009603, 3, 93
2019.65530915, 53.496286065384, 121.064336572639, 326.159545898438, 2009603, 3, 93
2019.65530915, 53.4962670492601, 121.064333438299, 326.144378662109, 2009603, 3, 93
2019.65530915, 53.4962480336246, 121.064330303099, 326.150787353516, 2009603, 3, 89
2019.65530915, 53.4962226836982, 121.06432612261, 326.149963378906, 2009603, 3, 89
2019.65530915, 53.4961973260242, 121.064321938507, 326.154968261719, 2009603, 3, 89
2019.65530915, 53.4961783025317, 121.064318797781, 326.15087890625, 2009603, 3, 89
2019.65530915, 53.4961529452607, 121.064314611242, 326.171234130859, 2009603, 3, 89
2019.65530915, 53.4961275782436, 121.064310420283, 326.134735107422, 2009603, 3, 89
2019.65530915, 53.4961085512674, 121.064307275582, 326.138214111328, 2009603, 3, 89
2019.65530915, 53.4960895039664, 121.064304122996, 325.272033691406, 2009603, 3, 89
2019.65530915, 53.4960705003181, 121.064300985034, 326.177429199219, 2009603, 3, 89
2019.65530915, 53.4960578106888, 121.064298885676, 326.17626953125, 2009603, 3, 89
2019.65530915, 53.4960387832722, 121.064295738379, 326.197937011719, 2009603, 3, 89
2019.65530915, 53.4960260926372, 121.064293637835, 326.197540283203, 2009603, 3, 89
2019.65530915, 53.4960070385834, 121.064290480096, 325.317779541016, 2009603, 3, 89
2019.65530926, 53.2879948536302, 121.030219493064, 318.378967285156, 2009603, 3, 70
2019.65530926, 53.2879759929563, 121.030216280162, 318.382720947266, 2009603, 3, 70
2019.65530926, 53.287957139439, 121.030213069926, 318.391174316406, 2009603, 3, 70
2019.65530926, 53.2879445426591, 121.030210920698, 317.494781494141, 2009603, 3, 70
2019.65530926, 53.2879257089918, 121.030207718883, 318.371490478516, 2009603, 3, 70
2019.65530926, 53.2879005669792, 121.030203440747, 318.332824707031, 2009603, 3, 70
2019.65530926, 53.287869149454, 121.030198099, 318.343994140625, 2009603, 3, 70
2019.65530926, 53.2878440071939, 121.030193825505, 318.315002441406, 2009603, 3, 70
2019.65530926, 53.2878125893807, 121.030188490678, 318.322326660156, 2009603, 3, 70
2019.65530926, 53.2877811684858, 121.030183159603, 318.305969238281, 2009603, 3, 70
2019.65530926, 53.2877497437642, 121.030177832418, 318.363830566406, 2009603, 3, 94
2019.65530926, 53.2877183149012, 121.030172509369, 318.328918457031, 2009603, 3, 94
2019.65530926, 53.2876868876573, 121.030167193805, 318.311676025391, 2009603, 3, 94
2019.65530926, 53.2876617407732, 121.030162944544, 318.317230224609, 2009603, 3, 94
2019.65530926, 53.2876428734554, 121.030159758376, 318.312225341797, 2009603, 3, 94
2019.65530926, 53.2876114339267, 121.030154456287, 318.321746826172, 2009603, 3, 94
2019.65530926, 53.2875862689837, 121.030150215891, 318.333923339844, 2009603, 3, 94
2019.65530926, 53.2875548081899, 121.030144921757, 318.32275390625, 2009603, 3, 94
2019.65530926, 53.287510760334, 121.030137524027, 318.378082275391, 2009603, 3, 94
2019.65530926, 53.2874729730356, 121.030131187619, 318.371856689453, 2009603, 3, 95
2019.65530926, 53.2873847588558, 121.03011644601, 318.391906738281, 2009603, 3, 95
2019.65530926, 53.2872459045281, 121.030093380658, 318.405487060547, 2009603, 3, 94
2019.65530926, 53.2871383863585, 121.030075644115, 318.379577636719, 2009603, 3, 94
2019.65530926, 53.2869924210351, 121.030051811163, 318.378356933594, 2009603, 3, 95
2019.65530926, 53.2868584174754, 121.030030249745, 318.359252929688, 2009603, 3, 95
2019.65530926, 53.2867625503253, 121.030014901859, 318.380889892578, 2009603, 3, 95
2019.65530926, 53.2866793811104, 121.030001629529, 318.404083251953, 2009603, 3, 94
2019.65530926, 53.2865961499163, 121.029988379404, 318.405517578125, 2009603, 3, 94
2019.65530926, 53.2864872388358, 121.029971078797, 318.402587890625, 2009603, 3, 94
2019.65530926, 53.286384687769, 121.029954812909, 318.397064208984, 2009603, 3, 94
2019.65530926, 53.2863269930621, 121.029945667686, 318.398132324219, 2009603, 3, 94
2019.65530926, 53.2862308271054, 121.029930423999, 318.393920898438, 2009603, 3, 94
2019.65530926, 53.2861410997495, 121.029916196712, 318.3896484375, 2009603, 3, 94
2019.65530926, 53.2860706180497, 121.02990501155, 318.408752441406, 2009603, 3, 94
2019.65530926, 53.2860065703611, 121.029894837522, 318.381286621094, 2009603, 3, 94
2019.6553099, 51.9964401128735, 120.823248807542, 440.816802978516, 2009603, 3, 67
2019.6553099, 51.9964081778327, 120.823243640377, 440.738525390625, 2009603, 3, 67
2019.6553099, 51.9963826231301, 120.823239505427, 440.736755371094, 2009603, 3, 67
2019.6553099, 51.9963506902443, 120.823234341263, 440.750823974609, 2009603, 3, 67
2019.6553099, 51.9963059997824, 120.823227120112, 440.786071777344, 2009603, 3, 67
2019.6553099, 51.9962294002849, 120.823214757508, 440.796966552734, 2009603, 3, 88
2019.6553099, 51.996165588833, 120.823204478648, 440.799102783203, 2009603, 3, 88
2019.6553099, 51.9961017937545, 120.823194223373, 440.778350830078, 2009603, 3, 88
2019.6553099, 51.9959615463316, 120.823171774677, 440.787841796875, 2009603, 3, 83
2019.6553099, 51.9957513662453, 120.823138422996, 440.824615478516, 2009603, 3, 83
2019.6553099, 51.9892431360702, 120.822119792206, 441.968994140625, 2009603, 3, 65
2019.6553099, 51.9892045684139, 120.822113678403, 441.936218261719, 2009603, 3, 65
2019.6553099, 51.9891660174042, 120.82210756544, 441.973175048828, 2009603, 3, 65
2019.6553099, 51.98911442145, 120.822099422291, 441.989990234375, 2009603, 3, 65
2019.6553099, 51.989063297362, 120.822091287834, 441.984527587891, 2009603, 3, 65
2019.6553099, 51.9890058323361, 120.822082143722, 441.984252929688, 2009603, 3, 65
2019.6553099, 51.9889484171113, 120.822073007167, 441.991333007812, 2009603, 3, 92
2019.6553099, 51.9888846911312, 120.822062868527, 442.000793457031, 2009603, 3, 92
2019.6553099, 51.9888337434322, 120.822054762959, 441.96484375, 2009603, 3, 92
2019.6553099, 51.9887828478524, 120.822046669973, 441.993347167969, 2009603, 3, 92
2019.6553099, 51.9887319824037, 120.822038583365, 442.014434814453, 2009603, 3, 94
2019.6553099, 51.9886811493927, 120.822030504979, 442.021209716797, 2009603, 3, 94
2019.6553099, 51.98863669353, 120.822023442143, 442.024261474609, 2009603, 3, 94
2019.6553099, 51.9885922603566, 120.822016386348, 442.007843017578, 2009603, 3, 94
2019.6553099, 51.9885478573827, 120.82200934037, 442.003601074219, 2009603, 3, 94
2019.6553099, 51.9884971323154, 120.822001295326, 442.0419921875, 2009603, 3, 94
2019.6553099, 51.9884464206414, 120.821993255863, 442.054260253906, 2009603, 3, 94
2019.6553099, 51.9883957434893, 120.821985230436, 442.047058105469, 2009603, 3, 94
2019.6553099, 51.9883450744002, 120.821977210846, 442.076568603516, 2009603, 3, 94
2019.6553099, 51.9882880964348, 120.821968201757, 442.065826416016, 2009603, 3, 94
2019.6553099, 51.9882311289492, 120.821959201813, 442.084533691406, 2009603, 3, 93
2019.6553099, 51.9881615290894, 120.821948220911, 442.0908203125, 2009603, 3, 93
2019.6553099, 51.9880919421803, 120.821937256705, 442.099487304688, 2009603, 3, 93
2019.6553099, 51.9880223541701, 120.821926305799, 442.084228515625, 2009603, 3, 93
2019.6553099, 51.9879527771476, 120.821915373977, 442.092926025391, 2009603, 3, 93
2019.6553099, 51.9878769561446, 120.821903472291, 442.109313964844, 2009603, 3, 93
2019.6553099, 51.987794618022, 120.821890577363, 442.101440429688, 2009603, 3, 93
2019.6553099, 51.9877249386251, 120.821879682897, 442.111785888672, 2009603, 3, 84
2019.6553099, 51.9876679075726, 120.82187077558, 442.099151611328, 2009603, 3, 84
2019.6553099, 51.9876172159785, 120.821862868559, 442.100921630859, 2009603, 3, 84
2019.6553099, 51.9875855191245, 120.821857926042, 442.087188720703, 2009603, 3, 84
2019.6553099, 51.9875474865318, 120.821852001245, 442.098785400391, 2009603, 3, 84
2019.6553099, 51.9875221156076, 120.821848048963, 442.088531494141, 2009603, 3, 84
2019.65530991, 51.9704945433081, 120.819151556263, 444.173400878906, 2009603, 3, 90
2019.65530991, 51.9704625001808, 120.819146615074, 444.160186767578, 2009603, 3, 90
2019.65530991, 51.9704176397785, 120.819139691812, 444.24267578125, 2009603, 3, 90
2019.65530991, 51.9703535627625, 120.819129789771, 444.241394042969, 2009603, 3, 90
2019.65530991, 51.9702831114569, 120.819118885041, 444.219512939453, 2009603, 3, 90
2019.65530991, 51.9702127027588, 120.819107965498, 444.1982421875, 2009603, 3, 90
2019.65530991, 51.9701743018974, 120.819101997481, 444.153228759766, 2009603, 3, 90
2019.65530991, 51.9701423241572, 120.819097024102, 444.175231933594, 2009603, 3, 90
2019.65530991, 51.9701167379802, 120.819093038763, 444.171630859375, 2009603, 3, 90
2019.65530991, 51.970084768412, 120.819088054681, 444.232666015625, 2009603, 3, 90
2019.65530991, 51.9700463404998, 120.819082099418, 444.201843261719, 2009603, 3, 90
2019.65530991, 51.9700080556915, 120.819076089863, 444.223419189453, 2009603, 3, 90
2019.65530991, 51.9699697822817, 120.819070072791, 444.215362548828, 2009603, 3, 90
2019.65530991, 51.9699315226357, 120.819064048388, 444.184051513672, 2009603, 3, 90
2019.65530991, 51.9698996469773, 120.819059021327, 444.189361572266, 2009603, 3, 90
2019.65530991, 51.9698614202502, 120.819052985806, 444.164123535156, 2009603, 3, 90
2019.65530991, 51.9698295722002, 120.819047949496, 444.174346923828, 2009603, 3, 90
2019.65530991, 51.9697977365246, 120.819042908636, 444.211151123047, 2009603, 3, 90
2019.65530991, 51.9697595464348, 120.819036853352, 444.200622558594, 2009603, 3, 90
2019.65530991, 51.9697213693234, 120.819030790391, 444.176147460938, 2009603, 3, 87
2019.65530991, 51.9696895664626, 120.819025732925, 444.205169677734, 2009603, 3, 87
2019.65530991, 51.9696577703583, 120.819020669434, 444.185729980469, 2009603, 3, 87
2019.65530991, 51.9696196369436, 120.819014590102, 444.175109863281, 2009603, 3, 87
2019.65530991, 51.9695942152752, 120.81901053083, 444.152862548828, 2009603, 3, 87
2019.65530991, 51.9695624605018, 120.819005457619, 444.166473388672, 2009603, 3, 87
2019.65530991, 51.9695370522542, 120.819001392105, 444.152557373047, 2009603, 3, 87
2019.65530991, 51.9695053138182, 120.818996310637, 444.175201416016, 2009603, 3, 69
2019.65531127, 49.2389472160992, 120.40355753377, 633.411437988281, 2009588, 3, 87
2019.65531127, 49.2388774175392, 120.403547193577, 633.418090820312, 2009588, 3, 87
2019.65531127, 49.2388139713006, 120.403537778995, 633.422058105469, 2009588, 3, 87
2019.65531127, 49.2387441889367, 120.403527409842, 633.428955078125, 2009588, 3, 83
2019.65531127, 49.238649064477, 120.403513258048, 633.4052734375, 2009588, 3, 83
2019.65531128, 49.2385666181003, 120.403500978197, 633.414489746094, 2009588, 3, 83
2019.65530905, 53.73086738109, 121.101663227809, 400.292755126953, 2009603, 4, 82
2019.65530916, 53.4984082388016, 121.063419495625, 326.275299072266, 2009603, 4, 58
2019.65530916, 53.4983257766491, 121.063406300614, 326.260620117188, 2009603, 4, 58
2019.65530916, 53.4982619936877, 121.063395638432, 324.870697021484, 2009603, 4, 58
2019.65530916, 53.4982173025153, 121.063388150276, 324.856079101562, 2009603, 4, 91
2019.65530916, 53.4981214586975, 121.063372040153, 326.314666748047, 2009603, 4, 91
2019.65530916, 53.4980703363018, 121.063363411233, 326.289520263672, 2009603, 4, 91
2019.65530916, 53.4979872424649, 121.063349346144, 326.254730224609, 2009603, 4, 91
2019.65530916, 53.4978913376398, 121.063333067716, 326.228546142578, 2009603, 4, 91
2019.65530916, 53.4977826379163, 121.063314573962, 326.181030273438, 2009603, 4, 91
2019.65530916, 53.4976803371161, 121.063297151718, 326.223602294922, 2009603, 4, 93
2019.65530916, 53.4975780665465, 121.063279733256, 326.187438964844, 2009603, 4, 93
2019.65530916, 53.4974694566009, 121.063261255631, 326.161102294922, 2009603, 4, 93
2019.65530916, 53.4973545342316, 121.06324174743, 326.156555175781, 2009603, 4, 93
2019.65530916, 53.4972333355389, 121.063221245403, 326.171173095703, 2009603, 4, 94
2019.65530916, 53.497118630933, 121.063201926393, 326.159332275391, 2009603, 4, 94
2019.65530916, 53.4970103043151, 121.063183662624, 326.166564941406, 2009603, 4, 94
2019.65530916, 53.4968961311659, 121.063164919432, 326.150268554688, 2009603, 4, 95
2019.65530916, 53.4967503891535, 121.06314111268, 326.193328857422, 2009603, 4, 95
2019.65530916, 53.4966110909759, 121.063118451481, 326.152404785156, 2009603, 4, 95
2019.65530916, 53.496497171832, 121.063099960531, 326.156158447266, 2009603, 4, 93
2019.65530916, 53.4963832657202, 121.06308148898, 326.194671630859, 2009603, 4, 93
2019.65530916, 53.4962820073625, 121.063065066002, 326.070678710938, 2009603, 4, 93
2019.65530916, 53.4961807290403, 121.063048622714, 326.155090332031, 2009603, 4, 65
2019.65530916, 53.4960857426304, 121.063033176631, 326.133422851562, 2009603, 4, 65
2019.65530916, 53.4960033823024, 121.063019756151, 325.749481201172, 2009603, 4, 65
2019.65530927, 53.2879408641905, 121.028971839011, 318.374450683594, 2009603, 4, 92
2019.65530927, 53.2878143737741, 121.028951468588, 318.391510009766, 2009603, 4, 92
2019.65530927, 53.2875866288984, 121.028914831556, 318.414123535156, 2009603, 4, 96
2019.65530927, 53.2871874201594, 121.028850854687, 318.420623779297, 2009603, 4, 93
2019.65530927, 53.2866659955117, 121.028767772221, 318.413360595703, 2009603, 4, 95
2019.65530991, 51.9962170053135, 120.821979226089, 440.781982421875, 2009603, 4, 57
2019.65530991, 51.9883987767966, 120.820737742912, 442.092010498047, 2009603, 4, 76
2019.65530991, 51.9882525770531, 120.820713624456, 442.111602783203, 2009603, 4, 76
2019.65530991, 51.9881000496131, 120.820688477209, 442.1376953125, 2009603, 4, 93
2019.65530992, 51.9879157451106, 120.820658190764, 442.166931152344, 2009603, 4, 93
2019.65530992, 51.987731411523, 120.820628090235, 442.178741455078, 2009603, 4, 94
2019.65530992, 51.9875661886955, 120.820601305328, 442.176940917969, 2009603, 4, 94
2019.65530992, 51.9874200662703, 120.820577799098, 442.229949951172, 2009603, 4, 92
2019.65530992, 51.9872866786633, 120.820556503835, 442.207336425781, 2009603, 4, 92
2019.65530992, 51.9871406233293, 120.82053336751, 442.234466552734, 2009603, 4, 92
2019.65530992, 51.9870136533163, 120.820513406459, 442.226470947266, 2009603, 4, 92
2019.65530992, 51.9868867043612, 120.820493585709, 442.258605957031, 2009603, 4, 93
2019.65530992, 51.9867534429677, 120.82047285968, 442.247467041016, 2009603, 4, 93
2019.65530992, 51.9866329225205, 120.820454420586, 442.265106201172, 2009603, 4, 79
2019.65530992, 51.9865251063793, 120.820437978893, 442.309722900391, 2009603, 4, 79
2019.65530992, 51.9709094482489, 120.81798914134, 444.211700439453, 2009603, 4, 79
2019.65530992, 51.9708268082172, 120.817976338912, 444.141632080078, 2009603, 4, 79
2019.65530992, 51.9706997108434, 120.81795659442, 444.154907226562, 2009603, 4, 91
2019.65530992, 51.9705091278894, 120.817926850874, 444.18408203125, 2009603, 4, 91
2019.65530992, 51.9703821076275, 120.817906924735, 444.155944824219, 2009603, 4, 91
2019.65530992, 51.9702677610101, 120.817888964487, 444.168701171875, 2009603, 4, 91
2019.65530992, 51.9701535557117, 120.817870815832, 444.157623291016, 2009603, 4, 89
2019.65530992, 51.9700393494429, 120.817852602051, 444.179870605469, 2009603, 4, 89
2019.65530992, 51.9699251308377, 120.817834330666, 444.182373046875, 2009603, 4, 89
2019.65530992, 51.9698045459352, 120.817814989296, 444.184356689453, 2009603, 4, 89
2019.65531129, 49.2387721215767, 120.402403100906, 633.380126953125, 2009588, 4, 83
2019.65531129, 49.2385332229935, 120.40236702801, 633.288208007812, 2009588, 4, 78
2019.65530894, 53.9192081279875, 121.084863956288, 473.163208007812, 2009603, 5, 77
2019.65530894, 53.9190562109862, 121.084838367707, 473.122894287109, 2009603, 5, 77
2019.65530894, 53.918917241746, 121.084814873649, 472.992156982422, 2009603, 5, 77
2019.65530894, 53.9187784871241, 121.084791431258, 472.932159423828, 2009603, 5, 77
2019.65530894, 53.918734361026, 121.084783934129, 472.891693115234, 2009603, 5, 54
2019.65530904, 53.730725306071, 121.053896190445, 406.435882568359, 2009603, 5, 54
2019.65530904, 53.730693709725, 121.053890710081, 406.407501220703, 2009603, 5, 54
2019.65530904, 53.730662112022, 121.053885228503, 406.419525146484, 2009603, 5, 54
2019.65530904, 53.7306368313858, 121.053880835634, 406.434936523438, 2009603, 5, 54
2019.65530904, 53.7306115451733, 121.053876424388, 406.449249267578, 2009603, 5, 54
2019.65530904, 53.7305862612677, 121.053872029639, 406.452331542969, 2009603, 5, 54
2019.65530904, 53.7305546577359, 121.053866561287, 406.444549560547, 2009603, 5, 54
2019.65530904, 53.7305293673029, 121.053862155685, 406.457275390625, 2009603, 5, 54
2019.65530904, 53.7305040817243, 121.053857779642, 406.463684082031, 2009603, 5, 54
2019.65530904, 53.7304787921276, 121.053853405993, 406.470184326172, 2009603, 5, 76
2019.65530904, 53.7304534966219, 121.053849020521, 406.482421875, 2009603, 5, 76
2019.65530904, 53.7304282002842, 121.053844642424, 406.462097167969, 2009603, 5, 76
2019.65530904, 53.7304029023299, 121.053840276129, 406.476776123047, 2009603, 5, 76
2019.65530904, 53.7303776014948, 121.05383591078, 406.480499267578, 2009603, 5, 76
2019.65530904, 53.7303522967932, 121.053831550001, 406.497222900391, 2009603, 5, 76
2019.65530904, 53.7303269862216, 121.053827172977, 406.495330810547, 2009603, 5, 76
2019.65530904, 53.7302953522039, 121.053821747388, 406.489959716797, 2009603, 5, 76
2019.65530904, 53.7302700386407, 121.053817406217, 406.475036621094, 2009603, 5, 76
2019.65530915, 53.4957256299848, 121.015464700622, 327.291229248047, 2009603, 5, 52
2019.65530915, 53.4956938927934, 121.015459624991, 327.292877197266, 2009603, 5, 52
2019.65530915, 53.4956685030972, 121.015455563318, 327.301605224609, 2009603, 5, 52
2019.65530915, 53.4956431065925, 121.015451467451, 327.286468505859, 2009603, 5, 52
2019.65530915, 53.495617718108, 121.015447403902, 327.302429199219, 2009603, 5, 52
2019.65530915, 53.4955859843841, 121.015442347875, 327.302673339844, 2009603, 5, 52
2019.65530915, 53.4955605920971, 121.015438283454, 327.302978515625, 2009603, 5, 52
2019.65530915, 53.4955351971098, 121.015434205146, 327.271697998047, 2009603, 5, 52
2019.65530915, 53.4955098062158, 121.015430153469, 327.292205810547, 2009603, 5, 52
2019.65530915, 53.4954844136991, 121.01542609462, 327.280487060547, 2009603, 5, 93
2019.65530915, 53.4954590206785, 121.01542203828, 327.289398193359, 2009603, 5, 93
2019.65530915, 53.4954272810381, 121.015416988202, 327.279144287109, 2009603, 5, 93
2019.65530915, 53.4954018876836, 121.015412934108, 327.273864746094, 2009603, 5, 93
2019.65530915, 53.4953764894671, 121.015408873394, 327.288269042969, 2009603, 5, 93
2019.65530915, 53.4953447451102, 121.015403824811, 327.283111572266, 2009603, 5, 93
2019.65530915, 53.4953193462804, 121.015399776512, 327.253692626953, 2009603, 5, 93
2019.65530915, 53.4952939405912, 121.015395707384, 327.276336669922, 2009603, 5, 93
2019.65530915, 53.4952621939659, 121.015390677907, 327.286499023438, 2009603, 5, 93
2019.65530915, 53.4952367847647, 121.015386611836, 327.296142578125, 2009603, 5, 94
2019.65530915, 53.4952050303133, 121.015381571323, 327.298156738281, 2009603, 5, 94
2019.65530915, 53.4951796205213, 121.015377511563, 327.292236328125, 2009603, 5, 94
2019.65530915, 53.4951478606577, 121.015372473877, 327.290496826172, 2009603, 5, 94
2019.65530915, 53.4951224481344, 121.015368435803, 327.296234130859, 2009603, 5, 94
2019.65530915, 53.4950970294948, 121.015364376782, 327.285308837891, 2009603, 5, 94
2019.65530915, 53.4950652609521, 121.015359344252, 327.293304443359, 2009603, 5, 94
2019.65530915, 53.4950398354382, 121.015355276664, 327.293273925781, 2009603, 5, 94
2019.65530915, 53.495008061057, 121.015350251958, 327.299987792969, 2009603, 5, 94
2019.65530915, 53.4949826307178, 121.015346185982, 327.295166015625, 2009603, 5, 93
2019.65530915, 53.4949508505321, 121.0153411557, 327.310211181641, 2009603, 5, 93
2019.65530915, 53.494925415463, 121.015337097365, 327.309997558594, 2009603, 5, 93
2019.65530915, 53.4948999795034, 121.015333045798, 327.317932128906, 2009603, 5, 93
2019.65530915, 53.4948681847212, 121.015328002976, 327.310852050781, 2009603, 5, 93
2019.65530915, 53.4948427398893, 121.015323937345, 327.304718017578, 2009603, 5, 93
2019.65530915, 53.4948109385383, 121.015318899076, 327.298156738281, 2009603, 5, 93
2019.65530915, 53.4947856133303, 121.015314750598, 327.30224609375, 2009603, 5, 93
2019.65530915, 53.4947601198143, 121.015310710489, 327.290466308594, 2009603, 5, 93
2019.65530915, 53.4947282586509, 121.015305701144, 327.285339355469, 2009603, 5, 94
2019.65530915, 53.4947027633663, 121.015301682735, 327.336029052734, 2009603, 5, 94
2019.65530915, 53.4946772595679, 121.015297628961, 327.319183349609, 2009603, 5, 94
2019.65530915, 53.4946453848498, 121.015292600768, 327.337677001953, 2009603, 5, 94
2019.65530915, 53.494613511954, 121.015287597179, 327.326843261719, 2009603, 5, 94
2019.65530915, 53.494581628679, 121.01528255079, 327.333068847656, 2009603, 5, 94
2019.65530915, 53.4945561158892, 121.01527848708, 327.31298828125, 2009603, 5, 94
2019.65530915, 53.4945242354862, 121.015273457853, 327.316070556641, 2009603, 5, 94
2019.65530915, 53.494498723499, 121.015269411713, 327.327575683594, 2009603, 5, 94
2019.65530915, 53.4944732051574, 121.015265328566, 327.326385498047, 2009603, 5, 94
2019.65530915, 53.4944413189596, 121.015260292714, 327.325073242188, 2009603, 5, 94
2019.65530915, 53.4944094263381, 121.015255224722, 327.313293457031, 2009603, 5, 94
2019.65530915, 53.4943839058043, 121.01525113173, 327.317291259766, 2009603, 5, 94
2019.65530915, 53.494352014601, 121.015246068134, 327.315124511719, 2009603, 5, 94
2019.65530915, 53.4943201189308, 121.015240972707, 327.330413818359, 2009603, 5, 94
2019.65530915, 53.4942945998912, 121.01523686719, 327.322387695312, 2009603, 5, 94
2019.65530915, 53.4942627036675, 121.015231758017, 327.305023193359, 2009603, 5, 94
2019.65530915, 53.4942308129019, 121.015226665717, 327.309661865234, 2009603, 5, 91
2019.65530915, 53.4942052922649, 121.01522254364, 327.313232421875, 2009603, 5, 91
2019.65530915, 53.4941734028681, 121.015217435564, 327.29833984375, 2009603, 5, 91
2019.65530915, 53.4941478841377, 121.015213300381, 327.325805664062, 2009603, 5, 91
2019.65530915, 53.4941159951473, 121.015208165285, 327.322143554688, 2009603, 5, 91
2019.65530915, 53.4940841084419, 121.015203014226, 327.31591796875, 2009603, 5, 91
2019.65530915, 53.49405859484, 121.015198865349, 327.302215576172, 2009603, 5, 91
2019.65530915, 53.494033086128, 121.015194726921, 327.32177734375, 2009603, 5, 91
2019.65530915, 53.494001204808, 121.015189558869, 327.313446044922, 2009603, 5, 91
2019.65530915, 53.4939756967429, 121.01518539488, 327.338043212891, 2009603, 5, 91
2019.65530915, 53.4939438201362, 121.015180210128, 327.319427490234, 2009603, 5, 91
2019.65530915, 53.4939183188641, 121.015176040799, 327.315551757812, 2009603, 5, 91
2019.65530915, 53.4938928152463, 121.015171840239, 327.316680908203, 2009603, 5, 91
2019.65530915, 53.4938609510332, 121.015166637914, 327.307250976562, 2009603, 5, 91
2019.65530915, 53.4938290852303, 121.015161409215, 327.320556640625, 2009603, 5, 91
2019.65530915, 53.4938035924359, 121.015157200333, 327.304138183594, 2009603, 5, 91
2019.65530915, 53.4937781025602, 121.015152991937, 327.343017578125, 2009603, 5, 91
2019.65530915, 53.4937462498814, 121.015147746614, 327.316253662109, 2009603, 5, 87
2019.65530915, 53.4937207638558, 121.015143509079, 327.323486328125, 2009603, 5, 87
2019.65530915, 53.4936952857776, 121.015139292825, 327.345092773438, 2009603, 5, 87
2019.65530915, 53.4936634474221, 121.015134029092, 327.328186035156, 2009603, 5, 87
2019.65530915, 53.4936379708166, 121.015129770034, 327.329711914062, 2009603, 5, 87
2019.65530915, 53.4936061397698, 121.015124492031, 327.334594726562, 2009603, 5, 87
2019.65530915, 53.493580670475, 121.015120218342, 327.31396484375, 2009603, 5, 87
2019.65530915, 53.4935488486451, 121.015114927866, 327.314910888672, 2009603, 5, 87
2019.65530915, 53.4935232539376, 121.015110901277, 327.302551269531, 2009603, 5, 87
2019.65530925, 53.2919129884202, 120.982318361888, 319.871154785156, 2009603, 5, 93
2019.65530925, 53.2916331447698, 120.982271541491, 319.850128173828, 2009603, 5, 93
2019.65530925, 53.2915758862606, 120.982262112805, 319.846069335938, 2009603, 5, 93
2019.65530925, 53.2915377027157, 120.982255806443, 319.828216552734, 2009603, 5, 93
2019.65530925, 53.291499522207, 120.98224955647, 319.839294433594, 2009603, 5, 91
2019.65530925, 53.2914549804572, 120.982242306024, 319.848663330078, 2009603, 5, 91
2019.65530925, 53.2913977516202, 120.982232753436, 319.864593505859, 2009603, 5, 91
2019.65530925, 53.2913658935451, 120.982227720148, 319.843963623047, 2009603, 5, 91
2019.65530925, 53.2913276679432, 120.982221729074, 319.852966308594, 2009603, 5, 91
2019.65530925, 53.2912830718699, 120.9822147683, 319.867919921875, 2009603, 5, 91
2019.65530925, 53.2912193681883, 120.982204871208, 319.890747070312, 2009603, 5, 86
2019.65530925, 53.291085581539, 120.982184133607, 319.908477783203, 2009603, 5, 86
2019.65530926, 53.2907926384383, 120.982138870516, 319.855712890625, 2009603, 5, 84
2019.65530926, 53.2906144563825, 120.982111220411, 319.825439453125, 2009603, 5, 86
2019.65530926, 53.2894088374238, 120.981910804667, 319.748626708984, 2009603, 5, 79
2019.65530926, 53.2887150849095, 120.981792908632, 319.679290771484, 2009603, 5, 84
2019.65530926, 53.2886639119655, 120.981784542695, 319.672119140625, 2009603, 5, 84
2019.65530926, 53.2886255169762, 120.981778239972, 319.663818359375, 2009603, 5, 84
2019.65530926, 53.2885807316196, 120.981771012089, 319.683990478516, 2009603, 5, 84
2019.65530926, 53.2885295309367, 120.981762725215, 319.712921142578, 2009603, 5, 84
2019.65530926, 53.2884335165064, 120.981747272793, 319.717315673828, 2009603, 5, 51
2019.65530987, 52.0494865837328, 120.784479935698, 425.666900634766, 2009603, 5, 80
2019.65530987, 52.0494547326544, 120.784474953495, 425.655670166016, 2009603, 5, 80
2019.65530987, 52.049429239567, 120.784470920475, 425.660095214844, 2009603, 5, 80
2019.65530987, 52.0493975101433, 120.784465954899, 425.663269042969, 2009603, 5, 80
2019.65530987, 52.0493719842135, 120.784461948344, 425.675323486328, 2009603, 5, 80
2019.65530987, 52.0493400798739, 120.784456967026, 425.66943359375, 2009603, 5, 80
2019.65530987, 52.0493017978245, 120.784451038219, 425.668426513672, 2009603, 5, 80
2019.65530987, 52.0492698806865, 120.784446034471, 425.707000732422, 2009603, 5, 80
2019.65530987, 52.0492315851669, 120.784440082256, 425.676971435547, 2009603, 5, 80
2019.65530987, 52.0491932933988, 120.784434170488, 425.671966552734, 2009603, 5, 80
2019.65530987, 52.0491613739893, 120.78442919889, 425.685119628906, 2009603, 5, 80
2019.65530987, 52.0491166924088, 120.784422306499, 425.704010009766, 2009603, 5, 80
2019.65530987, 52.0490720042009, 120.78441539839, 425.698852539062, 2009603, 5, 80
2019.65530987, 52.0490336977177, 120.784409479271, 425.696075439453, 2009603, 5, 80
2019.65530987, 52.0489953944806, 120.784403589959, 425.707855224609, 2009603, 5, 89
2019.65530987, 52.0489570831621, 120.784397651705, 425.7177734375, 2009603, 5, 89
2019.65530987, 52.0489187749876, 120.784391750258, 425.703582763672, 2009603, 5, 89
2019.65530987, 52.048874085361, 120.784384883771, 425.714111328125, 2009603, 5, 89
2019.65530987, 52.0488357824001, 120.78437901394, 425.701049804688, 2009603, 5, 89
2019.65530987, 52.0487911001773, 120.78437218666, 425.691467285156, 2009603, 5, 89
2019.65530987, 52.0487528036535, 120.784366328261, 425.705780029297, 2009603, 5, 89
2019.6553099, 52.0067378869733, 120.777775309778, 431.645538330078, 2009603, 5, 51
2019.6553099, 52.0067124216965, 120.777771104193, 431.644378662109, 2009603, 5, 51
2019.6553099, 52.0066806060489, 120.777765881456, 431.621246337891, 2009603, 5, 51
2019.6553099, 52.006655150109, 120.777761662927, 431.634765625, 2009603, 5, 51
2019.6553099, 52.0066297034948, 120.777757462968, 431.635192871094, 2009603, 5, 51
2019.6553099, 52.0065979058761, 120.777752230831, 431.635955810547, 2009603, 5, 51
2019.6553099, 52.006235907282, 120.777692493251, 431.646728515625, 2009603, 5, 64
2019.6553099, 52.0062168752269, 120.777689347006, 431.665130615234, 2009603, 5, 64
2019.6553099, 52.0061851694673, 120.777684150719, 431.676025390625, 2009603, 5, 64
2019.6553099, 52.0061595878154, 120.777679835521, 431.665496826172, 2009603, 5, 64
2019.6553099, 52.0061342822166, 120.777675692043, 431.663909912109, 2009603, 5, 64
2019.6553099, 52.0061026656532, 120.777670574611, 431.663665771484, 2009603, 5, 64
2019.6553099, 52.0060773727332, 120.777666473259, 431.6630859375, 2009603, 5, 64
2019.6553099, 52.0060520784076, 120.777662354414, 431.667144775391, 2009603, 5, 64
2019.6553099, 52.0060204717095, 120.777657248318, 431.667510986328, 2009603, 5, 64
2019.6553099, 52.0059951829425, 120.777653153373, 431.666595458984, 2009603, 5, 91
2019.6553099, 52.0059698992928, 120.777649079226, 431.678497314453, 2009603, 5, 91
2019.6553099, 52.0059446102397, 120.777644979715, 431.6787109375, 2009603, 5, 91
2019.6553099, 52.0059130094282, 120.777639912019, 431.690399169922, 2009603, 5, 91
2019.6553099, 52.0058877235218, 120.777635835173, 431.657989501953, 2009603, 5, 91
2019.6553099, 52.0058624404219, 120.777631784771, 431.690155029297, 2009603, 5, 91
2019.6553099, 52.0058371502571, 120.777627701554, 431.689178466797, 2009603, 5, 91
2019.6553099, 52.0058118664212, 120.777623652255, 431.683776855469, 2009603, 5, 91
2019.6553099, 52.0057865778397, 120.777619602446, 431.693023681641, 2009603, 5, 91
2019.6553099, 52.0057612899526, 120.777615568116, 431.694458007812, 2009603, 5, 91
2019.6553099, 52.0057296779434, 120.777610537179, 431.694732666016, 2009603, 5, 94
2019.6553099, 52.0057043784067, 120.777606484777, 431.702331542969, 2009603, 5, 94
2019.6553099, 52.0056727609507, 120.777601476479, 431.693908691406, 2009603, 5, 94
2019.6553099, 52.0056474589209, 120.7775974578, 431.701934814453, 2009603, 5, 94
2019.6553099, 52.0056221520164, 120.777593432076, 431.694274902344, 2009603, 5, 94
2019.6553099, 52.0055968442891, 120.777589417326, 431.699249267578, 2009603, 5, 94
2019.6553099, 52.0055715306992, 120.777585410155, 431.709655761719, 2009603, 5, 94
2019.6553099, 52.0055398871311, 120.777580429742, 431.700134277344, 2009603, 5, 94
2019.6553099, 52.0055145602225, 120.777576419416, 431.706115722656, 2009603, 5, 94
2019.6553099, 52.0054892313723, 120.777572425212, 431.719360351562, 2009603, 5, 93
2019.6553099, 52.0054575665929, 120.777567458257, 431.703247070312, 2009603, 5, 93
2019.6553099, 52.0054322270599, 120.777563483635, 431.710876464844, 2009603, 5, 93
2019.6553099, 52.005406880879, 120.777559506218, 431.719482421875, 2009603, 5, 93
2019.6553099, 52.0053815274846, 120.777555516827, 431.702270507812, 2009603, 5, 93
2019.6553099, 52.0053561695399, 120.777551554524, 431.735198974609, 2009603, 5, 93
2019.6553099, 52.0053244660107, 120.77754661692, 431.727416992188, 2009603, 5, 93
2019.6553099, 52.0052990929522, 120.777542656085, 431.723815917969, 2009603, 5, 93
2019.6553099, 52.0052737097321, 120.777538683072, 431.727691650391, 2009603, 5, 93
2019.6553099, 52.0052483229399, 120.77753472873, 431.722686767578, 2009603, 5, 94
2019.6553099, 52.0052165829383, 120.777529811529, 431.735595703125, 2009603, 5, 94
2019.6553099, 52.0051911799678, 120.777525863843, 431.745635986328, 2009603, 5, 94
2019.6553099, 52.0051657724247, 120.777521926367, 431.7216796875, 2009603, 5, 94
2019.6553099, 52.0051403534284, 120.777517980172, 431.749603271484, 2009603, 5, 94
2019.6553099, 52.0051149263733, 120.777514031627, 431.754547119141, 2009603, 5, 94
2019.6553099, 52.0050831379179, 120.777509133688, 431.766876220703, 2009603, 5, 94
2019.6553099, 52.005057695202, 120.777505197801, 431.771331787109, 2009603, 5, 94
2019.6553099, 52.0050322432963, 120.777501256039, 431.754943847656, 2009603, 5, 94
2019.6553099, 52.0050004232011, 120.777496366472, 431.763305664062, 2009603, 5, 95
2019.6553099, 52.0049749576167, 120.777492447957, 431.786804199219, 2009603, 5, 95
2019.6553099, 52.0049494823208, 120.777488510973, 431.769287109375, 2009603, 5, 95
2019.6553099, 52.0049176318963, 120.777483629852, 431.765838623047, 2009603, 5, 95
2019.6553099, 52.0048924940171, 120.777479693695, 431.774139404297, 2009603, 5, 95
2019.6553099, 52.0048605007608, 120.777474811507, 431.754943847656, 2009603, 5, 95
2019.6553099, 52.0048348936072, 120.777470885829, 431.764434814453, 2009603, 5, 95
2019.6553099, 52.0048092827681, 120.777466977433, 431.7666015625, 2009603, 5, 95
2019.6553099, 52.0047772634392, 120.777462107121, 431.775665283203, 2009603, 5, 95
2019.6553099, 52.004751635499, 120.777458182591, 431.777648925781, 2009603, 5, 95
2019.6553099, 52.0047260069286, 120.777454271084, 431.790374755859, 2009603, 5, 92
2019.6553099, 52.0046939676073, 120.777449411851, 431.787841796875, 2009603, 5, 92
2019.6553099, 52.0046683236346, 120.777445486976, 431.797210693359, 2009603, 5, 92
2019.6553099, 52.0046362707451, 120.777440617345, 431.791717529297, 2009603, 5, 92
2019.6553099, 52.0046106190589, 120.777436694106, 431.795684814453, 2009603, 5, 92
2019.6553099, 52.004584967568, 120.777432786527, 431.797180175781, 2009603, 5, 92
2019.6553099, 52.0045529048517, 120.777427924153, 431.80126953125, 2009603, 5, 92
2019.6553099, 52.0045272478801, 120.777424000917, 431.815155029297, 2009603, 5, 92
2019.6553099, 52.00450159211, 120.77742009957, 431.811981201172, 2009603, 5, 92
2019.6553099, 52.0044695231631, 120.777415226287, 431.808898925781, 2009603, 5, 92
2019.6553099, 52.0044438648408, 120.777411312979, 431.81494140625, 2009603, 5, 92
2019.6553099, 52.0044182043377, 120.777407393497, 431.835174560547, 2009603, 5, 92
2019.6553099, 52.0043861390616, 120.777402529474, 431.836517333984, 2009603, 5, 92
2019.6553099, 52.0043540701208, 120.777397638398, 431.821716308594, 2009603, 5, 92
2019.6553099, 52.0043284122091, 120.777393698679, 431.820983886719, 2009603, 5, 92
2019.6553099, 52.0042963588945, 120.777388839619, 431.813110351562, 2009603, 5, 92
2019.6553099, 52.0042707077368, 120.777384903409, 431.805816650391, 2009603, 5, 92
2019.6553099, 52.0042386595563, 120.777380030776, 431.815338134766, 2009603, 5, 92
2019.6553099, 52.0042130170632, 120.7773760911, 431.829498291016, 2009603, 5, 92
2019.6553099, 52.0041809799335, 120.777371213625, 431.802001953125, 2009603, 5, 92
2019.6553099, 52.0041489474111, 120.777366318073, 431.801025390625, 2009603, 5, 92
2019.6553099, 52.0041233207759, 120.777362369532, 431.812774658203, 2009603, 5, 92
2019.6553099, 52.0040913086821, 120.777357482713, 431.814361572266, 2009603, 5, 92
2019.6553099, 52.0040656978951, 120.777353543194, 431.843322753906, 2009603, 5, 92
2019.6553099, 52.0040400960399, 120.777349609904, 431.836090087891, 2009603, 5, 92
2019.6553099, 52.0040081081917, 120.777344715977, 431.840423583984, 2009603, 5, 92
2019.6553099, 52.0039825186566, 120.777340761682, 431.836639404297, 2009603, 5, 93
2019.6553099, 52.0039505519687, 120.777335863728, 431.840301513672, 2009603, 5, 93
2019.6553099, 52.0039249790714, 120.777331903034, 431.846313476562, 2009603, 5, 93
2019.6553099, 52.0038930361203, 120.777327002262, 431.834228515625, 2009603, 5, 93
2019.6553099, 52.0038611034358, 120.777322075117, 431.858947753906, 2009603, 5, 93
2019.6553099, 52.0038355599588, 120.777318104841, 431.861999511719, 2009603, 5, 93
2019.6553099, 52.0038036537077, 120.77731318788, 431.84326171875, 2009603, 5, 93
2019.6553099, 52.0037781347811, 120.777309230861, 431.865112304688, 2009603, 5, 93
2019.6553099, 52.0037462553464, 120.777304309971, 431.870361328125, 2009603, 5, 79
2019.6553099, 52.0037207562282, 120.777300336452, 431.860504150391, 2009603, 5, 79
2019.6553099, 52.0036889025361, 120.777295403343, 431.872894287109, 2009603, 5, 79
2019.6553099, 52.0036634249054, 120.777291420815, 431.858184814453, 2009603, 5, 79
2019.6553099, 52.0036316035414, 120.777286490959, 431.845489501953, 2009603, 5, 79
2019.6553099, 52.0036058285675, 120.777282590004, 431.846282958984, 2009603, 5, 79
2019.6553099, 52.0035741508964, 120.777277622737, 431.832397460938, 2009603, 5, 79
2019.6553099, 52.0035488124375, 120.777273612737, 431.873748779297, 2009603, 5, 79
2019.6553099, 52.0035108301371, 120.777267623962, 431.872985839844, 2009603, 5, 79
2019.65530991, 51.9791838924266, 120.773449425292, 437.643768310547, 2009603, 5, 78
2019.65530991, 51.9790696680105, 120.773431946367, 437.621459960938, 2009603, 5, 78
2019.65530991, 51.9789808307426, 120.773418378749, 437.623809814453, 2009603, 5, 91
2019.65530991, 51.9788920019063, 120.773404830321, 437.589813232422, 2009603, 5, 91
2019.65530991, 51.9788158704927, 120.773393255216, 437.596374511719, 2009603, 5, 91
2019.65530991, 51.9787524277053, 120.773383599797, 437.591827392578, 2009603, 5, 91
2019.65530991, 51.9786699681657, 120.773371105876, 437.607238769531, 2009603, 5, 90
2019.65530991, 51.9785748113398, 120.773356621725, 437.566772460938, 2009603, 5, 90
2019.65530991, 51.978428914316, 120.773334414667, 437.569488525391, 2009603, 5, 88
2019.65530991, 51.9782956949112, 120.773314056913, 437.549682617188, 2009603, 5, 88
2019.65530991, 51.9781941889327, 120.773298491527, 437.526184082031, 2009603, 5, 90
2019.65530991, 51.978067303755, 120.7732789456, 437.55322265625, 2009603, 5, 90
2019.65530991, 51.977934069084, 120.773258071535, 437.549285888672, 2009603, 5, 89
2019.65530991, 51.9778071589242, 120.773238172263, 437.52294921875, 2009603, 5, 89
2019.65530991, 51.977705590575, 120.77322216176, 437.519470214844, 2009603, 5, 91
2019.65530991, 51.9776294004323, 120.773210151326, 437.470031738281, 2009603, 5, 91
2019.65530991, 51.9775404961953, 120.77319616854, 437.5048828125, 2009603, 5, 91
2019.65530991, 51.9774452065639, 120.773181142523, 437.506378173828, 2009603, 5, 89
2019.65530991, 51.9773689534823, 120.77316911472, 437.496032714844, 2009603, 5, 89
2019.65530991, 51.9773117450289, 120.773160076292, 437.501434326172, 2009603, 5, 89
2019.65530991, 51.9772545291847, 120.773151059305, 437.515747070312, 2009603, 5, 89
2019.65530991, 51.9771973098975, 120.773142074572, 437.488677978516, 2009603, 5, 80
2019.65530991, 51.9771464321964, 120.773134074702, 437.470245361328, 2009603, 5, 80
2019.65530991, 51.9771019041329, 120.773127062702, 437.463775634766, 2009603, 5, 80
2019.65530991, 51.9770573714638, 120.773120067345, 437.451843261719, 2009603, 5, 80
2019.65530991, 51.9770191909633, 120.77311405529, 437.450286865234, 2009603, 5, 80
2019.65530991, 51.9769746459788, 120.773107059277, 437.42529296875, 2009603, 5, 67
2019.65530991, 51.9769300895957, 120.773100060592, 437.418579101562, 2009603, 5, 67
2019.65530991, 51.9768855565958, 120.773092940837, 437.4228515625, 2009603, 5, 67
2019.65530991, 51.9768282335908, 120.773084088017, 437.427917480469, 2009603, 5, 67
2019.65530991, 51.9767645292296, 120.773074247466, 437.459167480469, 2009603, 5, 67
2019.65530991, 51.9766880667657, 120.773062443616, 437.451812744141, 2009603, 5, 67
2019.65530991, 51.9766052182487, 120.773049672321, 437.420440673828, 2009603, 5, 67
2019.65530991, 51.9762673234992, 120.772997376544, 437.402069091797, 2009603, 5, 66
2019.65531072, 50.3602436716089, 120.525456216325, 596.34130859375, 2009588, 5, 55
2019.65531072, 50.3602051844072, 120.525450192636, 596.356323242188, 2009588, 5, 55
2019.65531072, 50.3601602868219, 120.525443161106, 596.362548828125, 2009588, 5, 55
2019.65531072, 50.360115393782, 120.525436124983, 596.353454589844, 2009588, 5, 55
2019.65531072, 50.3600641024673, 120.52542809333, 596.391174316406, 2009588, 5, 55
2019.65531072, 50.3600192288542, 120.525421052911, 596.311340332031, 2009588, 5, 55
2019.65530905, 53.7301937324881, 121.052473783492, 406.573577880859, 2009603, 6, 80
2019.65530905, 53.7300986896608, 121.052458407431, 406.529357910156, 2009603, 6, 80
2019.65530916, 53.4954431699099, 121.014116275094, 327.314605712891, 2009603, 6, 91
2019.65530916, 53.495335458496, 121.014098525944, 327.310882568359, 2009603, 6, 91
2019.65530916, 53.4952277439332, 121.014080749715, 327.301300048828, 2009603, 6, 92
2019.65530916, 53.4951263502843, 121.014064038376, 327.316741943359, 2009603, 6, 92
2019.65530916, 53.4950186340576, 121.014046305593, 327.322967529297, 2009603, 6, 92
2019.65530916, 53.4949044906149, 121.014027385777, 327.295989990234, 2009603, 6, 93
2019.65530916, 53.4947966568007, 121.014009510629, 327.316558837891, 2009603, 6, 93
2019.65530916, 53.4946887995967, 121.013991614577, 327.313171386719, 2009603, 6, 94
2019.65530916, 53.4945745614871, 121.01397265872, 327.309326171875, 2009603, 6, 94
2019.65530916, 53.4944602984018, 121.013953669898, 327.323394775391, 2009603, 6, 94
2019.65530916, 53.4943523402814, 121.013935768699, 327.326263427734, 2009603, 6, 94
2019.65530916, 53.4942380099634, 121.013916782581, 327.339630126953, 2009603, 6, 93
2019.65530916, 53.4941172891158, 121.013896751103, 327.326293945312, 2009603, 6, 93
2019.65530916, 53.4939965305142, 121.013876751643, 327.334167480469, 2009603, 6, 93
2019.65530916, 53.4938757469404, 121.013856738591, 327.343444824219, 2009603, 6, 93
2019.65530916, 53.493761293248, 121.013837809204, 327.328674316406, 2009603, 6, 93
2019.65530916, 53.4936468148451, 121.013818903489, 327.347137451172, 2009603, 6, 93
2019.65530916, 53.4935323214611, 121.013800018146, 327.346740722656, 2009603, 6, 93
2019.65530916, 53.4934241642468, 121.0137822421, 327.338195800781, 2009603, 6, 69
2019.65530916, 53.4933096439333, 121.013763423196, 327.373168945312, 2009603, 6, 69
2019.65530927, 53.2914971489235, 120.980979632601, 319.887481689453, 2009603, 6, 94
2019.65530927, 53.2909889675288, 120.980896158759, 319.864624023438, 2009603, 6, 94
2019.65530927, 53.2908746186033, 120.980877473842, 319.848510742188, 2009603, 6, 94
2019.65530927, 53.2907666205479, 120.980859886815, 319.844146728516, 2009603, 6, 94
2019.65530927, 53.2906522805589, 120.980841303416, 319.826324462891, 2009603, 6, 93
2019.65530927, 53.2905379442, 120.980822792179, 319.818572998047, 2009603, 6, 93
2019.65530927, 53.2904236202014, 120.980804326496, 319.805450439453, 2009603, 6, 93
2019.65530927, 53.290309310076, 120.98078590467, 319.794708251953, 2009603, 6, 93
2019.65530927, 53.2901759745426, 120.98076460743, 319.822570800781, 2009603, 6, 92
2019.65530927, 53.288900516042, 120.980561613616, 319.710754394531, 2009603, 6, 55
2019.65530927, 53.2887863315017, 120.9805432465, 319.732147216797, 2009603, 6, 55
2019.65530927, 53.288665760117, 120.980523886673, 319.715942382812, 2009603, 6, 89
2019.65530927, 53.2885133899138, 120.980499493489, 319.767791748047, 2009603, 6, 91
2019.65530989, 52.0494778822637, 120.783223069333, 425.669311523438, 2009603, 6, 91
2019.65530989, 52.0493633139309, 120.783204562983, 425.617370605469, 2009603, 6, 91
2019.65530989, 52.0492487497649, 120.783186009099, 425.597991943359, 2009603, 6, 91
2019.65530989, 52.0491278128389, 120.783166436629, 425.61083984375, 2009603, 6, 91
2019.65530989, 52.0490005258792, 120.783145818352, 425.602813720703, 2009603, 6, 91
2019.65530989, 52.0488796021582, 120.783126311691, 425.595947265625, 2009603, 6, 86
2019.65530989, 52.0487459744752, 120.783104772342, 425.611724853516, 2009603, 6, 69
2019.65530989, 52.0486250745288, 120.783085443933, 425.622100830078, 2009603, 6, 69
2019.65530989, 52.0485105526703, 120.783067231547, 425.606414794922, 2009603, 6, 69
2019.65530991, 52.0036435405961, 120.776031366433, 431.854034423828, 2009603, 6, 85
2019.65530991, 52.0035227100206, 120.776012920331, 431.880859375, 2009603, 6, 85
2019.65530991, 52.0034082622246, 120.775995412256, 431.88671875, 2009603, 6, 89
2019.65530991, 52.0033001957044, 120.775978841209, 431.882110595703, 2009603, 6, 89
2019.65530991, 52.0031921406986, 120.775962238949, 431.881713867188, 2009603, 6, 92
2019.65530991, 52.0030777607763, 120.775944560413, 431.897216796875, 2009603, 6, 92
2019.65530991, 52.0029506887968, 120.775924832845, 431.896057128906, 2009603, 6, 93
2019.65530991, 52.0028172886934, 120.775904001841, 431.956787109375, 2009603, 6, 93
2019.65530991, 52.0026902626479, 120.775884040131, 431.916748046875, 2009603, 6, 92
2019.65530991, 52.0025696025957, 120.775864957197, 431.915649414062, 2009603, 6, 92
2019.65530991, 52.0024553100151, 120.775846784857, 431.943206787109, 2009603, 6, 89
2019.65530991, 52.0023473483363, 120.775829333568, 431.934753417969, 2009603, 6, 89
2019.65530991, 52.0022393886108, 120.775811863036, 431.934600830078, 2009603, 6, 75
2019.65530991, 52.0021251010959, 120.7757932693, 431.933013916016, 2009603, 6, 75
2019.65530991, 52.0020108213846, 120.775774668318, 431.939361572266, 2009603, 6, 75
2019.65530992, 51.9780977347351, 120.77202043681, 437.480621337891, 2009603, 6, 53
2019.65530992, 51.977235943129, 120.771885861382, 437.449829101562, 2009603, 6, 53
2019.65530992, 51.9770202330075, 120.771852544189, 437.428924560547, 2009603, 6, 53
2019.65530992, 51.9767278262856, 120.77180769613, 437.408599853516, 2009603, 6, 73
2019.65530992, 51.9763970031119, 120.771756984249, 437.363433837891, 2009603, 6, 75
2019.65530992, 51.976046932563, 120.771703223984, 437.286315917969, 2009603, 6, 67
2019.65530992, 51.9758495968776, 120.771672682113, 437.265472412109, 2009603, 6, 73
2019.65530992, 51.975677868506, 120.771646102653, 437.211639404297, 2009603, 6, 80
2019.65530992, 51.9754489624383, 120.771610441497, 437.212463378906, 2009603, 6, 84
2019.65530992, 51.9749532235135, 120.771532301529, 437.198272705078, 2009603, 6, 86
2019.65530992, 51.9744258717795, 120.771448061189, 437.115203857422, 2009603, 6, 88
2019.65531073, 50.3602154437435, 120.524224784034, 596.311950683594, 2009588, 6, 55
2019.65531073, 50.3600758570562, 120.524204267275, 596.269714355469, 2009588, 6, 55
