2019.92045555, 50.5646306474591, 131.41938384205, 254.401443481445, 2009603, 1, 87
2019.92045555, 50.5642689425227, 131.419329421175, 254.439208984375, 2009603, 1, 90
2019.92045555, 50.5638435220065, 131.419264877898, 254.457092285156, 2009603, 1, 93
2019.92045555, 50.5634431908876, 131.419202894941, 254.415451049805, 2009603, 1, 95
2019.92045555, 50.563074429229, 131.41914566847, 254.435943603516, 2009603, 1, 95
2019.92045555, 50.5627118563458, 131.419089836096, 254.399978637695, 2009603, 1, 93
2019.92045555, 50.5623364782451, 131.419032897404, 254.428771972656, 2009603, 1, 81
2019.92045555, 50.561948274427, 131.418974828318, 254.427017211914, 2009603, 1, 66
2019.92045555, 50.5615407903374, 131.418913661111, 254.447387695312, 2009603, 1, 62
2019.92045555, 50.5611522249171, 131.418854795202, 254.380325317383, 2009603, 1, 60
2019.92045698, 47.7006243916715, 130.995772439995, 60.5406684875488, 2009603, 1, 75
2019.92045698, 47.6987249290513, 130.995499090621, 60.3736763000488, 2009603, 1, 96
2019.92045698, 47.698266103377, 130.995433196448, 60.3821754455566, 2009603, 1, 96
2019.92045698, 47.697819751462, 130.995369282897, 60.4270820617676, 2009603, 1, 96
2019.92045698, 47.6973363028492, 130.995300694391, 60.3422203063965, 2009603, 1, 97
2019.92045698, 47.696968974546, 130.995248509018, 60.3659553527832, 2009603, 1, 96
2019.92045698, 47.6965704370216, 130.995191787804, 60.4079246520996, 2009603, 1, 96
2019.92045698, 47.6961011122087, 130.995124511287, 60.4232597351074, 2009603, 1, 96
2019.92045698, 47.6956417904285, 130.995057683887, 60.3723564147949, 2009603, 1, 95
2019.92045698, 47.6952001331914, 130.994993353849, 60.3684463500977, 2009603, 1, 97
2019.92045698, 47.6947585617715, 130.994929116696, 60.3656158447266, 2009603, 1, 96
2019.92045698, 47.6938672603338, 130.994801483903, 60.3841857910156, 2009603, 1, 96
2019.92045698, 47.6934230337583, 130.994737566259, 60.3905067443848, 2009603, 1, 96
2019.92045698, 47.692985349566, 130.994673776729, 60.3421020507812, 2009603, 1, 95
2019.92045698, 47.6925788851035, 130.994614958763, 60.4154624938965, 2009603, 1, 94
2019.92045445, 52.7816800658764, 131.766830574535, 347.854217529297, 2009603, 2, 93
2019.92045446, 52.7814372983044, 131.766790937595, 347.804504394531, 2009603, 2, 94
2019.92045446, 52.7812328524372, 131.766757785213, 347.84228515625, 2009603, 2, 65
2019.92045446, 52.7810476268746, 131.766727629791, 347.852294921875, 2009603, 2, 67
2019.92045556, 50.5639514945857, 131.418117087476, 254.47590637207, 2009603, 2, 91
2019.92045556, 50.5638631373621, 131.418103816017, 254.43830871582, 2009603, 2, 91
2019.92045556, 50.5637621535907, 131.418088578058, 254.461715698242, 2009603, 2, 91
2019.92045556, 50.5636674566924, 131.41807419497, 254.459091186523, 2009603, 2, 90
2019.92045556, 50.5635727255049, 131.418059838945, 254.475921630859, 2009603, 2, 90
2019.92045556, 50.5634842632738, 131.418046253891, 254.458755493164, 2009603, 2, 92
2019.92045556, 50.5633957450256, 131.418032672856, 254.473175048828, 2009603, 2, 92
2019.92045556, 50.5632881764043, 131.418016159548, 254.462280273438, 2009603, 2, 92
2019.92045556, 50.5631868336607, 131.418000507763, 254.461868286133, 2009603, 2, 92
2019.92045556, 50.5630980705429, 131.417986643173, 254.479248046875, 2009603, 2, 92
2019.92045556, 50.5630028736254, 131.417971818444, 254.475448608398, 2009603, 2, 92
2019.92045556, 50.5628948678423, 131.417955114668, 254.448364257812, 2009603, 2, 94
2019.92045556, 50.5627932310157, 131.417939251827, 254.464202880859, 2009603, 2, 94
2019.92045556, 50.5626974595571, 131.417924231205, 254.459609985352, 2009603, 2, 94
2019.92045556, 50.5626016099564, 131.417909301363, 254.455963134766, 2009603, 2, 94
2019.92045556, 50.5624928991864, 131.417892428787, 254.454162597656, 2009603, 2, 94
2019.92045556, 50.562403325613, 131.41787841741, 254.483978271484, 2009603, 2, 94
2019.92045556, 50.56231372224, 131.417864405746, 254.485565185547, 2009603, 2, 94
2019.92045556, 50.5622113129562, 131.417848687515, 254.48779296875, 2009603, 2, 92
2019.92045556, 50.56210889899, 131.417832753771, 254.457153320312, 2009603, 2, 92
2019.92045556, 50.5620193061835, 131.417818830625, 254.446563720703, 2009603, 2, 92
2019.92045556, 50.5619105582276, 131.417802134373, 254.462966918945, 2009603, 2, 88
2019.92045556, 50.561821047488, 131.417788344866, 254.445327758789, 2009603, 2, 88
2019.92045556, 50.5617379727024, 131.417775494489, 254.480773925781, 2009603, 2, 73
2019.92045556, 50.5616421822823, 131.417760775808, 254.470932006836, 2009603, 2, 73
2019.92045556, 50.5615526226462, 131.417746920117, 254.457427978516, 2009603, 2, 86
2019.92045556, 50.5614572208102, 131.41773247071, 254.451232910156, 2009603, 2, 70
2019.92045556, 50.5613428395262, 131.41771516953, 254.482116699219, 2009603, 2, 70
2019.92045556, 50.5612412401506, 131.417699679546, 254.464004516602, 2009603, 2, 63
2019.92045556, 50.5611397085871, 131.417684355213, 254.467407226562, 2009603, 2, 63
2019.92045556, 50.5610382220543, 131.41766903022, 254.483917236328, 2009603, 2, 63
2019.92045556, 50.5609431040771, 131.417654434841, 254.473739624023, 2009603, 2, 61
2019.92045556, 50.5608480084511, 131.417640059046, 254.466049194336, 2009603, 2, 61
2019.92045556, 50.5607529179011, 131.417625637298, 254.44514465332, 2009603, 2, 61
2019.92045556, 50.5606451451112, 131.417609317574, 254.446807861328, 2009603, 2, 62
2019.92045556, 50.5605563670939, 131.417595699886, 254.456817626953, 2009603, 2, 62
2019.92045556, 50.5604548829735, 131.417580162935, 254.452224731445, 2009603, 2, 61
2019.92045556, 50.5603597067456, 131.417565685311, 254.440521240234, 2009603, 2, 61
2019.92045556, 50.5602582229456, 131.417550087579, 254.458755493164, 2009603, 2, 61
2019.92045556, 50.5601564634899, 131.417534441409, 254.473770141602, 2009603, 2, 59
2019.92045556, 50.560061014313, 131.417519605679, 254.462631225586, 2009603, 2, 59
2019.92045556, 50.5599527830334, 131.417502714574, 254.463394165039, 2009603, 2, 58
2019.92045556, 50.5598508827241, 131.417486994394, 254.481643676758, 2009603, 2, 58
2019.92045556, 50.5597553084069, 131.417472008209, 254.464492797852, 2009603, 2, 58
2019.92045556, 50.5596660876414, 131.417458171812, 254.463317871094, 2009603, 2, 58
2019.92045556, 50.5595641026523, 131.417442371322, 254.482437133789, 2009603, 2, 58
2019.92045556, 50.5594684771121, 131.417427572303, 254.46858215332, 2009603, 2, 59
2019.92045556, 50.5593792197176, 131.417413611886, 254.449905395508, 2009603, 2, 59
2019.92045556, 50.5592835885196, 131.417398712863, 254.477188110352, 2009603, 2, 59
2019.92045556, 50.5592032743023, 131.417386432234, 254.39909362793, 2009603, 2, 59
2019.92045699, 47.700948617519, 130.994714373603, 60.3940963745117, 2009603, 2, 94
2019.92045699, 47.7008160830467, 130.994695153371, 60.5722541809082, 2009603, 2, 94
2019.92045699, 47.7005762365045, 130.994660477394, 60.7539482116699, 2009603, 2, 95
2019.92045699, 47.7003297395321, 130.994624920266, 60.6165771484375, 2009603, 2, 95
2019.92045699, 47.6999873772946, 130.994575370083, 60.6601181030273, 2009603, 2, 96
2019.92045699, 47.699878900962, 130.994559366282, 60.4569206237793, 2009603, 2, 96
2019.92045699, 47.6996103680295, 130.994520152976, 60.4830093383789, 2009603, 2, 96
2019.92045699, 47.6995015097759, 130.994504166209, 60.4669570922852, 2009603, 2, 96
2019.92045699, 47.6993605614702, 130.994483681766, 60.460205078125, 2009603, 2, 96
2019.92045699, 47.699232382778, 130.994464878264, 60.3878059387207, 2009603, 2, 96
2019.92045699, 47.6990978045156, 130.994445362017, 60.3896331787109, 2009603, 2, 96
2019.92045699, 47.6989824851217, 130.994428521621, 60.3591346740723, 2009603, 2, 96
2019.92045699, 47.698860816915, 130.994410634257, 60.3523941040039, 2009603, 2, 96
2019.92045699, 47.6987391640107, 130.994393012534, 60.3602561950684, 2009603, 2, 96
2019.92045699, 47.6986242802508, 130.994376246332, 60.4661483764648, 2009603, 2, 96
2019.92045699, 47.6985031284075, 130.99435884798, 60.4277801513672, 2009603, 2, 96
2019.92045699, 47.69838843448, 130.994342090914, 60.4167137145996, 2009603, 2, 97
2019.92045699, 47.6982674734774, 130.994324737442, 60.4136047363281, 2009603, 2, 97
2019.92045699, 47.6981529463261, 130.994307946792, 60.4514961242676, 2009603, 2, 97
2019.92045699, 47.6980448475083, 130.994292317597, 60.4985313415527, 2009603, 2, 97
2019.92045699, 47.697924096816, 130.994275001629, 60.3743133544922, 2009603, 2, 97
2019.92045699, 47.6978160890006, 130.994259333889, 60.4080924987793, 2009603, 2, 97
2019.92045699, 47.6976954090171, 130.994241836068, 60.3708648681641, 2009603, 2, 96
2019.92045699, 47.697568392838, 130.994223373177, 60.424690246582, 2009603, 2, 96
2019.92045699, 47.6974604437164, 130.99420786489, 60.3391571044922, 2009603, 2, 96
2019.92045699, 47.6973397622965, 130.994190436286, 60.3758773803711, 2009603, 2, 96
2019.92045699, 47.6972127014486, 130.994171938916, 60.4623565673828, 2009603, 2, 96
2019.92045699, 47.6970792518281, 130.994152777179, 60.4057846069336, 2009603, 2, 96
2019.92045699, 47.6969457394581, 130.994133327773, 60.4255981445312, 2009603, 2, 96
2019.92045699, 47.6968312555464, 130.99411686097, 60.3873329162598, 2009603, 2, 96
2019.92045699, 47.6965830058563, 130.994080737502, 60.4122772216797, 2009603, 2, 97
2019.92045699, 47.6964555870175, 130.994061975487, 60.4218826293945, 2009603, 2, 96
2019.92045699, 47.6963281137864, 130.994043558472, 60.3390617370605, 2009603, 2, 96
2019.92045699, 47.6961942398632, 130.994024068663, 60.3702774047852, 2009603, 2, 96
2019.92045699, 47.6960728909994, 130.994006236041, 60.3672714233398, 2009603, 2, 96
2019.92045699, 47.6959451291929, 130.993987706714, 60.3807830810547, 2009603, 2, 96
2019.92045699, 47.6958365093584, 130.993971765968, 60.3821830749512, 2009603, 2, 96
2019.92045699, 47.6957215057029, 130.993955066434, 60.3971328735352, 2009603, 2, 95
2019.92045699, 47.6954915491832, 130.993921769551, 60.4553031921387, 2009603, 2, 96
2019.92045699, 47.6953638485584, 130.993903215977, 60.4563446044922, 2009603, 2, 96
2019.92045699, 47.6952362204366, 130.993885071834, 60.4164161682129, 2009603, 2, 96
2019.92045699, 47.695127777039, 130.993869364719, 60.4656219482422, 2009603, 2, 96
2019.92045699, 47.6949237297331, 130.993840273086, 60.4753150939941, 2009603, 2, 96
2019.92045699, 47.6948092620698, 130.993824235754, 60.4832344055176, 2009603, 2, 96
2019.92045699, 47.6946948327714, 130.993808012898, 60.4284896850586, 2009603, 2, 96
2019.92045699, 47.6945931534383, 130.99379372972, 60.405933380127, 2009603, 2, 96
2019.92045699, 47.6944914901508, 130.993779497429, 60.4391632080078, 2009603, 2, 96
2019.92045699, 47.6943834804929, 130.99376430755, 60.4363822937012, 2009603, 2, 96
2019.92045699, 47.6942818280088, 130.993750313656, 60.4978981018066, 2009603, 2, 96
2019.92045699, 47.6938304616147, 130.993687521742, 60.4430923461914, 2009603, 2, 96
2019.92045699, 47.6937350154588, 130.993674351247, 60.4548835754395, 2009603, 2, 95
2019.92045699, 47.6936332086991, 130.993660145372, 60.4725494384766, 2009603, 2, 95
2019.92045699, 47.6934354331963, 130.993632466304, 60.4837837219238, 2009603, 2, 94
2019.92045699, 47.6933396939863, 130.993619066869, 60.4387474060059, 2009603, 2, 94
2019.92045699, 47.6932439386988, 130.993605783063, 60.4920463562012, 2009603, 2, 93
2019.92045699, 47.693148166966, 130.993592266709, 60.4681854248047, 2009603, 2, 93
2019.92045699, 47.6930587703128, 130.99357951781, 60.4812202453613, 2009603, 2, 93
2019.92045699, 47.6929629947058, 130.993565933261, 60.4720649719238, 2009603, 2, 79
2019.92045699, 47.6928608504682, 130.993551585138, 60.5223274230957, 2009603, 2, 79
2019.92045699, 47.6927778635959, 130.993539743422, 60.4451866149902, 2009603, 2, 79
2019.92045699, 47.6926757554201, 130.993525299715, 60.4545974731445, 2009603, 2, 57
2019.92045699, 47.6925736656763, 130.993510599288, 60.3851165771484, 2009603, 2, 57
2019.92045723, 47.2090200170425, 130.924568663784, 68.6091842651367, 2009603, 2, 64
2019.92045724, 47.2029007408752, 130.923705496963, 67.8606567382812, 2009603, 2, 91
2019.92045444, 52.7983624625361, 131.722733524025, 345.076904296875, 2009603, 3, 60
2019.92045444, 52.7834218493544, 131.72032520929, 344.450836181641, 2009603, 3, 92
2019.92045444, 52.7824551562693, 131.720169240155, 344.085052490234, 2009603, 3, 91
2019.92045445, 52.7779707869796, 131.719447493624, 343.103790283203, 2009603, 3, 65
2019.92045554, 50.5763040919582, 131.375471370693, 254.425231933594, 2009603, 3, 62
2019.92045555, 50.5759023331581, 131.37541166322, 254.458206176758, 2009603, 3, 53
2019.92045555, 50.5755449479329, 131.375358098849, 254.460342407227, 2009603, 3, 53
2019.92045555, 50.5752261077027, 131.375309644488, 254.448852539062, 2009603, 3, 53
2019.92045555, 50.5747937217289, 131.375243027547, 254.449844360352, 2009603, 3, 51
2019.92045696, 47.7424689760333, 130.958628199719, 61.4612579345703, 2009603, 3, 79
2019.92045696, 47.742043404058, 130.958567561385, 61.4778900146484, 2009603, 3, 84
2019.92045696, 47.7416420352571, 130.95851000439, 61.394157409668, 2009603, 3, 92
2019.92045696, 47.7412402881159, 130.958452674641, 61.3209571838379, 2009603, 3, 96
2019.92045696, 47.7408578761798, 130.958398848903, 61.3081398010254, 2009603, 3, 97
2019.92045696, 47.7399863055874, 130.958276619236, 61.2661361694336, 2009603, 3, 98
2019.92045696, 47.7395605234366, 130.958215301459, 61.4010925292969, 2009603, 3, 98
2019.92045696, 47.7391664954354, 130.958157741218, 61.3220481872559, 2009603, 3, 97
2019.92045696, 47.7383518695745, 130.958040609743, 61.1391487121582, 2009603, 3, 97
2019.92045696, 47.7379439100695, 130.957983856898, 61.1123237609863, 2009603, 3, 97
2019.92045696, 47.7374983402861, 130.957922498471, 61.128963470459, 2009603, 3, 97
2019.92045696, 47.7370413588251, 130.957859357798, 61.1042900085449, 2009603, 3, 97
2019.92045696, 47.7366107260571, 130.957798789371, 61.1128120422363, 2009603, 3, 97
2019.92045696, 47.7361411115889, 130.957731241763, 61.1053161621094, 2009603, 3, 97
2019.92045696, 47.7357139345964, 130.957668178256, 61.0878677368164, 2009603, 3, 97
2019.92045696, 47.7352725793279, 130.957602597432, 61.1028289794922, 2009603, 3, 97
2019.92045696, 47.7348636021025, 130.957542486617, 61.0943717956543, 2009603, 3, 97
2019.92045696, 47.7344306696816, 130.957480975924, 61.0639801025391, 2009603, 3, 97
2019.92045696, 47.7339928987092, 130.957420349798, 61.1073570251465, 2009603, 3, 96
2019.92045696, 47.7335996778919, 130.957366374094, 61.0896949768066, 2009603, 3, 96
2019.92045696, 47.7331867117959, 130.95730930556, 61.0768165588379, 2009603, 3, 96
2019.92045696, 47.7323836110053, 130.957196333023, 61.0879325866699, 2009603, 3, 96
2019.92045696, 47.7319623231802, 130.957136096236, 60.9859657287598, 2009603, 3, 95
2019.92045696, 47.7310508963682, 130.957004416086, 61.042106628418, 2009603, 3, 96
2019.92045696, 47.7302768187193, 130.956893131282, 60.9202041625977, 2009603, 3, 96
2019.92045696, 47.729864628142, 130.956834825182, 61.0140838623047, 2009603, 3, 97
2019.92045696, 47.7291076889329, 130.956730931056, 61.068115234375, 2009603, 3, 97
2019.92045696, 47.7287253308795, 130.956678575427, 60.933032989502, 2009603, 3, 96
2019.92045696, 47.7283813948643, 130.956630243619, 60.9484939575195, 2009603, 3, 97
2019.92045696, 47.7275172175654, 130.956503748133, 60.9053649902344, 2009603, 3, 97
2019.92045697, 47.7270791225065, 130.956439852805, 60.8787879943848, 2009603, 3, 97
2019.92045697, 47.7266786103193, 130.956383764947, 60.8715133666992, 2009603, 3, 97
2019.92045697, 47.7262398059457, 130.956323193143, 60.9038047790527, 2009603, 3, 97
2019.92045697, 47.7253495259557, 130.956199086591, 60.8521766662598, 2009603, 3, 96
2019.92045697, 47.7249166985785, 130.956137551584, 60.8706169128418, 2009603, 3, 96
2019.92045697, 47.7245022944834, 130.956078599202, 60.8636436462402, 2009603, 3, 97
2019.92045697, 47.7240483970366, 130.956014535232, 60.8955993652344, 2009603, 3, 97
2019.92045697, 47.7236141507254, 130.95595316461, 60.9171752929688, 2009603, 3, 96
2019.92045697, 47.7232002005248, 130.955894374544, 60.8966827392578, 2009603, 3, 93
2019.92045697, 47.7226868225121, 130.955820501134, 60.999626159668, 2009603, 3, 84
2019.92045697, 47.7222942799421, 130.95576417091, 61.0800552368164, 2009603, 3, 84
2019.92045697, 47.7200148786949, 130.955439987156, 60.7279167175293, 2009603, 3, 72
2019.92045697, 47.7196014394692, 130.955379700787, 60.7785453796387, 2009603, 3, 93
2019.92045697, 47.7192213687932, 130.955324617618, 60.8197250366211, 2009603, 3, 93
2019.92045697, 47.7188486027875, 130.955271111793, 60.7532081604004, 2009603, 3, 93
2019.92045697, 47.7184561054116, 130.95521486936, 60.7385520935059, 2009603, 3, 94
2019.92045697, 47.7180618461922, 130.955158316292, 60.7623023986816, 2009603, 3, 95
2019.92045697, 47.7177097561867, 130.955107721664, 60.7212219238281, 2009603, 3, 97
2019.92045697, 47.7172421749847, 130.955040983473, 60.7213897705078, 2009603, 3, 97
2019.92045697, 47.7167126517826, 130.954966448027, 60.717113494873, 2009603, 3, 98
2019.92045697, 47.7163004745599, 130.954909360432, 60.7237854003906, 2009603, 3, 97
2019.92045697, 47.715907273964, 130.95485438647, 60.6583824157715, 2009603, 3, 97
2019.92045697, 47.7154874158008, 130.95479482939, 60.7208557128906, 2009603, 3, 97
2019.92045697, 47.7151037552082, 130.954739443432, 60.6896743774414, 2009603, 3, 98
2019.92045697, 47.7147010817306, 130.954680856109, 60.7151870727539, 2009603, 3, 97
2019.92045697, 47.7138623294988, 130.954561192635, 60.8206672668457, 2009603, 3, 97
2019.92045697, 47.7134068396838, 130.954497403534, 60.7966651916504, 2009603, 3, 97
2019.92045697, 47.7129314400312, 130.95443081713, 60.7425727844238, 2009603, 3, 96
2019.92045697, 47.7124730725875, 130.954366159603, 60.766185760498, 2009603, 3, 97
2019.92045697, 47.7120011639296, 130.95429839234, 60.7466812133789, 2009603, 3, 97
2019.92045697, 47.7114656717096, 130.954219557706, 60.7195358276367, 2009603, 3, 95
2019.92045445, 52.7964639490215, 131.721158626374, 344.782867431641, 2009603, 4, 68
2019.92045445, 52.796198141105, 131.721114911347, 344.79296875, 2009603, 4, 69
2019.92045445, 52.7958482023726, 131.721060387249, 344.819305419922, 2009603, 4, 51
2019.92045445, 52.7839467241402, 131.719137352391, 344.022857666016, 2009603, 4, 83
2019.92045445, 52.7836415993577, 131.719087922747, 344.029663085938, 2009603, 4, 95
2019.92045446, 52.7832975647221, 131.719033783439, 343.973968505859, 2009603, 4, 95
2019.92045446, 52.7829720849902, 131.718983568678, 343.998260498047, 2009603, 4, 92
2019.92045446, 52.7826402648927, 131.718932432342, 343.991851806641, 2009603, 4, 90
2019.92045446, 52.7823279152574, 131.718883484486, 343.964263916016, 2009603, 4, 72
2019.92045446, 52.7786812132519, 131.718295239169, 343.999603271484, 2009603, 4, 89
2019.92045446, 52.7782871719175, 131.718233497152, 342.289581298828, 2009603, 4, 89
2019.92045556, 50.5764742504512, 131.374290931064, 254.401077270508, 2009603, 4, 68
2019.92045556, 50.576365637141, 131.374274613142, 254.395278930664, 2009603, 4, 68
2019.92045556, 50.576263473723, 131.374259181188, 254.394180297852, 2009603, 4, 68
2019.92045556, 50.576142268774, 131.374240995875, 254.42707824707, 2009603, 4, 58
2019.92045556, 50.5760274880664, 131.374223810761, 254.403335571289, 2009603, 4, 58
2019.92045556, 50.5759131812462, 131.374206979184, 254.405364990234, 2009603, 4, 55
2019.92045556, 50.5757989782628, 131.374190022205, 254.402481079102, 2009603, 4, 55
2019.92045556, 50.5756912174181, 131.374174033383, 254.385513305664, 2009603, 4, 55
2019.92045556, 50.5756025395452, 131.374161030325, 254.385482788086, 2009603, 4, 55
2019.92045556, 50.5755075801317, 131.374147096789, 254.382583618164, 2009603, 4, 55
2019.92045556, 50.5753936743919, 131.374130289877, 254.421051025391, 2009603, 4, 55
2019.92045556, 50.5752924680124, 131.374115441118, 254.414306640625, 2009603, 4, 55
2019.92045556, 50.5751723017911, 131.374097677606, 254.389282226562, 2009603, 4, 54
2019.92045556, 50.575064799575, 131.374081898336, 254.401016235352, 2009603, 4, 54
2019.92045556, 50.5749572854721, 131.374066071813, 254.398223876953, 2009603, 4, 54
2019.92045556, 50.5748497451947, 131.374050153094, 254.406112670898, 2009603, 4, 54
2019.92045556, 50.5747358508157, 131.374033327546, 254.404678344727, 2009603, 4, 52
2019.92045556, 50.5746154559424, 131.374015383423, 254.409378051758, 2009603, 4, 52
2019.92045556, 50.5745076863058, 131.3739993479, 254.402786254883, 2009603, 4, 53
2019.92045556, 50.5743808358178, 131.373980378829, 254.387252807617, 2009603, 4, 53
2019.92045556, 50.5742792962737, 131.373965039234, 254.411575317383, 2009603, 4, 53
2019.92045697, 47.747626590603, 130.958227171796, 62.7972679138184, 2009603, 4, 55
2019.92045697, 47.7475386824787, 130.958215270506, 62.7477531433105, 2009603, 4, 55
2019.92045697, 47.7473444500375, 130.95818921338, 62.8469390869141, 2009603, 4, 67
2019.92045697, 47.7466865897757, 130.958100360792, 62.4162940979004, 2009603, 4, 85
2019.92045697, 47.7465037576799, 130.958074939127, 62.1262092590332, 2009603, 4, 85
2019.92045697, 47.7463966033953, 130.958059778067, 62.2648468017578, 2009603, 4, 85
2019.92045697, 47.7461344720314, 130.958022019109, 61.5172119140625, 2009603, 4, 86
2019.92045697, 47.7457745970637, 130.957969565929, 61.5023536682129, 2009603, 4, 88
2019.92045697, 47.7455492106383, 130.95793648626, 61.4222869873047, 2009603, 4, 90
2019.92045697, 47.7454461824359, 130.957921248893, 61.3774909973145, 2009603, 4, 94
2019.92045697, 47.7453174778352, 130.957902362714, 61.4053955078125, 2009603, 4, 94
2019.92045697, 47.7450796076281, 130.957867742074, 61.3939743041992, 2009603, 4, 93
2019.92045697, 47.7448882263898, 130.957840203579, 61.3593635559082, 2009603, 4, 94
2019.92045697, 47.744767202006, 130.957822880327, 61.3034515380859, 2009603, 4, 94
2019.92045697, 47.7446335647296, 130.957803922021, 61.340404510498, 2009603, 4, 96
2019.92045697, 47.7444110035794, 130.957772314196, 61.3596000671387, 2009603, 4, 96
2019.92045697, 47.7441694128067, 130.957738150675, 61.3744888305664, 2009603, 4, 97
2019.92045697, 47.7440549364631, 130.957722115956, 61.3682518005371, 2009603, 4, 97
2019.92045697, 47.7438259652349, 130.957689740728, 61.4011917114258, 2009603, 4, 97
2019.92045697, 47.7435765236932, 130.957654179642, 61.3292770385742, 2009603, 4, 97
2019.92045697, 47.7434485392758, 130.957635957991, 61.321102142334, 2009603, 4, 97
2019.92045697, 47.743307750713, 130.957615869985, 61.3044891357422, 2009603, 4, 97
2019.92045697, 47.7430518988239, 130.957579095586, 61.300895690918, 2009603, 4, 97
2019.92045697, 47.7429240862917, 130.957560486202, 61.3088989257812, 2009603, 4, 96
2019.92045697, 47.7428027936562, 130.957543090655, 61.2744750976562, 2009603, 4, 96
2019.92045697, 47.7426816039172, 130.957525368, 61.2931137084961, 2009603, 4, 97
2019.92045697, 47.7425730734343, 130.957509580704, 61.2775421142578, 2009603, 4, 97
2019.92045697, 47.7424588202281, 130.957492839377, 61.3068542480469, 2009603, 4, 96
2019.92045697, 47.74233199749, 130.957474173989, 61.2441749572754, 2009603, 4, 96
2019.92045697, 47.7420659723244, 130.957435136613, 61.258373260498, 2009603, 4, 97
2019.92045697, 47.741939359571, 130.957416468407, 61.2196578979492, 2009603, 4, 97
2019.92045697, 47.741819089825, 130.957398988287, 61.1836318969727, 2009603, 4, 97
2019.92045697, 47.7416987954147, 130.957381517914, 61.2098960876465, 2009603, 4, 96
2019.92045697, 47.7415720986253, 130.957362937378, 61.2257385253906, 2009603, 4, 96
2019.92045697, 47.7414516732069, 130.957345471967, 61.238883972168, 2009603, 4, 97
2019.92045697, 47.7413502004663, 130.957330960477, 61.2117652893066, 2009603, 4, 97
2019.92045697, 47.7412487024908, 130.957316364028, 61.2331886291504, 2009603, 4, 96
2019.92045697, 47.7411404868177, 130.957300847789, 61.1469421386719, 2009603, 4, 96
2019.92045697, 47.7410131018422, 130.957282889199, 61.1483306884766, 2009603, 4, 96
2019.92045697, 47.740885628502, 130.957264801619, 61.1647148132324, 2009603, 4, 96
2019.92045697, 47.7407581006525, 130.957246879668, 61.1471519470215, 2009603, 4, 96
2019.92045697, 47.7406369239652, 130.95723000705, 61.177131652832, 2009603, 4, 97
2019.92045697, 47.7404965888103, 130.957210416559, 61.2203330993652, 2009603, 4, 97
2019.92045697, 47.7402606170585, 130.957177816642, 61.1504516601562, 2009603, 4, 97
2019.92045697, 47.7401331070749, 130.957160139862, 61.1417961120605, 2009603, 4, 97
2019.92045697, 47.7398783831471, 130.957125012099, 61.1535873413086, 2009603, 4, 97
2019.92045697, 47.7397512709635, 130.957107635474, 61.1218299865723, 2009603, 4, 97
2019.92045697, 47.7395987505257, 130.957086428451, 61.1349868774414, 2009603, 4, 97
2019.92045697, 47.7394780297939, 130.957069870213, 61.1126251220703, 2009603, 4, 97
2019.92045697, 47.739357292487, 130.957053041286, 61.123779296875, 2009603, 4, 97
2019.92045697, 47.7392301910049, 130.957035479079, 61.1204986572266, 2009603, 4, 98
2019.92045697, 47.7391157681408, 130.957019517552, 61.1094245910645, 2009603, 4, 98
2019.92045697, 47.7389758673583, 130.956999879643, 61.1394653320312, 2009603, 4, 98
2019.92045697, 47.7388295548021, 130.956979415263, 61.1136589050293, 2009603, 4, 98
2019.92045697, 47.7387150568725, 130.956963202241, 61.0787620544434, 2009603, 4, 97
2019.92045697, 47.7385683663221, 130.956942475684, 61.081729888916, 2009603, 4, 97
2019.92045697, 47.7384407876644, 130.956924409095, 61.1340522766113, 2009603, 4, 97
2019.92045697, 47.7383259585489, 130.956907996427, 61.0886459350586, 2009603, 4, 97
2019.92045697, 47.7381983911302, 130.956889692457, 61.0793609619141, 2009603, 4, 98
2019.92045697, 47.7380644920009, 130.956870452547, 61.0858726501465, 2009603, 4, 98
2019.92045697, 47.7379242860711, 130.956850240927, 61.0395355224609, 2009603, 4, 97
2019.92045697, 47.737809640782, 130.956833594796, 61.1124572753906, 2009603, 4, 97
2019.92045697, 47.7375615003934, 130.956797454814, 61.1658744812012, 2009603, 4, 97
2019.92045697, 47.7374153306741, 130.956776176889, 61.0768966674805, 2009603, 4, 98
2019.92045697, 47.7372822192536, 130.956756668692, 61.0751724243164, 2009603, 4, 98
2019.92045697, 47.7370352093607, 130.956720492133, 61.1298522949219, 2009603, 4, 97
2019.92045697, 47.736914926754, 130.95670299423, 61.0861167907715, 2009603, 4, 97
2019.92045697, 47.7368073025831, 130.956687293738, 61.0532493591309, 2009603, 4, 97
2019.92045697, 47.7366933410876, 130.956670774717, 61.0541496276855, 2009603, 4, 97
2019.92045697, 47.7365603561907, 130.956651658978, 61.1076431274414, 2009603, 4, 97
2019.92045697, 47.7364209686594, 130.956631689913, 61.0689430236816, 2009603, 4, 97
2019.92045697, 47.7362878356333, 130.956612698542, 61.056037902832, 2009603, 4, 97
2019.92045697, 47.7361546359353, 130.956593884515, 61.0559692382812, 2009603, 4, 97
2019.92045697, 47.7360211229851, 130.956575273792, 61.0564804077148, 2009603, 4, 97
2019.92045697, 47.7359002446225, 130.956558389039, 61.0706405639648, 2009603, 4, 96
2019.92045697, 47.7357665718233, 130.956539826606, 61.1114540100098, 2009603, 4, 96
2019.92045697, 47.7356455881139, 130.956523231031, 61.0740966796875, 2009603, 4, 97
2019.92045697, 47.7355500410703, 130.956510054141, 61.0801277160645, 2009603, 4, 97
2019.92045697, 47.7354226234324, 130.956492564406, 61.0148773193359, 2009603, 4, 97
2019.92045697, 47.7353015505048, 130.956475842414, 61.0120239257812, 2009603, 4, 97
2019.92045697, 47.735174099171, 130.956458228273, 61.0082550048828, 2009603, 4, 98
2019.92045697, 47.7350402695499, 130.956439567908, 61.0186195373535, 2009603, 4, 98
2019.92045697, 47.7349127582058, 130.956421894057, 61.022891998291, 2009603, 4, 97
2019.92045697, 47.7347791455996, 130.956403113423, 61.1155967712402, 2009603, 4, 97
2019.92045697, 47.7346582576739, 130.956386057919, 61.0596046447754, 2009603, 4, 97
2019.92045697, 47.7345373617007, 130.956368909777, 61.013313293457, 2009603, 4, 97
2019.92045697, 47.7344291757632, 130.956353537987, 60.9793128967285, 2009603, 4, 97
2019.92045697, 47.734320968838, 130.956338059947, 61.0492553710938, 2009603, 4, 97
2019.92045697, 47.7341936404426, 130.956319936711, 61.0237998962402, 2009603, 4, 97
2019.92045697, 47.7340790019826, 130.956303474386, 60.9919929504395, 2009603, 4, 97
2019.92045697, 47.7339643291716, 130.956286988375, 61.0156936645508, 2009603, 4, 97
2019.92045697, 47.7338496174656, 130.956270492971, 61.021556854248, 2009603, 4, 97
2019.92045697, 47.7337476171374, 130.956255721333, 61.0060653686523, 2009603, 4, 96
2019.92045697, 47.7336392998768, 130.956240047635, 60.9714775085449, 2009603, 4, 96
2019.92045697, 47.7335242829885, 130.956223464944, 61.0402946472168, 2009603, 4, 96
2019.92045697, 47.7334092594352, 130.95620694965, 60.9878616333008, 2009603, 4, 97
2019.92045697, 47.7332686963657, 130.956186776106, 61.0360908508301, 2009603, 4, 97
2019.92045697, 47.7331473289852, 130.956169147585, 61.0210762023926, 2009603, 4, 96
2019.92045697, 47.7330196515638, 130.956150743084, 61.0732688903809, 2009603, 4, 96
2019.92045697, 47.73289843479, 130.956133218265, 60.954174041748, 2009603, 4, 96
2019.92045697, 47.7327709420182, 130.956114727679, 61.0112113952637, 2009603, 4, 96
2019.92045697, 47.7326563047047, 130.956098141895, 61.0168228149414, 2009603, 4, 96
2019.92045697, 47.7325481260079, 130.956082410169, 61.0032081604004, 2009603, 4, 96
2019.92045697, 47.7321610603262, 130.956025893172, 61.0129852294922, 2009603, 4, 95
2019.92045697, 47.7320155472375, 130.956004732192, 61.0045547485352, 2009603, 4, 95
2019.92045697, 47.7318890457581, 130.955986278293, 60.9633674621582, 2009603, 4, 96
2019.92045697, 47.7317878505675, 130.955971584784, 60.9719161987305, 2009603, 4, 96
2019.92045697, 47.731667657378, 130.955954206097, 60.9534034729004, 2009603, 4, 97
2019.92045697, 47.7315600822778, 130.955938807652, 60.9563255310059, 2009603, 4, 97
2019.92045697, 47.7314271027469, 130.955919680208, 60.9902153015137, 2009603, 4, 97
2019.92045697, 47.731306706095, 130.955902671535, 60.991527557373, 2009603, 4, 97
2019.92045697, 47.7311861943731, 130.955885676506, 61.0382041931152, 2009603, 4, 96
2019.92045697, 47.7310655951092, 130.955868631732, 61.0189094543457, 2009603, 4, 96
2019.92045697, 47.7309318407294, 130.955850217843, 61.0161018371582, 2009603, 4, 97
2019.92045697, 47.7308170907981, 130.955834419657, 60.9617958068848, 2009603, 4, 97
2019.92045697, 47.7306831342276, 130.955816150218, 60.9689865112305, 2009603, 4, 97
2019.92045697, 47.7305427104299, 130.955796870149, 60.956226348877, 2009603, 4, 97
2019.92045697, 47.730421395478, 130.955780160105, 60.8840408325195, 2009603, 4, 97
2019.92045697, 47.7303128348417, 130.955765186813, 60.8630294799805, 2009603, 4, 97
2019.92045697, 47.7301915015569, 130.955748350312, 60.8415603637695, 2009603, 4, 97
2019.92045697, 47.7300510308236, 130.955728723044, 60.8776702880859, 2009603, 4, 97
2019.92045697, 47.7299169820501, 130.955709864456, 60.8853492736816, 2009603, 4, 97
2019.92045697, 47.7297893276045, 130.95569164394, 60.8506889343262, 2009603, 4, 97
2019.92045697, 47.7296619790074, 130.955673175882, 60.9009399414062, 2009603, 4, 96
2019.92045697, 47.7295410407186, 130.955655700954, 60.876407623291, 2009603, 4, 96
2019.92045697, 47.729407377081, 130.955636088508, 60.918212890625, 2009603, 4, 97
2019.92045697, 47.7292928016583, 130.955619128957, 60.9447708129883, 2009603, 4, 97
2019.92045697, 47.7291718593287, 130.955601350292, 60.9136695861816, 2009603, 4, 97
2019.92045697, 47.7290381512074, 130.95558167071, 60.9310836791992, 2009603, 4, 97
2019.92045698, 47.728917129346, 130.955563746625, 60.8837394714355, 2009603, 4, 97
2019.92045698, 47.7287960623479, 130.955546001204, 60.8927688598633, 2009603, 4, 97
2019.92045698, 47.7286557959022, 130.955525346803, 60.8757705688477, 2009603, 4, 97
2019.92045698, 47.7285282559928, 130.955506912503, 60.8627471923828, 2009603, 4, 97
2019.92045698, 47.7283940406819, 130.955487331139, 60.9338111877441, 2009603, 4, 97
2019.92045698, 47.7282533877174, 130.955467276303, 60.8916320800781, 2009603, 4, 97
2019.92045698, 47.7281254696597, 130.955449077797, 60.8959083557129, 2009603, 4, 97
2019.92045698, 47.7280103253589, 130.955432822262, 60.8684959411621, 2009603, 4, 97
2019.92045698, 47.7278631946383, 130.955412323641, 60.8415908813477, 2009603, 4, 97
2019.92045698, 47.7277288716049, 130.955393792073, 60.8735466003418, 2009603, 4, 98
2019.92045698, 47.727575411305, 130.955372905829, 60.7942047119141, 2009603, 4, 98
2019.92045698, 47.7274411921229, 130.955354760671, 60.7793426513672, 2009603, 4, 97
2019.92045698, 47.7273006116261, 130.955335732465, 60.77587890625, 2009603, 4, 97
2019.92045698, 47.7271730136448, 130.955319021532, 60.7872886657715, 2009603, 4, 97
2019.92045698, 47.7270391271501, 130.95530158943, 60.7730255126953, 2009603, 4, 97
2019.92045698, 47.7269053318215, 130.955284083462, 60.7914428710938, 2009603, 4, 96
2019.92045698, 47.7267780024197, 130.955267493421, 60.8307952880859, 2009603, 4, 96
2019.92045698, 47.7266571039019, 130.95525146344, 60.9536972045898, 2009603, 4, 96
2019.92045698, 47.7265299387628, 130.95523476326, 60.9552764892578, 2009603, 4, 96
2019.92045698, 47.7263964767158, 130.955216769313, 60.9303703308105, 2009603, 4, 95
2019.92045698, 47.7262694293385, 130.95519922102, 61.0093803405762, 2009603, 4, 95
2019.92045698, 47.7255018271586, 130.955088611098, 61.2497711181641, 2009603, 4, 94
2019.92045698, 47.7249756834909, 130.955010124954, 61.4301834106445, 2009603, 4, 83
2019.92045698, 47.7211724231794, 130.954468715655, 60.7142677307129, 2009603, 4, 88
2019.92045698, 47.7210389283759, 130.954449443809, 60.7340393066406, 2009603, 4, 88
2019.92045698, 47.7209054403815, 130.954430298342, 60.7246055603027, 2009603, 4, 94
2019.92045698, 47.7207781901257, 130.95441124506, 60.8426284790039, 2009603, 4, 94
2019.92045698, 47.7206572809112, 130.954393016876, 60.7707595825195, 2009603, 4, 94
2019.92045698, 47.720523633156, 130.954372947968, 60.7558097839355, 2009603, 4, 94
2019.92045698, 47.7203899681353, 130.954352848882, 60.7359046936035, 2009603, 4, 94
2019.92045698, 47.7202626721454, 130.954333939499, 60.7733688354492, 2009603, 4, 94
2019.92045698, 47.7201480934322, 130.954316838527, 60.7819938659668, 2009603, 4, 95
2019.92045698, 47.7200271718738, 130.954299190211, 60.7844581604004, 2009603, 4, 95
2019.92045698, 47.7199126154319, 130.954282527008, 60.8031730651855, 2009603, 4, 94
2019.92045698, 47.7197980778437, 130.954266118329, 60.7125816345215, 2009603, 4, 94
2019.92045698, 47.7196898934967, 130.954250200718, 60.7640571594238, 2009603, 4, 95
2019.92045698, 47.7195881266339, 130.95423635583, 60.7428894042969, 2009603, 4, 95
2019.92045698, 47.7194800123275, 130.954221761011, 60.714714050293, 2009603, 4, 95
2019.92045698, 47.7193528462333, 130.954204749425, 60.714111328125, 2009603, 4, 95
2019.92045698, 47.719232064581, 130.954188708808, 60.7112998962402, 2009603, 4, 96
2019.92045698, 47.7191112940653, 130.954172561303, 60.7260398864746, 2009603, 4, 96
2019.92045698, 47.7189968990766, 130.954157200481, 60.7745208740234, 2009603, 4, 96
2019.92045698, 47.7188825180056, 130.954141778579, 60.7746849060059, 2009603, 4, 96
2019.92045698, 47.7187681446687, 130.954126132192, 60.7511024475098, 2009603, 4, 96
2019.92045698, 47.7186283746925, 130.95410695161, 60.7098655700684, 2009603, 4, 97
2019.92045698, 47.7185076693649, 130.954090106453, 60.7081604003906, 2009603, 4, 97
2019.92045698, 47.7183869532473, 130.954073161191, 60.7152633666992, 2009603, 4, 97
2019.92045698, 47.7182598719605, 130.954054102997, 60.7281799316406, 2009603, 4, 97
2019.92045698, 47.7180056712654, 130.954015453714, 60.6864242553711, 2009603, 4, 97
2019.92045698, 47.7178848941593, 130.953996892285, 60.6931114196777, 2009603, 4, 98
2019.92045698, 47.7177640831276, 130.953978222806, 60.6920776367188, 2009603, 4, 98
2019.92045698, 47.71761779119, 130.953955565769, 60.7079238891602, 2009603, 4, 98
2019.92045698, 47.7174714323412, 130.95393287897, 60.7171516418457, 2009603, 4, 98
2019.92045698, 47.7173441075039, 130.953913296048, 60.6974983215332, 2009603, 4, 98
2019.92045698, 47.7171912491941, 130.9538901154, 60.700553894043, 2009603, 4, 98
2019.92045698, 47.7170637903615, 130.953870952784, 60.6649894714355, 2009603, 4, 98
2019.92045698, 47.7169299454973, 130.953851558059, 60.6904449462891, 2009603, 4, 98
2019.92045698, 47.7167896340226, 130.953831390001, 60.6858406066895, 2009603, 4, 98
2019.92045698, 47.7166492256617, 130.953811506284, 60.6600875854492, 2009603, 4, 97
2019.92045698, 47.7165151129679, 130.953792812472, 60.6301383972168, 2009603, 4, 97
2019.92045698, 47.7163872942513, 130.953775035324, 60.6664428710938, 2009603, 4, 98
2019.92045698, 47.7162529925415, 130.953756438182, 60.6629066467285, 2009603, 4, 98
2019.92045698, 47.716112210496, 130.953737089192, 60.6850814819336, 2009603, 4, 97
2019.92045698, 47.7159713496722, 130.953717822322, 60.6712036132812, 2009603, 4, 97
2019.92045698, 47.7158368903445, 130.953699464709, 60.6616439819336, 2009603, 4, 97
2019.92045698, 47.7157021881696, 130.953680894232, 60.700611114502, 2009603, 4, 97
2019.92045698, 47.7155802988997, 130.953664081559, 60.7250061035156, 2009603, 4, 97
2019.92045698, 47.7154519987705, 130.953646230938, 60.6633796691895, 2009603, 4, 97
2019.92045698, 47.7153173322603, 130.953627617867, 60.6423759460449, 2009603, 4, 97
2019.92045698, 47.7151955414686, 130.953610664043, 60.6600341796875, 2009603, 4, 97
2019.92045698, 47.7146007810297, 130.953527462035, 60.7441368103027, 2009603, 4, 97
2019.92045698, 47.7144605399372, 130.953507686929, 60.7301979064941, 2009603, 4, 96
2019.92045698, 47.7141554126606, 130.953464843538, 60.7244071960449, 2009603, 4, 97
2019.92045698, 47.7139840440396, 130.95344062304, 60.6474494934082, 2009603, 4, 98
2019.92045698, 47.7138064726987, 130.953415416012, 60.6811714172363, 2009603, 4, 98
2019.92045698, 47.7136606735255, 130.953394491393, 60.7070198059082, 2009603, 4, 98
2019.92045698, 47.7135085825851, 130.953372690546, 60.6811370849609, 2009603, 4, 98
2019.92045698, 47.7133755148521, 130.953353561003, 60.6444778442383, 2009603, 4, 97
2019.92045698, 47.7132424573322, 130.953334372673, 60.6052780151367, 2009603, 4, 97
2019.92045698, 47.7130838519333, 130.95331118318, 60.6464729309082, 2009603, 4, 97
2019.92045698, 47.7129252193668, 130.953287947283, 60.6853790283203, 2009603, 4, 97
2019.92045698, 47.7127729116976, 130.953265698978, 60.6854782104492, 2009603, 4, 97
2019.92045698, 47.7126269358902, 130.953244438802, 60.6817932128906, 2009603, 4, 96
2019.92045698, 47.712468256265, 130.953221478843, 60.640438079834, 2009603, 4, 95
2019.92045698, 47.7123032159422, 130.953197687211, 60.6044006347656, 2009603, 4, 95
2019.92045698, 47.7121445070271, 130.953174856873, 60.6350250244141, 2009603, 4, 94
2019.92045698, 47.7119984595457, 130.953154023791, 60.6545677185059, 2009603, 4, 94
2019.92045698, 47.7118779183179, 130.953137057985, 60.5989952087402, 2009603, 4, 94
2019.92045724, 47.1997204796297, 130.880539626161, 68.4734954833984, 2009603, 4, 82
2019.92045724, 47.1948499037382, 130.879854550741, 69.0486602783203, 2009603, 4, 70
2019.92045724, 47.187342461477, 130.878787085705, 68.4859085083008, 2009603, 4, 90
2019.92045725, 47.1848315470359, 130.87844250286, 68.5311660766602, 2009603, 4, 55
2019.92045444, 52.7974389862945, 131.67461196897, 339.990386962891, 2009603, 5, 72
2019.92045558, 50.5008575981611, 131.318440273291, 254.414840698242, 2009603, 5, 61
2019.92045559, 50.4894138170786, 131.316704402015, 254.44694519043, 2009603, 5, 91
2019.92045559, 50.4880968986581, 131.316501128658, 254.471755981445, 2009603, 5, 61
2019.9204569, 47.8594587804501, 130.93212174947, 64.2492065429688, 2009603, 5, 88
2019.9204569, 47.8589562658587, 130.932048462318, 64.2776184082031, 2009603, 5, 95
2019.9204569, 47.8584092904509, 130.931969086001, 64.2420501708984, 2009603, 5, 96
2019.9204569, 47.8578751400967, 130.931892391597, 64.2687301635742, 2009603, 5, 95
2019.9204569, 47.8572707973503, 130.931806030072, 64.3000793457031, 2009603, 5, 97
2019.9204569, 47.8566786126567, 130.931721519427, 64.137580871582, 2009603, 5, 96
2019.9204569, 47.8561366376882, 130.931644368864, 64.1375045776367, 2009603, 5, 97
2019.9204569, 47.85546619034, 130.931549583015, 64.2119522094727, 2009603, 5, 97
2019.9204569, 47.8548475765268, 130.931462149964, 64.136344909668, 2009603, 5, 97
2019.9204569, 47.8542878401157, 130.93138284719, 64.1070709228516, 2009603, 5, 97
2019.9204569, 47.85377969623, 130.931310746504, 64.1366958618164, 2009603, 5, 97
2019.9204569, 47.8531571459346, 130.931222784099, 63.9385375976562, 2009603, 5, 96
2019.9204569, 47.8525972146688, 130.931143476749, 63.9968490600586, 2009603, 5, 96
2019.9204569, 47.851991286468, 130.93105713398, 63.9542999267578, 2009603, 5, 97
2019.9204569, 47.8513779349974, 130.93096963299, 63.9867820739746, 2009603, 5, 97
2019.9204569, 47.8506306570701, 130.930864342484, 63.9293060302734, 2009603, 5, 97
2019.9204569, 47.8499176030785, 130.930764354712, 63.9028472900391, 2009603, 5, 96
2019.92045691, 47.849036740835, 130.930638461484, 63.8804244995117, 2009603, 5, 97
2019.92045691, 47.8469337474647, 130.930340119842, 63.8493843078613, 2009603, 5, 96
2019.92045691, 47.8457462174155, 130.930171814595, 63.858268737793, 2009603, 5, 97
2019.92045691, 47.8443184612583, 130.929972658928, 64.0144577026367, 2009603, 5, 96
2019.92045691, 47.8431485298835, 130.929803322936, 63.864574432373, 2009603, 5, 96
2019.92045691, 47.842138576979, 130.929660071077, 63.8027420043945, 2009603, 5, 92
2019.92045691, 47.8409935624107, 130.929495426313, 63.7716903686523, 2009603, 5, 59
2019.92045691, 47.8400526800294, 130.92936347399, 63.6526489257812, 2009603, 5, 60
2019.92045838, 44.894732973184, 130.523160522164, 264.970520019531, 1360419, 5, 52
2019.92045445, 52.798502930763, 131.673454745849, 339.690856933594, 2009603, 6, 92
2019.92045445, 52.7982552561442, 131.673416611699, 339.638946533203, 2009603, 6, 91
2019.92045445, 52.7977161574982, 131.673331099749, 339.970153808594, 2009603, 6, 86
2019.92045445, 52.7974561789151, 131.673288643813, 339.951171875, 2009603, 6, 87
2019.92045445, 52.7917516090224, 131.672362107408, 338.476287841797, 2009603, 6, 70
2019.92045445, 52.7914393839978, 131.672312103973, 338.458068847656, 2009603, 6, 82
2019.92045445, 52.7911217423755, 131.672263015181, 338.559875488281, 2009603, 6, 76
2019.92045553, 50.6364699272544, 131.33765838852, 285.883270263672, 2009603, 6, 84
2019.92045553, 50.6361751710409, 131.337616318094, 285.916046142578, 2009603, 6, 73
2019.92045553, 50.6360727975095, 131.337601556845, 285.849853515625, 2009603, 6, 73
2019.92045553, 50.6337423736366, 131.337236660556, 284.925872802734, 2009603, 6, 54
2019.92045553, 50.6336533799241, 131.33722362313, 284.962829589844, 2009603, 6, 54
2019.92045553, 50.6335707123646, 131.337211564567, 284.96044921875, 2009603, 6, 54
2019.92045559, 50.500546278592, 131.317104170069, 254.331481933594, 2009603, 6, 79
2019.92045559, 50.4995415453119, 131.316947960379, 254.335052490234, 2009603, 6, 64
2019.9204556, 50.4987437921275, 131.316821969223, 254.317199707031, 2009603, 6, 62
2019.9204556, 50.4977876702359, 131.31667412014, 254.319702148438, 2009603, 6, 57
2019.9204556, 50.4919967600852, 131.31579060575, 254.346374511719, 2009603, 6, 92
2019.9204556, 50.4918828511, 131.315772827328, 254.34294128418, 2009603, 6, 92
2019.9204556, 50.4918006490531, 131.315759986339, 254.344619750977, 2009603, 6, 92
2019.9204556, 50.4917374483824, 131.315750119887, 254.354995727539, 2009603, 6, 93
2019.9204556, 50.4916679669627, 131.31573937116, 254.329650878906, 2009603, 6, 93
2019.9204556, 50.4916111258008, 131.315730483304, 254.333709716797, 2009603, 6, 93
2019.9204556, 50.4915543053047, 131.315721641966, 254.32502746582, 2009603, 6, 93
2019.9204556, 50.4914280729094, 131.315702039765, 254.383514404297, 2009603, 6, 93
2019.9204556, 50.4912703390377, 131.315677619243, 254.322006225586, 2009603, 6, 93
2019.9204556, 50.4910305913045, 131.315640278357, 254.343154907227, 2009603, 6, 93
2019.9204556, 50.4906324685707, 131.315578928952, 254.366546630859, 2009603, 6, 93
2019.9204556, 50.4901885259625, 131.315511909203, 254.346893310547, 2009603, 6, 93
2019.9204556, 50.489263412851, 131.31537651166, 254.25602722168, 2009603, 6, 93
2019.92045691, 47.8608667346097, 130.931124229531, 64.2970733642578, 2009603, 6, 87
2019.92045691, 47.8607383757714, 130.931105717447, 64.1490783691406, 2009603, 6, 87
2019.92045691, 47.8605586881304, 130.931080004529, 64.2003021240234, 2009603, 6, 87
2019.92045691, 47.8602508796228, 130.93103631735, 64.3720169067383, 2009603, 6, 95
2019.92045691, 47.8601099570994, 130.931016405536, 64.3740615844727, 2009603, 6, 96
2019.92045691, 47.8599884477698, 130.930999589418, 64.3606262207031, 2009603, 6, 96
2019.92045691, 47.8598414701681, 130.930979017549, 64.4429779052734, 2009603, 6, 96
2019.92045691, 47.8597010473835, 130.930959498645, 64.3608551025391, 2009603, 6, 96
2019.92045691, 47.8594206387992, 130.930920413623, 64.404899597168, 2009603, 6, 96
2019.92045691, 47.858988200845, 130.930859268369, 64.2326126098633, 2009603, 6, 97
2019.92045691, 47.8588674483039, 130.930842126847, 64.0826644897461, 2009603, 6, 97
2019.92045691, 47.8587089508839, 130.930818965301, 64.1267700195312, 2009603, 6, 96
2019.92045691, 47.8585631236108, 130.930797602807, 64.1224670410156, 2009603, 6, 96
2019.92045691, 47.8584362516884, 130.93077887438, 64.0633926391602, 2009603, 6, 95
2019.92045691, 47.8583220117796, 130.930762066364, 64.0510330200195, 2009603, 6, 95
2019.92045691, 47.8581886278659, 130.930742463579, 64.1192398071289, 2009603, 6, 97
2019.92045691, 47.858048757536, 130.930721958686, 64.1474990844727, 2009603, 6, 97
2019.92045691, 47.8579023695447, 130.930700619093, 64.1824722290039, 2009603, 6, 96
2019.92045691, 47.8577749393484, 130.930682155493, 64.0829620361328, 2009603, 6, 96
2019.92045691, 47.8576285557476, 130.930660985181, 64.0825881958008, 2009603, 6, 96
2019.92045691, 47.8574747368491, 130.930639286954, 64.0056762695312, 2009603, 6, 97
2019.92045691, 47.8572952523236, 130.930614218018, 64.0268707275391, 2009603, 6, 97
2019.92045691, 47.8571735281924, 130.930597320699, 64.0196762084961, 2009603, 6, 97
2019.92045691, 47.8570263441807, 130.930577046594, 64.0440902709961, 2009603, 6, 97
2019.92045691, 47.8568921641237, 130.93055851964, 64.1242294311523, 2009603, 6, 97
2019.92045691, 47.8567710016435, 130.930541911627, 64.1153030395508, 2009603, 6, 97
2019.92045691, 47.8566310220211, 130.930522804112, 64.078971862793, 2009603, 6, 96
2019.92045691, 47.8564977294548, 130.9305045016, 63.9808502197266, 2009603, 6, 96
2019.92045691, 47.8563517693828, 130.930484638293, 64.0151214599609, 2009603, 6, 96
2019.92045691, 47.8561947370483, 130.930462886779, 64.0376052856445, 2009603, 6, 97
2019.92045691, 47.8560380245494, 130.930441176355, 64.0387268066406, 2009603, 6, 97
2019.92045691, 47.8558751985127, 130.930418575449, 64.0606079101562, 2009603, 6, 97
2019.92045691, 47.8557248788215, 130.930397701475, 64.026008605957, 2009603, 6, 96
2019.92045691, 47.8555743841583, 130.930376770632, 63.9750633239746, 2009603, 6, 96
2019.92045691, 47.8554550289715, 130.930360115286, 63.9931945800781, 2009603, 6, 97
2019.92045691, 47.8552912960703, 130.930337382479, 64.0077743530273, 2009603, 6, 97
2019.92045691, 47.8551269622906, 130.930314498144, 64.0885391235352, 2009603, 6, 97
2019.92045691, 47.8549808964139, 130.930294079541, 64.1175384521484, 2009603, 6, 98
2019.92045691, 47.8548339922811, 130.930273675717, 64.0201110839844, 2009603, 6, 98
2019.92045691, 47.8546865978628, 130.9302531852, 64.0543060302734, 2009603, 6, 96
2019.92045691, 47.8545516482106, 130.930234440983, 64.0505981445312, 2009603, 6, 96
2019.92045691, 47.8544034741705, 130.930213627062, 64.0777053833008, 2009603, 6, 97
2019.92045691, 47.8542550346453, 130.930192921631, 64.0469665527344, 2009603, 6, 97
2019.92045691, 47.8541193157952, 130.930173798586, 64.0570220947266, 2009603, 6, 97
2019.92045691, 47.8539511809495, 130.930150155642, 64.0043334960938, 2009603, 6, 98
2019.92045691, 47.8538025167105, 130.93012914685, 64.0483703613281, 2009603, 6, 98
2019.92045691, 47.8536537022988, 130.930107996252, 63.9669914245605, 2009603, 6, 98
2019.92045691, 47.8535051024671, 130.930086878906, 63.9657363891602, 2009603, 6, 98
2019.92045691, 47.8533374573231, 130.930062718862, 64.0275268554688, 2009603, 6, 96
2019.92045691, 47.8531767312008, 130.930039528583, 63.9951438903809, 2009603, 6, 97
2019.92045691, 47.8530421083456, 130.930019813415, 64.0201034545898, 2009603, 6, 97
2019.92045691, 47.8528759987211, 130.929995420079, 64.1311645507812, 2009603, 6, 97
2019.92045691, 47.852685112678, 130.929967134175, 64.0807647705078, 2009603, 6, 96
2019.92045691, 47.8525263157703, 130.929943485688, 64.0483703613281, 2009603, 6, 96
2019.92045691, 47.8523691002117, 130.929919692078, 64.0271835327148, 2009603, 6, 96
2019.92045691, 47.8521746168537, 130.929890212024, 63.9818153381348, 2009603, 6, 96
2019.92045691, 47.8519928585955, 130.929862645011, 64.0318450927734, 2009603, 6, 97
2019.92045691, 47.8518109941899, 130.929835133282, 64.0251770019531, 2009603, 6, 97
2019.92045691, 47.8514523782341, 130.929781761369, 64.0308303833008, 2009603, 6, 96
2019.92045692, 47.8510458958504, 130.929722847037, 64.0482559204102, 2009603, 6, 96
2019.92045692, 47.8508600917438, 130.92969650389, 63.9655990600586, 2009603, 6, 96
2019.92045692, 47.850667595014, 130.929669911408, 63.8572158813477, 2009603, 6, 96
2019.92045692, 47.8504621858215, 130.929641992086, 63.8316688537598, 2009603, 6, 96
2019.92045692, 47.8502954230126, 130.929619663626, 63.8854560852051, 2009603, 6, 96
2019.92045692, 47.850077750884, 130.929590922735, 63.9220733642578, 2009603, 6, 96
2019.92045692, 47.8498166219318, 130.929557240502, 63.8651084899902, 2009603, 6, 96
2019.92045692, 47.8495887174388, 130.929528095952, 63.8895568847656, 2009603, 6, 96
2019.92045692, 47.8493484954728, 130.929496929577, 63.8413352966309, 2009603, 6, 96
2019.92045692, 47.8491145731216, 130.929465538291, 63.8358993530273, 2009603, 6, 97
2019.92045692, 47.8488866783591, 130.929433853097, 63.8228378295898, 2009603, 6, 97
2019.92045692, 47.8486519474025, 130.929400006151, 63.8194961547852, 2009603, 6, 97
2019.92045692, 47.8483835848969, 130.929358477711, 63.8089828491211, 2009603, 6, 96
2019.92045692, 47.8481596528393, 130.929323330756, 63.7910232543945, 2009603, 6, 94
2019.92045692, 47.8479101020467, 130.929284258434, 63.8981666564941, 2009603, 6, 95
2019.92045692, 47.8476224622937, 130.929240147829, 63.8126258850098, 2009603, 6, 96
2019.92045692, 47.8473609163328, 130.929201435551, 63.7695503234863, 2009603, 6, 95
2019.92045692, 47.8470438537782, 130.929157835716, 63.791618347168, 2009603, 6, 96
2019.92045692, 47.8467137931108, 130.929113682873, 63.8351097106934, 2009603, 6, 96
2019.92045692, 47.8464144748636, 130.929073421425, 63.8858070373535, 2009603, 6, 97
2019.92045692, 47.846101070627, 130.929030529178, 63.7662620544434, 2009603, 6, 97
2019.92045692, 47.8454620243626, 130.928937012325, 64.1364059448242, 2009603, 6, 96
2019.92045692, 47.845153013934, 130.928891197936, 64.1195526123047, 2009603, 6, 97
2019.92045692, 47.8442130429647, 130.928754961846, 63.8655471801758, 2009603, 6, 97
2019.92045692, 47.8439294142985, 130.928714972989, 63.9367332458496, 2009603, 6, 97
2019.92045692, 47.8436580975079, 130.92867686577, 63.8585395812988, 2009603, 6, 97
2019.92045692, 47.8431059713893, 130.928599316798, 63.8026962280273, 2009603, 6, 93
2019.92045692, 47.8420072489689, 130.928442003951, 63.6813812255859, 2009603, 6, 61
2019.92045692, 47.8417644946101, 130.928406897262, 63.6269416809082, 2009603, 6, 55
2019.92045692, 47.8415031295063, 130.928369450501, 63.5981712341309, 2009603, 6, 51
2019.92045724, 47.2008032975448, 130.838010562229, 68.5123672485352, 2009603, 6, 65
2019.92045725, 47.1875788538411, 130.836158392803, 68.8608627319336, 2009603, 6, 89
2019.92045725, 47.1864027364862, 130.835993781818, 68.9469833374023, 2009603, 6, 94
2019.92045725, 47.1850785910506, 130.835805860334, 68.8618469238281, 2009603, 6, 94
2019.92045725, 47.1812462211212, 130.835266083421, 69.0428237915039, 2009603, 6, 88
2019.92045725, 47.1793573100222, 130.835008555917, 69.0545654296875, 2009603, 6, 90
2019.92045725, 47.1781161435419, 130.834827083412, 69.0715866088867, 2009603, 6, 91
2019.92045725, 47.1770414883705, 130.834674331923, 69.0963363647461, 2009603, 6, 88
2019.92045726, 47.1634650236073, 130.832776689094, 69.2837295532227, 2009603, 6, 81
2019.92045839, 44.8952106493145, 130.52209482482, 264.931610107422, 1360419, 6, 62
2019.92045839, 44.8951469664769, 130.522086413006, 264.92822265625, 1360419, 6, 62
2019.92045839, 44.8950896141304, 130.522078719368, 264.908416748047, 1360419, 6, 62
2019.92045839, 44.8950258771387, 130.522070284601, 264.937957763672, 1360419, 6, 62
