2019.41057809, 52.1455305014046, 117.399838285909, 444.709716796875, 2009603, 1, 61
2019.41057809, 52.1455623601389, 117.399833175796, 444.682342529297, 2009603, 1, 61
2019.41057809, 52.1456005728268, 117.399827085125, 444.701324462891, 2009603, 1, 61
2019.41057809, 52.1456387802525, 117.3998210055, 444.7109375, 2009603, 1, 61
2019.41057809, 52.1456833528191, 117.399813903905, 444.749542236328, 2009603, 1, 61
2019.41057809, 52.145721557464, 117.399807799497, 444.717956542969, 2009603, 1, 61
2019.41057809, 52.1457533876724, 117.39980272842, 444.758666992188, 2009603, 1, 92
2019.41057809, 52.1457915839743, 117.399796622673, 444.73583984375, 2009603, 1, 92
2019.41057809, 52.1458297744616, 117.39979053134, 444.747711181641, 2009603, 1, 92
2019.41057809, 52.1458743283824, 117.399783412809, 444.757080078125, 2009603, 1, 92
2019.41057809, 52.1459125248084, 117.399777272111, 444.762176513672, 2009603, 1, 92
2019.41057809, 52.1459570585136, 117.399770193525, 444.752990722656, 2009603, 1, 92
2019.41057809, 52.1459952494506, 117.399764046375, 444.728759765625, 2009603, 1, 92
2019.41057809, 52.1460397768417, 117.399756955315, 444.744018554688, 2009603, 1, 93
2019.41057809, 52.1460906631286, 117.39974884533, 444.73974609375, 2009603, 1, 93
2019.41057809, 52.1461352009998, 117.399741695378, 444.744049072266, 2009603, 1, 93
2019.41057809, 52.1461733665825, 117.399735590596, 444.744354248047, 2009603, 1, 93
2019.41057809, 52.1462115241095, 117.399729502251, 444.750518798828, 2009603, 1, 93
2019.41057809, 52.1462496841232, 117.399723392771, 444.756988525391, 2009603, 1, 93
2019.41057809, 52.1462941962896, 117.399716292037, 444.748931884766, 2009603, 1, 93
2019.41057809, 52.1463323554526, 117.399710178486, 444.771270751953, 2009603, 1, 93
2019.41057809, 52.1463704945074, 117.399704124989, 444.720855712891, 2009603, 1, 93
2019.41057809, 52.1464022916808, 117.399699028934, 444.720916748047, 2009603, 1, 93
2019.41057809, 52.1464340896821, 117.399693918765, 444.752899169922, 2009603, 1, 93
2019.41057809, 52.1464722324834, 117.399687842766, 444.720855712891, 2009603, 1, 93
2019.41057809, 52.1465040306177, 117.39968273224, 444.744873046875, 2009603, 1, 92
2019.41057809, 52.1465421690409, 117.399676664921, 444.6875, 2009603, 1, 92
2019.41057809, 52.1465739565381, 117.399671586637, 444.7021484375, 2009603, 1, 92
2019.41057809, 52.146605747415, 117.399666496566, 444.691955566406, 2009603, 1, 92
2019.41057809, 52.1466375355743, 117.399661413074, 444.702423095703, 2009603, 1, 92
2019.41057809, 52.146669325679, 117.399656315815, 444.711090087891, 2009603, 1, 92
2019.41057809, 52.1467011066063, 117.399651257225, 444.714996337891, 2009603, 1, 92
2019.41057809, 52.1467328974857, 117.399646162847, 444.702178955078, 2009603, 1, 92
2019.41057809, 52.1467583409116, 117.399642014495, 444.686462402344, 2009603, 1, 92
2019.41057809, 52.1467901196481, 117.399636975501, 444.710235595703, 2009603, 1, 92
2019.41057809, 52.1468155558333, 117.399632899016, 444.705871582031, 2009603, 1, 92
2019.41057809, 52.1468473457447, 117.399627824165, 444.702667236328, 2009603, 1, 92
2019.41057809, 52.146885478989, 117.399621777936, 444.731628417969, 2009603, 1, 92
2019.41057809, 52.1469236276406, 117.399615688222, 444.740447998047, 2009603, 1, 92
2019.41057809, 52.1469617819133, 117.399609579177, 444.749053955078, 2009603, 1, 92
2019.41057809, 52.1469999267853, 117.399603505938, 444.717895507812, 2009603, 1, 92
2019.41057809, 52.1470317144055, 117.399598444273, 444.730834960938, 2009603, 1, 92
2019.41057809, 52.1470698743809, 117.399592323456, 444.732055664062, 2009603, 1, 92
2019.41057809, 52.1471080178329, 117.399586252891, 444.7265625, 2009603, 1, 92
2019.41057809, 52.147139809529, 117.399581184976, 444.705688476562, 2009603, 1, 92
2019.41057809, 52.1471716088209, 117.399576091491, 444.70703125, 2009603, 1, 92
2019.41057809, 52.1472034031148, 117.39957101885, 444.713043212891, 2009603, 1, 92
2019.41057809, 52.1472351993838, 117.399565940095, 444.716583251953, 2009603, 1, 92
2019.41057809, 52.1472670099418, 117.399560816125, 444.750640869141, 2009603, 1, 90
2019.41057809, 52.1473051675602, 117.39955471457, 444.724792480469, 2009603, 1, 90
2019.41057809, 52.1473433200888, 117.399548641477, 444.756805419922, 2009603, 1, 90
2019.41057809, 52.1473814770047, 117.399542555275, 444.748077392578, 2009603, 1, 90
2019.41057809, 52.1474132925008, 117.399537425421, 444.707702636719, 2009603, 1, 90
2019.41057809, 52.1474514580004, 117.399531316468, 444.748352050781, 2009603, 1, 90
2019.41057809, 52.1474959855968, 117.399524189798, 444.743347167969, 2009603, 1, 90
2019.41057903, 54.0248453232141, 117.092798470245, 707.783508300781, 2009603, 1, 61
2019.410576, 47.9335222769604, 118.037535128978, 593.37255859375, 2006420, 2, 53
2019.410576, 47.933643111801, 118.037517754703, 593.335632324219, 2006420, 2, 53
2019.410576, 47.9337512209416, 118.037502304456, 593.299377441406, 2006420, 2, 72
2019.410576, 47.9338911236459, 118.037482401522, 593.326904296875, 2006420, 2, 72
2019.4105781, 52.1460425473432, 117.40101788589, 444.717193603516, 2009603, 2, 73
2019.4105781, 52.1462022134857, 117.400993190144, 444.714202880859, 2009603, 2, 92
2019.4105781, 52.1463427492846, 117.400971297996, 444.713958740234, 2009603, 2, 92
2019.4105781, 52.1464832851443, 117.400949274886, 444.731170654297, 2009603, 2, 92
2019.4105781, 52.1466174160778, 117.400928105636, 444.719207763672, 2009603, 2, 93
2019.4105781, 52.1467324026984, 117.400909942724, 444.707214355469, 2009603, 2, 93
2019.4105781, 52.1468535837076, 117.400890356411, 444.702117919922, 2009603, 2, 93
2019.4105781, 52.1469747353542, 117.400870720395, 444.692169189453, 2009603, 2, 93
2019.4105781, 52.1470894786883, 117.400852080467, 444.714141845703, 2009603, 2, 93
2019.4105781, 52.1471978203915, 117.400834431335, 444.716003417969, 2009603, 2, 93
2019.4105781, 52.1473125075469, 117.400815745549, 444.726043701172, 2009603, 2, 93
2019.4105781, 52.1474271706212, 117.400797077094, 444.723724365234, 2009603, 2, 93
2019.4105781, 52.1475545424017, 117.400776363314, 444.731628417969, 2009603, 2, 93
2019.4105781, 52.1476755243356, 117.400756766836, 444.744873046875, 2009603, 2, 93
2019.4105788, 53.5441646610933, 117.174249913493, 795.785461425781, 2002011, 2, 84
2019.4105788, 53.5445853953431, 117.1741794478, 795.902648925781, 2002011, 2, 85
2019.4105788, 53.5448079794924, 117.174142026104, 795.963134765625, 2002011, 2, 56
2019.4105788, 53.5449476469572, 117.174118493291, 795.965270996094, 2002011, 2, 56
2019.41057904, 54.0262476377601, 117.093885923373, 708.131225585938, 2009603, 2, 85
2019.410576, 47.9567443257629, 118.076246944898, 595.959106445312, 2006420, 3, 75
2019.410576, 47.9568345354404, 118.076233510814, 595.9892578125, 2006420, 3, 75
2019.410576, 47.9569053646815, 118.076222940453, 595.9697265625, 2006420, 3, 75
2019.410576, 47.9569439901269, 118.076217164753, 595.962341308594, 2006420, 3, 75
2019.410576, 47.9569890104951, 118.076210432966, 595.905395507812, 2006420, 3, 75
2019.410576, 47.965255780853, 118.075022201803, 596.677429199219, 2006420, 3, 60
2019.410576, 47.9652812561316, 118.075018481345, 596.704284667969, 2006420, 3, 60
2019.410576, 47.9653067358013, 118.075014759188, 596.719543457031, 2006420, 3, 60
2019.410576, 47.9653322278077, 118.075011033253, 596.70849609375, 2006420, 3, 60
2019.410576, 47.9653577247035, 118.075007306201, 596.704528808594, 2006420, 3, 60
2019.410576, 47.965383224055, 118.075003579391, 596.701293945312, 2006420, 3, 60
2019.410576, 47.9654087316733, 118.074999850723, 596.687438964844, 2006420, 3, 70
2019.410576, 47.9654342451309, 118.074996120882, 596.702453613281, 2006420, 3, 70
2019.410576, 47.9654661339038, 118.074991462779, 596.693603515625, 2006420, 3, 70
2019.410576, 47.965491660508, 118.074987731567, 596.697326660156, 2006420, 3, 70
2019.410576, 47.9655171937037, 118.074983999119, 596.694152832031, 2006420, 3, 78
2019.410576, 47.9655490995242, 118.074979342643, 596.706909179688, 2006420, 3, 78
2019.410576, 47.9655746402277, 118.074975613112, 596.689575195312, 2006420, 3, 78
2019.410576, 47.9656001936604, 118.074971880852, 596.700561523438, 2006420, 3, 78
2019.410576, 47.9656257435578, 118.074968153101, 596.730773925781, 2006420, 3, 78
2019.410576, 47.9656576782547, 118.074963498818, 596.725036621094, 2006420, 3, 78
2019.410576, 47.9656896300138, 118.0749588422, 596.719482421875, 2006420, 3, 78
2019.410576, 47.9657152051077, 118.074955114556, 596.720825195312, 2006420, 3, 78
2019.410576, 47.9657471569723, 118.074950467039, 596.731628417969, 2006420, 3, 78
2019.41057601, 47.9690234827995, 118.074483478785, 596.976867675781, 2006420, 3, 65
2019.41057601, 47.9690489010021, 118.074479664106, 596.977294921875, 2006420, 3, 65
2019.41057601, 47.9690743257247, 118.074475848194, 596.974426269531, 2006420, 3, 65
2019.41057601, 47.9690997510758, 118.074472033318, 596.976684570312, 2006420, 3, 65
2019.41057601, 47.9691251801767, 118.0744682186, 596.985107421875, 2006420, 3, 65
2019.41057601, 47.9691506186887, 118.074464401815, 596.979614257812, 2006420, 3, 65
2019.41057601, 47.9691760508064, 118.074460589934, 596.9697265625, 2006420, 3, 65
2019.41057601, 47.9692014940702, 118.074456774937, 596.959533691406, 2006420, 3, 65
2019.41057601, 47.9692205854537, 118.07445391207, 596.965637207031, 2006420, 3, 65
2019.41057601, 47.9692460348344, 118.074450099567, 596.97412109375, 2006420, 3, 65
2019.41057601, 47.9692714889774, 118.074446287864, 596.9638671875, 2006420, 3, 61
2019.41057601, 47.9692969492322, 118.074442476846, 596.977722167969, 2006420, 3, 61
2019.41057601, 47.9694242694853, 118.074423463903, 597.123168945312, 2006420, 3, 61
2019.41057601, 47.9801897214484, 118.072883596938, 598.021606445312, 2006420, 3, 85
2019.41057676, 49.4735061134796, 117.855554481472, 544.661499023438, 2009588, 3, 69
2019.41057676, 49.4736529817362, 117.855533115921, 544.684753417969, 2009588, 3, 69
2019.41057676, 49.4737935869172, 117.85551270375, 544.675537109375, 2009588, 3, 87
2019.41057676, 49.4738703115288, 117.855501576623, 544.650756835938, 2009588, 3, 87
2019.41057676, 49.4739981958273, 117.855483038274, 544.736145019531, 2009588, 3, 87
2019.41057676, 49.4742474503257, 117.855446905149, 544.667358398438, 2009588, 3, 79
2019.41057676, 49.4785309684984, 117.854813619673, 544.481262207031, 2009588, 3, 83
2019.41057676, 49.4785690479366, 117.854807897842, 544.485473632812, 2009588, 3, 83
2019.41057676, 49.4786070906619, 117.854802200264, 544.447692871094, 2009588, 3, 83
2019.41057676, 49.4786451351145, 117.854796510824, 544.464782714844, 2009588, 3, 83
2019.41057676, 49.4786831661062, 117.854790836275, 544.507385253906, 2009588, 3, 83
2019.41057676, 49.4787275168248, 117.854784235861, 544.452941894531, 2009588, 3, 83
2019.41057676, 49.480792398523, 117.854486549674, 543.991333007812, 2009588, 3, 55
2019.41057676, 49.4809326478141, 117.85446574487, 543.998474121094, 2009588, 3, 55
2019.41057676, 49.4811492764832, 117.854432762792, 543.968139648438, 2009588, 3, 90
2019.41057676, 49.4813020144797, 117.854409386906, 543.973876953125, 2009588, 3, 85
2019.41057676, 49.4814291780094, 117.854389901458, 543.9755859375, 2009588, 3, 85
2019.41057676, 49.4815689043787, 117.85436851903, 543.962341308594, 2009588, 3, 85
2019.41057676, 49.481651408099, 117.854355921318, 543.954040527344, 2009588, 3, 85
2019.41057676, 49.4817148148567, 117.854346268113, 543.942199707031, 2009588, 3, 85
2019.41057676, 49.4857584823529, 117.853745197861, 543.821044921875, 2009588, 3, 54
2019.41057676, 49.4857837495199, 117.853741428538, 543.817687988281, 2009588, 3, 54
2019.41057676, 49.4858027014585, 117.853738596753, 543.796997070312, 2009588, 3, 54
2019.41057676, 49.4858216546403, 117.853735760411, 543.807739257812, 2009588, 3, 54
2019.41057676, 49.4858405961827, 117.853732925149, 543.8193359375, 2009588, 3, 54
2019.41057676, 49.4858658497335, 117.853729141084, 543.812561035156, 2009588, 3, 54
2019.41057676, 49.4858847863027, 117.853726300215, 543.810791015625, 2009588, 3, 54
2019.41057676, 49.4859037280378, 117.853723453573, 543.809997558594, 2009588, 3, 54
2019.41057676, 49.4859291261252, 117.85372001068, 543.809997558594, 2009588, 3, 54
2019.41057676, 49.4859480318381, 117.853717089712, 543.808837890625, 2009588, 3, 54
2019.41057676, 49.4859732231237, 117.853713197108, 543.823974609375, 2009588, 3, 54
2019.41057676, 49.4859921260434, 117.853710269853, 543.802124023438, 2009588, 3, 54
2019.41057676, 49.486017309586, 117.853706371296, 543.798400878906, 2009588, 3, 91
2019.41057676, 49.4860424991987, 117.853702465238, 543.78466796875, 2009588, 3, 91
2019.41057676, 49.4860676896073, 117.853698554053, 543.794799804688, 2009588, 3, 91
2019.41057676, 49.4860928751315, 117.853694642329, 543.794799804688, 2009588, 3, 91
2019.41057676, 49.4861180575626, 117.853690728587, 543.796997070312, 2009588, 3, 91
2019.41057676, 49.4861432398784, 117.853686812458, 543.7939453125, 2009588, 3, 91
2019.41057676, 49.4861684223239, 117.853682894092, 543.791381835938, 2009588, 3, 91
2019.41057676, 49.4861935960178, 117.85367897825, 543.805358886719, 2009588, 3, 91
2019.41057676, 49.4862124880653, 117.853676035428, 543.816284179688, 2009588, 3, 91
2019.41057676, 49.4862314164218, 117.853673075822, 543.553955078125, 2009588, 3, 91
2019.41057809, 52.1555150729576, 117.445493975734, 443.469573974609, 2009603, 3, 79
2019.41057809, 52.1555404496253, 117.445489858135, 443.480743408203, 2009603, 3, 79
2019.41057809, 52.1555658221567, 117.44548573784, 443.487518310547, 2009603, 3, 79
2019.41057809, 52.1555911883234, 117.445481616407, 443.494934082031, 2009603, 3, 79
2019.41057809, 52.1556102166384, 117.445478521053, 443.468170166016, 2009603, 3, 79
2019.41057809, 52.1556355775097, 117.445474395114, 443.468566894531, 2009603, 3, 79
2019.41057809, 52.1556609296573, 117.445470269742, 443.475616455078, 2009603, 3, 79
2019.41057809, 52.1556862858757, 117.445466138468, 443.472015380859, 2009603, 3, 79
2019.41057809, 52.1557116305082, 117.445462009527, 443.470886230469, 2009603, 3, 79
2019.41057809, 52.1557369812084, 117.445457873923, 443.47802734375, 2009603, 3, 79
2019.41057809, 52.1557623276983, 117.445453737153, 443.480834960938, 2009603, 3, 94
2019.41057809, 52.155781342706, 117.445450629841, 443.478851318359, 2009603, 3, 94
2019.41057809, 52.1558066850996, 117.445446489968, 443.483154296875, 2009603, 3, 94
2019.41057809, 52.1558320245264, 117.445442348489, 443.494232177734, 2009603, 3, 94
2019.41057809, 52.1558636908789, 117.445437171912, 443.512145996094, 2009603, 3, 94
2019.41057809, 52.1558890241105, 117.445433027986, 443.505523681641, 2009603, 3, 94
2019.41057809, 52.1559143558739, 117.445428882406, 443.507934570312, 2009603, 3, 94
2019.41057809, 52.1559333570196, 117.445425770054, 443.505737304688, 2009603, 3, 94
2019.41057809, 52.1559586821512, 117.445421624607, 443.506958007812, 2009603, 3, 94
2019.41057809, 52.1559840090867, 117.445417476222, 443.503143310547, 2009603, 3, 94
2019.41057809, 52.1560093335113, 117.445413327558, 443.486389160156, 2009603, 3, 93
2019.41057809, 52.1560283295703, 117.445410213735, 443.509002685547, 2009603, 3, 93
2019.41057809, 52.1560536547502, 117.445406062708, 443.492309570312, 2009603, 3, 93
2019.41057809, 52.1560789749943, 117.445401912765, 443.49560546875, 2009603, 3, 93
2019.41057809, 52.1561042911978, 117.445397764117, 443.475250244141, 2009603, 3, 93
2019.41057809, 52.1561296056942, 117.445393615481, 443.479400634766, 2009603, 3, 93
2019.41057809, 52.1561549204087, 117.445389465776, 443.474243164062, 2009603, 3, 93
2019.41057809, 52.1561802365917, 117.445385315534, 443.484924316406, 2009603, 3, 93
2019.41057809, 52.156205552365, 117.445381165502, 443.46630859375, 2009603, 3, 93
2019.41057809, 52.1562308677804, 117.445377015557, 443.475982666016, 2009603, 3, 93
2019.41057809, 52.1562498593342, 117.445373901052, 443.469818115234, 2009603, 3, 93
2019.41057809, 52.1562751664997, 117.445369755751, 443.472412109375, 2009603, 3, 92
2019.41057809, 52.1563004805879, 117.445365607594, 443.481506347656, 2009603, 3, 92
2019.41057809, 52.156325791232, 117.445361462055, 443.496978759766, 2009603, 3, 92
2019.41057809, 52.1563511067229, 117.445357315056, 443.475830078125, 2009603, 3, 92
2019.41057809, 52.1563764164272, 117.445353171289, 443.476928710938, 2009603, 3, 92
2019.41057809, 52.1564017311934, 117.445349027072, 443.474456787109, 2009603, 3, 92
2019.41057809, 52.1564270437916, 117.445344885253, 443.456298828125, 2009603, 3, 92
2019.41057809, 52.1564460368971, 117.445341775641, 443.457611083984, 2009603, 3, 92
2019.41057809, 52.1564713447447, 117.445337639508, 443.458770751953, 2009603, 3, 92
2019.41057809, 52.156490336496, 117.445334533034, 443.452545166016, 2009603, 3, 92
2019.41057809, 52.1565156561008, 117.445330394634, 443.453125, 2009603, 3, 92
2019.41057809, 52.1565409646822, 117.445326263678, 443.447967529297, 2009603, 3, 92
2019.41057809, 52.1565662825461, 117.445322130535, 443.452606201172, 2009603, 3, 92
2019.41057809, 52.1565915978423, 117.445318000645, 443.492004394531, 2009603, 3, 92
2019.41057809, 52.1566105934657, 117.445314900934, 443.494934082031, 2009603, 3, 92
2019.41057809, 52.1566359178298, 117.44531077245, 443.480010986328, 2009603, 3, 92
2019.41057809, 52.1566612375344, 117.445306649016, 443.501678466797, 2009603, 3, 92
2019.41057809, 52.1566865657501, 117.445302524735, 443.495147705078, 2009603, 3, 92
2019.41057809, 52.1567118885647, 117.445298406369, 443.494110107422, 2009603, 3, 92
2019.41057809, 52.1567372113728, 117.445294291501, 443.511383056641, 2009603, 3, 92
2019.41057809, 52.156762543863, 117.44529017582, 443.48388671875, 2009603, 3, 94
2019.41057809, 52.1567878734518, 117.44528606508, 443.486633300781, 2009603, 3, 94
2019.41057809, 52.1568132054504, 117.445281956476, 443.493927001953, 2009603, 3, 94
2019.41057809, 52.156838545294, 117.445277848869, 443.483978271484, 2009603, 3, 94
2019.41057809, 52.1568638829076, 117.445273746444, 443.499145507812, 2009603, 3, 94
2019.41057809, 52.1568892254746, 117.445269646115, 443.519287109375, 2009603, 3, 94
2019.41057809, 52.1569145697238, 117.44526554942, 443.502136230469, 2009603, 3, 94
2019.41057809, 52.1569399170123, 117.44526145568, 443.51318359375, 2009603, 3, 94
2019.41057809, 52.1569589377942, 117.445258383643, 443.497802734375, 2009603, 3, 94
2019.41057809, 52.1569843303324, 117.44525433783, 443.495391845703, 2009603, 3, 94
2019.41057809, 52.1570096714251, 117.445250240059, 443.504486083984, 2009603, 3, 93
2019.41057809, 52.1570350155048, 117.44524614654, 443.518005371094, 2009603, 3, 93
2019.41057809, 52.1570603635528, 117.445242056485, 443.505737304688, 2009603, 3, 93
2019.41057809, 52.1570857173716, 117.445237969031, 443.507171630859, 2009603, 3, 93
2019.41057809, 52.1571110746659, 117.445233885425, 443.482940673828, 2009603, 3, 93
2019.41057809, 52.1571364269389, 117.445229809894, 443.490661621094, 2009603, 3, 93
2019.41057809, 52.1571617883132, 117.445225735746, 443.498199462891, 2009603, 3, 93
2019.41057809, 52.1571808222644, 117.445222677959, 443.497467041016, 2009603, 3, 93
2019.41057809, 52.157206192611, 117.445218610006, 443.473754882812, 2009603, 3, 93
2019.41057809, 52.157231558451, 117.445214549908, 443.500061035156, 2009603, 3, 93
2019.41057809, 52.1572569363044, 117.445210491052, 443.508728027344, 2009603, 3, 92
2019.41057809, 52.1572823235671, 117.445206433998, 443.497406005859, 2009603, 3, 92
2019.41057809, 52.1573077045065, 117.445202386514, 443.513153076172, 2009603, 3, 92
2019.41057809, 52.1573267552894, 117.445199347935, 443.536682128906, 2009603, 3, 92
2019.41057809, 52.1573458007099, 117.445196315816, 443.539123535156, 2009603, 3, 92
2019.41057809, 52.1573648497135, 117.4451932856, 443.556915283203, 2009603, 3, 92
2019.41057809, 52.1573839023872, 117.445190257756, 443.551300048828, 2009603, 3, 92
2019.41057809, 52.157402996714, 117.445187212852, 442.64501953125, 2009603, 3, 92
2019.41057809, 52.1574220081057, 117.445184212979, 443.555908203125, 2009603, 3, 92
2019.41057809, 52.1574347140264, 117.445182199697, 443.571350097656, 2009603, 3, 92
2019.41057809, 52.1574474240598, 117.445180185321, 443.561187744141, 2009603, 3, 92
2019.41057809, 52.1574664808572, 117.445177172367, 443.586120605469, 2009603, 3, 92
2019.41057809, 52.1574792381097, 117.445175139827, 442.658203125, 2009603, 3, 92
2019.41057809, 52.1574982616293, 117.445172150046, 443.605651855469, 2009603, 3, 92
2019.41057809, 52.1575109784358, 117.445170141858, 443.597503662109, 2009603, 3, 93
2019.41057809, 52.1575427663733, 117.445165131825, 443.58984375, 2009603, 3, 93
2019.41057809, 52.1575554860517, 117.445163128504, 443.599639892578, 2009603, 3, 93
2019.41057809, 52.157574562332, 117.445160128587, 443.608428955078, 2009603, 3, 93
2019.41057809, 52.1575872839582, 117.445158128968, 443.612548828125, 2009603, 3, 93
2019.41057809, 52.1576000508837, 117.445156108543, 442.683654785156, 2009603, 3, 93
2019.41057809, 52.1576191345564, 117.44515311477, 442.661865234375, 2009603, 3, 93
2019.41057809, 52.1576318605504, 117.445151119296, 442.669281005859, 2009603, 3, 93
2019.41057809, 52.1576445514267, 117.445149142864, 443.591979980469, 2009603, 3, 93
2019.41057809, 52.1576636380748, 117.445146156238, 443.570587158203, 2009603, 3, 93
2019.41057809, 52.1576763735826, 117.445144162175, 443.568969726562, 2009603, 3, 93
2019.41057809, 52.15769546695, 117.445141179738, 443.583923339844, 2009603, 3, 93
2019.41057809, 52.1577082045066, 117.445139189122, 443.57666015625, 2009603, 3, 93
2019.41057809, 52.1577273028539, 117.445136210728, 443.577941894531, 2009603, 3, 93
2019.41057809, 52.1577400397966, 117.445134224847, 443.586944580078, 2009603, 3, 93
2019.41057809, 52.1577527827637, 117.445132237903, 443.568054199219, 2009603, 3, 80
2019.41057809, 52.1577719347191, 117.445129242186, 442.642578125, 2009603, 3, 80
2019.41057809, 52.1577910019602, 117.445126292387, 443.567047119141, 2009603, 3, 80
2019.41057809, 52.1578037448308, 117.445124312294, 443.583953857422, 2009603, 3, 80
2019.41057809, 52.1578164970358, 117.445122329618, 443.574768066406, 2009603, 3, 80
2019.41057809, 52.1578356521316, 117.445119345124, 442.661468505859, 2009603, 3, 80
2019.41057809, 52.1578484038236, 117.445117366791, 442.657745361328, 2009603, 3, 80
2019.41057809, 52.1578674820652, 117.445114426706, 443.58447265625, 2009603, 3, 80
2019.41057809, 52.1578802370964, 117.44511245025, 443.575225830078, 2009603, 3, 80
2019.41057809, 52.1578993600343, 117.445109494223, 443.595489501953, 2009603, 3, 80
2019.41057809, 52.1579121213118, 117.445107519579, 443.580169677734, 2009603, 3, 80
2019.41057809, 52.157931291628, 117.445104546156, 442.652526855469, 2009603, 3, 80
2019.41057809, 52.1579440064, 117.445102598401, 443.592010498047, 2009603, 3, 80
2019.41057809, 52.1579567693376, 117.445100628192, 443.5986328125, 2009603, 3, 80
2019.41057809, 52.1579759072735, 117.445097679427, 443.178192138672, 2009603, 3, 80
2019.41057809, 52.1579950522949, 117.44509473026, 443.375762939453, 2009603, 3, 80
2019.41057877, 53.5178221589322, 117.226039742414, 803.445190429688, 2002011, 3, 63
2019.41057877, 53.5178666192151, 117.226032696903, 803.454162597656, 2002011, 3, 63
2019.41057877, 53.5179047227669, 117.22602664065, 803.419006347656, 2002011, 3, 63
2019.41057877, 53.5179364694518, 117.226021582625, 803.396728515625, 2002011, 3, 63
2019.41057877, 53.5179745372978, 117.226015508893, 803.410827636719, 2002011, 3, 63
2019.41057877, 53.5180062719583, 117.226010425583, 803.448425292969, 2002011, 3, 74
2019.41057877, 53.5180443305254, 117.226004316626, 803.429016113281, 2002011, 3, 74
2019.41057877, 53.5190250368368, 117.225837672512, 803.141357421875, 2002011, 3, 67
2019.41057877, 53.519050315603, 117.225833203904, 803.154296875, 2002011, 3, 67
2019.41057877, 53.5190755863959, 117.225828741452, 803.150695800781, 2002011, 3, 67
2019.41057877, 53.5191008659944, 117.225824276933, 803.152465820312, 2002011, 3, 67
2019.41057877, 53.5191261412005, 117.22581981721, 803.149108886719, 2002011, 3, 67
2019.41057877, 53.5191514215703, 117.225815359545, 803.136901855469, 2002011, 3, 67
2019.41057877, 53.5191767018743, 117.225810905918, 803.137023925781, 2002011, 3, 67
2019.41057877, 53.5192019812364, 117.225806457648, 803.146606445312, 2002011, 3, 67
2019.41057877, 53.5192272637622, 117.225802013302, 803.127807617188, 2002011, 3, 67
2019.41057877, 53.5192525439882, 117.225797575904, 803.138916015625, 2002011, 3, 75
2019.41057877, 53.5192778335412, 117.225793140452, 803.151916503906, 2002011, 3, 75
2019.41057877, 53.5193031171717, 117.225788714617, 803.165405273438, 2002011, 3, 75
2019.41057877, 53.5193283994104, 117.225784296234, 803.166320800781, 2002011, 3, 75
2019.41057877, 53.5193536855698, 117.225779884297, 803.184020996094, 2002011, 3, 75
2019.41057877, 53.5193789700773, 117.225775481643, 803.180969238281, 2002011, 3, 75
2019.41057877, 53.5194042614729, 117.225771083943, 803.170288085938, 2002011, 3, 75
2019.41057877, 53.5194295513015, 117.225766696461, 803.159301757812, 2002011, 3, 75
2019.41057877, 53.5194548412707, 117.225762318073, 803.18115234375, 2002011, 3, 75
2019.41057877, 53.5194801328194, 117.225757948657, 803.191528320312, 2002011, 3, 75
2019.41057877, 53.5195307242742, 117.225749236618, 803.182006835938, 2002011, 3, 67
2019.41057877, 53.5195623398265, 117.225743814474, 803.171569824219, 2002011, 3, 67
2019.41057877, 53.5195876400367, 117.225739486162, 803.173156738281, 2002011, 3, 67
2019.41057877, 53.5196066208927, 117.225736244133, 803.183349609375, 2002011, 3, 67
2019.41057877, 53.5196319233248, 117.225731934404, 803.197509765625, 2002011, 3, 67
2019.41057877, 53.5196509043628, 117.225728707886, 803.199768066406, 2002011, 3, 67
2019.41057877, 53.5196698832446, 117.225725488841, 803.217590332031, 2002011, 3, 67
2019.41057877, 53.5196888622764, 117.22572227664, 803.221618652344, 2002011, 3, 67
2019.41057877, 53.519707849713, 117.225719066907, 803.195068359375, 2002011, 3, 67
2019.41057877, 53.5197331547407, 117.225714803793, 803.199340820312, 2002011, 3, 67
2019.41057601, 47.9530976481209, 118.077986432243, 595.575256347656, 2006420, 4, 69
2019.41057601, 47.95322494998, 118.077968293637, 595.552124023438, 2006420, 4, 69
2019.41057602, 47.9700187175167, 118.07556129772, 597.136840820312, 2006420, 4, 55
2019.41057602, 47.980097841019, 118.074119557286, 598.012268066406, 2006420, 4, 90
2019.41057602, 47.9802443931797, 118.074098176394, 598.039733886719, 2006420, 4, 90
2019.41057602, 47.9804037347712, 118.074074906538, 598.07177734375, 2006420, 4, 93
2019.41057676, 49.4686913143203, 117.857534477659, 544.892944335938, 2009588, 4, 68
2019.41057677, 49.4741558700449, 117.856722477736, 544.684509277344, 2009588, 4, 84
2019.41057677, 49.478545779614, 117.856074360956, 544.473510742188, 2009588, 4, 69
2019.41057677, 49.4786414433274, 117.856059871304, 544.502502441406, 2009588, 4, 69
2019.41057677, 49.478705218523, 117.856050213744, 544.573059082031, 2009588, 4, 69
2019.41057677, 49.4787498611152, 117.85604345525, 544.550964355469, 2009588, 4, 69
2019.41057677, 49.4807864155656, 117.855747202582, 543.979187011719, 2009588, 4, 79
2019.41057677, 49.4809649315285, 117.855720821365, 543.956481933594, 2009588, 4, 79
2019.41057677, 49.4810350727028, 117.8557103984, 544.0166015625, 2009588, 4, 92
2019.41057677, 49.4811370925607, 117.855695189506, 543.960144042969, 2009588, 4, 92
2019.41057677, 49.4814239372293, 117.855652195285, 543.95556640625, 2009588, 4, 86
2019.41057677, 49.4815577065907, 117.855632075053, 543.920532226562, 2009588, 4, 86
2019.41057677, 49.4865091327358, 117.854892828264, 543.832946777344, 2009588, 4, 57
2019.41057677, 49.4866807905926, 117.854866418675, 543.954956054688, 2009588, 4, 57
2019.41057677, 49.4867380137442, 117.854857648014, 543.870422363281, 2009588, 4, 57
2019.41057677, 49.4869287682618, 117.854828594645, 543.728637695312, 2009588, 4, 67
2019.41057677, 49.4873039079422, 117.854772677855, 543.723937988281, 2009588, 4, 72
2019.4105781, 52.1558081661807, 117.446779663484, 443.6611328125, 2009603, 4, 85
2019.4105781, 52.1559096075682, 117.446764079069, 443.535736083984, 2009603, 4, 85
2019.4105781, 52.1560174317937, 117.446747473162, 443.503875732422, 2009603, 4, 92
2019.4105781, 52.1561189568315, 117.446731783252, 443.500762939453, 2009603, 4, 92
2019.4105781, 52.1562268831432, 117.44671503235, 443.519958496094, 2009603, 4, 92
2019.4105781, 52.156328514016, 117.44669918107, 443.521759033203, 2009603, 4, 93
2019.4105781, 52.1564302020474, 117.446683232556, 443.539398193359, 2009603, 4, 93
2019.4105781, 52.1565255833857, 117.446668189975, 443.524658203125, 2009603, 4, 93
2019.4105781, 52.1566273802523, 117.446652042429, 443.514587402344, 2009603, 4, 93
2019.4105781, 52.1567355975751, 117.446634766884, 443.527770996094, 2009603, 4, 93
2019.4105781, 52.1568311287516, 117.446619425953, 443.535919189453, 2009603, 4, 92
2019.4105781, 52.1569266394991, 117.44660412901, 443.575927734375, 2009603, 4, 92
2019.4105781, 52.1570095928522, 117.446590479102, 443.600952148438, 2009603, 4, 93
2019.4105781, 52.1570861841967, 117.446577833785, 443.600921630859, 2009603, 4, 93
2019.4105781, 52.1571627857193, 117.446565155978, 443.585113525391, 2009603, 4, 93
2019.4105781, 52.157245774542, 117.446551396584, 443.578857421875, 2009603, 4, 93
2019.4105781, 52.1573415304802, 117.446535502701, 443.587738037109, 2009603, 4, 92
2019.4105781, 52.1574308887103, 117.446520670229, 443.583190917969, 2009603, 4, 92
2019.4105781, 52.1575074679389, 117.446507969489, 443.603759765625, 2009603, 4, 93
2019.4105781, 52.1575648892577, 117.446498457113, 443.619476318359, 2009603, 4, 93
2019.4105781, 52.1576095389476, 117.446491070787, 443.660522460938, 2009603, 4, 93
2019.4105781, 52.1576541806696, 117.446483685456, 442.864898681641, 2009603, 4, 93
2019.4105781, 52.1577498132258, 117.446467940615, 442.891021728516, 2009603, 4, 93
2019.4105781, 52.1578453851591, 117.446452242217, 442.904296875, 2009603, 4, 95
2019.4105781, 52.1579472705132, 117.446435616581, 442.941009521484, 2009603, 4, 95
2019.4105781, 52.1579981903145, 117.446427365364, 442.843353271484, 2009603, 4, 95
2019.41057878, 53.5155190100222, 117.227793737483, 804.125671386719, 2002011, 4, 63
2019.41057878, 53.5155633913566, 117.227786436116, 804.12255859375, 2002011, 4, 63
2019.41057878, 53.5156077727606, 117.227779132963, 804.130187988281, 2002011, 4, 63
2019.41057878, 53.5156585009804, 117.227770781091, 804.185729980469, 2002011, 4, 63
2019.41057878, 53.5157028913997, 117.227763470275, 804.178527832031, 2002011, 4, 63
2019.41057878, 53.5157536283716, 117.227755110952, 804.138427734375, 2002011, 4, 77
2019.41057878, 53.5158741291115, 117.227735232288, 803.952026367188, 2002011, 4, 77
2019.41057878, 53.5159820197103, 117.227717445518, 803.870849609375, 2002011, 4, 77
2019.41057878, 53.5161153350439, 117.227695455582, 803.834350585938, 2002011, 4, 55
2019.41057878, 53.516229644579, 117.227676585701, 803.838195800781, 2002011, 4, 55
2019.41057906, 54.0647732481157, 117.136892186599, 713.634948730469, 2009603, 4, 70
2019.41057906, 54.0648812657853, 117.136873980468, 713.646667480469, 2009603, 4, 70
2019.41057906, 54.064995521351, 117.136854751361, 713.659362792969, 2009603, 4, 70
2019.41057906, 54.0651031010646, 117.136836838847, 713.656860351562, 2009603, 4, 51
2019.41057906, 54.0652169265566, 117.136817898173, 713.669677734375, 2009603, 4, 51
2019.41057907, 54.0895738329431, 117.13275472855, 716.54248046875, 2009603, 4, 72
2019.41057602, 48.0115079047125, 118.111636827576, 601.4111328125, 2006420, 5, 70
2019.41057602, 48.0115333808429, 118.111633285433, 601.4423828125, 2006420, 5, 70
2019.41057602, 48.0115588596277, 118.111629748589, 601.424194335938, 2006420, 5, 70
2019.41057602, 48.0115843333046, 118.111626207594, 601.430053710938, 2006420, 5, 70
2019.41057602, 48.0116098140502, 118.111622672823, 601.438293457031, 2006420, 5, 70
2019.41057602, 48.0116352857067, 118.111619126164, 601.4404296875, 2006420, 5, 70
2019.41057602, 48.0116607608871, 118.111615583674, 601.438232421875, 2006420, 5, 70
2019.41057602, 48.0116862310021, 118.111612034134, 601.437927246094, 2006420, 5, 70
2019.41057602, 48.0117180605232, 118.111607586511, 601.427795410156, 2006420, 5, 70
2019.41057602, 48.0117435376174, 118.111604046592, 601.418334960938, 2006420, 5, 70
2019.41057671, 49.3900889040903, 117.912349298108, 547.997619628906, 2009588, 5, 64
2019.41057671, 49.3903435947232, 117.912312000256, 547.395446777344, 2009588, 5, 79
2019.41057671, 49.3903818153266, 117.912306427528, 547.358764648438, 2009588, 5, 79
2019.41057671, 49.3904136608402, 117.912301780475, 547.347473144531, 2009588, 5, 79
2019.41057671, 49.3904391586542, 117.912298088793, 547.356628417969, 2009588, 5, 79
2019.41057671, 49.3904644173263, 117.912294483665, 547.371215820312, 2009588, 5, 79
2019.41057671, 49.3904963538559, 117.912289824517, 547.377258300781, 2009588, 5, 79
2019.41057671, 49.3905219210724, 117.912286119494, 547.394775390625, 2009588, 5, 80
2019.41057671, 49.3905474865988, 117.912282414802, 547.358703613281, 2009588, 5, 80
2019.41057671, 49.3905794374304, 117.9122777756, 547.3466796875, 2009588, 5, 80
2019.41057671, 49.3906050034231, 117.912274074848, 547.344909667969, 2009588, 5, 80
2019.41057671, 49.3906305784427, 117.912270390324, 547.342346191406, 2009588, 5, 80
2019.41057671, 49.390656148219, 117.91226669839, 547.345764160156, 2009588, 5, 80
2019.41057671, 49.390688107883, 117.912262081991, 547.335266113281, 2009588, 5, 80
2019.41057671, 49.3907136791712, 117.912258398961, 547.343627929688, 2009588, 5, 80
2019.41057671, 49.3907392623315, 117.912254735703, 547.358520507812, 2009588, 5, 80
2019.41057672, 49.4042165858439, 117.910277346875, 547.136169433594, 2009588, 5, 87
2019.41057673, 49.4177551804334, 117.908294067675, 546.836486816406, 2009588, 5, 87
2019.41057673, 49.4179020580546, 117.908273497748, 546.858642578125, 2009588, 5, 87
2019.41057673, 49.4180169414765, 117.908257504228, 546.861022949219, 2009588, 5, 90
2019.41057673, 49.4181444938766, 117.908239788403, 546.838745117188, 2009588, 5, 93
2019.41057673, 49.4182973951271, 117.908218548025, 546.84033203125, 2009588, 5, 92
2019.41057673, 49.4184373980044, 117.908199077863, 546.833801269531, 2009588, 5, 92
2019.41057673, 49.4186722828063, 117.90816608609, 546.84423828125, 2009588, 5, 92
2019.41057673, 49.4191913983479, 117.908091871821, 546.831420898438, 2009588, 5, 87
2019.41057673, 49.4197422277812, 117.908011692555, 546.793212890625, 2009588, 5, 71
2019.41057673, 49.4199011557741, 117.907988438699, 546.780029296875, 2009588, 5, 80
2019.41057673, 49.4199647581185, 117.907979108926, 546.754028320312, 2009588, 5, 80
2019.41057679, 49.543027885049, 117.889893054829, 541.774536132812, 2009588, 5, 87
2019.41057679, 49.5430596786205, 117.889888300492, 541.769470214844, 2009588, 5, 87
2019.41057679, 49.5430851261967, 117.889884498292, 541.776977539062, 2009588, 5, 87
2019.41057679, 49.543116923535, 117.889879714124, 541.773559570312, 2009588, 5, 87
2019.41057679, 49.5431423895871, 117.889875908111, 541.776794433594, 2009588, 5, 87
2019.41057679, 49.5431738965947, 117.889871260031, 541.781127929688, 2009588, 5, 87
2019.41057679, 49.5432058679084, 117.889866400291, 541.81005859375, 2009588, 5, 87
2019.41057811, 52.1865173464396, 117.48787294063, 441.549194335938, 2009603, 5, 57
2019.41057811, 52.1865491593043, 117.487867981586, 441.555816650391, 2009603, 5, 57
2019.41057811, 52.1865746447068, 117.487864061418, 441.549102783203, 2009603, 5, 57
2019.41057811, 52.1866064707485, 117.487859109713, 441.532409667969, 2009603, 5, 57
2019.41057811, 52.1866383139106, 117.487854170919, 441.543426513672, 2009603, 5, 57
2019.41057811, 52.1866701649114, 117.487849235905, 441.54345703125, 2009603, 5, 57
2019.41057811, 52.1867020193137, 117.487844296545, 441.582824707031, 2009603, 5, 57
2019.41057811, 52.186733897463, 117.487839385319, 441.513916015625, 2009603, 5, 57
2019.41057811, 52.1867657668641, 117.487834451644, 441.551300048828, 2009603, 5, 76
2019.41057811, 52.1867976360443, 117.487829510385, 441.532287597656, 2009603, 5, 76
2019.41057811, 52.1868295064716, 117.487824566233, 441.517883300781, 2009603, 5, 76
2019.41057811, 52.1868613703046, 117.487819600439, 441.555908203125, 2009603, 5, 76
2019.41057811, 52.1868932517682, 117.487814654564, 441.546417236328, 2009603, 5, 76
2019.41057811, 52.1869251396868, 117.487809710276, 441.551635742188, 2009603, 5, 76
2019.41057811, 52.186950666704, 117.487805775847, 441.530059814453, 2009603, 5, 76
2019.41057811, 52.1869825621054, 117.487800829714, 441.540832519531, 2009603, 5, 76
2019.41057811, 52.1870144631333, 117.4877958871, 441.521759033203, 2009603, 5, 91
2019.41057811, 52.1870463524002, 117.487790924386, 441.530731201172, 2009603, 5, 91
2019.41057811, 52.1870782591174, 117.487785976465, 441.541107177734, 2009603, 5, 91
2019.41057811, 52.1871037934051, 117.487782028762, 441.529968261719, 2009603, 5, 91
2019.41057811, 52.1871357080556, 117.487777083486, 441.50732421875, 2009603, 5, 91
2019.41057811, 52.1871676089916, 117.487772113068, 441.518646240234, 2009603, 5, 91
2019.41057811, 52.1871995256369, 117.48776716066, 441.538970947266, 2009603, 5, 91
2019.41057811, 52.1872250768305, 117.487763223181, 441.527038574219, 2009603, 5, 91
2019.41057811, 52.1872569891691, 117.487758260127, 441.532257080078, 2009603, 5, 93
2019.41057811, 52.1872889012986, 117.487753288625, 441.538726806641, 2009603, 5, 93
2019.41057811, 52.1873208245056, 117.487748330984, 441.527557373047, 2009603, 5, 94
2019.41057811, 52.1873463767285, 117.487744382367, 441.538116455078, 2009603, 5, 94
2019.41057811, 52.1873782913619, 117.487739405803, 441.516510009766, 2009603, 5, 94
2019.41057811, 52.1874038424177, 117.487735450261, 441.539916992188, 2009603, 5, 94
2019.41057811, 52.1874357720517, 117.487730491404, 441.543090820312, 2009603, 5, 94
2019.41057811, 52.1874676963773, 117.48772552609, 441.520599365234, 2009603, 5, 94
2019.41057811, 52.1874995563345, 117.487720463588, 441.528015136719, 2009603, 5, 94
2019.41057811, 52.1875315027761, 117.487715522402, 441.541320800781, 2009603, 5, 94
2019.41057811, 52.1875634527652, 117.48771058286, 441.517974853516, 2009603, 5, 94
2019.41057811, 52.1875890267805, 117.487706653093, 441.525085449219, 2009603, 5, 94
2019.41057811, 52.1876209763321, 117.487701712906, 441.525421142578, 2009603, 5, 94
2019.41057811, 52.1876529044535, 117.487696739048, 441.51806640625, 2009603, 5, 94
2019.41057811, 52.1876784757133, 117.487692807364, 441.52490234375, 2009603, 5, 94
2019.41057811, 52.1877167909779, 117.487686841289, 441.525787353516, 2009603, 5, 94
2019.41057811, 52.1877487469746, 117.487681911121, 441.546539306641, 2009603, 5, 94
2019.41057811, 52.187787056255, 117.48767593788, 441.544403076172, 2009603, 5, 94
2019.41057811, 52.1878253754373, 117.487669982852, 441.527038574219, 2009603, 5, 94
2019.41057811, 52.187857303619, 117.487665013289, 441.52978515625, 2009603, 5, 94
2019.41057811, 52.1878892275904, 117.487660041639, 441.558227539062, 2009603, 5, 94
2019.41057811, 52.1879211658529, 117.487655096132, 441.531524658203, 2009603, 5, 94
2019.41057811, 52.187953084279, 117.487650119174, 441.530975341797, 2009603, 5, 94
2019.41057811, 52.1879913682475, 117.487644122967, 441.530242919922, 2009603, 5, 94
2019.41057811, 52.188023287198, 117.487639153979, 441.569732666016, 2009603, 5, 95
2019.41057811, 52.1880615615808, 117.487633152619, 441.529022216797, 2009603, 5, 95
2019.41057811, 52.1880998331331, 117.487627151406, 441.576538085938, 2009603, 5, 95
2019.41057811, 52.1881317439418, 117.487622185591, 441.532684326172, 2009603, 5, 95
2019.41057811, 52.188169991677, 117.487616159031, 441.539611816406, 2009603, 5, 95
2019.41057811, 52.1882018629024, 117.487611139562, 441.553527832031, 2009603, 5, 95
2019.41057811, 52.1882337472076, 117.487606143762, 441.549865722656, 2009603, 5, 95
2019.41057811, 52.1882719942519, 117.487600133837, 441.564208984375, 2009603, 5, 93
2019.41057811, 52.1883102060331, 117.487594079486, 441.564849853516, 2009603, 5, 93
2019.41057811, 52.1883484257478, 117.487588046928, 441.552825927734, 2009603, 5, 93
2019.41057811, 52.1883866321083, 117.487581998167, 441.565460205078, 2009603, 5, 93
2019.41057811, 52.1884248293685, 117.487575943737, 441.549468994141, 2009603, 5, 93
2019.41057811, 52.1884630325341, 117.487569907318, 441.553649902344, 2009603, 5, 93
2019.41057811, 52.1885012234538, 117.487563860124, 441.543151855469, 2009603, 5, 92
2019.41057811, 52.1885393769503, 117.487557766588, 441.521392822266, 2009603, 5, 92
2019.41057811, 52.1885711916857, 117.48755272776, 441.548736572266, 2009603, 5, 92
2019.41057811, 52.1886093330692, 117.487546631565, 441.548492431641, 2009603, 5, 92
2019.41057811, 52.1886411277745, 117.48754157389, 441.552764892578, 2009603, 5, 92
2019.41057811, 52.1886792518515, 117.487535467463, 441.557189941406, 2009603, 5, 92
2019.41057811, 52.188711026145, 117.487530392085, 441.546020507812, 2009603, 5, 92
2019.41057811, 52.1887427892393, 117.487525307108, 441.581146240234, 2009603, 5, 92
2019.41057811, 52.1887747053272, 117.487520439374, 441.541809082031, 2009603, 5, 61
2019.41057811, 52.1888190714095, 117.487513195941, 441.601959228516, 2009603, 5, 61
2019.41057874, 53.4515443623777, 117.285565778041, 820.02392578125, 2002011, 5, 88
2019.41057874, 53.4516719759316, 117.285545169438, 820.06591796875, 2002011, 5, 88
2019.41057874, 53.4517613473506, 117.285530846127, 820.020263671875, 2002011, 5, 88
2019.41057604, 48.012369300715, 118.112749248799, 601.538513183594, 2006420, 6, 73
2019.41057604, 48.0124714536249, 118.112734210383, 601.558410644531, 2006420, 6, 73
2019.41057672, 49.3906752610875, 117.913544015313, 547.469909667969, 2009588, 6, 58
2019.41057672, 49.3907894636505, 117.913527251202, 547.424743652344, 2009588, 6, 87
2019.41057672, 49.3909036433999, 117.913510418524, 547.427429199219, 2009588, 6, 87
2019.41057673, 49.3970798826205, 117.912603572353, 547.287414550781, 2009588, 6, 92
2019.41057673, 49.4038367312246, 117.911612921708, 547.156921386719, 2009588, 6, 86
2019.4105768, 49.5427974932521, 117.891191010287, 541.807189941406, 2009588, 6, 89
2019.4105768, 49.5429057407468, 117.891175029929, 541.826782226562, 2009588, 6, 89
2019.41057812, 52.1873191383247, 117.489084384175, 441.552093505859, 2009603, 6, 54
2019.41057812, 52.1874207105982, 117.48906853958, 441.556579589844, 2009603, 6, 54
2019.41057812, 52.1875287497989, 117.489051447744, 441.537353515625, 2009603, 6, 54
2019.41057812, 52.1876304464621, 117.48903532757, 441.505462646484, 2009603, 6, 54
2019.41057812, 52.1877385137646, 117.489018160047, 441.498657226562, 2009603, 6, 54
2019.41057812, 52.1878465890176, 117.489000976373, 441.492828369141, 2009603, 6, 78
2019.41057812, 52.1879673882184, 117.48898173082, 441.4921875, 2009603, 6, 78
2019.41057812, 52.18808818906, 117.488962484096, 441.509887695312, 2009603, 6, 92
2019.41057812, 52.188215350242, 117.488942218068, 441.503662109375, 2009603, 6, 92
2019.41057812, 52.1883297899808, 117.488923997285, 441.488922119141, 2009603, 6, 94
2019.41057812, 52.1884505820532, 117.488904765133, 441.494293212891, 2009603, 6, 94
2019.41057812, 52.1885713623819, 117.488885549897, 441.493988037109, 2009603, 6, 94
2019.41057812, 52.1886921868591, 117.488866288886, 441.511260986328, 2009603, 6, 94
2019.41057812, 52.188812878057, 117.488847288623, 441.493316650391, 2009603, 6, 94
2019.41057812, 52.1889399135378, 117.488827305024, 441.477935791016, 2009603, 6, 94
2019.41057812, 52.1890606017124, 117.48880834589, 441.496063232422, 2009603, 6, 93
2019.41057812, 52.1891812943887, 117.488789393697, 441.479309082031, 2009603, 6, 93
2019.41057812, 52.1893020009866, 117.488770428391, 441.484649658203, 2009603, 6, 93
2019.41057812, 52.1894163689572, 117.488752445036, 441.480072021484, 2009603, 6, 93
2019.41057875, 53.451639490986, 117.286931850731, 820.279541015625, 2002011, 6, 90
