2019.44609575, 47.2890176258937, 121.502516846962, 467.885681152344, 2006419, 1, 61
2019.44609575, 47.2890492774256, 121.502512239221, 467.899017333984, 2006419, 1, 61
2019.44609575, 47.2890746067141, 121.502508513897, 467.903015136719, 2006419, 1, 61
2019.44609575, 47.2891188986195, 121.502502043332, 467.934661865234, 2006419, 1, 61
2019.44609575, 47.2891631681052, 121.502495581041, 467.927276611328, 2006419, 1, 61
2019.44609575, 47.2892011099043, 121.502490008844, 467.923980712891, 2006419, 1, 61
2019.44609575, 47.2892390453543, 121.502484428231, 467.914123535156, 2006419, 1, 61
2019.44609575, 47.2892771945321, 121.50247894004, 467.924591064453, 2006419, 1, 89
2019.44609575, 47.2893338971487, 121.502470475592, 467.952880859375, 2006419, 1, 89
2019.44609575, 47.289390607061, 121.502461942409, 467.967132568359, 2006419, 1, 89
2019.44609575, 47.2894661957297, 121.502450595854, 467.986328125, 2006419, 1, 89
2019.44609576, 47.3080737967043, 121.499816146638, 473.315643310547, 2006419, 1, 57
2019.44609576, 47.3081631153845, 121.499803828779, 473.342041015625, 2006419, 1, 57
2019.44609576, 47.3082587364713, 121.499790585423, 473.325897216797, 2006419, 1, 69
2019.44609576, 47.3083544344922, 121.499777437505, 473.362854003906, 2006419, 1, 69
2019.44609576, 47.3084560625011, 121.499762989982, 473.377319335938, 2006419, 1, 69
2019.44609576, 47.3100098752852, 121.499537008839, 473.598937988281, 2006419, 1, 52
2019.44609576, 47.31004169721, 121.499532420336, 473.612884521484, 2006419, 1, 52
2019.44609576, 47.3100735049595, 121.499527870248, 473.581390380859, 2006419, 1, 52
2019.44609576, 47.310105325303, 121.499523302747, 473.600433349609, 2006419, 1, 52
2019.44609576, 47.3101307895843, 121.499519630623, 473.603912353516, 2006419, 1, 52
2019.44609576, 47.310162605697, 121.499515083882, 473.595062255859, 2006419, 1, 52
2019.44609576, 47.310188072262, 121.499511414021, 473.602172851562, 2006419, 1, 52
2019.44609576, 47.3102135353144, 121.4995077561, 473.601318359375, 2006419, 1, 52
2019.44609576, 47.3102453526094, 121.499503218668, 473.629974365234, 2006419, 1, 52
2019.44609576, 47.3120332894, 121.499247944845, 474.086364746094, 2006419, 1, 58
2019.44609576, 47.3120588082892, 121.499244417732, 474.104370117188, 2006419, 1, 58
2019.44609576, 47.3120843399589, 121.499240872888, 474.100708007812, 2006419, 1, 58
2019.44609576, 47.3121098685825, 121.499237353358, 474.104522705078, 2006419, 1, 58
2019.44609576, 47.3121417805567, 121.499232972402, 474.111663818359, 2006419, 1, 58
2019.44609576, 47.312167167842, 121.499229211353, 474.109497070312, 2006419, 1, 58
2019.44609576, 47.3121991499569, 121.499224930233, 474.099914550781, 2006419, 1, 58
2019.44609576, 47.3122247495514, 121.499221484259, 474.115203857422, 2006419, 1, 58
2019.44609576, 47.3122567385561, 121.499217220289, 474.110229492188, 2006419, 1, 65
2019.44609576, 47.3122823378296, 121.499213805461, 474.119964599609, 2006419, 1, 65
2019.44609576, 47.3123079508593, 121.499210367117, 474.122619628906, 2006419, 1, 65
2019.44609576, 47.3123399539192, 121.499206120291, 474.115203857422, 2006419, 1, 65
2019.44609576, 47.3123655720421, 121.499202692254, 474.11181640625, 2006419, 1, 65
2019.44609576, 47.3123975870249, 121.499198441941, 474.110321044922, 2006419, 1, 65
2019.44609576, 47.3124232080886, 121.499195024824, 474.115753173828, 2006419, 1, 65
2019.44609576, 47.3124488255508, 121.499191618938, 474.129699707031, 2006419, 1, 65
2019.44609576, 47.3124808474687, 121.499187375244, 474.122802734375, 2006419, 1, 65
2019.44609576, 47.2893013241449, 121.50361563979, 467.838623046875, 2006419, 2, 72
2019.44609574, 47.2578029502524, 121.549608347471, 457.1103515625, 2006419, 3, 66
2019.44609574, 47.2578347676295, 121.54960379772, 457.089019775391, 2006419, 3, 66
2019.44609574, 47.2578665713714, 121.549599247405, 457.070281982422, 2006419, 3, 66
2019.44609574, 47.2578983759691, 121.549594695742, 457.125122070312, 2006419, 3, 66
2019.44609574, 47.2579301947168, 121.549590141453, 457.074310302734, 2006419, 3, 66
2019.44609574, 47.2579619949923, 121.549585586866, 457.050933837891, 2006419, 3, 66
2019.44609574, 47.2579937854584, 121.549581031307, 457.076477050781, 2006419, 3, 66
2019.44609574, 47.2580192293135, 121.549577384987, 457.068084716797, 2006419, 3, 56
2019.44609574, 47.2580446628974, 121.549573738308, 457.069274902344, 2006419, 3, 56
2019.44609574, 47.2580764444743, 121.549569179095, 457.05908203125, 2006419, 3, 56
2019.44609574, 47.2581018893468, 121.549565529327, 457.053192138672, 2006419, 3, 56
2019.44609574, 47.2581463769945, 121.54955914254, 457.111511230469, 2006419, 3, 56
2019.44609574, 47.2583497540156, 121.549529905957, 456.986663818359, 2006419, 3, 75
2019.4460974, 50.5736381041576, 121.065844777062, 650.17138671875, 2009588, 4, 51
